1717 612 5
1069 1099 11
1010 682 20
1041 1024 7
1092 710 5
1354 726 11
966 612 9
1508 702 10
1199 1193 5
902 712 6
1597 1156 12
1268 742 20
1539 655 10
1345 1080 21
1334 976 10
1632 794 4
924 727 13
1655 899 4
1602 871 17
964 861 17
1688 878 13
1293 799 12
1252 826 4
1465 915 22
1396 1023 11
1161 620 19
1272 945 21
1183 930 24
1356 994 23
1464 1129 10
1645 650 9
1052 848 5
1195 1099 4
1098 1068 5
1221 795 14
1448 1104 13
1183 819 13
1375 1187 8
1687 828 5
1236 817 6
1222 821 13
907 806 9
1548 926 9
1159 1030 4
1075 1197 5
1322 1098 17
1125 728 8
1060 821 5
943 717 17
1561 1134 14
1316 605 5
1398 642 5
1597 711 10
1035 985 18
1360 1191 13
981 913 8
932 1089 18
1500 1076 20
879 692 13
1122 657 5
1068 831 10
1605 796 5
1284 804 5
1095 862 13
1531 640 17
1574 880 13
1327 839 16
1450 1040 11
1519 660 4
1204 646 14
1258 762 4
1338 613 5
1676 636 13
919 936 15
1695 836 20
952 860 16
968 1079 7
1024 1156 6
1517 808 11
1501 767 21
1477 835 18
954 1084 19
1272 814 23
1009 714 7
1555 780 8
1382 1119 12
1594 831 12
1553 867 15
1337 895 17
1555 614 12
1080 935 13
1587 967 24
1011 1029 13
857 968 4
1536 1190 20
1183 928 10
1127 1131 11
1185 925 9
984 1015 18
1003 1130 6
933 1118 10
1321 695 4
1471 874 13
1457 740 13
1493 1184 12
1300 740 14
1240 1133 9
894 744 8
1644 910 20
1302 808 12
1693 680 23
907 749 18
1515 607 18
926 769 6
921 880 10
1423 1125 21
1673 846 5
1364 1115 6
1256 1177 4
1286 825 4
1075 1031 12
1694 791 11
1360 669 11
1656 607 8
920 641 14
1247 1071 21
995 1162 7
1375 971 15
1545 767 7
887 1111 21
1255 1011 9
1129 1028 17
1683 755 10
1186 1047 6
1747 923 17
1323 614 19
1539 787 6
1172 1052 17
1250 904 11
1320 842 7
1174 1037 21
1746 1085 5
1658 623 14
1693 877 8
1098 1046 5
1158 1080 7
1292 663 14
1460 1025 7
963 763 21
1001 1156 9
1304 1032 21
1016 1167 4
1540 712 12
1647 970 16
1144 604 9
1094 795 5
1467 860 12
1063 872 7
1558 1101 24
1414 638 12
1243 1116 6
1258 611 14
1379 956 8
932 718 17
1367 795 15
1031 1095 8
1051 947 20
1076 942 4
1081 1098 9
1055 1077 5
1112 632 4
964 806 5
1103 673 12
1029 935 13
998 1026 6
1604 1145 22
1629 991 9
1211 788 12
1222 997 7
1296 1131 20
1440 1098 14
1001 886 24
945 773 6
1486 741 23
891 672 4
1386 779 15
875 1077 11
1448 930 20
899 943 20
1143 950 4
1473 733 6
1409 1081 12
1004 673 6
1596 1052 6
1449 863 9
1142 1052 18
1111 957 5
1478 832 9
926 910 12
1494 1145 15
1539 1162 19
1462 1106 11
1708 603 10
1180 967 21
1053 714 17
1125 747 17
903 1099 21
1520 1092 12
881 911 4
1112 1015 4
1236 1009 18
1470 978 5
1090 1111 23
1020 1182 19
1496 822 18
1189 779 13
1311 976 18
1316 703 4
1384 1108 5
1397 939 8
1495 1071 13
1300 974 4
1646 913 6
1192 923 9
1607 894 14
1165 929 17
1490 748 4
1096 1009 19
1706 762 19
1423 876 10
1575 1188 7
1083 958 6
1396 695 14
1244 799 4
1449 851 5
1490 1077 15
1381 989 13
896 844 9
1484 714 10
1424 962 4
1402 922 15
1365 618 11
1138 1035 6
1248 820 10
1617 1018 12
1550 1068 16
1284 1151 12
911 1106 5
1252 966 7
908 1012 4
1353 726 16
1091 774 10
1662 1114 7
1198 869 5
1405 727 4
1704 845 5
1325 708 19
1447 990 18
1549 868 18
1170 1141 6
971 608 10
1498 1117 13
1279 863 8
1100 722 10
907 1056 4
1477 1101 5
1510 933 10
1108 679 8
991 894 7
1548 912 5
1105 692 6
1560 829 15
1355 756 7
1154 1032 13
1001 764 21
1256 651 7
1462 1127 4
1663 701 13
986 1011 11
926 1064 8
1733 847 18
1429 959 7
1718 692 11
1039 603 18
1288 844 4
958 669 13
1666 867 14
1055 719 14
1462 1138 13
1639 1132 8
1094 1017 10
1656 652 16
1124 694 5
1359 1086 20
1000 742 4
936 667 18
1395 1147 15
997 748 24
1605 1086 11
1647 663 21
1642 1026 6
1240 974 19
1315 796 5
1535 981 17
1684 657 6
1198 655 8
1607 694 11
1187 737 5
1588 982 21
1491 1059 17
1245 611 12
1699 992 15
1559 972 13
1463 1146 9
1700 1168 20
1256 765 14
1389 813 16
981 853 6
1330 910 20
1207 1132 7
1047 1002 19
1102 713 8
1248 641 5
1365 1132 11
1103 632 20
931 1195 24
1442 1173 10
1546 1003 23
968 1032 7
1035 993 18
1335 615 10
1120 1056 15
901 621 11
1343 974 7
1585 1084 10
1387 1089 6
1112 940 4
1657 704 5
926 633 4
1535 805 11
1318 970 24
1136 722 7
1193 1166 4
1100 816 10
1170 935 13
1058 602 6
1349 650 10
1685 1173 10
1132 806 5
1122 719 22
1277 910 10
1661 875 21
1553 1008 18
1109 1112 22
1612 1016 5
1255 1056 4
1709 892 4
936 686 23
1283 660 5
1137 695 4
1276 1152 23
1318 735 7
979 866 12
1555 689 8
1106 1086 14
1650 726 24
1367 919 8
1382 772 13
1656 659 7
1482 710 17
1329 1095 4
1619 1114 22
1468 1117 7
968 875 12
1279 1057 18
1442 884 12
951 1131 19
1199 1043 24
1628 621 5
1655 1121 7
1631 1181 4
1062 1046 13
1694 978 15
1108 600 6
1454 718 12
1636 618 12
1533 980 4
1561 1055 7
1500 746 16
1458 734 9
1029 1156 6
1185 1107 8
980 769 8
1726 1082 17
1278 910 23
1023 1048 6
1702 1181 12
1594 721 18
1037 802 10
1202 1103 22
1444 614 7
1708 1035 6
956 1064 13
1551 775 6
1178 1114 5
1257 633 20
1109 1158 18
1266 1082 11
1113 1170 4
1422 857 9
1583 872 21
964 1180 18
1654 639 18
1729 704 18
1704 1199 19
1639 733 11
1231 1130 13
966 702 8
1263 1026 8
1581 983 12
945 602 22
1742 916 6
1660 846 17
1433 656 18
1291 1174 17
982 1067 17
1638 961 15
1043 860 5
1055 1096 8
1654 863 13
1629 813 8
1354 784 12
1227 604 21
965 694 5
1199 734 23
1098 849 11
1039 650 11
1484 656 8
1716 825 20
1426 737 8
1125 974 8
1588 727 7
925 877 7
1247 1108 4
1352 984 5
1156 743 10
1101 1164 4
1694 1003 22
1201 618 8
1659 903 4
860 686 8
1316 1188 20
1669 1117 11
1023 628 4
950 840 9
1406 697 4
1329 1179 15
1222 1003 20
1450 690 14
1281 979 10
1131 696 6
965 827 6
1510 1000 6
1004 1137 8
1589 824 5
1620 882 8
1149 655 16
998 978 10
1047 846 19
1177 1001 12
1701 1190 5
1587 1144 23
1131 1078 7
1705 1149 6
1412 1117 16
1076 1200 21
1204 1144 14
1076 1147 4
1611 871 21
1350 1029 17
1088 933 9
1337 1058 14
1359 789 16
1109 1004 14
1152 683 15
1653 1073 16
914 799 16
1555 681 6
1131 772 4
1542 1107 11
1237 1041 12
1411 717 16
1478 808 14
1078 1050 14
1262 1182 16
1572 780 13
1097 851 8
878 912 19
1036 888 11
1018 820 17
1203 1013 4
1078 905 7
875 1197 4
1598 761 18
1288 1010 13
1041 1110 24
1243 731 10
1070 966 12
1747 655 13
1547 1128 5
920 894 15
1251 885 6
1134 667 5
992 1085 7
1329 1104 5
1242 848 14
1476 763 20
1717 1084 12
1118 629 19
941 629 5
1518 609 16
1606 831 4
1559 885 9
1539 687 23
1427 821 20
1062 1158 8
912 838 9
978 664 19
1300 749 16
1190 695 18
1672 609 7
1285 823 23
1184 783 11
1338 988 14
901 910 21
1687 624 14
1231 815 9
1120 874 17
1110 711 21
1104 992 17
1413 931 21
1510 755 12
1108 762 10
1004 750 6
1137 834 5
1616 1022 5
1394 675 6
1278 887 24
1139 972 18
1659 676 8
1340 1110 8
1596 697 12
1033 823 11
1451 966 11
1492 869 8
1447 677 21
1082 1056 9
930 715 17
1093 846 10
1700 1012 10
1046 919 12
1307 936 8
1056 1009 12
1041 766 7
1488 910 24
1218 829 19
938 1080 21
1134 884 6
1574 830 24
1273 725 10
1611 624 10
1452 1001 4
1170 629 19
1310 751 12
1572 681 14
1033 1031 20
1102 988 4
1241 1185 10
1675 923 21
1637 601 24
1597 988 9
1729 822 10
1267 793 5
1184 930 7
1025 712 24
1255 1108 9
921 940 20
1220 801 23
1461 1018 16
1376 717 11
1204 889 15
1468 628 17
1381 986 4
1705 1078 5
1035 1003 20
1096 678 10
1538 1092 20
1186 985 6
980 972 16
983 1043 16
996 639 7
1040 1176 8
1501 756 15
1604 644 10
976 1035 10
1671 814 8
1496 1103 11
1627 648 4
1523 1092 9
1119 1064 7
1367 750 22
955 1154 14
1255 848 8
1198 1012 19
1693 849 24
1646 1074 5
1556 1098 10
1180 928 11
1037 1132 10
1135 1137 7
1075 1068 9
1676 733 14
1085 847 8
1119 722 4
1109 1024 6
962 1013 6
1627 1140 4
1337 1191 12
1403 906 12
1475 851 9
966 849 9
1410 754 23
1354 669 10
1204 714 17
1650 893 13
1661 865 10
1176 771 4
1703 843 24
1071 768 9
1338 1146 17
841 677 20
1074 1010 6
997 869 8
1157 693 15
1374 825 18
987 898 9
1526 939 15
1237 960 8
1146 1055 12
1480 632 21
1463 890 18
1741 859 6
1693 794 5
1452 1079 19
998 1143 12
1001 992 23
1391 1114 19
1443 1149 10
1594 856 16
1483 819 5
1635 603 9
1110 1059 17
1567 1068 4
1555 1074 23
898 884 7
1694 794 18
1172 1170 6
1023 705 16
1705 722 4
1214 1186 24
944 722 5
1380 898 4
1400 914 24
1191 1152 5
1027 862 17
1281 824 24
897 1178 18
890 1091 22
1343 721 13
1272 792 4
1435 707 4
1356 1136 12
991 1074 6
1059 617 4
1033 1172 11
1609 989 22
1486 877 11
1584 608 6
1499 635 7
1386 740 7
1456 1129 10
1361 705 11
1263 835 5
1456 891 10
1336 948 9
1512 997 10
1689 1072 22
911 632 4
1199 948 9
900 850 8
1331 750 19
1474 1100 4
1353 630 7
1119 722 12
1041 802 8
1672 1019 6
1061 954 19
1434 720 19
1694 638 23
1179 1109 6
1232 773 21
1630 708 10
1217 692 12
1207 1198 5
1428 1200 6
1543 1097 20
1210 1100 10
960 615 9
1634 947 5
1415 896 12
1107 1061 14
1311 919 4
995 794 24
917 600 9
1079 668 23
1700 919 10
919 718 5
1276 863 6
1179 641 19
1128 1040 4
1450 793 10
1547 703 16
1626 631 10
1482 713 23
1551 964 8
1015 1166 20
1424 836 18
1076 767 19
1312 997 7
1596 866 21
1104 642 8
1376 797 14
1705 1179 18
1143 1177 12
1164 678 5
1312 1173 17
1681 1055 18
1115 871 8
1431 839 18
1604 844 21
989 1176 17
908 931 15
1545 946 9
1204 752 17
977 1158 16
1541 771 9
1575 827 13
1210 1047 15
1052 975 17
1686 812 23
1071 785 5
1671 664 9
1383 1011 20
1398 773 24
1023 1187 11
1434 1039 4
1714 838 22
1116 1023 15
1086 718 17
1196 666 15
1146 736 8
1707 1142 12
1152 878 4
1165 628 4
1454 1130 4
1697 863 13
1677 769 24
1521 1082 7
1133 1164 6
1353 604 23
1282 1169 5
1282 678 9
1346 1028 17
1227 884 20
1256 1084 13
1259 981 11
1249 1163 17
1420 909 6
1022 1014 4
948 899 12
1568 722 18
1635 1144 7
1673 809 4
949 1103 23
1497 798 24
1335 893 22
1423 613 13
1633 1159 18
980 771 11
1748 924 8
1212 847 10
1397 800 16
990 1070 4
1711 1151 17
1220 1124 20
1452 905 24
1561 887 17
1239 687 14
989 994 22
1171 662 8
970 710 7
1290 908 4
885 740 9
1103 785 4
940 693 23
1239 1182 11
1006 925 24
1426 645 16
1717 1078 17
1377 885 5
1135 1139 13
951 875 16
1638 824 8
1510 630 21
1598 637 17
1698 882 21
1326 1085 4
1016 1099 5
990 1115 23
917 1174 10
994 707 24
933 720 5
1549 1133 7
924 631 4
1721 641 9
1498 915 12
1268 1162 16
1364 765 6
1630 770 13
929 699 14
1522 755 16
1565 604 23
1678 1179 9
1667 868 5
1197 754 5
1667 1024 24
993 970 7
962 1087 12
1669 858 7
1547 1160 24
1175 1120 22
1160 1192 13
1134 1145 15
1250 954 5
1043 663 12
984 746 8
1095 628 15
1078 692 9
1223 1194 12
1646 1039 16
1378 753 14
1436 678 18
1164 993 22
1184 639 10
1243 1115 6
1001 679 5
1030 631 10
1611 1025 21
1245 930 11
1647 1027 5
1535 728 4
1496 819 18
1069 1050 4
1017 1049 8
1618 745 17
921 970 14
1484 1132 19
1259 766 5
1672 939 5
1207 979 18
1162 802 10
1668 1162 20
1510 1126 8
1104 892 24
1461 716 7
921 685 22
1547 807 6
966 1117 10
1622 1122 14
1471 669 11
1430 817 5
1702 892 16
1316 677 20
1516 674 19
1404 1106 15
1377 891 21
1122 1180 5
1112 708 17
1151 628 7
1421 1157 5
1279 842 19
1023 738 5
995 818 6
1637 739 17
922 988 22
1299 1121 17
1099 1196 8
1437 1008 10
1145 632 9
1425 877 22
875 1094 5
1073 870 4
1717 752 24
1416 601 23
1245 940 17
1107 1129 7
1461 1129 17
1589 896 14
1276 1089 10
954 1162 22
897 776 24
1484 976 4
1058 634 23
1134 1100 24
962 864 5
1432 718 15
1217 1187 19
1543 865 21
977 1158 11
1522 816 21
939 746 8
1097 601 7
1158 1103 22
1335 1095 14
1377 1134 8
881 1134 23
1627 806 23
1197 1061 18
1581 1088 9
1106 895 19
1018 1047 22
1738 893 22
1480 1193 24
1232 712 13
850 976 18
1584 904 7
1447 635 9
1046 1087 11
960 1187 10
1628 865 4
1004 1074 4
1440 803 8
1495 850 7
1166 1173 18
1209 1052 12
1073 1198 19
1095 789 13
1627 1021 23
1008 862 11
1311 849 10
1361 940 19
1063 944 13
909 675 11
1212 1007 21
1174 1070 22
1658 935 5
1140 950 18
1075 1133 7
1524 1007 7
1054 845 12
1233 661 7
1181 692 7
1627 871 13
1460 1033 18
1192 950 20
1692 716 14
1604 1009 24
1139 638 24
1675 960 9
1293 888 7
1525 689 9
1190 990 5
921 665 4
1382 645 21
934 650 9
1679 834 6
1507 985 8
1046 1151 16
924 1009 6
1626 624 21
1427 701 9
1297 765 7
1312 704 11
1061 1182 14
1589 738 15
1361 1131 15
1629 930 18
1482 1067 4
1322 917 15
908 931 17
