600 1717 600 612 5
349 574
3 173
301 530
4 355
249 428
41 340
17 26
45 539
141 315
371 471
66 450
216 275
131 498
416 576
0 260
402 422
253 584
123 334
93 222
212 425
205 538
67 342
256 532
293 324
267 340
211 413
207 401
203 501
218 353
90 565
11 21
136 229
66 477
350 558
252 282
2 473
337 405
498 584
152 196
53 487
400 455
493 573
359 550
170 171
233 235
6 279
107 240
82 496
24 462
206 253
144 444
491 541
43 51
24 97
268 286
287 401
361 395
64 275
293 336
389 540
113 591
257 420
190 325
214 267
293 354
99 466
98 170
494 506
300 444
46 188
224 537
191 255
92 268
430 465
369 540
133 335
1 127
12 275
97 490
347 426
112 483
306 352
252 390
199 535
71 495
243 359
116 208
142 462
134 528
82 210
147 293
430 562
303 444
0 432
258 321
175 515
318 475
53 557
100 403
30 403
243 577
104 519
66 305
115 167
498 591
441 531
131 308
266 397
420 529
0 319
128 171
6 145
185 309
371 504
455 574
101 569
230 434
282 592
209 535
461 533
2 341
60 559
319 553
254 453
46 379
139 546
148 443
56 234
102 128
229 267
133 443
114 345
119 330
132 312
134 472
42 240
71 259
414 452
247 585
415 526
461 558
484 488
1 111
380 445
353 377
509 571
44 297
32 368
271 407
504 559
362 460
198 406
36 539
442 585
266 475
25 505
99 283
79 333
278 489
137 177
204 587
289 429
242 495
291 432
341 503
56 369
105 226
182 435
268 318
29 423
237 314
363 439
117 192
73 288
156 274
67 500
95 272
252 525
74 352
66 144
23 505
260 412
118 382
361 400
273 535
28 55
159 227
96 217
31 567
152 352
180 331
367 483
152 376
93 194
495 588
95 316
56 595
138 232
212 564
510 523
87 512
218 410
355 378
327 423
98 251
165 253
320 391
375 486
242 322
198 334
190 299
128 456
334 483
22 470
400 554
394 414
69 278
347 445
36 76
353 553
141 170
99 441
155 363
257 461
399 417
243 433
6 274
29 235
161 260
132 407
438 440
374 491
143 201
164 441
223 288
236 568
259 415
17 118
175 463
19 165
24 351
281 347
126 546
335 432
30 328
301 356
33 257
28 217
20 526
278 366
393 552
108 261
271 476
532 596
5 19
431 535
29 233
41 155
36 62
14 591
276 550
79 317
163 383
540 573
379 403
59 387
350 461
298 425
201 287
169 583
67 231
356 407
39 138
210 318
272 453
42 321
501 519
157 586
1 441
50 209
108 549
108 280
166 356
383 512
21 488
45 76
297 300
104 571
105 184
350 539
314 472
365 519
436 560
394 424
70 83
319 599
138 152
175 548
94 417
217 254
52 193
38 75
377 545
319 367
244 552
190 264
167 485
10 392
323 448
94 444
255 273
152 224
402 527
79 511
21 149
195 544
107 146
61 227
124 400
582 597
315 442
159 518
307 401
33 551
253 276
4 580
338 565
55 217
329 429
51 465
120 518
144 477
281 426
209 338
371 589
41 298
266 597
399 499
273 349
121 224
307 380
231 237
316 466
119 593
400 559
61 159
332 542
180 556
56 411
275 540
156 465
68 123
518 548
460 492
292 594
457 525
161 367
4 378
17 370
383 560
27 398
272 438
43 277
384 411
43 530
246 379
222 360
463 515
429 589
309 591
81 565
130 470
454 597
391 543
351 421
276 486
235 520
134 314
123 519
395 416
316 343
336 354
464 588
3 513
539 558
227 518
14 498
434 441
234 275
141 478
157 433
3 57
189 191
392 455
105 501
20 491
86 350
12 385
166 301
145 208
266 496
86 461
316 333
66 160
5 547
26 316
144 303
45 558
90 354
4 166
85 327
47 467
433 577
414 575
46 487
190 271
381 528
0 587
200 261
211 234
197 408
221 406
8 523
138 443
25 315
511 597
305 450
74 376
361 554
15 595
153 522
328 403
38 238
479 542
4 51
24 217
47 318
249 339
327 486
103 581
26 42
483 545
356 530
89 271
233 269
243 550
58 384
182 460
41 425
6 116
281 474
396 446
187 300
392 574
112 334
176 213
387 503
257 582
199 338
315 594
83 461
176 206
119 340
292 527
97 197
215 560
266 454
130 566
67 128
11 492
83 86
188 229
135 175
140 333
114 402
169 267
466 481
77 309
300 522
3 371
373 559
59 149
233 451
238 525
450 477
106 131
55 122
9 195
97 254
107 571
131 572
317 475
271 313
120 422
176 242
46 246
282 457
550 584
47 268
260 319
314 528
304 381
174 513
221 409
401 445
217 351
194 507
26 258
110 211
263 391
476 590
299 417
36 568
460 502
160 183
88 296
132 530
73 323
207 354
240 405
9 479
220 484
120 310
344 359
161 290
1 326
18 117
492 502
44 187
487 557
250 430
426 528
162 488
40 218
141 585
124 303
218 265
96 440
91 141
5 424
231 472
66 124
45 257
364 583
186 564
542 551
94 245
98 487
398 591
129 532
452 575
25 120
90 154
72 519
362 388
80 273
150 267
171 478
201 336
120 505
311 380
115 280
102 428
351 462
11 372
102 497
135 306
520 569
257 558
141 442
196 260
297 444
21 220
389 578
287 445
269 451
100 261
236 524
332 479
35 524
151 424
171 381
157 368
81 113
8 348
451 550
252 592
485 593
52 220
219 231
269 520
61 135
239 537
101 520
162 484
211 494
196 587
227 290
358 479
16 263
11 193
333 544
242 541
163 522
37 187
312 356
154 366
77 307
423 486
427 440
29 439
377 553
286 318
153 163
479 529
129 351
79 544
34 437
69 346
173 504
72 406
78 513
302 405
394 575
111 517
88 512
299 399
51 156
114 585
537 587
149 387
172 332
326 488
210 326
34 535
306 412
22 566
396 514
146 240
18 266
385 482
37 215
132 271
153 187
128 198
203 570
106 459
114 292
497 505
477 563
274 465
47 92
187 244
418 592
418 546
102 334
370 544
289 589
32 150
250 378
299 313
285 424
99 408
58 578
447 500
33 404
216 284
79 295
118 302
235 363
390 525
25 428
127 326
264 508
500 532
245 444
331 434
43 156
21 384
32 557
92 286
19 414
190 313
214 586
99 254
358 418
24 431
314 426
110 567
467 531
147 462
70 461
375 550
189 450
143 256
61 161
260 587
24 357
354 591
420 597
444 477
178 262
109 383
342 581
48 433
441 467
6 177
55 240
287 347
103 447
10 459
104 221
1 467
199 209
87 202
154 346
22 562
196 412
320 543
223 323
21 449
25 422
363 520
335 598
19 242
5 285
367 599
123 365
88 300
18 192
124 160
158 265
111 230
54 375
13 429
111 441
15 211
210 286
16 543
82 117
215 436
50 574
120 290
566 588
538 539
108 200
279 329
347 368
175 518
218 377
122 447
386 414
255 349
283 441
177 371
78 470
167 229
411 578
511 529
40 203
97 357
34 199
263 543
125 251
225 575
416 459
184 241
29 54
110 469
261 549
238 390
252 358
129 217
491 572
87 325
397 475
435 460
42 302
388 460
162 230
263 598
2 503
182 473
193 220
448 524
23 334
469 494
250 355
27 185
103 409
253 547
167 280
283 434
59 503
196 306
206 584
170 247
292 442
90 113
105 480
75 551
415 555
146 571
37 552
330 593
61 412
245 270
26 302
119 507
334 497
81 131
201 281
393 436
164 316
81 106
125 557
69 489
262 446
170 345
70 257
122 217
442 594
155 520
271 508
143 521
242 452
63 191
516 570
426 557
372 460
244 294
249 315
83 404
152 306
288 385
168 346
530 590
43 580
225 588
245 299
341 387
132 476
342 406
352 376
101 344
118 126
291 335
197 254
139 203
294 419
50 349
291 598
270 325
387 502
267 569
13 589
469 567
126 241
410 501
286 326
429 562
185 577
199 565
64 216
26 321
208 371
73 385
137 208
59 561
91 478
174 588
322 526
71 588
72 123
3 471
297 563
231 256
148 232
334 406
282 391
262 265
458 482
527 594
90 591
327 534
434 517
111 434
355 465
513 588
324 336
201 474
7 597
80 490
165 547
133 148
240 321
114 247
273 490
157 311
26 95
183 574
101 583
415 576
46 150
458 468
193 372
118 184
9 382
251 557
2 493
166 580
341 502
263 457
31 192
25 527
313 476
509 519
252 551
25 310
361 416
308 541
325 512
154 354
172 529
45 582
75 86
92 467
202 512
201 207
219 500
47 343
101 359
107 337
19 394
32 347
265 432
76 582
104 409
123 483
160 305
1 230
50 392
410 516
389 561
280 593
41 186
251 381
471 589
84 284
82 475
301 580
295 479
15 192
123 406
283 331
140 544
344 583
290 518
8 592
240 258
105 337
10 338
349 535
493 540
78 130
196 224
267 344
297 477
265 510
337 509
63 450
25 594
2 502
399 504
372 388
70 404
49 186
63 189
275 369
374 541
42 405
254 438
52 388
122 532
112 290
481 579
147 278
260 599
291 396
339 478
147 154
258 440
98 549
16 598
177 279
110 192
421 596
513 555
296 512
95 438
44 556
151 327
30 98
26 370
216 234
48 577
113 498
248 436
470 471
3 555
295 511
80 431
94 303
56 117
200 246
118 358
226 480
163 560
307 445
228 283
187 297
103 122
23 112
245 300
279 289
54 233
402 515
317 397
417 499
479 544
60 373
95 481
243 584
210 384
388 436
208 399
278 462
437 489
235 439
73 223
259 526
50 338
21 193
132 356
108 167
377 410
361 559
19 176
44 180
69 168
37 560
171 304
277 590
58 561
190 245
28 258
228 563
171 472
36 494
39 443
256 474
0 553
176 541
158 553
33 83
174 464
170 585
106 526
329 562
74 306
3 373
395 459
441 466
168 565
100 200
493 561
157 380
189 305
84 216
237 256
186 212
19 424
40 570
49 363
84 385
274 279
43 301
52 419
407 508
7 257
267 364
70 533
67 447
85 424
480 501
43 274
453 481
36 469
368 586
126 226
534 547
125 487
82 411
225 452
233 375
41 569
215 393
198 456
315 428
265 514
340 569
521 596
12 84
165 176
2 182
545 553
427 438
205 236
66 303
201 401
64 84
501 509
480 546
135 463
31 454
8 139
413 506
310 505
171 339
178 523
49 155
65 140
143 532
337 501
7 420
344 433
468 482
455 554
35 413
303 499
283 408
239 335
47 317
239 536
147 354
52 244
187 294
194 298
219 256
127 286
261 403
91 170
49 564
74 463
172 257
262 514
131 213
259 513
122 500
75 83
103 146
83 533
453 579
204 239
58 411
129 421
374 526
185 311
415 416
46 53
406 456
397 597
233 520
332 529
390 551
124 499
316 481
100 246
14 584
72 221
40 510
117 595
428 497
67 219
139 480
22 429
185 591
452 495
93 360
501 570
290 367
90 168
290 505
459 554
501 516
277 530
16 396
76 539
329 430
399 559
205 350
422 515
218 570
119 298
91 171
177 589
155 186
142 489
347 557
62 524
108 330
147 366
213 308
13 471
124 559
102 198
10 50
184 405
60 173
23 497
289 329
279 430
77 380
207 336
421 521
288 482
33 75
259 322
250 465
280 330
87 264
419 484
113 131
150 214
303 417
56 82
169 344
62 506
431 437
72 104
115 485
244 393
291 514
20 374
77 354
121 148
35 323
23 290
298 507
161 599
526 572
205 448
17 302
293 421
317 318
60 504
375 423
189 255
372 492
292 402
178 543
228 450
7 582
324 521
413 458
295 529
136 340
234 369
178 320
462 489
212 360
546 592
170 251
273 408
161 227
540 561
35 506
36 538
395 554
409 581
396 598
284 458
446 514
262 523
237 474
208 504
126 418
499 559
386 452
150 229
348 546
32 53
369 578
267 583
19 386
61 306
197 490
88 325
12 64
322 495
317 511
195 370
215 552
294 556
323 468
285 547
282 525
134 381
561 578
327 547
293 521
162 294
57 78
192 595
26 438
27 577
317 333
464 566
199 437
225 495
367 553
0 204
85 575
133 239
373 555
228 477
416 526
80 97
194 330
167 593
116 145
157 445
135 548
2 573
433 586
62 568
276 584
75 390
32 46
82 318
173 373
167 188
252 418
126 358
317 597
128 342
506 524
575 588
277 313
254 272
421 462
104 509
231 314
217 438
122 129
139 348
51 355
305 349
158 353
148 536
18 454
381 557
202 383
367 545
218 510
134 304
503 561
9 118
168 437
35 448
174 566
298 340
257 404
245 417
201 324
38 390
421 532
312 407
333 343
432 514
249 478
376 443
74 135
541 572
473 502
106 572
403 549
191 283
78 174
242 374
179 597
71 513
362 436
58 59
136 593
460 473
103 571
229 593
328 487
113 565
149 502
226 241
160 574
30 549
6 277
109 508
446 543
358 542
364 569
52 393
9 544
567 582
230 556
304 472
204 432
110 494
159 548
40 523
493 503
470 566
47 333
14 577
155 569
466 579
15 234
116 137
221 581
102 249
413 468
89 508
179 397
65 333
274 277
320 592
434 556
180 434
236 448
48 157
16 446
226 546
9 370
211 284
162 556
97 217
392 459
181 486
10 106
96 438
162 419
210 488
107 405
164 466
184 337
88 270
203 523
8 178
176 498
109 264
63 228
39 376
57 470
26 65
194 425
361 373
276 534
177 289
84 482
447 581
282 320
57 471
68 377
10 81
107 509
148 239
278 346
186 425
284 413
233 550
515 518
68 545
281 287
368 445
459 526
99 197
101 451
51 580
277 299
362 435
238 263
262 510
220 419
332 551
138 224
121 537
230 488
254 579
426 474
420 511
151 285
61 260
21 484
160 349
93 425
206 498
248 362
163 512
6 299
0 158
18 31
132 590
276 375
140 370
115 593
118 241
137 371
236 538
9 358
237 426
242 386
44 228
191 408
296 522
165 206
379 487
224 587
33 332
68 410
31 582
213 498
213 541
528 557
361 576
80 535
85 151
373 415
90 346
274 430
25 497
26 427
179 266
409 571
228 331
221 342
48 311
89 264
127 467
55 146
342 447
58 449
181 423
439 564
211 216
69 437
77 185
150 188
100 379
136 267
55 258
117 496
95 453
538 568
9 17
49 439
536 537
256 500
158 218
330 507
189 349
11 149
120 515
431 489
275 573
52 372
37 163
121 536
454 582
205 539
191 228
6 137
135 159
11 502
21 210
410 570
57 513
360 564
35 468
92 127
28 440
153 300
181 327
14 398
475 496
203 480
172 420
98 328
410 519
13 22
77 311
164 343
121 232
340 593
98 125
101 364
18 496
188 200
259 555
65 370
192 567
230 326
247 345
62 494
123 545
5 165
32 214
124 455
88 522
89 190
141 249
204 537
191 273
388 393
124 183
403 487
178 446
308 572
264 325
214 368
422 527
234 595
309 354
383 436
437 535
98 345
128 339
68 365
121 138
168 199
163 296
322 374
13 470
101 269
24 142
223 468
33 172
128 231
188 246
243 344
230 517
84 458
56 578
398 577
238 457
292 585
44 331
149 449
99 579
207 307
239 432
348 592
185 398
8 320
253 534
252 542
138 148
293 462
29 375
346 366
58 149
173 371
39 152
313 590
360 425
139 523
128 472
143 474
44 563
343 467
344 586
184 226
577 584
81 338
342 456
77 207
65 316
17 382
248 435
130 174
365 410
143 324
187 552
210 411
245 325
384 449
142 431
311 577
486 534
112 367
122 146
167 200
85 394
145 399
164 531
455 459
521 532
267 586
62 236
76 469
80 357
20 572
28 96
164 467
288 468
44 294
244 419
209 349
192 211
184 302
482 297 337 493 65 96 179 322 387 409 500 192 466 173 234 557 375 407 1 357 232 157 355 83 521 255 400 301 330 281 98 575 376 461 535 422 587 42 468 424 174 392 365 324 518 321 274 261 263 149 77 253 307 546 464 273 32 594 456 320 262 94 401 99 399 278 258 19 371 375 505 150 424 218 486 502 312 525 97 39 168 495 90 459 40 447 119 91 309 482 551 121 420 189 29 225 300 517 226 18 23 98 44 591 207 597 460 197 282 110 507 257 264 382 263 287 596 538 542 474 48 490 375 499 354 31 219 511 161 14 509 396 239 459 414 596 250 558 378 97 158 217 421 571 117 588 483 248 142 114 309 387 406 419 411 195 527 297 44 413 138 118 526 592 479 398 143 150 582 8 507 593 438 493 123 35 388 450 423 421 599 527 60 131 96 287 452 365 588 428 29 90 352 185 527 103 347 367 589 81 229 253 305 83 319 550 62 503 242 106 407 236 349 298 510 255 335 163 175 507 340 89 424 543 365 260 466 138 195 398 566 500 543 325 76 587 130 106 205 316 223 573 378 82 520 247 297 378 143 99 36 473 418 297 24 528 178 236 515 340 115 487 198 494 21 170 61 294 171 7 337 504 119 262 63 169 30 440 163 225 487 565 244 70 476 373 14 413 436 31 103 266 249 137 238 257 354 128 357 0 25 455 26 297 124 400 345 20 222 532 90 276 461 258 382 226 277 304 348 535 513 79 316 392 339 8 356 79 30 540 473 317 569 283 98 341 225 458 221 172 558 107 446 359 440 82 45 587 486 295 102 360 63 489 486 235 411 220 350 69 476 588 521 384 498 260 122 28 70 20 430 167 486 17 276 149 158 442 38 137 107 25 172 81 519 336 370 543 10 317 519 108 358 549 449 286 419 568 152 17 464 317 375 35 319 423 175 515 530 21 498 173 106 237 11 167 166 34 241 543 161 34 533 425 544 542 31 462 451 92 112 508 162 153 446 148 411 11 31 543 96 585 439 248 484 337 365 447 174 571 360 557 42 71 247 153 263 420 518 369 61 283 68 443 183 202 35 435 120 214 203 42 89 260 289 371 509 245 249 47 134 320 389 371 587 157 91 239 589 553 64 225 449 223 307 450 498 116 94 26 145 247 200 136 203 214 232 166 8 234 474 376 70 79 350 221 530 230 220 75 181 81 576 39 390 329 293 104 152 7 117 295 332 573 502 69 233 196 148 125 578 516 589 65 548 460 22 472 431 201 349 480 393 539 56 148 400 574 381 396 545 366 105 260 475 230 517 372 118 579 264 97 208 461 59 68 525 272 2 81 453 370 590 57 203 579 513 160 309 489 377 342 348 436 71 167 351 595 52 588
165 808
439 274
328 18
872 311
970 6
915 561
874 152
148 313
147 632
265 476
729 419
414 104
163 18
928 253
825 632
170 146
36 703
285 537
209 226
933 523
808 436
411 145
978 267
320 853
521 544
354 915
346 486
781 664
437 562
983 742
607 974
174 209
680 815
121 401
619 479
6 105
96 220
582 120
21 494
51 967
170 674
920 907
328 572
907 56
537 228
76 309
674 851
295 306
774 717
982 863
689 408
941 43
488 136
639 847
950 746
396 579
237 139
906 307
314 116
324 85
803 255
189 902
73 197
577 344
153 43
354 437
657 289
447 745
266 744
616 542
70 380
903 383
335 724
7 12
167 967
48 469
107 253
700 671
919 333
253 382
559 484
744 502
268 238
42 419
108 63
982 564
2 386
675 75
653 125
750 47
720 578
492 888
358 278
933 963
717 197
429 439
450 525
523 494
569 983
488 378
663 935
888 829
403 832
400 636
338 674
244 612
754 453
326 631
740 987
622 22
137 171
451 300
297 828
760 543
431 979
784 941
836 162
244 197
238 527
840 955
296 970
73 887
455 650
314 752
711 286
556 901
187 535
400 270
427 785
476 605
937 311
779 510
844 65
5 872
556 800
195 947
836 895
855 190
88 936
173 626
315 427
465 903
561 560
538 688
679 236
787 163
374 613
619 617
12 915
368 94
778 850
973 588
108 967
603 145
682 577
937 867
944 77
717 767
156 782
246 942
654 322
207 874
472 206
607 95
358 339
882 571
909 8
733 935
651 524
822 816
497 937
499 850
151 405
847 252
948 352
242 994
861 535
883 195
118 672
200 301
534 276
968 670
428 8
687 352
267 598
739 651
963 892
565 170
720 890
608 349
747 83
560 370
168 174
437 128
868 990
278 448
132 905
518 448
350 794
666 473
685 956
617 720
646 41
177 651
117 819
1 240
859 582
643 682
814 197
661 433
348 213
136 132
984 922
816 539
748 820
549 96
154 87
472 557
224 702
491 729
460 139
359 698
998 1000
30 42
109 893
976 412
245 580
237 900
592 279
802 873
469 252
466 761
67 916
935 766
206 121
987 814
23 188
569 746
0 578
80 834
354 576
212 538
888 502
844 723
518 124
722 147
683 901
464 972
510 25
444 855
998 57
539 924
77 515
888 645
499 469
601 373
529 718
109 358
394 533
846 374
173 853
671 985
122 697
14 661
705 69
138 754
207 264
834 871
314 284
923 796
704 125
780 62
473 474
590 411
892 136
235 22
903 686
883 109
620 574
911 179
777 972
626 752
67 589
504 329
124 94
927 595
384 230
660 745
46 20
923 208
270 889
66 781
409 968
595 632
499 196
221 396
631 99
627 205
870 959
779 125
636 160
900 33
304 576
733 242
524 839
626 321
151 936
683 701
813 507
715 637
325 907
741 702
827 44
798 93
533 775
422 881
395 422
258 341
298 265
192 812
97 632
347 526
909 420
0 78
581 674
725 100
433 249
960 633
594 945
950 178
816 995
543 299
141 435
323 402
322 795
5 831
612 670
284 631
694 447
462 829
844 926
352 34
395 737
315 360
806 796
509 985
658 559
651 774
147 598
639 384
12 298
492 573
132 972
205 740
684 622
968 38
825 1
534 523
174 491
853 764
991 955
786 312
471 45
966 836
872 849
279 711
648 583
231 828
709 808
229 76
302 462
872 230
435 88
837 311
851 433
941 721
89 1000
239 740
997 27
639 913
717 727
557 846
277 513
618 59
332 147
92 27
919 493
366 59
476 75
261 80
34 520
58 633
708 389
525 94
980 523
770 354
49 735
233 291
778 627
788 202
736 313
652 717
375 978
624 956
92 391
291 598
357 746
808 28
532 375
383 674
254 708
294 146
166 895
110 120
944 497
824 350
791 366
748 207
144 544
497 170
141 339
520 603
328 984
979 710
958 553
932 929
614 794
402 490
396 874
945 229
982 146
562 521
90 795
810 721
503 289
464 5
514 63
611 507
429 484
1000 836
423 514
412 324
423 922
2 951
671 212
687 739
83 696
431 707
4 139
367 142
621 276
894 794
955 462
461 436
179 250
713 357
380 758
17 627
93 94
755 379
441 46
33 379
591 589
210 992
975 350
967 84
398 391
381 294
27 77
111 201
930 286
904 266
518 812
410 37
597 747
243 263
819 81
657 263
467 879
227 430
207 608
421 407
85 70
295 790
447 171
760 937
939 676
600 910
444 215
585 533
532 424
832 455
420 65
285 36
105 168
939 416
237 224
369 862
797 574
734 271
457 699
269 666
391 58
329 49
839 222
325 883
76 147
841 979
707 4
307 651
153 722
234 366
648 79
896 357
89 736
282 997
244 682
474 280
269 933
305 695
964 800
555 641
618 122
143 665
47 135
27 553
813 404
369 954
589 820
196 417
872 78
372 319
489 669
50 396
918 650
595 478
67 859
103 847
19 221
14 268
255 42
838 505
141 489
62 671
286 416
249 789
178 582
911 613
236 966
635 984
897 739
97 453
545 142
212 785
739 361
874 335
496 244
588 852
49 324
760 289
580 73
290 74
980 215
590 218
998 887
706 492
975 312
133 216
45 213
902 863
220 677
353 633
795 484
272 11
668 370
982 480
816 326
836 682
262 117
469 395
935 15
403 689
131 258
841 835
842 656
435 945
774 789
136 835
988 380
901 218
841 96
759 584
115 601
813 913
392 945
201 150
522 637
188 329
21 729
212 843
