600 857
60 220
78 368
57 458
114 572
14 167
462 470
309 402
42 183
124 554
341 363
324 523
87 506
44 309
72 198
220 492
284 352
213 598
415 531
311 542
321 390
51 115
371 461
268 420
203 448
267 505
173 528
104 214
135 325
223 428
1 482
285 451
557 597
379 575
434 575
28 110
382 385
177 305
69 280
25 448
447 581
107 525
183 516
173 254
77 285
160 397
213 285
58 524
80 292
70 494
69 394
433 520
69 368
558 585
28 282
82 544
375 414
156 522
164 327
175 450
10 318
95 241
362 441
330 599
127 366
250 356
295 518
416 536
146 489
481 569
105 297
224 238
87 316
121 215
76 599
250 550
247 515
134 371
99 194
410 536
448 453
25 63
467 559
448 584
87 118
79 146
154 341
93 366
418 570
420 563
220 559
399 574
440 555
34 298
116 121
6 223
426 457
337 468
26 592
223 447
120 347
358 376
378 530
15 215
36 541
113 308
1 385
201 416
394 539
108 311
52 385
4 496
93 392
37 488
36 458
227 459
69 376
12 172
122 423
144 266
0 92
28 75
103 478
92 469
12 36
10 414
90 143
324 415
471 562
5 184
48 78
86 489
51 133
311 552
107 461
254 296
49 102
70 490
119 331
302 496
14 123
337 595
154 573
41 161
65 135
389 589
354 508
470 524
195 323
113 351
0 135
129 523
162 239
52 482
298 523
83 430
62 445
254 403
115 597
156 411
13 325
42 529
302 343
7 306
392 469
113 185
357 517
22 365
8 541
174 204
18 303
30 525
269 387
170 217
520 567
37 288
351 499
384 561
126 519
353 529
33 200
183 464
34 412
128 192
21 441
106 410
238 521
119 439
182 552
122 299
230 568
130 369
103 403
229 596
311 513
238 502
58 247
278 286
119 451
243 302
106 498
139 325
281 351
170 584
157 206
72 96
103 446
31 546
475 515
406 529
46 395
104 520
447 499
315 426
365 402
185 377
355 585
40 424
471 541
469 509
174 221
207 297
29 120
122 385
62 214
230 446
150 197
27 266
442 461
147 529
59 301
405 578
464 529
99 257
86 204
67 483
188 402
169 440
296 543
248 296
141 533
18 47
35 295
134 459
404 436
273 536
146 226
392 509
101 287
358 449
283 428
102 504
341 415
521 527
74 478
154 514
29 47
226 576
302 318
115 596
410 561
400 421
51 229
67 520
10 201
244 287
326 563
0 149
446 478
15 449
117 197
279 415
281 581
556 578
2 43
88 381
455 540
102 413
100 335
355 558
106 504
124 493
372 408
239 260
374 475
168 476
378 486
187 259
161 599
409 534
306 502
253 472
265 498
234 569
198 381
181 515
144 399
155 309
40 553
248 270
353 507
171 267
63 183
88 146
409 490
157 520
510 595
18 120
88 226
276 395
467 484
417 515
152 333
310 472
73 466
291 591
274 560
74 571
358 379
303 356
111 479
236 544
30 364
254 543
150 398
406 464
325 340
8 57
29 443
98 143
68 336
124 399
133 274
16 209
188 199
203 484
53 247
453 472
199 422
280 394
197 534
439 598
233 552
17 302
445 573
232 542
296 545
322 415
257 332
359 435
235 508
13 139
505 510
500 525
122 540
242 438
240 292
133 380
243 590
154 294
13 163
119 598
197 450
110 563
186 346
163 554
37 293
509 515
147 353
321 382
82 236
206 587
74 230
436 452
4 531
156 429
431 442
376 379
146 289
184 290
256 366
276 583
161 193
202 539
64 587
64 277
342 378
114 501
459 527
533 582
388 529
287 403
180 512
128 532
105 207
5 130
166 178
190 528
220 474
104 483
148 342
284 541
233 356
189 597
72 442
76 161
206 277
549 562
218 563
158 532
152 551
187 458
341 412
450 565
37 579
171 237
177 535
430 599
208 474
100 242
367 582
410 498
383 397
153 360
399 493
294 445
390 560
242 356
256 551
95 186
77 451
465 479
62 294
176 398
95 309
34 324
182 542
47 508
60 370
11 572
32 491
190 444
305 535
129 322
527 579
217 448
227 232
50 188
15 39
335 438
217 466
109 420
67 567
138 582
125 401
151 438
142 559
68 244
343 496
282 390
96 140
346 585
159 350
242 250
216 586
233 441
190 400
53 357
10 375
61 510
327 347
389 469
17 318
89 500
145 544
257 486
29 191
419 459
156 597
259 418
270 545
340 567
196 546
41 330
243 361
183 406
18 246
74 328
386 532
181 469
116 215
280 376
286 295
121 451
56 533
364 555
54 85
100 168
171 173
23 189
556 571
187 195
305 357
190 533
94 365
61 400
427 476
42 388
207 353
99 164
96 431
161 477
358 434
210 570
225 480
208 473
154 445
262 300
16 291
429 597
118 506
103 178
456 496
91 594
546 594
152 454
170 484
20 180
53 58
310 467
10 17
46 185
289 489
168 427
18 508
73 500
102 379
173 287
392 589
69 123
248 409
113 277
47 235
90 564
49 280
484 584
458 541
347 360
370 432
51 221
571 578
244 336
366 589
236 539
14 28
314 427
292 377
207 391
216 479
228 231
60 503
80 113
404 587
150 450
480 575
475 517
355 422
295 502
97 192
404 547
31 196
16 304
269 290
420 532
13 399
212 440
234 264
120 356
45 162
272 273
318 416
371 442
131 340
15 451
288 501
244 328
75 563
99 235
142 500
147 477
174 321
188 262
176 283
365 447
149 181
368 435
156 271
55 158
152 322
249 467
316 409
172 562
283 398
249 405
370 381
353 391
135 374
146 540
121 331
310 512
88 576
182 419
367 564
186 309
21 168
425 595
171 460
126 192
537 581
199 262
512 556
419 461
89 484
207 314
557 596
22 231
554 593
212 407
503 526
426 562
164 191
231 309
223 566
472 512
252 394
66 343
272 575
227 513
146 381
6 240
471 530
41 193
23 597
120 443
109 229
534 543
274 497
380 560
147 464
126 128
118 166
318 343
29 164
515 517
108 552
579 586
374 535
46 377
385 465
19 348
338 344
283 566
314 388
307 339
285 570
92 551
211 234
9 269
101 244
321 501
200 567
7 502
59 531
142 526
145 252
141 190
272 384
437 535
0 298
173 237
165 269
85 241
56 190
412 483
25 32
158 519
202 413
14 323
293 572
341 514
207 485
163 493
268 326
321 488
399 463
39 435
154 483
135 298
299 489
50 468
265 318
194 257
277 308
70 175
263 306
40 312
380 390
248 543
75 218
226 289
242 550
99 263
27 511
213 439
162 412
214 433
159 269
224 295
169 441
421 468
402 422
184 317
119 408
36 562
124 320
40 138
345 472
27 357
382 488
83 330
41 207
301 531
225 449
178 594
65 260
59 456
90 558
125 163
115 229
176 566
204 290
334 598
66 71
170 466
44 547
102 539
179 481
87 258
84 415
424 474
320 399
305 517
5 290
305 475
178 580
219 479
178 270
338 349
1 299
38 306
81 256
313 360
83 151
8 339
264 522
87 137
210 334
164 275
100 233
257 348
300 421
97 343
7 99
43 591
366 389
136 289
45 65
32 364
355 367
496 590
160 383
118 270
570 588
459 542
53 462
66 97
41 477
266 548
345 453
148 378
130 204
196 594
27 437
323 329
28 167
286 457
278 562
370 373
194 275
245 521
403 568
222 553
129 551
205 453
203 467
182 461
275 327
107 555
26 111
351 537
144 574
338 518
155 186
60 432
132 431
21 233
89 170
492 559
322 531
43 587
91 196
183 538
3 59
495 550
36 195
185 395
389 393
27 255
269 577
323 368
137 397
62 487
23 184
25 217
65 340
310 319
314 362
85 90
148 278
251 326
277 401
345 538
86 112
32 63
220 424
85 143
14 261
131 567
112 289
84 531
89 142
414 454
396 495
460 505
188 422
24 383
370 553
93 589
