ave	1700.063
sum50	85003.15000000001
max	3477
min	911
0000	2429
0001	1312
0002	1524
0003	1759
0004	2682
0005	1879
0006	2213
0007	1865
0008	1977
0009	2802
0010	1205
0011	1540
0012	1904
0013	1041
0014	1349
0015	2424
0016	1923
0017	2242
0018	1100
0019	1611
0020	1194
0021	1692
0022	2812
0023	996
0024	1287
0025	1725
0026	1002
0027	1296
0028	969
0029	1343
0030	1827
0031	2594
0032	2388
0033	1998
0034	1546
0035	1231
0036	1659
0037	1536
0038	2398
0039	2155
0040	1645
0041	2188
0042	1394
0043	2283
0044	2062
0045	1073
0046	2121
0047	2940
0048	1743
0049	1134
0050	2970
0051	2688
0052	1785
0053	1178
0054	1212
0055	2059
0056	1145
0057	993
0058	2024
0059	2785
0060	1867
0061	2469
0062	2338
0063	1679
0064	1590
0065	1342
0066	1476
0067	1275
0068	3011
0069	1800
0070	2789
0071	2644
0072	1706
0073	1714
0074	1354
0075	1742
0076	1802
0077	1921
0078	1586
0079	1374
0080	1381
0081	1163
0082	1309
0083	2328
0084	2089
0085	1275
0086	1545
0087	1516
0088	1171
0089	1755
0090	1631
0091	928
0092	1274
0093	2880
0094	1014
0095	1428
0096	1340
0097	1860
0098	1188
0099	1857
0100	1506
0101	2835
0102	1549
0103	1602
0104	1265
0105	1549
0106	1413
0107	2366
0108	991
0109	1737
0110	1427
0111	1741
0112	1691
0113	2753
0114	1918
0115	1029
0116	1864
0117	1774
0118	2277
0119	2806
0120	1309
0121	1599
0122	1669
0123	2188
0124	1846
0125	1033
0126	1812
0127	1043
0128	1937
0129	1154
0130	1433
0131	1123
0132	1681
0133	1876
0134	1055
0135	1679
0136	2212
0137	1167
0138	1735
0139	2089
0140	1037
0141	1897
0142	1615
0143	1494
0144	2035
0145	1706
0146	1650
0147	1580
0148	1615
0149	1558
0150	985
0151	2431
0152	1647
0153	1120
0154	2019
0155	2739
0156	1586
0157	2349
0158	918
0159	1624
0160	1785
0161	1811
0162	1512
0163	1672
0164	1527
0165	1648
0166	1501
0167	2379
0168	1550
0169	2096
0170	2976
0171	2637
0172	1794
0173	1650
0174	1921
0175	964
0176	1392
0177	1768
0178	1676
0179	1006
0180	1182
0181	1447
0182	2664
0183	1399
0184	3477
0185	1593
0186	1535
0187	1011
0188	1538
0189	2199
0190	2189
0191	1205
0192	2499
0193	1683
0194	1921
0195	1110
0196	2089
0197	1805
0198	1776
0199	1114
0200	1070
0201	1312
0202	1848
0203	1363
0204	1651
0205	1627
0206	1134
0207	1232
0208	3305
0209	2331
0210	1095
0211	1952
0212	1055
0213	1115
0214	1350
0215	1774
0216	1012
0217	2801
0218	1952
0219	1485
0220	1200
0221	2368
0222	1705
0223	1933
0224	1414
0225	1496
0226	2880
0227	1046
0228	1329
0229	1456
0230	1509
0231	1858
0232	1704
0233	2775
0234	2290
0235	1084
0236	1201
0237	2062
0238	1644
0239	2257
0240	1152
0241	1718
0242	1851
0243	1843
0244	1238
0245	1074
0246	1268
0247	2305
0248	1639
0249	2812
0250	1655
0251	2020
0252	1547
0253	2565
0254	2830
0255	1925
0256	1511
0257	1041
0258	1319
0259	1886
0260	2189
0261	1252
0262	1921
0263	1924
0264	2499
0265	1846
0266	1310
0267	2200
0268	2395
0269	1844
0270	2427
0271	1399
0272	2116
0273	1288
0274	1624
0275	2216
0276	2179
0277	1605
0278	1443
0279	1688
0280	1072
0281	1579
0282	1619
0283	1687
0284	2752
0285	1955
0286	1478
0287	1660
0288	1158
0289	1433
0290	1480
0291	1665
0292	2722
0293	1037
0294	3192
0295	1680
0296	1089
0297	1568
0298	1279
0299	1460
0300	1742
0301	1063
0302	2544
0303	1083
0304	2268
0305	2017
0306	1695
0307	2475
0308	982
0309	1052
0310	1929
0311	1057
0312	1193
0313	1411
0314	994
0315	1625
0316	1553
0317	2403
0318	1338
0319	1686
0320	1085
0321	2247
0322	2895
0323	1326
0324	1587
0325	1094
0326	1306
0327	959
0328	1836
0329	1133
0330	1920
0331	1271
0332	1993
0333	1627
0334	1349
0335	1673
0336	2403
0337	2547
0338	3381
0339	1662
0340	985
0341	2280
0342	2197
0343	1946
0344	1589
0345	2670
0346	1941
0347	1358
0348	2574
0349	1488
0350	1748
0351	1252
0352	1056
0353	1019
0354	1760
0355	2246
0356	2137
0357	1748
0358	2732
0359	2951
0360	985
0361	2150
0362	1795
0363	2146
0364	1198
0365	1402
0366	1491
0367	1537
0368	2195
0369	1604
0370	2193
0371	981
0372	1571
0373	1861
0374	1088
0375	1359
0376	1172
0377	1034
0378	2796
0379	1551
0380	2168
0381	1313
0382	1138
0383	2516
0384	1739
0385	1736
0386	2042
0387	1568
0388	1599
0389	1941
0390	1909
0391	1570
0392	2435
0393	1036
0394	1356
0395	1898
0396	1186
0397	1413
0398	1871
0399	1006
0400	2422
0401	1643
0402	1352
0403	2150
0404	1997
0405	1697
0406	1119
0407	1306
0408	2333
0409	1702
0410	1286
0411	1125
0412	1579
0413	1440
0414	985
0415	1646
0416	1238
0417	2245
0418	1587
0419	1252
0420	1584
0421	1635
0422	1133
0423	1579
0424	1171
0425	1164
0426	1124
0427	2844
0428	1594
0429	1161
0430	1874
0431	1699
0432	1566
0433	2824
0434	1449
0435	1680
0436	1881
0437	2003
0438	1289
0439	2115
0440	1660
0441	2050
0442	2347
0443	2320
0444	1961
0445	1971
0446	2357
0447	958
0448	2061
0449	2131
0450	2446
0451	1096
0452	1221
0453	3141
0454	2149
0455	2896
0456	1113
0457	1030
0458	1593
0459	1428
0460	2447
0461	2467
0462	1731
0463	1665
0464	2373
0465	1453
0466	1675
0467	1890
0468	1614
0469	1263
0470	1853
0471	954
0472	1733
0473	1719
0474	1171
0475	1041
0476	1201
0477	2395
0478	1310
0479	1083
0480	1830
0481	1179
0482	1469
0483	1185
0484	1860
0485	1064
0486	1644
0487	2210
0488	2990
0489	1253
0490	1365
0491	1542
0492	1577
0493	1218
0494	1168
0495	1619
0496	1988
0497	1624
0498	1772
0499	1544
0500	2350
0501	2086
0502	2772
0503	1440
0504	1257
0505	1019
0506	1874
0507	1719
0508	1627
0509	1856
0510	1677
0511	2300
0512	2849
0513	1825
0514	1913
0515	1642
0516	1553
0517	1221
0518	1682
0519	3014
0520	1715
0521	2194
0522	1372
0523	1412
0524	1467
0525	1608
0526	2110
0527	1803
0528	1560
0529	1566
0530	2130
0531	1385
0532	1860
0533	1181
0534	1473
0535	1788
0536	1961
0537	1557
0538	1494
0539	1134
0540	989
0541	1596
0542	1947
0543	2543
0544	2588
0545	1904
0546	2525
0547	1298
0548	1105
0549	1818
0550	1592
0551	1756
0552	1896
0553	1323
0554	1829
0555	1469
0556	1482
0557	1882
0558	1937
0559	1296
0560	1649
0561	1577
0562	1364
0563	2178
0564	958
0565	1447
0566	1135
0567	2344
0568	1265
0569	1977
0570	1739
0571	2317
0572	1592
0573	1646
0574	1716
0575	1059
0576	2337
0577	1439
0578	940
0579	1545
0580	1425
0581	1768
0582	2606
0583	1665
0584	1606
0585	1465
0586	1474
0587	1365
0588	1128
0589	1833
0590	1647
0591	1648
0592	2256
0593	1874
0594	1102
0595	2033
0596	971
0597	1791
0598	1551
0599	1229
0600	2454
0601	1599
0602	1621
0603	1872
0604	1477
0605	1885
0606	1298
0607	2897
0608	1441
0609	1714
0610	1374
0611	1269
0612	1874
0613	1060
0614	1321
0615	1905
0616	1290
0617	1645
0618	1406
0619	1721
0620	1532
0621	1534
0622	2031
0623	2992
0624	1947
0625	1962
0626	2191
0627	1284
0628	1301
0629	1751
0630	2004
0631	1304
0632	1847
0633	1655
0634	1197
0635	1599
0636	2853
0637	1220
0638	2137
0639	1094
0640	1809
0641	2046
0642	2190
0643	1643
0644	1486
0645	1953
0646	1143
0647	1610
0648	1280
0649	1480
0650	1079
0651	1624
0652	2270
0653	1028
0654	1367
0655	1051
0656	1050
0657	1364
0658	1465
0659	2495
0660	1951
0661	1173
0662	2072
0663	957
0664	2361
0665	1412
0666	1818
0667	1714
0668	2595
0669	985
0670	2870
0671	2187
0672	913
0673	2064
0674	1560
0675	1339
0676	1185
0677	1137
0678	1725
0679	2771
0680	2859
0681	1269
0682	1949
0683	3329
0684	1448
0685	986
0686	1547
0687	2467
0688	2205
0689	2213
0690	1366
0691	1741
0692	2509
0693	1753
0694	1429
0695	1357
0696	987
0697	3305
0698	1426
0699	2151
0700	1537
0701	2141
0702	2142
0703	1782
0704	2172
0705	1666
0706	1523
0707	1520
0708	1351
0709	1823
0710	1535
0711	1793
0712	1906
0713	2107
0714	1710
0715	1044
0716	1384
0717	2212
0718	1915
0719	1276
0720	1236
0721	2283
0722	1490
0723	2391
0724	1564
0725	1322
0726	3027
0727	2193
0728	1708
0729	2338
0730	1817
0731	1492
0732	1764
0733	1350
0734	1525
0735	1105
0736	1426
0737	1540
0738	1662
0739	1332
0740	2081
0741	1556
0742	964
0743	1311
0744	2736
0745	1174
0746	1043
0747	2077
0748	1352
0749	1237
0750	1126
0751	1796
0752	1376
0753	1561
0754	1286
0755	1845
0756	1648
0757	1234
0758	1537
0759	1263
0760	2638
0761	1799
0762	1051
0763	1317
0764	1405
0765	2159
0766	1338
0767	1214
0768	1608
0769	1677
0770	2108
0771	1267
0772	2816
0773	3232
0774	2185
0775	1213
0776	1259
0777	1606
0778	1855
0779	1413
0780	2060
0781	2031
0782	1129
0783	1413
0784	1217
0785	1393
0786	1108
0787	1817
0788	2344
0789	1856
0790	1400
0791	1574
0792	2452
0793	1053
0794	1297
0795	1280
0796	1817
0797	1011
0798	1892
0799	1468
0800	1982
0801	1470
0802	2583
0803	1030
0804	1044
0805	953
0806	1100
0807	1665
0808	1050
0809	2216
0810	2296
0811	2317
0812	2163
0813	2837
0814	1567
0815	1293
0816	1398
0817	1681
0818	1055
0819	2376
0820	1280
0821	1659
0822	1842
0823	1436
0824	1534
0825	1303
0826	2288
0827	2215
0828	1060
0829	1576
0830	1605
0831	2769
0832	1615
0833	3459
0834	1813
0835	1240
0836	1099
0837	2407
0838	1554
0839	1933
0840	1446
0841	1469
0842	1425
0843	1862
0844	2574
0845	956
0846	2157
0847	1396
0848	1545
0849	1006
0850	1001
0851	1243
0852	1178
0853	2054
0854	1838
0855	2212
0856	1767
0857	2130
0858	1287
0859	1090
0860	1695
0861	1482
0862	1057
0863	1905
0864	1764
0865	2850
0866	2145
0867	995
0868	1361
0869	1948
0870	2666
0871	1471
0872	2366
0873	1639
0874	1499
0875	1715
0876	1092
0877	2591
0878	1919
0879	1079
0880	1940
0881	996
0882	1518
0883	1371
0884	2061
0885	1591
0886	2195
0887	1477
0888	1208
0889	1761
0890	2390
0891	1054
0892	1561
0893	1541
0894	1180
0895	1401
0896	2124
0897	1618
0898	2409
0899	1995
0900	1463
0901	2685
0902	2524
0903	1434
0904	1444
0905	1116
0906	1603
0907	1320
0908	2225
0909	988
0910	2392
0911	2748
0912	1346
0913	1550
0914	1446
0915	1646
0916	1101
0917	1113
0918	1401
0919	1084
0920	1489
0921	2097
0922	1518
0923	995
0924	2657
0925	1541
0926	1079
0927	1312
0928	1411
0929	1370
0930	2213
0931	2562
0932	992
0933	1195
0934	1495
0935	1101
0936	1248
0937	1082
0938	1425
0939	1469
0940	1046
0941	943
0942	959
0943	1626
0944	1547
0945	1583
0946	1958
0947	1436
0948	1514
0949	2058
0950	2454
0951	1835
0952	2051
0953	1098
0954	1351
0955	1061
0956	1700
0957	944
0958	1825
0959	1704
0960	1047
0961	1669
0962	1956
0963	1031
0964	1014
0965	1951
0966	1507
0967	1733
0968	1594
0969	1817
0970	2355
0971	2259
0972	1154
0973	1065
0974	1110
0975	1543
0976	911
0977	1544
0978	1412
0979	2160
0980	1820
0981	2109
0982	3394
0983	1516
0984	2148
0985	2061
0986	1518
0987	1183
0988	1917
0989	1532
0990	2101
0991	2036
0992	1899
0993	1274
0994	1493
0995	1138
0996	1002
0997	2096
0998	1489
0999	1590
