112 149 11
112 150 10
112 151 10
92 56 11
30 169 85
41 21 14
133 53 364
143 129 42
143 130 52
82 56 37
20 169 232
31 21 13
123 53 74
102 164 117
51 141 12
51 142 11
51 143 11
133 131 415
72 56 11
21 21 11
113 53 11
10 178 13
10 179 12
10 180 11
92 165 96
92 166 84
154 61 11
154 62 11
154 63 11
154 64 12
41 157 11
62 56 10
62 57 10
62 58 10
62 59 10
62 60 10
11 21 13
62 61 10
123 149 13
103 53 10
144 57 96
52 33 32
52 34 35
154 113 24
154 114 25
154 115 26
113 149 10
31 166 52
31 167 58
93 56 11
31 168 66
31 169 75
42 21 13
134 53 332
144 129 34
83 56 36
21 169 235
32 21 14
124 53 105
103 164 97
52 137 12
52 138 11
52 139 11
52 140 11
52 141 11
134 131 417
73 56 11
22 21 11
114 53 11
11 176 19
11 177 16
11 178 14
93 164 123
93 165 109
155 64 11
155 65 11
155 66 12
155 67 13
155 68 15
155 69 19
155 70 23
155 71 29
155 72 35
155 73 40
155 74 42
155 75 40
42 148 10
42 149 10
42 150 10
42 151 10
42 152 10
42 153 10
42 154 10
42 155 11
42 156 11
42 157 11
155 76 36
155 77 31
63 56 10
155 78 26
155 79 22
155 80 18
155 81 15
12 21 12
124 149 16
104 53 10
155 82 13
155 83 12
155 84 12
155 85 11
155 86 11
155 87 11
155 88 11
155 89 11
155 90 11
145 57 87
155 91 11
155 92 11
155 93 11
155 94 12
155 95 12
155 96 13
155 97 14
155 98 15
53 34 38
53 35 41
155 99 17
155 100 18
155 101 20
155 102 21
155 103 21
155 104 21
155 105 21
155 106 21
155 107 20
155 108 20
155 109 20
155 110 20
155 111 20
155 112 20
155 113 21
114 149 10
32 165 39
32 166 45
94 56 10
43 21 13
135 53 298
145 128 26
145 129 29
84 56 34
22 169 229
33 21 14
125 53 147
104 164 77
53 135 12
53 136 11
53 137 11
135 131 404
74 56 12
23 21 11
115 53 12
12 176 22
94 164 135
43 148 10
64 56 10
13 21 12
125 149 22
105 53 10
146 57 76
54 35 44
54 36 48
84 181 10
84 182 10
84 183 10
84 184 10
84 185 10
84 186 10
84 187 10
84 188 10
84 189 10
33 163 25
33 164 29
115 149 10
33 165 34
95 56 10
44 21 13
136 53 265
146 128 23
85 56 31
23 169 218
54 116 11
34 21 15
54 118 11
54 119 11
54 120 12
54 121 12
54 122 13
54 123 14
54 124 16
54 125 17
54 126 18
54 127 19
54 128 19
54 129 18
54 130 17
54 131 15
54 132 14
54 133 13
54 134 12
54 135 11
54 117 11
105 162 39
105 163 47
105 164 62
126 53 197
136 131 372
75 56 13
24 21 11
13 174 37
13 175 30
13 176 25
116 53 13
95 164 147
44 148 10
126 135 81
126 136 65
126 137 53
126 138 45
126 139 40
126 140 37
126 141 35
126 142 34
126 143 33
65 56 10
126 144 32
126 145 31
126 146 32
126 147 33
14 21 12
126 149 36
106 53 10
126 148 34
147 57 62
55 36 51
55 37 55
85 181 10
34 161 17
34 162 19
34 163 22
4 21 18
116 149 10
96 56 10
45 21 13
137 53 238
137 54 216
147 128 21
86 56 28
55 113 10
55 114 10
55 115 10
55 116 10
35 21 15
24 169 201
127 53 253
106 161 25
106 162 30
137 131 324
76 56 14
14 170 95
14 171 80
14 172 66
25 21 12
14 173 54
14 174 44
117 53 14
96 164 157
45 148 10
127 133 150
127 134 122
127 135 99
66 56 10
107 53 10
15 21 11
15 22 12
15 23 14
15 24 17
15 25 22
15 26 27
15 27 34
15 28 42
15 29 52
15 30 62
15 31 72
15 32 81
15 33 91
15 34 101
15 35 109
15 36 116
15 37 120
15 38 122
15 39 122
15 40 118
15 41 112
15 42 102
15 43 91
86 181 10
15 44 78
15 46 53
15 47 44
15 48 36
15 49 31
15 50 27
15 51 25
15 52 22
15 53 21
15 54 19
15 55 18
15 56 17
15 57 16
15 58 15
15 45 65
56 37 57
56 38 61
35 159 13
35 160 14
35 161 15
148 57 49
117 149 10
5 21 17
97 56 10
46 21 13
138 54 191
138 55 174
56 93 12
56 94 11
56 95 11
56 96 11
56 97 11
56 98 11
56 99 11
56 100 11
56 101 11
56 102 11
56 103 11
56 104 11
56 105 11
56 106 11
56 107 11
56 108 11
56 109 11
56 110 11
56 111 11
56 112 11
56 113 10
87 56 24
25 169 181
148 128 20
36 21 15
128 53 307
107 160 17
107 161 20
138 131 267
77 56 17
15 169 133
15 170 113
26 21 12
118 53 17
97 164 164
46 148 10
128 132 217
128 133 181
67 56 10
16 21 11
108 53 10
149 57 37
87 176 14
87 177 13
87 178 12
87 179 11
87 180 11
87 181 10
57 38 63
57 39 67
16 58 16
16 59 15
36 157 12
36 158 12
36 159 12
6 21 17
118 149 10
98 55 10
98 56 10
98 57 10
98 58 11
98 59 11
98 60 13
47 21 13
98 62 20
98 63 27
98 64 37
98 65 51
98 66 69
98 67 93
57 76 11
57 77 11
57 78 11
57 79 12
57 80 12
57 81 13
57 82 13
57 83 14
57 84 14
57 85 14
57 86 14
57 87 13
57 88 13
57 89 12
57 90 12
57 91 11
57 92 11
57 93 11
98 61 15
57 67 11
57 68 11
57 69 11
57 70 11
57 71 11
57 72 11
57 73 11
57 74 11
57 75 11
47 22 13
47 23 14
98 54 10
98 53 10
139 55 156
149 126 20
149 127 19
149 128 19
88 56 20
26 169 158
37 21 15
129 53 352
108 160 15
139 131 211
78 56 21
16 169 153
27 21 12
119 53 21
98 164 166
47 145 11
47 146 11
47 147 11
47 148 10
129 131 300
129 132 257
68 56 10
17 21 11
109 53 10
88 169 32
88 170 28
88 171 25
88 172 23
88 173 21
88 174 19
88 175 17
88 176 15
150 57 28
150 58 23
58 39 69
58 40 72
58 41 74
58 42 76
58 43 77
58 44 75
58 45 70
58 46 65
58 47 58
58 48 49
58 49 41
58 50 33
58 51 27
58 52 22
58 53 19
58 54 16
58 55 14
58 56 13
58 57 13
58 58 12
58 59 12
58 60 12
7 21 16
58 61 12
58 62 12
58 63 12
58 64 12
58 66 12
58 67 11
58 65 12
119 149 10
37 157 11
48 23 14
48 24 15
99 53 10
140 55 144
140 56 131
150 126 19
89 56 16
27 169 136
109 155 11
109 156 11
38 21 15
109 157 11
109 158 12
109 159 12
109 160 13
130 53 383
140 131 161
79 56 26
17 169 177
28 21 12
120 53 27
99 164 162
48 144 12
48 145 11
130 131 340
69 56 10
18 21 11
110 53 10
89 168 41
89 169 36
151 58 19
151 59 16
38 157 11
8 21 15
59 61 11
59 62 11
59 63 11
59 64 11
59 65 11
59 66 11
120 149 11
100 53 10
49 24 15
49 25 16
141 56 123
141 57 115
151 123 26
151 124 23
151 125 21
151 126 20
90 56 14
28 169 116
110 155 11
39 21 15
131 53 395
141 131 121
80 56 31
18 169 201
29 21 13
121 53 36
100 164 151
49 144 11
131 131 375
70 56 10
19 21 11
111 53 10
90 167 54
90 168 47
152 59 14
152 60 13
39 157 11
9 21 14
60 61 11
121 149 11
101 53 10
50 25 16
50 26 17
50 27 18
142 57 108
152 117 34
152 118 35
152 119 35
152 120 34
152 121 32
152 122 30
152 123 27
111 151 11
91 56 12
111 152 10
111 153 10
111 154 10
111 155 10
40 21 14
29 169 99
132 53 387
142 130 68
142 131 91
81 56 35
19 169 221
30 21 13
122 53 51
101 164 136
50 143 12
50 144 11
132 131 401
71 56 10
20 21 11
112 53 11
9 180 11
9 181 11
91 166 72
91 167 63
9 182 10
9 183 10
9 184 10
9 185 10
9 186 10
9 187 10
9 188 11
9 189 11
9 190 11
9 191 12
9 192 14
153 60 12
153 61 12
40 157 11
102 53 10
10 21 13
61 61 11
122 149 11
143 57 102
51 27 19
51 28 21
51 29 23
51 30 24
51 31 26
51 32 28
51 33 31
153 115 29
153 116 30
153 117 32
