102 85 10
179 47 12
66 123 30
66 124 29
66 125 28
138 61 27
138 60 32
143 91 18
35 189 11
76 182 11
76 183 11
76 184 11
76 181 11
61 118 20
61 119 21
61 120 23
97 89 10
97 90 10
97 88 10
97 87 11
174 48 19
133 57 50
138 91 28
30 189 11
71 184 21
169 50 29
92 91 28
169 51 30
133 91 69
66 184 111
87 91 101
164 56 35
164 57 33
128 91 49
61 184 105
82 91 58
123 91 18
159 60 16
159 61 15
97 176 13
56 184 25
159 69 10
77 91 23
118 91 11
154 61 13
87 150 33
87 151 26
92 176 10
51 184 11
82 137 19
82 138 22
72 91 12
82 139 25
113 85 10
82 140 30
154 84 12
154 85 12
154 86 12
149 61 12
46 184 10
87 176 10
77 134 24
67 91 10
108 85 10
185 47 10
144 61 13
149 87 16
41 184 10
82 176 10
149 88 16
72 134 34
62 87 10
103 85 10
180 47 11
67 125 29
67 126 28
139 61 23
144 90 18
36 187 10
36 188 10
36 189 10
77 181 11
144 91 17
98 86 11
98 87 10
62 120 24
175 48 18
134 58 45
134 57 48
139 91 24
31 189 11
72 184 17
170 50 28
93 91 19
134 91 60
67 184 83
88 91 96
165 54 39
165 55 38
165 56 37
129 91 59
62 184 127
83 91 69
124 91 21
160 60 18
160 61 16
160 62 15
160 63 14
98 176 15
57 184 34
160 64 13
160 65 12
160 66 12
160 67 11
160 68 11
160 69 10
78 91 27
119 91 11
155 61 13
88 151 21
88 152 18
88 153 15
93 176 10
52 184 11
73 91 13
83 140 35
114 85 10
83 141 42
83 142 51
83 143 60
83 144 70
83 145 79
155 81 11
155 82 11
155 83 11
155 84 11
150 61 12
47 184 10
88 176 10
78 134 21
68 91 10
109 85 10
186 47 10
145 61 13
150 87 16
42 184 10
83 176 10
73 134 33
63 87 10
104 85 10
181 47 11
140 61 20
68 126 29
68 127 28
68 128 29
78 177 11
37 186 11
37 187 10
78 180 10
78 181 10
78 179 10
78 178 10
145 89 18
145 90 17
99 85 11
99 86 10
63 120 27
63 121 28
63 122 29
176 48 16
135 59 42
135 58 44
140 91 22
32 189 11
73 184 14
171 49 26
171 50 27
94 91 14
135 91 50
68 184 59
89 91 81
166 53 37
166 54 38
130 91 69
63 184 142
84 91 80
161 58 24
161 59 21
161 60 19
125 91 26
99 176 19
58 184 46
79 91 33
120 91 12
156 61 13
94 176 11
89 153 13
53 184 12
74 91 15
115 85 10
84 145 84
84 146 85
84 147 85
156 81 11
151 61 12
48 184 10
89 176 10
79 134 19
69 91 10
110 85 10
146 61 12
151 87 15
43 184 10
84 176 10
74 134 32
64 87 10
64 88 10
64 89 10
64 90 10
64 91 10
131 4 16
105 85 10
131 6 25
182 47 11
131 8 45
131 9 61
131 10 77
131 11 92
131 12 104
141 61 18
131 14 104
131 15 92
69 128 30
79 177 10
38 186 10
79 176 10
146 88 17
146 89 17
131 22 18
131 23 17
131 24 16
131 25 15
131 26 15
131 27 15
131 28 16
100 85 10
131 30 20
177 47 13
177 48 14
131 33 28
64 122 29
64 123 29
136 60 38
136 59 41
131 38 46
131 39 52
131 40 59
131 41 66
131 42 76
141 91 20
131 44 104
33 189 11
131 45 123
131 43 88
74 184 13
131 37 41
131 36 37
131 35 34
131 34 31
131 32 25
131 31 22
131 29 18
131 21 21
172 49 24
131 20 26
95 91 12
131 19 34
131 18 45
131 17 59
131 16 76
131 13 108
131 7 33
131 5 20
136 91 41
69 184 40
90 91 61
167 52 34
167 53 36
131 91 74
64 184 145
85 91 91
162 58 25
126 91 32
59 184 62
80 91 40
121 91 14
157 61 13
95 176 11
90 153 12
90 154 12
90 155 11
90 156 11
90 157 11
54 184 15
157 69 10
157 70 10
157 71 10
157 72 10
75 91 17
157 73 10
116 85 10
157 74 10
157 75 10
157 76 10
157 77 10
157 78 10
85 147 79
85 148 70
85 149 61
157 79 10
157 80 10
49 184 10
90 176 10
157 81 10
152 61 12
80 134 18
80 135 17
80 136 18
70 91 11
111 85 10
147 61 12
152 86 14
152 87 14
44 184 10
85 176 10
75 134 30
65 91 10
106 85 10
183 47 10
142 61 16
70 128 31
70 129 31
70 130 32
70 131 35
70 132 37
70 133 39
70 134 40
60 87 10
60 88 10
60 89 10
60 90 10
60 91 10
60 92 10
60 93 10
60 94 10
60 95 10
60 96 10
60 97 10
60 98 10
65 123 29
60 100 10
60 101 10
60 102 11
60 103 11
60 104 12
60 105 13
60 106 13
60 107 14
60 108 14
60 109 14
60 110 15
60 111 15
60 112 16
60 113 16
60 114 16
60 115 16
60 116 16
60 117 16
60 118 17
60 99 10
101 85 10
34 189 11
96 90 11
96 91 11
39 186 10
39 185 11
75 184 12
80 176 10
178 47 12
173 48 22
173 49 23
147 88 17
142 91 19
137 91 34
137 60 35
132 57 56
70 184 28
132 56 63
132 55 75
132 54 94
132 53 117
132 52 141
132 51 163
132 50 178
132 49 185
132 48 182
132 47 172
91 91 42
168 51 31
168 52 32
132 46 158
132 45 141
132 91 74
65 184 134
86 91 99
163 57 30
163 58 28
127 91 39
60 184 82
81 91 48
122 91 15
158 61 14
96 176 12
55 184 18
91 157 10
91 158 10
91 159 10
91 160 10
91 161 10
91 162 10
76 91 20
91 163 10
91 164 10
91 165 10
91 166 10
91 167 10
91 168 10
91 169 10
91 170 10
91 171 10
86 149 50
86 150 41
91 172 10
91 173 10
91 174 10
91 175 10
91 176 10
50 184 11
158 69 10
117 91 10
117 90 10
81 136 17
81 137 18
117 89 10
71 91 11
117 88 10
112 85 10
117 87 10
117 86 10
117 85 10
153 61 12
148 61 12
153 86 13
45 184 10
86 176 10
76 134 27
66 91 10
107 85 10
184 47 10
143 61 15
40 184 11
40 185 10
81 176 10
148 88 17
71 134 37
61 87 10
