30 144 163
30 145 186
107 92 78
81 139 12
81 188 10
35 140 74
71 142 10
40 140 97
45 140 59
50 140 33
76 170 11
76 171 10
102 92 34
122 188 10
76 142 11
56 59 11
56 60 10
86 188 10
30 142 128
51 59 10
163 188 134
30 143 143
25 146 278
66 140 11
46 45 11
46 46 10
46 47 10
46 48 10
46 49 10
46 50 10
46 51 10
46 52 10
46 53 10
46 54 10
46 55 10
97 92 17
76 188 10
117 188 10
158 188 131
41 40 10
20 146 142
20 147 128
61 140 11
92 92 12
112 188 10
153 188 150
15 148 128
56 140 15
87 88 10
107 188 10
148 188 73
10 148 79
51 140 31
184 166 17
82 88 10
102 188 10
143 188 46
46 140 49
72 61 10
5 150 30
5 151 27
77 88 10
97 188 10
179 172 19
138 188 45
41 140 97
67 61 10
92 188 10
82 142 11
174 175 30
82 144 10
82 145 10
82 146 10
82 147 10
82 148 10
82 149 10
82 150 10
82 151 10
82 152 10
82 153 10
82 154 10
82 155 10
82 156 10
82 157 10
82 158 10
82 159 11
82 160 11
82 161 11
82 162 11
82 163 11
82 164 10
62 61 10
113 92 193
77 130 11
77 131 12
36 140 75
77 142 11
87 188 10
108 92 92
128 188 18
133 188 50
169 183 75
169 184 81
169 185 85
169 186 88
169 187 92
57 60 10
31 141 99
31 142 109
169 188 97
169 182 67
169 181 58
169 180 49
169 179 42
82 188 10
169 178 38
72 142 10
169 177 37
77 169 11
77 170 10
103 92 40
123 188 10
52 59 10
164 188 143
26 146 277
67 140 11
77 188 10
98 92 19
118 188 10
47 55 11
47 56 10
159 188 123
42 40 10
42 41 10
42 42 10
42 43 10
21 146 165
62 140 11
93 92 13
113 188 10
154 188 157
16 148 120
57 140 14
88 88 10
108 188 10
149 188 87
11 148 98
52 140 28
185 166 17
83 88 10
103 188 10
144 188 46
47 140 42
73 61 10
6 150 35
6 149 38
78 88 10
180 170 18
180 171 18
98 188 10
180 172 18
139 188 45
42 140 92
68 61 10
93 188 10
83 142 11
175 175 28
83 144 10
175 174 27
134 188 53
78 131 11
78 132 12
63 61 10
37 140 80
88 188 10
78 142 11
170 176 34
170 177 34
109 92 107
129 188 22
58 60 10
32 141 88
32 140 83
83 188 10
73 142 10
78 168 11
78 169 10
104 92 47
124 188 11
53 59 10
165 188 145
27 146 264
68 140 10
68 141 10
68 142 10
78 188 10
99 92 21
119 188 10
48 56 11
48 57 10
160 188 119
22 146 198
43 43 11
43 44 10
63 140 11
94 92 13
114 188 10
155 188 157
17 148 113
58 140 12
89 88 10
89 89 11
89 90 11
89 91 11
109 188 10
150 188 104
12 148 116
53 140 25
186 166 18
84 88 10
104 188 10
145 188 48
7 148 47
74 61 10
7 149 43
48 140 38
79 88 10
181 169 17
181 170 17
181 168 17
99 188 10
181 167 18
140 188 46
43 140 82
69 61 10
94 188 10
84 142 11
84 143 11
84 144 10
176 174 25
135 188 52
79 132 11
64 61 10
79 133 12
38 140 86
89 188 10
79 142 11
171 176 33
110 92 125
130 188 28
59 60 11
59 61 10
33 140 77
84 188 10
79 166 11
79 167 10
79 168 10
74 142 10
105 92 56
125 188 12
54 59 10
166 188 139
28 146 245
79 188 10
69 142 10
100 92 25
120 188 10
49 57 11
49 58 10
161 188 120
23 146 234
44 44 11
44 45 10
64 140 11
95 92 14
115 188 10
156 188 151
18 148 110
59 140 12
90 91 11
90 92 12
110 188 10
151 188 120
13 148 128
54 140 21
187 166 18
187 165 19
85 88 10
105 188 10
146 188 53
8 148 53
75 61 10
49 140 35
182 167 17
80 88 10
182 166 18
100 188 10
141 188 47
44 140 70
70 61 10
95 188 10
177 173 22
85 142 11
177 174 23
136 188 49
39 140 93
65 61 10
80 133 11
80 134 12
90 188 10
80 142 11
172 175 33
172 176 33
111 92 145
131 188 35
34 140 75
60 61 10
85 188 10
80 165 11
80 166 10
75 142 10
106 92 66
126 188 13
55 59 10
167 188 126
29 145 205
29 146 228
80 188 10
70 142 10
75 171 11
75 172 10
75 173 10
75 174 10
75 175 10
75 176 10
75 177 10
75 178 10
75 179 10
75 180 10
75 181 10
75 182 10
75 183 10
75 184 10
75 185 10
75 186 10
75 187 10
75 188 10
50 59 10
50 58 11
45 45 10
101 92 29
24 146 263
65 140 11
121 188 10
96 92 15
116 188 10
162 188 125
157 188 141
40 40 10
19 147 116
19 148 113
60 140 11
91 92 12
111 188 10
152 188 136
14 148 132
55 140 18
188 165 19
86 88 10
106 188 10
147 188 61
9 148 64
76 61 10
183 166 17
76 62 10
76 63 10
76 64 10
76 65 10
76 66 10
101 188 10
76 67 10
76 68 10
76 69 10
76 70 10
76 71 10
76 72 10
76 73 10
142 188 47
76 74 10
76 75 10
76 76 10
76 77 10
76 78 10
76 79 10
76 80 10
76 81 10
76 82 10
76 83 10
76 84 10
71 61 10
76 85 10
4 151 24
76 86 10
96 188 10
178 173 21
178 172 20
76 87 10
76 88 10
81 88 10
76 89 10
76 90 10
137 188 46
86 142 11
76 91 10
76 92 10
76 93 10
76 94 10
76 95 11
76 96 11
76 97 11
76 98 11
76 99 11
76 100 11
76 101 11
76 102 11
76 103 11
76 104 12
91 188 10
66 61 10
76 105 12
173 175 32
76 106 12
76 107 13
76 108 13
76 109 12
132 188 43
76 110 12
81 140 12
81 141 11
81 142 11
76 111 12
76 112 11
76 113 11
76 114 11
76 115 12
112 92 167
76 116 12
76 117 13
76 118 13
76 119 14
76 120 14
76 121 13
76 122 13
76 123 12
61 61 10
76 124 12
76 125 11
76 126 11
76 127 11
127 188 15
76 128 11
76 129 11
81 164 11
81 165 10
76 130 12
81 134 11
81 135 12
168 188 111
81 136 12
81 137 12
81 138 12
