112 128 26
112 129 29
112 130 30
51 43 10
112 131 29
112 132 28
112 133 27
71 146 10
143 84 10
143 89 10
184 85 13
41 14 19
133 45 92
133 46 99
123 18 10
123 19 11
143 118 55
61 146 61
31 5 22
102 142 14
133 89 10
174 86 10
174 87 10
174 88 10
174 89 10
174 90 10
174 91 10
174 92 10
133 116 19
51 146 13
21 5 12
92 142 10
164 86 10
164 89 11
123 106 11
123 107 10
123 108 10
123 109 10
123 110 10
123 116 10
11 5 66
82 146 10
154 84 13
154 89 21
52 19 10
113 113 11
113 114 10
113 115 10
113 116 10
52 43 10
1 7 16
1 8 16
1 9 16
1 10 16
1 11 15
1 12 14
1 13 12
1 14 11
1 15 11
1 16 10
1 17 10
1 18 10
72 146 10
144 84 10
144 89 10
42 14 16
42 15 13
42 16 12
42 17 11
185 83 13
185 84 12
185 85 12
134 46 103
124 19 10
124 20 11
144 118 40
62 146 59
32 5 25
103 142 14
134 89 10
175 86 10
134 116 21
52 146 14
22 5 12
93 142 10
165 86 10
165 89 11
124 103 11
124 104 10
124 105 10
124 106 10
124 116 11
12 5 72
83 146 10
155 84 12
155 89 19
53 19 11
53 20 10
114 113 10
114 116 10
53 43 10
2 7 16
73 146 10
145 84 10
145 89 10
186 83 12
135 46 101
43 17 11
125 20 10
125 21 11
145 118 29
63 146 49
33 5 30
33 6 39
33 7 50
33 8 61
33 9 70
33 10 79
33 11 88
104 142 13
135 89 10
176 86 10
135 116 24
53 146 15
23 5 12
94 142 11
166 86 10
166 89 11
125 102 11
125 103 10
125 116 11
43 138 99
13 5 72
84 146 10
84 147 10
84 148 10
84 149 10
84 150 10
84 151 10
84 152 10
84 153 10
84 154 10
84 155 11
84 156 11
84 157 11
84 158 12
84 159 12
84 160 12
84 161 13
84 162 13
84 163 14
54 20 11
54 21 10
54 22 10
54 23 10
54 24 10
54 25 10
54 26 10
54 27 10
54 28 10
54 29 10
54 30 10
54 31 10
54 32 10
54 33 10
54 34 10
54 35 10
54 36 10
54 37 10
54 38 10
54 39 10
54 40 10
54 41 10
54 42 10
54 43 10
156 89 17
3 5 19
3 6 17
3 7 16
156 84 11
115 113 10
115 116 10
74 146 10
146 84 11
146 89 11
187 83 12
136 46 92
44 17 11
126 21 10
146 118 21
126 22 10
126 23 11
64 146 37
105 142 13
136 89 10
34 11 101
34 12 105
177 86 10
136 116 30
54 146 16
24 5 12
95 142 11
167 86 10
167 89 11
126 101 11
126 102 10
126 116 13
44 138 77
44 139 62
44 140 47
44 141 33
44 142 23
44 143 17
14 5 64
157 84 11
157 89 15
85 163 16
116 113 10
116 116 10
55 43 11
4 5 21
75 146 10
147 84 12
147 89 12
188 83 12
137 46 79
137 47 64
137 48 53
45 17 11
137 49 42
137 50 31
137 51 23
137 52 17
137 53 14
137 54 12
137 55 11
137 56 11
137 57 11
137 58 11
137 59 11
137 60 11
137 61 12
137 62 13
137 63 14
137 64 15
137 65 15
137 66 14
137 67 13
137 68 12
147 118 16
147 119 13
147 120 12
147 121 12
147 122 13
147 123 16
127 23 10
127 24 10
127 25 10
127 26 11
137 69 12
137 70 11
65 146 26
137 71 11
106 140 12
106 141 12
106 142 12
137 72 11
137 73 11
137 89 10
137 74 11
137 75 11
35 12 112
35 13 105
178 85 11
178 86 10
137 76 11
137 77 10
137 78 10
137 79 10
137 80 10
117 5 10
117 6 10
117 7 10
117 8 10
117 9 10
117 10 10
117 11 10
117 12 10
117 13 10
117 14 10
117 15 11
137 81 10
137 82 10
137 83 10
137 84 10
137 116 41
137 117 58
55 146 19
25 5 13
96 142 11
168 86 10
168 89 11
127 101 10
127 116 14
45 143 14
45 144 13
45 145 12
45 146 11
15 5 49
86 142 10
86 143 10
86 144 10
86 145 10
86 146 10
86 147 10
86 148 10
86 149 10
86 150 11
86 151 11
86 152 11
86 153 11
86 154 11
86 155 11
86 156 12
86 157 13
86 158 14
86 159 15
86 160 16
86 161 17
86 162 19
86 163 21
158 89 13
158 84 10
158 85 10
158 86 10
117 113 10
117 116 10
189 63 13
56 43 11
5 5 25
76 146 10
148 84 13
148 89 14
189 82 12
189 83 11
46 17 11
128 26 10
107 136 14
107 137 13
107 138 13
107 139 13
107 140 12
66 146 19
138 84 10
138 89 10
36 13 97
179 85 11
118 15 10
118 16 11
138 117 74
138 118 91
56 146 23
26 5 14
97 142 12
169 86 10
169 89 11
128 100 11
128 101 10
128 116 16
46 146 12
16 5 35
87 142 10
159 86 10
159 89 12
118 113 10
118 116 10
190 63 13
190 64 15
190 65 20
190 66 29
57 43 14
190 67 41
6 5 31
190 68 58
190 69 76
190 70 88
190 71 89
190 72 78
190 73 61
190 74 44
190 75 31
190 76 23
190 77 18
190 78 15
190 79 13
190 80 12
190 81 11
190 82 11
77 146 10
149 89 18
149 84 15
47 17 11
129 26 10
108 135 16
108 136 15
67 146 15
139 84 10
139 89 10
37 13 84
37 14 66
180 85 11
47 66 14
47 67 14
47 68 13
47 69 13
47 70 14
47 71 15
47 72 16
47 73 18
119 16 10
139 118 98
57 146 27
27 5 16
98 142 13
170 86 11
170 89 11
129 99 11
129 100 10
129 116 17
47 146 12
17 5 24
88 142 10
160 86 10
160 89 12
119 113 10
119 116 10
7 5 39
78 146 10
150 84 16
150 89 21
48 17 11
130 26 10
109 134 20
109 135 18
68 146 12
140 84 10
140 89 10
181 85 12
38 14 49
48 65 16
48 66 15
120 16 10
120 17 11
140 118 99
58 146 36
28 5 17
99 142 14
171 86 11
171 89 11
130 97 11
130 98 10
130 99 10
130 116 17
48 146 12
18 5 18
89 142 10
161 86 10
161 89 12
120 113 10
120 116 10
8 5 47
79 146 10
151 84 15
151 89 23
49 17 11
131 26 10
110 134 22
69 146 11
141 84 10
141 89 10
182 85 12
39 14 35
49 65 16
121 17 10
141 118 91
59 146 46
29 5 18
100 142 15
131 89 10
131 90 10
131 91 10
131 92 10
131 93 10
131 94 10
131 95 10
131 96 10
172 89 10
131 97 10
172 86 10
172 87 10
172 88 10
172 90 10
172 91 10
172 92 10
131 116 17
49 146 12
19 5 15
90 142 10
162 86 10
162 89 11
121 112 11
121 113 10
121 116 10
9 5 52
80 146 10
152 84 14
152 89 23
50 17 11
132 26 10
50 43 10
50 44 10
50 45 10
50 46 10
50 47 10
50 48 10
50 49 10
50 50 10
50 51 10
50 52 10
50 53 10
50 54 10
50 55 11
50 56 11
50 57 11
50 58 13
50 59 14
50 60 17
50 61 18
50 62 19
50 63 18
50 64 17
50 65 17
40 14 25
132 27 11
132 28 12
111 133 25
111 134 24
132 29 14
132 30 21
132 31 34
70 146 11
132 32 55
132 33 78
132 34 95
132 35 102
132 36 101
132 37 89
142 89 10
132 38 74
132 39 62
132 40 55
183 85 13
132 41 53
132 42 57
132 43 65
132 44 74
132 45 83
122 17 10
122 18 11
142 118 74
142 84 10
60 146 56
30 5 20
101 142 15
132 89 10
173 89 10
173 92 10
132 116 18
50 146 13
20 5 13
91 142 10
163 86 10
163 89 11
122 110 11
122 111 10
122 112 10
122 116 10
10 5 58
81 146 10
153 84 13
153 89 22
51 17 11
51 18 11
51 19 10
112 116 11
112 117 10
112 118 10
112 119 10
112 120 10
112 121 10
112 122 11
112 123 12
112 124 13
112 125 16
112 126 20
112 127 24
