133 32 35
41 12 11
20 129 224
82 26 14
61 132 19
123 21 40
123 22 41
123 23 42
123 24 43
123 25 44
123 26 45
123 27 46
123 28 48
123 29 50
194 166 17
123 30 53
123 31 55
123 32 56
31 9 10
10 127 49
164 50 111
0 83 51
0 84 49
0 85 50
0 86 53
0 87 57
0 88 61
0 89 66
0 90 71
0 91 75
113 20 59
51 132 16
0 94 71
92 127 12
0 96 55
0 97 47
0 98 41
0 99 37
0 100 34
0 101 32
72 38 13
72 39 12
72 40 12
72 41 12
0 106 37
0 107 38
0 108 38
0 109 37
0 110 34
0 111 31
0 112 28
21 9 11
0 114 23
0 115 21
0 116 21
0 117 21
0 118 22
0 119 24
0 120 27
0 121 31
0 122 36
0 123 41
92 156 10
92 157 10
92 158 10
92 159 10
184 192 12
92 160 11
92 161 11
92 162 11
92 163 12
92 164 13
92 165 14
92 166 16
92 167 18
92 168 21
92 169 24
92 170 25
92 171 25
92 172 24
92 173 23
92 174 23
82 127 10
92 176 23
92 177 24
92 178 27
92 179 32
92 180 40
92 181 52
92 182 69
92 175 23
62 21 10
103 20 43
154 44 16
72 71 102
72 72 94
41 130 43
0 127 51
0 126 49
144 32 29
0 125 47
0 124 45
0 113 25
0 105 35
0 104 33
0 103 32
0 102 31
0 95 63
0 93 76
0 92 77
82 156 11
52 12 10
31 129 80
93 20 34
72 130 11
72 132 11
134 32 38
42 12 11
21 129 264
83 26 15
62 132 17
195 166 17
124 32 40
32 9 10
11 127 47
165 50 100
1 83 55
114 20 64
52 132 17
93 127 12
73 38 12
22 9 11
185 184 13
185 185 13
185 186 13
185 187 13
185 188 13
185 189 13
185 190 13
185 191 13
185 192 12
155 44 16
1 127 59
63 21 11
63 22 10
63 23 10
73 72 90
73 73 88
73 74 93
73 75 105
104 20 39
73 76 121
73 77 135
83 127 10
73 78 141
73 79 138
73 80 126
73 81 109
73 82 93
73 83 79
73 84 69
73 85 64
73 86 62
73 87 64
73 88 68
73 89 73
73 90 77
73 91 81
73 92 81
73 93 77
145 32 29
145 33 29
145 34 29
145 35 28
145 36 26
145 37 24
145 38 22
145 39 20
145 40 19
73 94 69
73 95 58
73 96 47
83 156 11
53 12 10
73 97 37
73 98 30
73 99 25
73 100 22
73 101 20
73 102 18
73 103 16
73 104 15
73 105 14
73 106 14
73 107 13
73 108 14
73 109 14
73 110 14
94 20 36
73 111 15
73 112 15
73 113 16
73 114 16
73 129 10
73 130 10
73 115 17
73 132 11
73 116 17
73 117 18
73 118 18
73 119 17
73 120 16
73 121 14
73 122 13
73 123 12
73 124 11
73 125 11
73 126 11
135 32 40
73 127 11
73 128 11
42 130 36
32 129 67
43 12 11
22 129 302
84 26 15
63 132 15
125 32 32
33 9 10
12 127 48
12 128 51
166 50 90
166 51 82
2 83 60
115 20 66
53 132 18
74 30 15
74 31 14
74 32 14
74 33 14
74 34 13
74 35 13
74 36 13
74 37 13
74 38 12
94 127 13
23 9 11
186 180 12
186 181 12
186 182 12
186 183 12
186 184 12
156 44 16
156 45 17
2 127 66
64 23 11
64 24 10
64 25 10
64 26 10
64 27 10
64 28 10
64 29 10
64 30 11
84 127 10
64 32 12
64 33 13
64 34 16
64 35 18
64 36 21
64 37 22
64 38 23
64 39 23
64 40 22
64 41 21
64 42 19
64 43 17
64 44 16
64 45 15
64 31 11
105 20 36
64 46 15
64 47 16
64 48 17
64 49 18
64 50 21
64 51 24
64 52 27
64 53 31
146 40 19
64 54 35
64 55 39
64 56 44
84 156 11
54 13 10
54 12 11
64 57 50
64 58 57
43 130 30
33 129 58
33 130 53
95 20 39
74 129 10
74 132 10
74 133 11
136 32 42
44 12 11
23 129 325
85 26 17
64 132 14
126 32 27
34 9 10
13 128 56
13 129 65
3 82 74
167 51 75
167 52 69
3 83 67
116 20 63
54 132 20
75 30 15
95 127 14
24 9 11
187 180 12
157 45 19
157 46 22
157 47 27
157 48 34
157 49 43
157 50 54
3 127 71
44 130 24
106 20 34
85 127 10
65 45 15
147 40 19
65 58 65
85 156 11
55 13 11
55 14 10
34 130 49
96 20 43
75 129 10
75 133 10
75 134 10
75 135 11
137 32 42
45 12 10
24 129 324
86 26 19
65 131 13
65 132 13
127 32 26
35 9 11
35 10 10
35 11 10
35 12 10
14 129 75
4 82 84
4 81 97
168 52 65
117 20 57
76 29 16
76 30 15
96 127 15
55 132 20
188 167 16
188 168 16
188 169 16
188 170 16
188 171 16
188 172 15
188 173 14
188 174 14
188 175 13
188 176 12
188 177 12
188 178 12
188 179 11
188 180 11
25 9 11
4 127 73
158 50 67
45 130 20
107 20 33
86 127 10
66 42 15
66 43 14
66 44 14
66 45 14
148 40 20
148 41 19
66 58 71
86 156 11
56 14 11
56 15 10
56 16 10
35 130 48
97 20 47
76 129 10
76 135 10
76 136 10
76 137 11
76 138 11
76 139 11
76 140 11
76 141 12
76 142 12
76 143 13
138 32 40
76 144 14
76 145 15
76 146 16
76 147 16
76 148 16
76 149 16
76 150 16
76 151 16
76 152 16
76 153 16
76 154 16
46 12 10
76 155 16
76 156 16
25 129 298
87 20 21
87 21 23
87 22 25
87 23 26
87 24 25
87 25 24
66 130 12
66 131 12
66 132 13
87 26 22
128 32 26
36 12 11
15 129 90
5 81 109
169 52 64
169 53 63
169 54 68
169 55 79
169 56 96
169 57 120
169 58 149
118 20 50
77 29 15
56 132 21
97 127 15
189 166 15
189 167 15
26 9 11
5 127 72
159 50 85
46 130 18
108 20 33
87 127 10
67 42 14
149 41 20
149 42 19
67 58 72
87 156 11
57 16 11
57 17 10
36 130 49
98 20 50
77 129 10
139 32 37
77 156 14
47 12 10
26 129 253
88 20 23
67 130 12
67 132 12
129 32 27
37 12 11
16 129 110
119 20 43
78 29 15
57 132 21
98 127 16
190 166 15
27 9 11
6 127 69
160 50 103
47 130 16
109 20 35
88 127 10
68 42 14
150 42 19
150 43 18
88 156 11
68 58 70
58 17 11
37 130 51
99 20 51
78 128 11
78 129 10
140 32 35
78 156 13
48 12 10
27 129 202
89 20 25
68 130 11
68 132 12
130 32 28
38 12 11
17 129 134
79 27 15
79 28 14
79 29 14
120 20 39
58 132 21
191 166 15
28 9 11
7 127 65
161 50 117
48 130 16
110 20 39
89 127 10
69 41 14
69 42 13
69 58 69
151 43 18
89 156 10
69 59 67
59 17 11
38 130 52
100 20 51
79 128 10
141 32 32
79 156 12
49 12 10
28 129 157
90 20 27
69 130 11
69 132 12
131 32 30
39 12 11
18 129 160
80 26 15
80 27 14
121 20 36
59 132 21
192 166 15
121 32 126
29 9 11
8 127 59
162 50 124
49 130 15
111 20 44
90 127 11
70 41 13
19 9 11
152 43 17
90 156 10
70 59 65
70 60 66
60 17 11
39 130 52
101 20 49
80 127 11
80 128 10
142 32 31
80 156 12
50 12 10
29 129 122
91 20 29
70 130 11
70 132 12
132 32 32
40 12 11
19 129 189
81 26 14
122 20 37
122 21 37
60 132 20
193 166 16
122 32 84
30 9 10
9 127 53
163 50 121
50 130 15
50 131 15
112 20 51
50 132 15
91 127 11
71 41 13
20 9 11
153 43 17
91 156 10
153 44 16
71 60 67
71 61 73
183 192 12
183 193 12
183 194 12
71 62 87
61 17 11
61 18 11
61 19 11
61 20 11
61 21 10
71 63 108
71 64 132
71 65 154
71 66 166
71 67 166
71 68 155
102 20 46
71 69 139
71 70 123
81 127 10
71 71 111
40 130 49
143 32 29
81 156 12
51 12 10
30 129 98
92 20 32
71 130 11
71 132 11
