163 177 13
163 178 12
163 179 12
163 180 12
51 59 38
102 102 154
122 199 34
174 41 12
30 180 22
20 133 12
20 134 12
20 135 12
20 136 12
20 137 11
20 138 11
20 139 11
20 140 11
30 181 24
61 125 11
61 124 12
133 73 80
133 74 71
133 75 63
133 76 56
133 77 49
133 78 43
133 79 38
133 80 33
133 81 30
133 82 27
133 83 24
133 84 22
133 85 20
133 86 18
133 87 16
133 88 15
41 58 102
92 102 340
153 190 95
153 191 108
164 41 53
112 199 14
51 128 10
31 48 184
31 49 187
184 177 21
123 90 13
123 91 12
123 92 12
184 178 29
82 102 39
102 197 15
154 41 48
143 199 411
41 131 11
174 177 19
72 102 16
144 41 85
62 59 12
113 101 29
133 199 560
31 133 12
164 177 12
52 59 30
175 37 12
103 102 111
175 38 11
175 39 11
175 40 11
175 41 11
123 199 40
62 123 12
62 124 11
31 181 26
21 133 12
21 140 10
21 141 10
21 142 10
21 143 10
21 144 10
21 145 10
21 146 11
134 73 66
42 58 98
42 59 96
93 102 420
154 190 80
113 199 15
165 41 52
52 128 10
32 49 190
32 50 191
124 90 12
103 197 14
83 102 42
155 41 44
144 199 359
42 131 11
175 177 20
73 102 18
145 41 93
63 59 12
114 100 28
114 101 28
134 199 638
32 133 12
165 177 12
176 32 16
176 33 15
63 106 11
63 107 11
63 108 11
63 109 11
63 110 11
63 111 11
63 112 12
63 113 12
63 114 12
63 115 12
63 116 12
63 117 12
63 118 12
63 119 12
63 120 12
63 121 12
63 122 11
63 123 11
104 102 81
32 181 29
22 133 12
53 59 24
176 34 13
176 35 12
176 36 11
176 37 11
124 199 49
135 73 55
22 146 10
22 147 10
22 148 11
22 149 11
22 150 12
22 151 12
22 152 13
22 153 13
22 154 13
22 155 14
22 156 14
22 157 13
22 158 13
22 159 12
22 160 12
22 161 12
22 162 11
22 163 11
22 164 11
22 165 11
22 166 12
22 167 12
22 168 12
22 169 13
22 170 13
22 171 14
22 172 14
22 173 15
22 174 15
22 175 16
94 102 482
43 59 93
166 41 47
155 189 58
155 190 68
114 199 17
53 128 10
33 50 192
33 51 193
125 90 13
104 197 13
84 102 45
104 198 12
104 199 11
156 41 41
145 199 318
43 131 11
176 177 20
74 102 19
146 41 98
64 59 12
115 100 27
135 199 686
33 131 12
33 132 11
33 133 11
166 177 12
136 41 52
64 106 11
54 59 20
136 42 61
136 43 70
105 102 66
136 44 78
136 45 85
136 46 92
136 47 98
136 48 106
136 49 116
136 50 130
136 51 149
136 52 174
136 53 202
136 54 233
136 55 267
136 56 305
136 57 342
23 133 12
136 58 372
136 59 389
136 60 387
136 61 365
136 62 326
136 63 278
136 64 227
136 65 181
136 66 143
136 67 113
136 68 89
136 69 72
136 70 61
136 71 54
136 72 50
136 73 48
125 199 63
44 59 91
156 188 43
156 189 49
95 102 512
115 199 19
167 41 41
23 175 16
23 176 17
54 128 10
34 51 193
34 52 194
126 90 13
85 102 50
105 199 11
157 41 39
24 21 18
24 22 18
24 23 18
24 24 17
24 25 16
24 26 16
24 27 15
24 28 14
24 29 14
24 30 13
24 31 13
146 199 290
44 131 11
177 177 20
75 102 21
147 41 99
116 99 26
116 100 26
65 59 11
136 199 701
34 131 11
167 177 12
65 105 12
65 106 11
55 59 17
137 41 53
106 102 56
126 199 83
24 133 12
45 59 89
157 187 33
157 188 37
96 102 503
116 199 21
168 41 34
24 176 17
55 126 11
55 127 11
55 128 10
35 52 192
35 53 191
127 90 14
86 102 59
106 199 11
158 41 38
147 198 274
147 199 276
25 31 14
45 128 11
45 129 10
45 130 10
45 131 10
178 177 20
76 102 24
148 41 95
117 99 24
66 59 11
137 199 689
35 131 11
168 177 13
66 105 12
138 41 55
56 59 15
107 102 47
127 199 110
25 133 12
158 186 26
46 59 85
158 187 28
97 102 464
117 199 23
169 41 27
25 176 17
25 177 18
25 178 19
56 126 11
36 53 188
36 54 181
36 55 174
128 90 14
87 102 73
107 199 11
159 41 39
148 197 260
148 198 264
26 31 14
46 128 10
179 177 19
77 102 26
118 97 21
118 98 22
118 99 23
67 60 11
67 61 11
67 62 11
67 63 12
67 64 12
67 65 13
67 66 15
67 67 17
67 68 21
67 69 25
67 70 29
67 71 32
67 72 34
67 73 35
67 74 35
36 131 11
67 76 33
67 77 33
67 78 34
67 79 36
67 80 40
67 81 45
67 82 50
67 83 55
67 84 57
67 85 56
67 86 53
67 87 49
67 88 43
67 75 34
67 59 11
149 41 87
138 199 657
169 177 13
67 104 13
67 105 12
139 41 58
57 59 14
108 102 40
128 199 148
26 133 12
159 184 19
159 185 21
159 186 23
47 59 78
98 102 410
118 199 25
170 41 22
26 178 18
16 133 18
57 126 11
37 55 163
37 56 152
129 90 15
88 102 97
108 199 11
160 41 42
149 196 245
149 197 253
27 31 15
47 128 10
27 33 17
27 32 16
180 177 19
78 102 29
119 96 18
119 97 20
150 41 77
139 199 616
37 131 11
68 88 42
170 177 14
68 103 14
68 104 13
140 41 61
58 59 13
109 102 35
129 199 201
27 133 12
160 183 16
160 184 17
48 59 69
99 102 348
119 199 26
171 41 18
27 178 18
27 179 19
17 133 15
58 126 11
38 56 142
38 57 132
130 90 15
89 102 134
109 199 11
161 41 45
150 193 195
150 194 209
150 195 223
150 196 237
48 128 10
28 33 20
28 34 23
28 35 27
28 36 33
28 37 41
28 38 51
28 39 63
28 40 78
28 41 94
28 42 109
28 43 123
28 44 134
28 45 143
28 46 153
181 177 19
79 102 31
120 95 16
120 96 17
120 94 15
151 41 67
140 199 571
38 131 11
69 88 41
171 177 15
69 102 15
69 103 14
141 41 64
59 59 12
110 101 32
110 102 33
130 199 273
28 133 12
161 181 14
161 182 14
161 183 15
49 59 58
100 102 279
120 199 28
172 41 15
28 179 19
28 180 20
18 133 14
59 126 11
131 89 16
131 90 15
39 57 123
90 102 187
110 199 12
151 192 158
162 41 49
151 193 175
49 128 10
29 46 161
29 47 168
182 177 19
80 102 34
121 94 14
152 41 59
141 199 523
39 131 11
70 88 42
172 177 16
70 100 16
70 101 16
70 102 15
142 41 70
60 59 12
111 101 31
131 199 363
29 133 12
162 180 13
162 181 13
50 59 47
101 102 211
121 199 30
173 41 13
29 180 21
19 133 13
60 126 11
60 125 12
132 88 16
132 89 15
40 58 109
40 57 116
91 102 258
152 191 124
152 192 140
163 41 52
111 199 13
50 128 10
30 47 175
30 48 180
183 177 20
122 92 13
122 93 13
81 102 36
122 94 13
153 41 52
142 199 468
40 131 11
71 88 45
71 89 35
71 90 28
71 91 23
71 92 20
71 93 18
71 94 17
71 95 17
71 96 17
71 97 17
71 98 17
71 99 17
71 100 16
71 101 16
71 102 16
173 177 18
143 41 77
61 59 12
112 101 30
132 199 463
30 133 12
