10 51 26
51 45 56
71 149 16
102 110 10
143 112 963
41 45 134
184 120 15
61 149 47
92 94 10
92 93 10
92 96 10
92 97 10
92 98 11
194 178 17
92 95 10
41 67 223
41 68 227
41 69 230
41 70 232
41 71 230
41 72 227
41 73 221
41 74 212
41 75 200
41 76 186
41 77 168
41 78 149
41 79 129
41 80 109
41 81 91
41 82 75
41 83 61
41 84 51
41 85 42
41 86 36
41 87 32
41 88 28
41 89 26
41 90 25
41 91 25
41 92 26
41 93 26
41 94 28
41 95 29
41 96 30
92 137 12
92 138 11
41 99 33
41 100 34
51 149 15
41 101 34
41 98 32
41 97 31
31 56 272
174 119 25
133 112 181
31 45 235
41 115 120
92 165 10
123 110 23
164 112 127
21 45 41
21 51 44
41 149 11
82 152 11
52 9 651
82 154 11
113 110 11
154 112 1212
11 45 21
11 51 28
52 45 52
72 149 15
72 150 15
72 151 15
72 152 16
72 153 16
72 154 17
103 110 10
144 112 1096
42 45 120
185 120 14
185 121 13
62 149 43
93 98 10
93 99 10
93 100 11
195 178 17
134 112 229
32 45 251
175 119 24
93 137 11
52 149 17
42 102 36
42 103 37
42 104 38
42 105 39
42 106 45
42 107 51
42 108 59
42 109 67
42 110 76
42 111 86
42 112 96
42 113 107
42 114 116
42 115 124
42 101 35
32 56 266
93 165 10
124 110 25
124 111 24
124 112 24
165 112 102
22 45 47
22 51 50
42 149 11
83 146 11
83 147 10
83 148 10
83 149 10
83 150 10
83 151 10
83 152 10
53 9 583
83 154 11
114 110 11
155 112 1025
12 45 23
12 51 29
53 45 51
73 153 16
73 154 16
104 110 10
145 112 1229
43 45 108
186 121 13
186 122 12
63 149 38
94 100 10
94 101 10
135 112 282
33 45 257
84 86 27
84 87 22
176 120 22
94 137 11
176 119 23
53 149 21
33 56 254
94 165 10
94 166 11
94 167 11
94 168 11
94 169 11
94 170 12
94 171 12
94 172 12
94 173 12
94 174 13
94 175 13
94 176 13
94 177 13
94 178 14
166 112 82
125 112 26
23 45 56
23 51 59
23 52 69
43 149 11
84 145 11
84 146 10
54 9 527
84 154 11
115 110 12
156 112 837
13 45 23
13 51 30
54 45 53
74 153 15
74 154 16
105 110 10
146 112 1355
44 45 99
187 122 12
64 149 33
95 101 10
95 102 11
136 112 340
34 45 256
85 87 19
85 88 17
95 137 11
85 89 15
177 120 21
54 149 25
34 56 238
126 112 30
167 112 68
24 45 67
24 52 83
44 149 11
24 53 97
85 145 10
55 9 486
85 154 11
116 110 12
157 112 663
14 45 24
14 51 30
55 45 58
75 153 15
75 154 15
106 110 10
147 112 1463
45 45 91
188 122 12
188 123 11
65 149 29
96 102 10
96 103 11
137 112 401
35 45 248
96 135 12
96 136 12
96 137 11
86 89 14
86 90 13
178 120 21
55 149 30
35 56 222
35 57 208
35 58 194
127 112 35
168 112 59
25 45 83
45 149 11
25 54 137
25 53 117
86 145 10
56 9 463
86 154 10
86 155 11
56 10 542
56 11 642
56 12 764
56 13 906
56 14 1059
56 15 1210
56 16 1341
56 17 1436
56 18 1481
56 19 1468
117 110 13
56 20 1396
56 21 1275
56 22 1122
56 23 963
56 24 818
56 25 697
56 26 605
56 27 538
56 28 494
158 112 517
56 29 466
56 30 451
56 31 444
56 32 438
56 33 428
56 34 410
56 35 380
56 36 339
56 37 291
56 38 242
15 51 31
56 39 200
56 40 165
56 41 136
56 42 111
56 43 91
56 44 76
56 45 65
15 45 24
76 153 14
76 154 15
107 110 10
148 112 1550
5 45 14
5 46 14
5 47 14
5 48 14
5 49 15
5 50 15
5 51 15
5 52 16
5 53 17
46 45 85
189 123 11
66 149 26
97 103 10
97 104 11
138 112 469
97 129 17
97 130 16
97 131 15
97 132 14
97 133 14
97 134 13
97 135 12
179 120 20
36 45 236
87 90 12
87 91 12
87 92 12
56 149 36
36 58 182
36 59 171
36 60 163
128 112 43
169 112 52
169 113 47
26 45 102
46 149 11
26 54 160
26 55 183
87 145 10
87 155 10
87 156 11
118 110 14
159 112 401
16 45 26
16 51 32
77 153 14
77 154 14
108 110 10
149 112 1605
6 45 15
6 51 17
47 45 79
190 123 11
67 149 23
98 104 10
98 105 10
98 106 11
98 107 10
98 108 10
98 109 10
98 110 10
98 111 10
98 112 10
98 113 10
98 114 10
98 115 11
98 116 11
98 117 11
98 118 11
98 119 12
98 120 13
98 121 14
98 122 15
98 123 16
98 124 18
98 125 19
98 126 19
98 127 19
98 128 19
98 129 18
139 112 544
37 45 217
180 120 19
88 92 11
88 93 11
57 149 42
37 60 158
37 61 155
129 112 56
170 113 44
170 114 41
27 45 126
47 149 12
27 55 206
88 145 10
88 156 10
88 157 10
88 158 10
88 159 10
88 160 10
88 161 10
88 162 10
88 163 10
88 164 11
119 110 16
160 112 314
17 45 27
17 51 33
78 153 13
78 154 14
109 110 10
150 112 1620
7 45 15
7 51 19
48 45 74
191 123 12
191 124 11
68 149 20
191 126 11
191 127 11
191 128 11
191 129 11
191 130 11
191 131 12
191 132 12
191 133 12
191 134 13
191 135 13
191 136 13
191 137 13
191 138 14
191 139 14
191 140 14
191 141 13
99 110 10
191 143 13
191 144 13
191 145 13
191 146 13
191 147 13
191 148 14
191 149 14
191 150 15
191 151 15
191 152 16
191 153 16
191 154 16
191 155 15
191 156 15
191 157 14
191 158 14
191 159 13
191 160 13
191 161 12
191 162 12
191 163 12
191 164 12
191 165 13
191 166 13
191 167 14
191 168 14
191 169 15
191 170 16
191 171 18
191 172 19
89 93 11
58 149 47
191 175 21
191 176 20
191 177 19
191 178 18
191 174 20
191 173 20
38 61 157
38 62 157
38 63 163
191 142 13
191 125 11
181 120 18
140 112 630
38 45 196
130 112 76
171 114 39
171 115 36
171 116 34
28 45 153
48 149 12
28 55 229
28 56 247
89 145 10
89 164 10
120 110 18
161 112 250
18 45 30
18 51 35
79 153 12
79 154 13
110 110 10
151 112 1588
8 45 16
8 51 21
49 45 67
69 149 18
100 110 10
141 112 728
39 45 173
182 120 17
90 93 11
59 149 50
192 178 17
39 63 170
39 64 177
39 65 188
131 112 103
172 116 33
172 117 31
172 118 29
29 45 183
49 149 13
29 56 261
90 145 10
39 115 133
39 116 159
39 117 183
39 118 204
39 119 223
39 120 238
39 121 250
39 122 256
39 123 257
90 164 10
39 125 241
121 110 19
39 127 207
39 128 187
39 129 167
39 130 149
39 131 133
39 132 118
39 133 105
39 134 92
39 135 81
39 136 71
39 137 61
39 138 53
39 139 45
39 140 38
39 141 31
39 142 25
39 143 21
39 144 18
39 145 15
39 146 14
39 147 13
39 148 12
39 149 11
39 126 225
39 124 252
19 51 37
162 112 200
19 45 33
80 153 12
80 154 12
111 110 10
152 112 1506
9 45 18
9 51 24
50 45 61
70 149 17
101 110 10
142 112 840
40 45 153
183 120 16
91 93 11
60 149 49
193 178 17
40 65 197
40 66 205
40 67 215
132 112 138
30 45 212
173 118 28
173 119 26
91 138 12
91 139 11
91 140 11
91 141 11
91 142 11
91 143 11
91 144 11
91 145 10
50 149 14
30 56 270
40 115 123
91 164 10
91 165 11
122 110 21
163 112 160
20 45 36
20 51 40
40 149 11
81 152 11
81 153 11
81 154 12
51 9 728
112 110 10
153 112 1377
10 45 19
