57 122 13
66 118 36
98 118 126
75 118 115
107 118 63
84 118 234
93 118 224
61 119 17
70 118 77
102 118 102
79 118 134
111 118 31
88 118 316
56 122 12
65 118 30
97 118 137
74 118 113
106 118 73
115 116 18
83 118 207
92 118 254
60 119 16
60 120 15
60 121 14
60 122 13
69 118 65
101 118 107
78 118 125
110 118 37
87 118 306
55 122 12
55 123 12
55 124 12
55 125 12
64 118 26
55 126 13
55 127 13
55 128 14
55 129 15
55 130 17
55 131 19
55 132 22
55 133 25
55 134 30
55 136 45
55 137 56
55 138 70
55 139 85
55 140 101
55 141 115
55 142 126
55 143 132
55 144 133
55 145 130
55 146 124
55 147 117
55 148 111
55 149 105
55 150 99
55 151 93
55 152 85
55 153 76
55 154 67
55 155 58
55 156 51
55 157 45
55 158 40
55 159 37
55 160 35
55 161 34
55 162 34
55 163 34
55 164 34
55 165 35
55 166 35
55 167 35
59 122 13
68 118 54
55 135 36
73 118 108
77 118 120
82 118 183
86 118 287
91 118 282
96 118 152
100 118 112
105 118 82
109 118 44
114 117 20
114 116 19
63 118 23
95 118 171
72 118 100
104 118 90
113 117 22
81 118 162
113 118 23
90 118 304
58 122 13
67 118 44
99 118 118
76 118 117
108 118 53
85 118 262
62 118 20
62 119 18
94 118 195
71 118 89
103 118 96
80 118 146
112 118 26
89 118 316
