61 92 10
61 95 24
112 136 15
112 137 16
163 178 11
163 179 10
133 36 12
112 138 18
153 145 10
174 42 10
184 120 10
123 33 10
51 98 43
51 99 45
164 36 10
143 145 10
113 31 10
102 189 25
102 190 23
41 103 15
41 104 14
133 136 12
154 36 57
103 16 288
103 17 290
92 189 27
123 136 120
144 36 25
31 119 25
72 112 10
164 145 11
31 120 20
93 16 15
82 178 11
82 179 10
82 180 10
82 181 10
82 182 10
62 92 10
62 95 23
113 136 14
164 179 11
134 36 14
154 145 10
175 42 10
175 43 11
52 95 35
185 120 10
185 121 11
124 34 10
124 35 10
124 36 10
124 33 10
52 98 42
52 97 41
52 96 39
165 36 10
165 37 11
144 145 10
114 31 10
103 190 22
42 103 15
42 102 16
134 136 11
155 36 38
104 17 266
104 18 214
93 189 36
124 136 99
145 36 31
32 118 37
32 119 30
73 112 10
165 145 11
94 16 17
83 182 11
83 183 10
83 184 10
83 185 10
83 186 10
83 187 10
83 188 10
63 92 10
63 95 21
114 136 14
165 179 13
135 36 18
155 145 10
176 43 10
53 95 30
186 121 10
186 122 11
125 36 10
166 37 10
166 38 11
145 145 10
115 31 10
104 190 21
104 191 18
43 102 17
135 136 10
135 137 10
135 138 10
156 36 25
135 139 10
135 140 10
105 18 159
105 19 105
94 189 48
125 136 75
146 36 43
33 118 40
74 112 10
74 113 10
74 114 10
74 115 10
74 116 10
74 117 10
74 118 10
74 119 10
95 16 21
74 120 10
74 121 10
74 122 10
74 123 10
74 124 10
74 125 10
74 126 10
74 127 10
74 128 10
74 129 11
74 130 12
74 131 13
74 132 15
74 133 17
74 134 16
74 135 15
74 136 14
74 137 13
74 138 13
74 139 12
74 140 12
74 141 11
74 142 11
74 143 10
166 145 11
84 188 11
166 179 18
136 36 23
64 92 10
64 95 20
115 136 15
156 145 10
177 43 10
54 95 26
187 122 10
126 36 10
167 38 10
167 39 11
146 145 10
116 31 10
44 101 24
44 102 20
105 191 17
157 36 17
136 140 10
136 141 11
106 19 64
95 189 58
126 136 57
147 36 64
34 118 42
167 145 12
96 16 27
85 188 11
65 92 10
75 143 10
65 95 19
116 136 17
167 179 30
137 36 26
157 145 10
178 43 10
178 44 11
55 95 22
188 122 10
127 36 10
168 39 10
168 40 11
147 145 10
117 31 10
45 101 30
106 191 17
158 36 13
137 141 10
137 142 11
107 19 40
107 20 26
96 189 62
127 136 45
148 36 96
35 116 45
35 117 43
35 118 44
168 145 12
97 16 39
86 188 12
86 189 12
66 92 10
76 143 10
66 95 17
117 136 22
168 179 53
138 36 26
158 145 10
179 44 10
179 45 11
56 95 20
189 122 10
128 36 10
169 40 10
169 41 11
148 145 10
118 31 10
46 101 38
107 191 17
159 36 12
138 142 10
108 20 19
108 21 16
97 189 58
128 136 36
149 36 130
36 112 39
36 113 40
36 114 41
36 115 43
36 116 44
169 145 13
98 16 61
67 92 10
87 189 13
77 143 10
67 95 15
118 136 33
139 36 24
57 57 11
57 58 11
57 59 11
57 60 12
57 61 13
57 62 15
57 63 18
57 64 22
159 145 10
159 146 10
159 147 10
159 148 10
180 45 10
180 46 11
159 149 10
88 16 11
88 17 11
88 18 12
88 19 13
88 20 15
88 21 18
159 150 10
159 151 10
159 152 10
159 153 11
159 154 11
159 156 12
159 157 12
159 158 13
159 159 13
159 160 13
159 161 13
159 162 14
159 163 17
159 164 20
159 165 24
159 166 27
159 167 29
159 168 30
159 169 27
159 170 22
190 122 10
159 171 16
129 36 10
159 172 13
159 173 11
159 174 10
159 155 12
57 65 27
57 66 28
57 67 26
57 68 21
57 69 16
57 70 13
57 71 12
57 72 11
170 41 10
57 73 10
57 74 10
57 75 10
57 76 10
57 77 10
57 78 10
57 79 10
57 80 10
57 81 10
57 82 10
57 83 10
57 84 10
57 85 10
57 86 10
57 87 10
57 88 10
57 89 10
57 90 10
57 91 10
57 95 19
149 145 10
119 31 11
119 32 10
47 101 45
108 191 18
160 36 11
139 142 10
139 143 11
109 21 14
109 22 13
109 23 12
109 24 12
109 25 12
109 26 12
109 27 12
109 28 11
109 29 11
109 30 11
109 31 10
98 189 48
129 136 29
150 36 151
37 108 31
37 109 33
37 110 34
37 111 35
37 112 36
99 16 99
68 92 10
88 189 14
68 93 11
78 143 11
78 144 10
78 145 10
78 146 10
78 147 10
140 36 21
78 148 10
78 149 10
78 150 10
78 151 10
58 55 13
58 56 12
58 57 11
68 95 13
119 136 53
68 112 31
160 145 10
181 46 10
181 47 10
181 48 11
89 16 11
58 91 10
58 92 11
160 174 11
160 175 10
58 95 20
130 36 10
171 41 10
171 42 11
150 145 10
120 32 10
48 100 52
48 101 50
109 191 19
161 36 11
140 143 10
140 144 11
110 31 10
99 189 39
130 136 23
38 107 24
151 36 145
38 108 27
100 16 153
89 189 16
69 93 10
69 94 11
69 95 12
120 136 82
141 36 20
79 151 10
79 152 10
79 153 10
79 154 10
79 155 10
79 156 10
79 157 10
79 158 10
79 159 10
69 112 18
161 145 10
79 162 10
79 163 10
79 164 10
79 165 10
79 166 10
79 167 10
182 48 10
182 49 10
182 50 10
182 51 11
90 16 12
79 173 10
79 174 10
79 175 10
79 172 10
79 171 10
79 170 10
79 169 10
79 168 10
79 161 10
79 160 10
59 55 12
59 92 10
161 175 11
161 176 10
161 177 10
59 95 21
110 139 28
131 36 10
110 141 35
110 142 40
110 143 45
110 144 48
110 145 48
110 146 44
110 147 37
110 148 28
110 149 23
110 150 19
110 151 16
110 152 14
110 153 13
172 42 10
110 154 12
110 155 12
110 156 11
110 157 11
110 158 11
110 160 10
110 161 10
110 162 10
110 163 10
110 164 10
110 165 10
110 166 10
110 167 10
110 168 10
110 169 10
110 170 10
110 171 10
110 172 10
110 173 11
110 174 11
110 175 12
110 176 13
110 177 14
110 178 16
110 179 19
110 180 24
110 181 33
110 182 44
110 183 54
121 32 11
121 33 10
110 184 59
110 185 55
110 186 45
110 187 35
49 100 50
110 189 25
110 190 23
110 191 21
110 188 29
110 159 10
162 36 10
110 140 31
151 145 10
141 144 10
111 31 10
100 189 31
131 136 18
39 105 17
39 106 18
39 107 21
152 36 118
101 16 213
90 189 17
70 94 10
60 47 76
60 48 64
60 49 48
60 50 33
60 51 23
142 36 19
60 52 18
60 53 15
60 54 13
60 55 12
70 95 11
70 96 11
70 97 13
70 98 15
70 99 17
70 100 17
70 101 17
70 102 17
70 112 13
162 145 10
70 103 16
70 104 16
70 105 16
70 106 16
70 107 15
91 16 12
70 108 15
70 109 15
183 51 10
183 52 10
183 53 10
183 54 10
183 55 10
183 56 10
183 57 10
183 58 10
183 59 10
183 60 10
183 61 10
183 62 10
183 63 10
183 64 10
183 65 10
183 66 10
183 67 10
183 68 10
183 69 10
183 70 10
183 71 10
183 72 10
183 73 10
183 74 10
183 75 10
132 36 11
183 76 10
183 77 11
183 78 11
183 79 11
183 80 11
183 81 12
183 82 12
183 83 12
183 84 12
183 85 12
183 86 12
183 87 11
183 88 11
173 42 10
183 89 11
183 90 11
183 91 11
183 92 11
183 93 11
183 94 11
183 95 11
183 96 11
183 97 11
183 98 11
183 99 10
183 100 10
183 101 10
183 102 10
183 103 10
183 104 10
183 105 10
183 106 10
183 107 10
183 108 10
183 109 10
183 110 10
183 111 10
183 112 10
183 113 10
183 114 10
183 115 10
183 116 10
183 117 10
183 118 10
183 119 10
183 120 11
122 33 10
70 110 15
70 111 14
80 175 11
80 176 10
80 177 10
29 138 10
29 139 10
29 140 10
163 36 10
29 141 11
29 142 11
29 143 14
29 144 20
29 145 31
29 146 50
29 147 80
29 148 121
29 149 158
29 150 171
29 151 152
29 152 114
162 177 11
162 178 10
29 153 75
29 154 49
29 155 33
29 156 23
29 157 17
29 158 14
29 159 13
29 160 12
29 161 11
29 162 11
29 163 10
29 164 10
29 165 10
29 166 10
29 167 10
29 168 10
29 169 10
29 170 10
29 171 10
29 172 10
112 31 10
29 173 10
29 174 10
29 175 10
29 176 11
29 177 12
29 178 15
60 92 10
29 137 10
29 136 10
29 135 10
29 134 10
29 133 10
153 36 84
29 132 10
29 131 10
29 130 10
29 129 10
29 128 11
29 127 11
29 126 11
29 125 11
29 124 11
29 123 12
29 122 12
29 121 14
60 95 23
111 139 24
50 99 46
50 100 49
111 138 21
121 136 111
152 145 10
102 16 261
142 144 10
142 145 11
101 189 27
40 104 15
40 105 15
132 136 14
91 189 21
122 136 127
143 36 21
71 112 11
163 145 10
30 121 15
30 120 17
92 16 13
81 177 11
81 178 10
