199 128 15
199 129 13
199 130 12
15 54 10
56 54 55
97 47 17
158 153 34
122 187 17
51 54 23
92 47 12
194 130 12
76 179 16
153 153 38
153 154 34
117 187 52
158 181 10
46 54 16
87 47 27
189 130 10
71 179 15
153 178 10
112 187 21
112 186 17
153 181 10
41 54 18
82 48 54
82 49 57
184 130 10
66 179 12
82 50 62
107 181 11
107 182 10
148 181 10
36 54 11
179 130 10
61 180 30
61 181 39
77 54 51
102 179 10
118 53 11
118 54 11
118 55 11
118 56 10
118 57 10
118 58 10
118 59 10
118 60 10
143 181 11
31 54 10
118 61 10
118 62 10
118 63 10
174 130 10
118 64 10
118 65 10
118 66 10
56 182 56
72 54 16
118 67 10
118 68 10
118 69 10
97 179 10
118 70 10
113 53 17
26 54 10
138 185 28
169 130 10
138 186 33
67 54 22
51 186 17
92 179 10
51 187 15
108 52 45
108 53 39
21 54 10
133 187 44
62 54 32
103 47 28
87 179 13
164 144 11
164 145 10
164 146 10
16 54 10
128 187 19
57 54 49
98 47 20
82 179 47
159 153 27
123 187 15
52 54 31
93 47 12
195 130 13
77 179 18
154 153 41
118 187 45
47 54 16
88 47 22
190 130 11
72 179 16
154 178 11
154 179 10
149 156 15
149 157 14
149 158 13
149 159 13
149 160 14
149 161 15
149 162 18
149 163 20
149 164 22
149 165 23
149 166 22
149 167 20
149 168 17
149 169 14
149 170 12
149 171 11
149 172 11
149 173 10
149 174 10
149 155 17
185 130 10
154 181 10
113 187 27
108 184 10
108 183 10
149 181 10
108 182 11
67 179 12
42 54 19
83 47 44
180 130 10
62 179 17
62 180 22
83 48 49
37 54 12
78 54 56
103 179 10
144 181 10
32 54 10
175 130 10
57 181 63
57 182 61
73 54 19
119 70 10
98 179 10
114 53 15
27 54 11
139 184 19
139 185 23
170 130 10
68 54 18
52 185 21
52 186 18
93 179 10
109 53 33
22 54 10
134 187 45
63 54 32
104 47 33
88 179 12
165 140 11
165 141 10
165 142 10
165 143 10
165 144 10
47 189 11
47 190 10
47 191 10
47 192 10
47 193 11
47 194 11
47 195 12
47 196 15
47 197 20
17 54 10
129 187 24
58 54 42
99 47 22
83 179 42
160 153 20
124 187 14
53 54 40
94 47 12
196 130 13
78 179 22
155 153 43
119 187 35
48 54 16
89 47 17
191 130 11
73 179 16
155 179 10
150 155 20
155 181 10
114 187 35
43 54 18
84 47 40
186 130 10
68 179 12
150 174 11
150 175 10
109 184 11
150 176 10
109 186 11
109 185 11
150 181 10
38 54 13
181 130 10
63 179 14
79 54 56
104 179 11
104 180 10
145 181 10
33 54 10
176 130 10
58 181 62
74 54 24
99 179 10
115 53 14
140 181 12
140 182 13
140 183 14
140 184 16
28 54 11
171 130 10
69 54 16
53 184 28
53 185 24
94 179 10
110 53 29
23 54 10
166 130 10
166 131 10
166 132 10
166 133 10
166 134 10
166 135 10
166 136 10
166 137 10
166 138 10
166 139 10
166 140 10
135 187 44
89 179 11
48 189 11
64 54 31
105 47 41
105 48 55
18 54 10
130 187 30
59 54 36
100 47 24
84 179 32
161 151 12
161 152 13
161 153 16
125 187 14
54 54 50
95 47 13
197 130 13
79 179 29
156 153 44
120 187 26
49 54 17
90 47 14
192 130 11
74 179 16
151 154 28
156 179 11
156 180 10
151 155 23
156 181 10
115 187 45
44 54 17
85 47 36
187 130 10
69 179 13
151 176 11
151 177 10
110 186 12
151 181 10
39 54 14
182 130 10
64 179 12
80 54 57
105 180 10
146 181 10
34 54 10
177 130 10
59 181 57
75 54 33
100 179 10
116 53 13
141 181 11
29 54 11
172 130 10
70 54 15
54 183 38
54 184 32
95 179 10
111 53 24
24 54 10
167 130 10
136 187 42
65 54 29
106 48 66
106 49 74
106 50 75
90 179 10
49 188 12
49 189 11
106 51 72
19 54 10
131 187 37
60 54 33
101 47 25
198 106 11
85 179 23
162 150 11
162 151 11
14 54 10
126 187 15
55 54 56
96 47 15
198 130 13
80 179 38
157 153 41
121 187 21
50 54 19
91 47 13
193 130 12
75 179 16
152 154 31
116 187 52
157 180 11
157 181 10
45 54 16
86 47 32
188 130 10
70 179 14
152 177 11
152 178 10
111 186 14
152 181 10
40 54 17
183 130 10
65 179 12
81 50 67
81 51 70
81 52 71
81 53 68
81 54 62
106 180 11
106 181 10
147 181 10
35 54 11
178 130 10
60 181 49
76 54 43
101 179 10
117 53 12
142 181 11
30 54 10
173 130 10
55 182 51
55 183 43
71 54 15
96 179 10
112 53 20
25 54 10
168 130 10
137 186 37
137 187 41
66 54 26
91 179 10
50 187 14
50 188 13
107 51 62
107 52 53
20 54 10
132 187 42
61 54 32
102 47 26
199 106 11
86 179 17
199 107 12
199 108 13
199 109 15
199 110 18
199 111 23
199 112 28
199 113 32
199 114 33
199 115 33
199 117 31
199 118 32
199 119 35
199 116 31
163 146 11
199 122 52
163 147 10
163 148 10
163 149 10
127 187 16
163 150 10
199 120 40
199 121 47
199 123 52
199 124 45
199 125 34
199 126 25
81 179 46
199 127 18
