20 98 76
20 99 73
20 100 68
0 5 11
0 6 10
0 7 10
0 8 10
0 9 10
0 10 10
0 11 10
0 12 11
0 13 11
0 14 12
0 15 13
0 16 13
0 17 15
0 18 17
0 19 19
0 20 23
0 21 27
0 22 31
0 23 34
0 24 35
0 25 35
0 26 34
0 27 33
0 28 33
0 29 33
0 30 34
0 31 36
0 32 40
0 33 47
0 34 58
20 101 60
20 102 51
20 105 28
20 106 24
20 107 22
20 108 20
20 109 19
20 110 18
20 111 18
20 112 17
20 113 16
20 114 15
20 115 14
20 117 13
20 118 12
20 119 12
20 120 12
20 121 12
20 116 13
20 104 33
20 103 41
61 139 12
153 128 208
92 52 13
92 53 13
92 54 12
31 5 21
31 6 23
133 63 11
133 64 10
143 121 381
143 122 353
143 123 327
82 52 16
123 62 10
133 118 256
133 119 256
133 120 266
51 139 12
92 133 491
72 38 31
21 2 26
123 85 11
113 50 11
41 124 13
113 62 11
82 133 56
11 2 13
113 85 14
164 143 48
164 144 48
164 145 51
31 122 14
103 59 13
164 148 80
103 61 12
164 150 109
164 151 120
164 152 126
164 153 127
164 154 124
164 155 120
164 156 114
164 157 108
164 158 105
164 159 105
144 64 12
164 160 112
164 149 94
164 147 67
164 146 57
72 135 19
1 4 11
1 5 10
154 128 187
93 54 13
93 55 12
21 121 13
21 122 13
1 34 78
134 64 11
62 139 12
144 123 295
144 124 266
32 6 26
32 7 30
32 8 36
32 9 46
32 10 60
32 11 80
32 12 103
32 13 127
83 52 17
124 62 10
134 120 280
134 121 303
52 139 12
93 133 536
73 38 28
22 2 25
124 85 11
114 50 11
42 124 13
114 62 11
83 133 70
12 2 14
114 85 13
32 122 13
104 59 13
104 60 12
104 61 12
145 64 12
165 161 137
165 162 159
165 160 122
73 134 22
73 135 20
2 3 11
2 4 10
155 128 168
155 129 147
94 55 12
22 122 14
2 34 105
135 64 11
63 139 12
63 140 12
63 141 12
63 142 12
63 143 13
63 144 14
63 145 15
63 146 17
63 147 18
63 148 19
63 149 20
63 150 20
63 151 19
63 152 19
63 153 19
63 154 19
63 155 19
63 156 19
63 157 19
63 158 20
145 124 243
145 125 220
145 126 206
84 52 16
125 62 10
135 121 332
53 139 13
94 133 553
74 38 25
23 2 23
125 85 11
115 50 11
43 124 13
115 62 11
84 133 89
13 2 15
115 85 13
33 122 13
105 59 13
105 60 12
105 61 11
105 62 11
146 64 13
146 65 13
166 162 185
166 163 213
166 164 239
166 165 259
74 134 24
166 166 271
166 167 279
3 3 10
156 129 129
156 130 113
95 55 13
95 56 12
23 122 15
136 64 11
64 139 12
146 126 196
146 127 192
85 52 16
126 62 10
136 121 370
54 139 13
95 133 547
75 38 24
24 2 22
126 85 11
116 50 11
44 124 13
44 125 12
116 62 11
85 133 111
14 2 17
116 85 13
34 122 12
106 59 12
106 60 11
106 62 11
75 134 25
167 167 287
167 168 282
167 169 274
4 2 11
4 3 10
157 130 100
157 131 90
96 56 12
24 122 16
137 64 12
65 136 12
65 137 12
65 138 12
65 139 11
147 127 195
147 128 200
86 52 15
127 62 10
137 121 407
55 139 13
96 133 530
76 38 24
76 39 24
76 40 24
76 41 24
25 2 21
76 42 24
76 43 24
76 44 23
76 45 21
76 47 18
76 48 16
76 49 15
76 46 19
127 85 11
117 50 11
45 125 13
45 126 12
45 127 12
45 128 12
45 129 12
45 130 13
45 131 12
117 62 11
86 133 135
15 2 20
117 85 13
35 122 12
107 59 12
107 60 11
107 61 11
107 62 10
107 63 10
107 64 10
107 65 10
107 66 10
107 67 10
107 68 11
107 69 11
107 70 11
107 71 11
107 72 11
107 73 12
107 74 12
107 75 11
107 76 11
107 77 11
76 134 27
107 78 11
107 79 11
168 169 255
5 2 11
168 170 231
107 80 11
158 131 83
158 132 79
97 56 13
97 57 12
25 122 17
97 58 12
97 59 12
168 195 31
138 64 12
66 136 12
148 128 211
87 52 15
128 62 10
138 121 435
56 139 13
26 2 20
128 85 12
128 86 12
77 49 15
77 50 14
118 50 11
118 62 11
46 131 12
46 132 12
46 133 12
46 134 12
46 135 11
87 133 166
16 2 24
118 85 12
36 122 12
108 58 12
108 59 11
108 62 10
77 133 29
77 134 28
108 80 11
6 2 11
169 170 203
169 171 173
159 132 77
159 133 77
26 122 17
98 59 13
169 195 28
139 64 13
67 135 13
67 136 12
149 128 226
88 52 14
129 62 10
139 121 447
57 139 13
27 2 18
129 86 13
129 87 13
129 88 14
129 89 15
78 50 14
78 51 14
78 52 14
129 93 21
129 94 23
129 95 25
129 96 28
129 97 31
119 50 11
129 99 37
129 100 39
129 101 42
129 102 46
129 103 49
129 104 53
129 105 57
129 106 63
129 107 72
129 108 83
129 109 100
119 62 11
129 111 149
129 112 181
129 110 121
129 98 34
129 92 19
129 91 18
129 90 16
47 135 11
88 133 210
17 2 26
119 85 12
109 57 12
37 122 12
109 58 11
109 62 10
78 133 31
109 80 11
7 2 11
170 171 148
170 172 125
170 173 110
170 174 102
170 175 98
170 176 98
170 177 98
170 178 98
170 179 97
170 180 97
170 181 101
170 182 109
170 183 119
170 184 126
170 185 128
170 186 122
170 187 108
170 188 90
170 189 73
170 190 58
170 191 47
170 192 38
170 193 32
27 122 17
170 194 28
99 59 13
99 60 13
99 61 13
170 195 25
160 134 80
160 133 78
140 64 13
68 135 14
150 128 236
89 52 14
130 62 10
140 121 443
58 139 12
28 2 18
120 34 56
120 35 42
120 36 34
120 37 30
120 39 25
120 40 23
120 41 21
120 42 19
120 43 18
79 52 15
120 44 16
120 46 14
120 47 13
120 48 12
120 49 12
120 50 11
120 45 15
120 38 27
120 62 11
130 112 212
130 113 237
130 114 258
48 135 12
48 136 11
89 133 271
18 2 28
120 85 12
110 56 12
110 57 11
38 122 13
38 123 12
38 124 12
110 62 10
79 133 33
110 80 11
110 81 12
8 2 11
110 82 12
110 83 13
110 84 14
110 85 15
161 134 82
161 135 83
161 136 85
28 122 17
100 59 13
100 61 13
141 64 13
69 135 15
151 128 236
90 52 13
131 62 10
141 121 425
59 139 12
29 2 18
29 3 18
29 4 18
29 5 18
80 52 15
121 62 11
131 114 271
131 115 274
131 116 275
49 136 11
49 137 11
90 133 345
70 38 44
19 2 29
121 85 12
111 54 12
111 55 11
111 56 11
39 124 13
111 62 10
80 133 38
9 2 12
111 85 14
162 136 84
162 137 82
162 138 79
162 139 73
162 140 66
162 141 59
162 142 54
29 122 16
101 59 13
101 61 13
142 64 12
70 135 16
152 128 225
91 52 13
132 62 10
132 63 10
142 121 402
60 139 12
30 5 19
81 52 16
122 62 10
132 116 272
132 117 264
132 118 260
50 137 12
50 138 11
50 139 11
91 133 423
71 38 36
20 2 28
122 85 11
112 50 12
112 51 11
112 52 11
112 53 11
112 54 11
40 124 13
112 62 10
81 133 45
10 2 12
112 85 14
163 142 51
163 143 48
30 122 15
102 59 13
102 61 13
143 64 12
71 135 17
