122 177 27
61 96 147
61 97 165
71 146 15
133 38 10
51 65 21
51 66 18
153 145 18
163 196 383
163 195 400
92 64 69
30 181 15
112 170 19
112 171 20
51 88 13
164 22 32
164 23 31
164 24 30
61 151 20
123 41 20
102 151 15
102 152 15
153 198 36
184 143 92
82 64 90
184 144 107
195 14 18
195 15 18
41 96 15
41 97 16
184 170 15
154 34 14
113 43 142
92 147 23
92 148 25
174 140 235
143 198 12
72 64 16
51 181 545
185 14 19
31 97 86
82 142 12
133 183 14
133 184 14
174 176 17
174 175 18
72 99 80
144 38 13
164 140 185
62 67 15
103 60 48
103 61 37
103 59 63
41 181 97
52 35 32
175 14 34
123 177 27
62 97 178
72 145 16
72 146 15
134 38 10
154 144 19
154 145 18
164 194 412
52 66 16
52 67 15
52 68 14
164 195 416
52 70 14
52 71 15
52 72 16
52 73 17
52 74 18
52 75 20
31 181 16
52 76 21
52 77 22
52 78 23
52 79 24
52 80 23
52 81 22
52 82 21
52 83 19
52 84 18
52 85 16
52 86 15
52 87 14
52 88 13
93 64 51
113 171 20
165 19 35
165 20 34
165 21 33
165 22 33
113 172 21
62 150 17
62 151 18
124 41 17
103 152 14
103 153 14
103 154 14
154 198 46
83 64 109
185 144 122
185 145 144
185 146 171
185 147 202
185 148 227
185 149 243
185 150 258
185 151 269
185 152 256
185 153 230
185 154 197
185 155 163
185 156 130
185 157 102
185 158 77
185 159 57
185 160 43
185 161 33
185 162 27
185 163 22
185 164 19
185 165 17
42 95 14
42 96 14
185 166 16
185 167 15
185 168 14
185 169 14
185 170 14
155 33 15
155 34 14
114 42 96
114 43 117
93 148 26
175 140 171
144 198 12
73 64 16
52 181 495
186 14 19
32 97 83
83 142 12
175 175 17
134 184 14
134 185 15
134 186 15
73 99 65
134 187 16
104 45 589
145 38 13
104 47 632
104 48 643
104 49 638
104 50 610
104 51 560
104 52 490
104 53 411
104 54 331
104 55 257
104 56 193
104 57 143
104 58 106
63 67 16
104 59 81
104 46 612
165 140 254
175 174 18
42 181 128
53 35 34
176 14 33
124 177 27
63 97 187
73 145 16
135 38 10
155 144 20
165 193 385
165 194 408
53 68 13
53 69 13
53 70 13
94 64 37
32 181 18
114 172 20
166 18 35
166 19 34
63 149 15
63 150 16
125 41 15
104 154 14
155 198 58
84 64 124
43 94 13
43 95 13
156 33 15
115 42 78
94 148 26
94 149 27
176 140 125
145 198 13
74 64 17
53 181 439
187 14 19
33 97 75
84 142 12
84 143 13
84 144 13
176 174 17
74 99 53
135 187 15
105 45 575
146 38 14
166 140 336
64 66 18
64 67 17
43 181 171
177 14 31
23 97 34
23 98 35
23 99 37
23 100 40
23 101 45
23 102 53
125 177 26
125 178 26
64 97 193
64 98 194
74 145 16
136 38 10
156 143 23
156 144 21
166 193 366
166 192 333
166 191 305
54 68 12
54 69 12
54 70 13
54 71 13
54 72 14
54 73 15
54 74 16
54 75 18
54 76 19
54 77 21
54 78 23
54 79 24
54 80 25
54 81 25
54 82 24
54 83 23
54 84 21
54 85 19
54 86 18
54 87 17
54 88 16
54 89 16
54 90 16
54 91 17
54 92 18
54 93 20
54 94 23
54 95 29
167 16 35
167 17 34
167 18 34
95 64 27
115 172 20
115 173 21
64 148 15
64 149 14
33 181 20
126 41 13
105 154 13
105 155 13
156 198 73
85 64 135
44 94 13
157 32 16
157 33 15
116 42 65
95 149 26
177 140 93
146 198 13
75 64 18
54 181 388
188 14 19
34 97 64
177 174 17
85 144 13
75 99 44
75 100 36
106 45 548
147 38 14
136 187 15
136 188 16
136 189 16
136 190 16
136 191 17
167 140 419
136 192 16
65 66 19
44 181 227
178 14 29
24 97 39
126 178 25
75 144 17
75 145 16
65 98 186
137 38 10
167 189 225
157 142 28
157 143 25
167 191 275
167 190 247
55 69 12
96 64 21
34 181 24
116 173 20
116 174 21
168 15 35
168 16 34
55 95 36
65 147 15
65 148 14
127 38 11
127 39 11
127 40 12
127 41 12
106 155 13
106 156 14
106 157 14
106 158 15
157 198 92
86 64 141
45 91 13
45 92 12
45 93 12
45 94 12
158 31 17
158 32 16
117 41 46
117 42 54
96 149 25
178 140 74
147 198 14
76 64 20
55 181 345
189 14 19
35 97 52
178 174 17
86 144 14
76 100 30
148 37 15
148 38 14
107 45 509
137 192 15
137 193 15
137 194 14
137 195 13
168 140 486
137 196 13
137 197 12
66 66 19
45 181 297
179 14 27
25 97 45
127 178 23
127 179 22
76 144 16
66 98 176
168 180 38
168 181 45
168 182 55
138 38 10
168 183 69
168 184 87
168 185 109
168 186 133
168 188 180
168 187 157
158 140 41
158 141 35
158 142 31
168 189 202
56 69 12
97 64 17
35 181 28
46 35 37
46 36 46
46 37 60
46 38 77
46 39 98
46 40 122
46 41 148
46 42 175
46 43 199
46 44 218
46 45 228
46 46 230
56 95 45
46 47 226
46 48 219
46 49 210
46 50 198
46 51 185
46 52 170
46 53 155
46 54 140
46 55 125
46 56 111
46 57 98
46 58 85
46 59 74
46 60 66
46 61 60
169 14 35
169 15 34
128 38 11
117 174 21
117 175 22
66 147 14
107 158 14
107 159 15
87 64 142
107 160 15
158 198 116
46 90 13
46 91 12
159 30 18
159 31 17
118 41 38
97 149 23
179 140 63
148 198 16
77 64 24
56 181 298
190 14 19
36 97 40
179 172 18
179 173 17
179 174 16
87 144 14
87 145 15
87 146 16
77 100 26
77 101 23
149 37 14
108 45 462
169 140 520
138 197 12
67 65 19
67 66 18
46 181 376
180 14 26
26 97 53
128 179 21
128 180 20
77 144 16
67 98 164
169 179 28
169 180 32
139 38 11
159 140 48
57 69 12
98 64 15
36 181 34
47 35 34
170 14 34
118 175 21
57 95 57
67 147 14
129 38 11
47 61 56
47 62 51
159 198 146
88 64 136
108 160 15
108 161 16
108 162 16
108 163 16
108 164 16
108 165 17
47 90 12
160 29 20
160 30 19
119 41 33
98 149 22
180 140 58
149 198 18
78 64 31
57 181 251
191 14 19
37 97 31
180 170 19
180 171 18
180 172 17
88 146 17
150 36 15
78 101 20
150 37 14
109 44 358
109 45 412
170 140 513
139 197 11
139 198 11
68 65 18
47 181 456
181 14 24
27 97 62
129 180 18
78 144 15
68 98 153
68 99 142
170 179 25
170 178 23
140 38 11
160 140 58
58 69 12
99 64 15
37 181 42
48 35 32
171 14 33
119 175 22
119 176 23
58 95 72
58 96 89
68 147 14
130 38 11
48 62 47
48 63 42
150 145 21
160 197 227
160 198 184
89 64 125
109 165 16
109 166 17
109 167 17
48 89 13
48 90 12
161 28 22
161 29 21
120 41 28
58 154 40
58 155 45
58 156 53
99 149 20
99 150 19
99 151 18
58 157 65
58 158 81
58 159 101
58 160 126
181 140 56
58 161 156
150 198 21
58 162 194
79 64 40
58 163 242
58 164 298
58 165 362
58 166 429
58 167 495
58 168 553
58 169 595
58 170 615
58 171 610
58 172 579
58 173 529
58 174 471
58 175 417
58 176 370
58 177 333
58 178 301
58 179 259
58 180 233
58 181 218
192 14 19
38 97 25
181 170 18
89 146 18
151 35 15
151 36 14
79 101 19
110 44 305
171 140 468
140 198 11
69 65 17
48 181 523
182 14 23
28 97 71
130 180 17
130 181 16
130 182 16
79 141 13
79 142 13
171 177 20
171 178 21
69 99 127
79 143 14
79 144 14
141 38 11
161 140 73
59 67 13
59 68 12
59 69 12
100 63 16
100 64 15
38 181 50
49 35 31
172 14 34
120 176 23
59 96 107
69 147 14
131 38 10
49 63 37
49 64 32
49 65 29
151 145 19
161 197 267
90 64 109
28 181 13
28 182 12
110 167 17
110 168 18
28 183 12
49 89 12
162 26 26
162 27 24
162 28 23
121 41 25
59 153 31
59 154 34
100 151 17
182 140 59
182 141 62
151 198 24
80 64 53
193 14 19
39 97 20
182 170 17
90 146 19
152 35 14
111 43 215
80 101 18
80 102 17
80 103 16
80 104 16
80 105 17
80 106 18
80 107 20
80 108 22
80 109 25
80 110 30
80 111 38
80 112 49
80 113 68
80 114 96
80 115 138
80 116 195
80 117 265
80 118 342
80 119 412
80 120 459
80 121 472
80 122 445
80 123 385
80 124 306
80 125 226
80 126 157
80 127 106
80 128 70
80 129 48
80 130 34
80 131 26
80 132 21
80 133 18
80 134 17
80 135 15
80 136 15
29 97 79
80 138 13
80 139 13
80 140 13
80 141 13
80 137 14
183 14 21
111 44 256
70 65 16
70 64 16
70 99 112
172 140 396
90 147 21
142 38 12
131 182 15
131 183 15
141 198 11
172 177 19
49 181 565
162 140 97
60 67 14
101 62 21
101 63 18
39 181 61
50 35 30
173 14 34
121 176 25
121 177 26
60 96 126
70 146 15
70 147 14
132 38 10
50 65 24
152 145 18
162 196 348
162 197 316
91 64 89
29 181 14
111 168 18
111 169 19
111 170 20
50 88 13
50 89 12
163 24 29
163 25 28
163 26 27
60 151 23
60 152 24
122 41 22
60 153 27
101 151 16
183 141 67
183 142 72
183 143 82
81 64 70
152 198 29
194 14 19
40 97 18
183 170 16
153 34 15
153 35 14
112 43 174
91 147 22
173 140 314
142 198 11
71 64 16
50 181 572
184 14 20
30 97 85
81 141 12
81 142 12
132 183 15
173 176 18
173 177 18
71 99 96
143 38 12
163 140 133
61 67 14
102 61 30
102 62 24
40 181 76
51 35 30
174 14 34
