92 36 10
97 71 11
97 72 10
20 111 10
46 37 164
61 111 21
87 36 10
133 63 10
15 112 10
15 113 10
15 114 10
15 115 10
15 116 10
41 37 200
15 118 10
15 119 10
15 120 10
25 169 38
20 146 11
20 147 12
20 148 12
82 37 13
20 150 16
20 151 21
20 152 29
20 153 42
20 154 61
20 155 83
20 156 106
20 157 128
20 158 146
128 63 10
20 160 159
20 161 152
20 162 141
123 43 30
123 44 28
36 37 52
123 45 27
123 46 25
20 165 110
20 164 118
20 163 129
20 159 157
20 149 14
77 37 74
20 145 11
15 143 12
15 142 13
15 141 14
15 140 16
15 139 18
15 138 20
118 37 48
118 38 53
118 39 59
31 32 27
31 33 29
31 34 30
31 35 32
15 137 21
15 136 22
15 135 21
15 134 19
15 133 17
15 132 15
15 131 13
15 130 12
15 129 11
72 37 193
15 128 11
15 127 11
15 126 10
15 125 10
15 124 10
15 123 10
113 36 16
15 122 10
15 121 10
15 117 10
26 32 36
15 111 10
46 111 10
51 111 10
56 111 19
87 111 11
92 111 10
41 111 10
92 110 11
97 107 10
67 37 93
82 111 10
108 36 13
36 111 11
62 37 37
77 111 10
103 36 11
31 111 12
57 37 20
72 111 10
98 36 10
26 111 10
52 37 25
67 111 11
93 36 10
21 111 10
98 72 10
47 37 123
62 111 19
88 36 10
16 111 10
42 37 228
57 111 22
26 169 33
26 170 28
98 107 10
83 37 11
129 63 10
37 37 69
124 46 23
124 47 22
124 48 19
124 49 17
124 50 16
124 51 14
124 52 13
78 37 49
124 53 12
124 54 11
124 55 11
21 166 91
21 165 99
16 143 12
52 111 11
93 110 10
93 109 11
119 39 59
119 40 59
32 35 32
32 36 33
32 37 33
47 111 10
73 37 189
88 111 11
114 36 18
27 32 30
42 111 10
68 37 115
83 111 10
109 36 13
37 111 11
63 37 43
78 111 10
104 36 11
32 111 13
58 37 22
73 111 10
99 36 10
27 111 10
53 37 21
68 111 11
94 36 10
94 37 10
94 38 10
94 39 10
94 40 10
94 41 10
94 42 10
94 43 10
94 44 10
94 45 10
94 46 10
22 111 10
99 72 11
99 73 10
94 50 13
94 51 14
94 52 17
48 37 87
94 54 29
63 111 17
94 56 59
94 57 80
94 58 100
94 59 114
89 36 10
94 61 105
94 62 88
94 63 67
94 64 47
94 65 32
94 66 22
94 67 16
94 68 13
94 69 11
94 70 11
17 111 10
94 71 10
94 60 115
94 55 42
94 53 22
94 49 12
43 37 239
94 48 11
58 111 24
94 47 11
27 170 24
99 107 10
84 37 11
130 63 10
38 37 94
22 166 81
22 167 73
17 144 12
17 145 11
17 143 12
53 111 12
79 37 32
94 109 10
125 55 10
125 56 10
125 57 10
125 58 10
125 59 10
125 60 11
120 40 55
120 41 51
33 37 33
48 111 10
74 37 170
89 111 11
115 36 21
28 32 27
43 111 10
69 37 140
84 111 11
110 36 14
38 111 10
64 37 51
79 111 10
105 36 11
33 111 13
59 37 25
74 111 10
100 36 10
28 111 11
54 37 19
69 111 10
95 36 10
23 111 10
100 73 11
100 74 10
100 75 10
100 76 10
49 37 60
100 78 10
64 111 15
100 80 11
100 81 11
100 82 12
100 83 13
90 36 10
100 85 19
100 86 24
100 87 30
100 88 38
100 89 45
100 90 52
100 91 56
100 92 57
100 93 56
100 94 50
18 111 10
100 96 35
100 97 29
100 98 24
100 99 20
100 100 18
44 37 229
100 102 14
59 111 24
100 104 12
100 105 11
28 170 21
28 171 18
85 36 10
85 37 10
28 172 16
100 107 10
100 106 11
100 103 13
100 101 16
100 95 43
100 84 15
100 79 10
100 77 10
131 63 10
95 71 10
39 37 126
23 167 65
23 168 58
18 145 11
54 111 14
95 108 11
80 37 22
95 109 10
126 60 10
126 61 10
126 62 10
126 63 11
121 41 46
121 42 41
121 43 38
34 37 36
49 111 10
75 37 141
90 111 11
116 36 25
29 32 25
44 111 10
70 37 164
85 111 11
111 36 14
39 111 10
65 37 61
80 111 10
106 36 12
34 111 12
60 37 28
75 111 10
101 36 10
29 111 11
55 37 19
70 111 10
96 36 10
24 111 10
50 37 42
65 111 13
91 36 10
19 111 10
96 71 10
45 37 202
60 111 23
86 36 10
29 173 14
29 174 13
29 175 13
29 176 13
29 177 14
29 172 15
132 63 10
40 37 163
55 111 16
24 168 51
24 169 44
19 145 11
96 107 11
96 108 10
81 37 16
127 63 10
122 43 33
35 37 42
50 111 10
76 37 106
91 111 10
117 36 32
117 37 39
30 32 26
45 111 10
71 37 184
86 111 11
112 36 15
25 32 48
40 111 10
66 37 75
81 111 10
107 36 12
35 111 12
61 37 33
76 111 10
102 36 10
30 111 12
56 37 19
71 111 10
97 36 10
25 111 10
51 37 31
66 111 12
