15 74 17
61 102 19
112 151 11
112 152 10
112 153 10
112 154 10
10 74 25
56 102 13
97 102 28
97 105 23
107 154 11
51 91 11
51 92 11
51 93 11
51 94 11
51 95 11
51 96 11
51 97 11
46 74 10
46 75 10
46 76 10
46 77 10
46 78 10
46 79 10
46 80 10
46 81 10
46 82 10
46 83 10
5 74 57
92 102 37
102 154 10
92 106 27
41 74 10
174 106 34
174 107 30
174 108 28
174 109 27
174 110 27
174 111 27
174 112 27
174 113 27
174 114 28
174 115 29
174 116 30
174 117 32
87 102 35
97 154 10
87 106 30
36 74 10
169 103 78
82 102 33
92 154 10
82 106 23
133 151 11
164 96 128
164 97 127
31 74 10
77 102 26
87 155 10
128 151 10
26 74 10
72 102 29
82 157 11
82 158 10
82 159 10
123 151 10
21 74 11
67 102 30
118 151 10
16 74 16
62 102 21
113 151 10
11 74 23
57 102 14
98 102 27
98 104 25
98 105 24
108 154 11
6 74 45
52 97 12
52 98 11
52 99 11
52 100 11
47 83 11
47 84 10
47 85 10
93 102 36
47 87 10
47 88 10
47 89 10
103 154 10
93 106 25
47 91 10
47 90 10
47 86 10
42 74 10
88 102 36
98 154 10
88 106 31
37 74 10
170 103 74
170 104 69
83 102 33
93 154 10
83 106 24
134 151 11
165 97 124
165 98 121
32 74 10
78 102 27
78 106 16
88 155 10
78 108 14
78 109 13
78 110 13
129 151 10
78 112 11
78 113 11
78 114 11
78 115 11
78 116 11
78 117 11
78 118 11
78 119 11
78 120 11
78 121 11
78 122 12
78 123 12
78 124 13
78 125 14
78 126 15
78 127 16
78 128 17
78 129 18
78 130 18
78 131 19
78 132 19
83 157 10
78 134 19
124 151 10
78 136 23
78 137 25
78 138 27
78 139 29
78 140 30
78 141 31
78 142 32
78 143 35
78 144 38
78 145 39
78 146 38
78 147 37
78 148 35
78 149 32
78 150 30
78 151 27
78 152 24
78 153 21
78 154 19
78 155 17
78 156 16
78 157 14
78 158 13
119 151 10
78 160 12
78 161 12
78 162 12
78 163 11
78 164 11
78 165 11
78 166 11
78 167 11
78 168 11
78 169 11
78 170 11
78 171 11
78 172 11
78 173 11
78 174 11
78 175 11
78 176 11
78 177 11
78 178 12
78 179 13
78 180 14
78 181 16
78 182 19
78 183 22
78 184 27
78 185 33
78 186 41
78 187 53
78 188 70
114 151 10
78 159 13
78 135 21
78 133 19
78 111 12
78 107 15
73 102 27
68 102 31
63 102 23
58 102 15
27 74 10
99 96 33
99 97 31
99 98 30
99 99 30
99 100 29
99 101 28
99 102 27
99 103 26
99 104 25
22 74 11
109 154 11
17 74 14
12 74 22
7 74 37
53 100 12
94 102 33
104 154 10
94 106 24
48 91 11
43 74 10
89 102 37
99 154 10
89 106 31
38 74 10
171 104 63
171 105 58
84 102 33
94 154 10
84 106 26
135 151 12
166 98 118
166 99 113
166 100 108
166 101 103
33 74 10
79 102 29
89 154 11
89 155 10
79 106 18
130 151 10
28 74 10
74 102 26
84 156 11
84 157 10
125 151 10
23 74 10
69 102 32
120 151 10
18 74 13
64 102 25
79 176 11
115 151 10
13 74 20
59 102 16
110 154 11
8 74 31
54 100 12
95 102 31
105 154 11
95 106 23
49 91 11
44 74 10
90 102 38
100 154 10
90 106 30
39 74 10
172 105 51
85 102 33
95 154 10
85 106 28
136 151 14
34 74 10
167 101 96
167 102 92
80 102 31
90 154 10
80 106 19
131 151 10
29 74 10
75 102 26
85 156 10
126 151 10
24 74 10
70 102 31
121 151 10
19 74 12
80 163 11
80 164 10
80 165 10
80 166 10
80 167 10
80 168 10
80 169 10
80 170 10
80 171 10
80 172 10
80 173 10
80 174 10
80 175 10
80 176 10
65 102 27
116 151 10
14 74 19
60 102 18
111 154 11
9 74 28
55 100 12
55 101 12
55 102 12
96 102 29
96 105 24
106 154 11
96 106 23
50 91 11
45 74 10
163 38 44
163 39 44
163 40 46
163 41 49
163 42 53
163 43 57
163 44 61
163 45 64
163 46 66
163 47 66
163 48 64
163 49 63
163 50 63
163 51 65
163 52 70
163 53 77
163 54 89
163 55 104
163 56 123
163 57 145
163 58 167
163 59 188
163 60 202
163 61 207
163 62 203
163 63 188
163 64 168
163 65 145
163 66 122
163 67 100
163 68 80
163 69 63
163 70 49
163 71 40
163 72 34
163 73 30
163 74 27
163 75 26
163 76 27
163 77 27
163 78 29
163 79 31
163 80 33
163 81 35
163 82 38
163 83 42
163 84 49
163 85 59
163 86 71
163 87 86
163 88 102
163 89 117
163 90 129
163 91 136
163 92 139
163 93 139
163 94 136
163 95 133
163 96 132
168 102 87
168 103 83
173 105 45
173 106 40
91 102 38
101 154 10
91 106 29
40 74 10
86 102 34
96 154 10
86 106 29
35 74 10
81 102 32
91 154 10
81 106 21
132 151 10
30 74 10
76 102 26
86 155 11
86 156 10
127 151 10
25 74 10
71 102 30
81 159 11
81 160 10
81 161 10
81 162 10
81 163 10
122 151 10
20 74 11
66 102 29
117 151 10
