71 136 45
163 187 10
71 156 11
174 45 13
61 124 16
153 157 28
153 158 33
153 159 39
61 125 17
51 103 12
164 45 10
143 149 54
41 69 11
174 101 10
133 149 142
164 100 10
154 62 11
154 63 10
154 87 10
154 88 11
82 154 16
174 188 10
82 156 26
185 41 31
185 42 27
185 43 24
185 44 22
185 45 20
72 136 39
72 137 33
164 187 10
72 156 11
175 45 14
62 125 18
62 126 19
154 159 46
154 160 52
154 161 57
154 162 61
154 163 61
154 164 57
154 165 50
154 166 41
154 167 32
154 168 25
154 169 19
154 170 15
154 171 13
154 172 11
154 173 11
154 174 10
154 175 10
154 176 10
154 177 10
154 178 10
154 179 10
154 180 10
154 181 10
154 182 10
154 183 10
154 184 11
52 105 19
52 106 25
52 107 35
52 108 48
52 109 64
52 110 82
52 111 97
52 112 106
52 113 107
42 66 11
42 67 10
42 68 10
165 45 10
144 149 35
42 69 10
42 70 10
42 71 10
42 72 10
42 73 11
52 119 42
175 101 10
52 118 50
52 117 61
52 116 74
52 115 89
52 114 101
52 104 15
52 103 13
175 135 19
134 149 162
165 100 10
155 61 11
155 62 10
155 88 10
155 89 10
155 90 11
83 154 19
175 188 10
83 156 34
73 137 28
73 138 24
73 139 21
73 140 18
73 141 16
73 142 14
73 143 13
73 144 12
73 145 11
165 187 10
73 156 11
176 45 15
63 126 22
63 127 23
155 184 10
155 185 11
43 64 11
43 65 10
43 66 10
166 45 10
145 149 24
53 119 35
43 73 10
43 74 10
43 75 11
176 101 10
63 181 11
63 182 10
63 183 10
63 184 10
63 185 10
63 186 10
176 135 14
135 149 181
166 100 10
156 60 11
156 61 10
156 90 10
156 91 11
176 188 10
84 154 24
84 156 43
74 145 11
74 146 11
74 147 10
44 5 14
166 187 10
166 188 11
74 156 11
177 45 16
64 127 27
64 128 31
156 185 10
44 62 11
44 63 10
44 64 10
167 45 10
146 149 17
54 119 30
54 120 25
44 75 10
44 76 10
177 101 10
44 77 11
64 180 11
64 181 10
177 135 12
136 149 196
167 100 10
157 59 11
157 60 10
85 154 30
157 91 10
157 92 10
157 93 11
177 188 10
85 155 38
85 156 52
85 157 76
85 158 113
147 68 10
147 69 10
147 70 10
147 71 10
147 72 10
147 73 10
147 74 10
147 75 10
147 76 10
147 77 10
147 78 10
147 79 10
147 80 10
147 81 10
75 147 10
45 5 12
167 188 10
75 156 11
178 45 17
65 128 37
65 129 42
157 185 10
157 186 11
45 60 11
45 61 10
45 62 10
168 45 10
147 149 14
55 120 22
55 121 19
178 101 10
45 77 10
65 179 11
65 180 10
178 135 11
137 149 203
168 100 10
158 58 11
158 59 10
178 188 10
158 93 10
158 94 11
148 67 11
148 68 10
148 81 10
148 82 11
76 147 10
46 5 12
168 188 10
76 156 11
179 45 18
66 129 50
66 130 56
158 186 10
46 59 11
46 60 10
169 45 10
148 149 13
56 121 18
179 101 11
179 102 10
46 77 10
66 178 11
66 179 10
179 134 11
179 135 10
138 149 197
169 100 10
159 57 11
159 58 10
128 136 23
128 137 27
128 138 33
128 139 39
128 140 47
128 141 54
128 142 61
128 143 67
128 144 71
128 145 72
128 146 74
128 147 76
128 148 81
179 188 11
159 94 10
159 95 10
159 96 11
149 66 11
149 67 10
149 82 10
149 83 11
77 147 10
47 5 11
47 6 11
47 7 11
47 8 11
47 9 11
47 10 11
47 11 11
169 188 10
77 156 12
47 13 11
47 14 10
47 12 11
180 45 18
67 130 65
67 131 70
159 186 10
47 59 10
170 45 11
149 150 12
149 149 12
149 152 13
149 151 12
57 121 17
57 122 16
57 123 15
47 77 10
180 102 10
47 78 11
47 79 11
47 80 11
47 81 12
47 82 12
47 83 13
47 84 13
47 85 13
47 86 12
47 87 12
47 88 11
47 89 11
47 90 11
47 91 10
47 92 10
47 93 10
47 94 10
47 95 10
47 96 10
47 97 10
47 98 10
47 99 10
47 100 10
47 101 10
47 102 10
47 103 11
67 178 10
180 132 11
180 133 10
180 134 10
160 45 10
160 46 10
160 47 10
160 48 10
160 49 10
160 50 10
160 51 10
170 100 10
160 53 10
160 54 10
160 55 10
160 56 10
160 57 10
160 52 10
139 149 178
129 148 85
129 149 92
180 188 11
160 96 10
160 97 11
150 65 11
150 66 10
150 83 10
150 84 11
78 147 11
78 148 10
78 149 10
78 150 10
78 151 10
78 152 10
78 153 10
170 188 10
78 156 12
48 14 10
48 15 10
48 16 10
48 17 10
48 18 10
48 19 10
48 20 10
181 45 18
48 21 10
48 22 10
48 23 10
48 24 10
48 25 10
48 26 10
48 27 10
48 28 10
48 29 10
48 30 10
48 31 10
48 32 10
48 33 10
48 34 10
48 35 10
48 37 11
48 38 13
48 39 15
48 40 19
48 41 25
48 42 35
48 43 50
48 44 66
48 45 80
48 46 88
48 47 87
48 48 79
48 49 65
48 50 50
48 51 36
48 52 26
48 53 19
48 54 15
48 55 13
48 56 12
48 57 11
160 186 10
48 58 11
48 59 10
48 36 11
68 132 78
68 131 77
171 45 11
150 152 12
150 153 13
58 123 15
181 102 11
181 103 10
181 104 10
181 105 10
181 106 10
181 107 10
181 108 10
181 109 10
181 110 10
181 111 10
181 112 10
181 113 10
181 114 10
181 115 11
181 116 11
181 117 11
181 118 12
181 119 13
181 120 13
181 121 14
181 122 15
181 123 15
181 124 15
181 125 14
181 126 13
181 127 12
181 128 12
181 129 11
181 130 11
181 131 10
181 132 10
68 178 10
48 103 11
161 45 10
140 149 149
171 100 11
171 101 10
130 149 98
161 97 10
161 98 10
161 99 11
151 64 11
151 65 10
151 84 10
151 85 11
79 153 11
171 188 10
79 156 14
182 45 19
69 132 80
69 133 77
161 186 10
161 187 11
69 156 13
69 157 15
69 158 17
69 159 21
69 160 26
69 161 31
69 162 37
69 163 43
69 164 48
172 45 11
69 165 50
69 166 49
69 167 45
151 153 13
69 168 40
69 169 33
69 170 26
69 171 21
69 172 17
69 173 15
69 174 13
69 175 12
69 176 11
69 177 11
69 178 10
59 123 15
49 103 11
162 45 10
141 149 114
172 101 10
131 149 109
162 99 10
162 100 11
152 64 10
152 85 10
152 86 11
80 153 11
172 188 10
80 156 16
183 45 19
70 133 74
70 134 67
70 135 60
162 187 10
70 156 12
173 45 12
152 153 14
152 154 16
152 155 18
152 156 20
152 157 24
60 123 16
60 124 15
50 103 12
163 45 10
142 149 80
173 101 10
132 149 124
163 100 10
153 63 11
153 64 10
153 86 10
153 87 11
81 153 12
81 154 13
173 188 10
81 156 20
184 45 19
71 135 52
