102 81 17
51 61 24
20 128 93
20 129 102
133 58 18
133 57 18
133 56 18
174 48 160
61 126 684
82 32 13
82 33 14
92 81 11
71 191 13
164 48 87
51 126 213
72 31 22
123 75 286
123 76 323
61 193 11
61 194 11
61 195 11
61 196 10
82 102 283
82 103 233
72 61 41
154 48 20
195 42 11
41 128 22
41 130 19
41 131 19
82 126 24
82 127 21
82 128 19
82 129 18
113 81 78
195 84 10
62 61 181
144 48 14
31 128 84
31 129 78
185 48 17
72 126 112
82 176 12
82 177 11
82 178 11
103 81 18
52 61 33
134 55 17
21 128 115
21 129 124
134 56 17
175 48 155
62 126 663
83 33 14
93 81 11
72 189 14
72 190 14
72 191 13
165 48 106
52 126 265
73 31 20
124 74 211
124 75 247
62 193 11
83 101 393
83 102 335
73 61 33
155 48 22
196 42 11
196 43 11
196 44 11
196 45 11
196 46 11
196 47 11
196 48 11
196 49 11
196 50 11
42 128 23
42 132 21
42 131 20
83 128 18
83 129 16
83 130 15
83 131 15
83 132 14
114 81 100
196 84 10
63 61 170
145 48 14
32 128 71
32 129 63
186 48 14
83 174 12
83 175 11
83 176 11
73 126 93
104 81 20
53 61 46
135 54 16
135 55 16
22 128 139
22 129 148
176 48 145
63 126 617
84 33 14
84 34 15
84 35 16
84 36 17
84 37 18
73 188 15
73 189 14
94 81 11
166 48 125
53 126 321
74 31 18
125 73 149
125 74 178
63 193 11
84 100 506
84 101 450
74 61 27
156 48 24
43 127 28
43 128 25
197 50 12
43 132 23
43 133 25
84 130 15
84 131 14
84 132 13
84 133 13
84 134 13
84 135 13
115 81 130
197 83 11
197 84 10
64 61 155
146 48 14
33 128 58
33 129 52
187 48 13
84 172 12
84 173 11
84 174 11
74 126 77
105 81 22
54 61 65
136 53 15
136 54 15
23 128 164
23 129 171
177 48 130
64 126 551
95 81 11
85 35 16
74 188 14
85 37 19
85 38 20
85 39 21
85 40 22
85 41 23
85 42 23
85 43 23
85 44 22
85 45 21
85 46 20
85 47 18
85 48 17
85 49 16
85 50 15
85 51 14
85 52 13
85 53 12
85 54 12
85 55 11
85 56 11
85 57 11
85 58 11
85 59 10
85 60 10
85 61 10
85 62 10
85 63 10
85 64 10
85 65 11
85 66 11
85 67 11
85 68 11
85 69 11
85 70 11
85 71 11
85 72 11
85 73 11
85 74 11
85 75 11
85 76 11
85 77 11
85 78 11
75 31 17
85 79 12
85 80 12
85 81 13
85 82 14
85 83 16
85 84 19
85 85 24
85 86 32
85 87 45
64 193 11
85 88 66
85 89 99
85 90 148
85 91 214
85 92 295
85 93 385
85 94 471
85 95 543
85 96 593
85 97 616
85 98 613
85 99 590
85 100 553
54 126 379
13 128 16
13 129 17
13 130 19
13 131 23
13 132 29
75 61 21
126 73 126
126 72 104
126 71 89
157 48 26
167 48 142
44 127 32
198 50 12
198 51 13
198 52 15
44 133 28
44 134 32
44 135 38
44 136 47
44 137 59
44 138 76
44 139 98
85 132 13
44 141 174
44 142 236
85 135 12
44 144 436
44 145 580
44 146 752
44 147 943
44 148 1142
54 197 11
44 150 1510
44 151 1660
44 152 1783
44 153 1878
44 149 1334
44 143 322
44 140 130
116 81 166
198 83 10
65 61 138
147 48 15
34 128 47
34 129 42
188 48 12
85 171 12
85 172 11
75 126 64
106 81 24
55 61 89
137 50 15
137 51 14
137 52 14
137 53 14
24 128 185
24 129 190
178 48 110
65 126 475
96 81 11
86 35 17
75 188 14
86 36 18
86 37 19
86 38 20
86 39 21
86 40 21
86 41 21
86 42 21
86 43 21
86 44 20
86 45 19
86 46 18
86 47 17
86 48 16
86 49 15
86 50 14
86 51 14
86 52 13
86 53 12
86 54 12
86 55 11
86 56 11
86 57 11
86 58 11
86 59 11
86 60 11
86 61 10
86 62 10
14 128 19
14 129 21
86 63 10
86 64 11
86 65 11
86 66 11
55 126 438
86 67 11
86 68 11
86 69 11
86 70 11
168 48 155
127 70 64
76 31 16
127 71 74
65 193 11
76 61 17
158 48 29
45 126 47
45 127 38
199 52 17
199 53 21
199 54 28
199 55 39
199 56 57
199 57 83
199 58 119
199 59 161
86 132 13
86 133 13
199 60 205
199 61 242
199 62 264
86 135 12
86 136 12
86 137 12
86 138 12
86 139 12
86 140 12
55 197 11
86 142 12
86 143 12
86 144 12
86 145 12
86 146 12
86 147 12
86 149 12
86 150 12
86 151 13
86 152 13
86 153 14
86 154 14
86 155 15
86 156 16
66 61 121
86 157 17
86 158 18
86 159 18
86 160 19
86 161 19
86 162 19
189 45 11
86 163 18
86 164 17
86 165 16
35 128 38
35 129 34
86 166 14
86 167 13
86 168 12
86 169 12
76 126 53
86 170 11
86 171 11
86 148 12
86 141 12
199 63 267
199 64 251
199 65 221
199 66 186
199 67 151
199 68 120
199 69 95
199 70 76
199 71 61
199 72 51
199 73 43
199 74 36
199 75 30
199 76 25
199 77 20
199 78 17
199 79 14
199 80 13
199 81 12
199 82 11
199 83 10
86 134 12
107 81 27
117 81 209
148 48 15
189 48 11
56 61 116
189 47 11
189 46 11
138 49 15
138 50 14
25 128 198
25 129 200
179 48 88
66 126 396
97 81 12
76 188 14
15 128 24
15 129 28
169 48 162
56 126 496
87 70 10
87 71 10
87 72 10
87 73 10
87 74 10
87 75 10
87 76 10
87 77 10
77 31 15
87 78 10
87 79 11
128 70 55
128 69 48
128 68 42
128 67 38
66 192 12
66 193 11
77 61 15
159 48 34
46 126 58
118 81 254
56 197 11
67 61 103
149 48 16
190 45 11
36 128 31
36 129 28
77 126 44
108 81 30
57 61 143
139 48 15
139 49 14
26 128 198
26 129 198
180 48 67
67 126 322
98 81 12
77 186 13
77 187 13
77 188 13
16 128 32
16 129 36
170 48 165
57 126 552
129 64 26
129 65 28
129 66 31
129 67 34
78 31 14
88 79 10
88 80 11
67 192 12
78 61 13
160 48 39
47 126 75
119 80 345
119 81 300
57 197 10
68 61 87
150 48 16
191 43 11
191 44 10
191 45 10
37 128 26
37 129 24
78 126 36
109 81 35
191 85 10
191 86 10
191 87 10
191 88 10
191 89 10
191 90 10
191 91 10
191 92 10
191 93 10
191 94 10
191 95 10
191 96 10
191 97 10
191 98 10
191 99 10
191 100 10
58 61 166
68 126 258
27 128 185
27 129 182
140 48 14
181 48 50
99 81 13
78 186 13
48 61 13
48 62 15
17 128 43
17 129 48
171 48 165
58 126 604
130 63 23
130 64 24
130 62 22
79 31 13
89 80 10
89 81 11
68 192 12
79 61 12
161 48 47
48 126 98
120 79 408
120 80 380
58 196 11
58 197 10
69 61 73
151 48 17
192 43 10
38 128 23
38 129 21
79 126 31
110 81 41
192 85 10
59 61 181
141 48 14
28 128 163
28 129 158
182 48 36
69 126 206
79 183 12
79 184 12
79 185 12
79 186 12
100 81 14
49 61 15
18 128 56
18 129 63
172 48 164
131 60 20
131 61 20
59 126 648
131 62 21
80 31 13
80 32 14
90 81 10
69 191 13
69 192 12
80 57 12
80 58 11
80 59 11
80 60 11
80 61 11
162 48 57
49 126 129
121 78 422
121 79 420
59 196 10
80 104 131
80 105 107
80 106 90
80 107 77
80 108 69
70 61 61
80 109 64
80 110 60
80 111 58
80 112 57
80 113 57
80 114 56
80 115 55
80 116 54
80 117 52
80 118 50
80 119 47
80 120 44
80 121 41
80 122 39
80 123 36
80 124 33
80 125 30
80 126 27
80 127 25
80 128 24
39 128 22
39 130 19
39 129 20
152 48 18
193 43 10
111 81 49
193 84 11
193 85 10
60 61 188
142 48 14
29 128 136
29 129 130
183 48 27
70 126 166
80 183 12
101 81 15
50 61 18
19 128 73
19 129 81
132 58 19
132 59 19
132 60 19
173 48 162
60 126 678
81 32 13
81 33 14
81 34 15
81 35 16
81 36 18
81 37 20
81 38 24
70 191 13
81 39 27
81 40 32
81 41 35
81 42 39
81 43 40
81 44 40
81 45 38
81 46 35
81 47 31
81 48 28
81 49 24
81 50 21
81 51 18
81 52 15
81 53 14
81 54 13
81 55 12
81 56 11
81 57 11
91 81 10
163 48 71
50 126 167
122 76 361
122 77 388
122 78 411
60 196 10
81 103 194
81 104 157
71 61 50
153 48 19
194 42 11
194 43 10
40 128 22
40 130 19
81 126 25
81 128 21
112 81 61
194 84 10
61 61 188
143 48 14
30 128 108
30 129 102
184 48 20
71 126 136
81 178 12
81 179 11
81 180 11
81 181 11
81 182 11
81 183 11
