143 74 10
102 82 13
174 26 10
122 189 32
138 74 10
97 82 10
169 26 10
117 189 35
133 74 10
92 82 10
112 189 71
128 74 10
87 82 10
107 189 44
148 185 11
82 82 10
164 74 13
123 84 12
123 85 12
123 86 12
102 189 53
143 185 10
195 26 10
77 82 10
159 74 10
97 187 30
118 86 12
190 26 10
138 186 11
138 187 10
138 188 10
92 176 35
92 177 35
72 82 10
92 178 35
154 74 10
113 82 11
113 83 12
113 84 12
113 85 12
113 86 12
113 87 13
185 26 10
133 189 13
67 82 10
149 74 10
108 82 13
180 26 10
128 189 36
144 74 10
103 82 14
175 26 10
123 189 34
139 74 10
98 82 11
170 26 10
118 189 31
134 74 10
93 82 10
113 189 68
129 74 10
88 82 10
108 189 48
149 185 11
83 82 10
165 74 14
124 84 11
103 189 49
144 185 10
196 26 10
78 82 10
160 74 10
98 187 35
98 188 41
119 86 12
191 26 10
139 186 10
73 82 10
93 178 34
93 179 33
93 180 31
93 181 28
93 182 26
155 74 10
114 87 12
114 88 13
114 89 13
186 26 10
114 91 14
114 92 14
114 93 15
114 94 15
114 95 17
114 96 19
114 97 22
114 98 28
114 99 37
114 100 50
114 101 70
114 90 13
68 82 10
134 189 12
150 74 10
63 66 10
63 67 10
63 68 10
63 69 10
63 70 10
63 71 10
63 72 10
181 26 10
63 73 10
63 74 10
63 75 10
63 76 10
63 77 10
63 78 10
63 79 10
63 80 10
63 81 10
63 82 10
109 82 12
129 189 29
145 74 10
104 82 15
176 26 10
124 189 37
140 74 10
99 82 11
171 26 10
119 189 29
135 74 10
94 82 10
114 189 60
130 74 10
89 82 10
109 189 55
150 185 11
84 82 10
166 74 15
125 84 11
104 189 46
145 185 10
197 26 11
79 82 10
161 74 11
99 188 46
120 86 13
140 185 11
192 26 10
140 186 10
74 82 10
94 182 23
94 183 22
94 184 21
156 74 10
115 86 12
115 87 12
115 88 12
115 89 12
187 26 10
135 189 11
69 82 10
151 74 10
110 82 12
182 26 10
130 189 23
64 82 10
146 74 10
105 82 14
177 26 10
125 189 40
141 74 10
100 82 12
172 26 10
120 189 28
136 74 10
95 82 10
115 189 51
131 74 10
90 82 10
110 189 63
151 185 11
85 82 10
167 74 16
126 84 11
105 189 44
146 185 10
198 26 11
80 82 10
162 74 11
100 188 51
121 86 13
141 185 10
193 26 10
75 82 10
95 184 20
95 185 21
157 74 10
95 186 22
116 86 12
188 26 10
90 171 21
90 172 22
136 189 11
90 173 23
90 175 29
90 174 26
70 82 10
152 74 10
111 82 11
183 26 10
131 189 18
65 82 10
147 74 10
106 82 14
178 26 10
126 189 42
142 74 10
101 82 12
173 26 10
121 189 29
137 74 10
96 82 10
168 26 10
168 27 10
168 28 10
168 29 10
168 30 10
168 31 10
168 32 10
168 33 10
168 34 10
168 35 10
168 36 10
168 37 10
168 38 10
168 39 10
168 40 10
168 41 10
168 42 10
168 43 10
168 44 10
168 45 10
168 46 10
168 47 10
168 48 10
168 49 10
168 50 10
168 51 10
168 52 10
168 53 10
168 54 10
168 55 10
168 56 10
168 57 10
168 58 10
168 59 10
168 60 10
168 61 10
168 62 10
168 63 10
168 64 10
168 65 11
168 66 11
168 67 11
168 68 12
168 69 13
168 70 14
168 71 15
168 72 16
168 73 17
168 74 17
127 83 10
127 84 10
127 82 10
127 81 10
127 80 10
127 79 10
127 78 10
127 77 10
127 76 10
127 75 10
127 74 10
132 74 10
86 82 10
91 82 10
116 189 42
81 82 10
111 189 69
152 185 11
106 189 43
147 185 10
163 74 12
101 188 53
101 189 55
122 86 13
142 185 10
194 26 10
76 82 10
158 74 10
96 186 24
96 187 27
117 86 12
189 26 10
137 188 11
137 189 10
91 175 32
91 176 34
71 82 10
153 74 10
112 82 11
184 26 10
132 189 15
66 82 10
148 74 10
107 82 13
179 26 10
127 189 41
