81 199 766
20 116 95
122 198 17
61 114 23
164 7 130
164 8 124
133 65 45
71 199 367
10 116 42
112 199 25
51 116 156
20 177 73
20 178 71
20 179 70
20 180 70
154 11 373
10 153 20
10 154 17
102 199 18
0 120 15
0 121 15
0 122 16
0 123 18
41 116 107
0 125 26
0 126 36
0 127 52
0 128 77
0 129 115
0 130 165
0 131 225
0 132 292
0 133 358
0 134 423
0 135 489
0 136 554
0 137 614
0 138 659
0 139 683
0 140 679
0 141 648
0 142 599
0 143 539
0 144 479
0 145 423
0 146 376
0 147 339
0 148 313
0 124 21
123 95 52
123 96 40
195 33 813
195 34 926
195 35 1040
195 36 1142
195 37 1218
195 38 1255
195 39 1246
195 40 1188
195 41 1085
195 42 948
195 43 792
195 44 634
195 45 486
195 46 360
195 47 257
92 199 201
185 0 161
195 49 122
195 53 36
195 54 30
31 116 22
195 55 26
133 198 41
195 56 23
144 18 57
195 59 17
195 60 16
195 61 16
195 62 15
195 63 15
195 64 15
195 65 16
195 66 17
144 27 20
123 142 198
144 29 21
144 28 20
195 58 19
195 57 20
175 0 635
195 52 45
195 51 60
195 50 84
195 48 178
195 32 710
144 65 252
82 199 804
21 116 84
123 198 17
62 114 20
165 6 159
165 7 143
134 65 58
185 121 19
72 199 419
11 116 52
113 199 25
52 116 129
21 180 73
21 181 74
21 182 78
21 183 85
155 11 353
124 77 51
124 78 60
124 79 71
124 80 85
124 81 104
11 154 16
124 82 128
124 83 160
124 84 197
124 85 232
124 86 259
124 87 272
124 88 269
124 89 250
124 90 220
124 91 183
124 93 114
124 94 88
1 119 16
1 120 15
103 199 18
124 95 67
124 92 147
42 116 133
186 0 132
145 16 122
145 17 94
145 18 73
1 148 291
1 149 261
145 29 22
145 30 22
145 31 22
93 199 139
32 116 22
134 198 44
176 0 630
145 64 203
145 65 231
83 199 825
22 116 73
124 198 17
63 113 17
63 114 18
166 5 212
166 6 184
135 65 77
186 121 17
73 199 466
12 116 63
114 199 25
53 116 108
22 183 95
22 184 107
22 185 125
156 11 328
125 74 27
125 75 30
125 76 36
125 77 42
12 154 15
12 155 14
2 119 16
104 199 18
43 116 163
187 0 113
146 15 185
146 16 150
2 149 230
2 150 203
146 31 23
146 32 23
146 33 24
94 199 95
33 116 23
135 198 45
177 0 608
146 64 174
84 199 825
23 116 62
125 198 18
64 112 16
64 113 16
167 3 339
167 4 290
167 5 251
136 65 102
187 121 15
74 199 508
13 116 75
115 199 24
54 116 93
23 185 150
157 11 296
126 72 19
126 73 20
126 74 23
13 155 14
13 156 13
3 117 18
3 118 17
3 119 16
105 199 18
44 116 194
188 0 103
147 14 256
147 15 221
3 150 168
147 33 25
147 34 26
95 199 66
34 116 26
136 196 70
136 197 56
136 198 47
178 0 570
147 63 125
147 64 147
85 199 803
24 116 52
126 198 19
65 113 16
168 1 477
168 2 430
168 3 386
137 65 134
188 121 14
75 199 543
14 116 87
116 199 23
55 116 80
24 185 191
158 11 260
127 68 16
127 69 15
127 70 15
127 71 16
127 72 17
14 156 14
14 157 14
4 117 19
106 199 19
45 116 222
189 0 99
148 13 320
148 14 291
4 150 140
4 151 114
148 34 27
96 199 47
117 97 13
117 98 12
117 99 11
35 116 30
117 100 11
117 101 11
117 102 12
117 103 12
117 104 14
117 105 15
117 106 17
117 107 21
117 108 25
179 0 518
148 63 104
86 199 754
25 116 43
127 198 21
66 113 16
66 114 17
169 0 525
169 1 504
138 65 169
189 121 13
76 199 574
15 116 97
117 199 22
56 115 60
56 116 69
25 185 255
159 10 196
159 11 227
128 68 15
15 157 15
15 158 16
5 117 20
107 199 20
46 116 242
190 0 103
190 1 134
190 2 174
190 3 221
149 12 368
149 13 348
190 6 389
190 7 429
190 8 448
190 9 443
190 10 417
190 11 376
190 12 323
190 13 265
190 14 208
5 151 90
190 16 121
190 17 93
190 18 74
190 19 61
190 20 53
190 21 49
190 22 48
190 23 51
190 24 56
190 25 65
149 34 30
149 35 31
149 36 34
190 15 160
190 5 335
97 199 35
190 4 276
118 97 14
36 116 35
118 108 25
118 109 30
118 110 36
118 111 41
118 112 45
118 113 47
118 114 48
118 115 46
118 116 43
118 117 39
118 118 35
118 119 31
118 120 27
118 121 24
118 122 22
118 123 20
118 124 19
118 125 18
118 126 17
118 127 17
180 0 454
149 63 89
149 62 75
87 199 682
26 116 36
128 198 23
67 114 18
67 115 20
170 0 535
139 65 206
190 121 13
77 199 604
16 116 105
118 199 20
57 115 50
160 10 170
129 67 16
129 68 15
129 66 18
16 158 18
16 159 20
16 160 24
16 161 29
16 162 34
16 163 40
16 164 46
16 165 52
16 166 59
6 117 21
6 116 24
108 199 21
47 116 247
150 12 382
6 151 71
6 152 56
191 25 79
191 26 96
191 27 120
150 36 38
150 37 43
150 38 52
98 199 28
150 39 66
119 97 15
150 42 155
150 43 203
37 116 43
150 44 260
150 45 318
150 46 373
150 47 415
150 48 439
150 49 439
150 50 413
150 51 365
150 52 305
150 53 243
150 54 187
150 55 141
181 0 386
150 57 83
150 58 69
150 59 61
150 60 58
150 61 59
150 62 66
150 56 107
150 41 116
150 40 87
119 127 17
119 128 18
119 129 19
119 130 20
119 131 22
191 68 45
191 69 58
191 70 78
191 71 107
191 72 148
191 73 202
191 74 267
191 75 336
191 76 399
191 77 444
191 78 460
88 199 589
191 79 444
191 80 400
191 81 339
191 82 274
27 116 30
191 83 216
129 198 26
191 84 170
191 85 138
191 86 116
191 87 104
68 115 22
68 116 25
191 88 99
191 89 100
191 90 108
191 91 123
191 92 146
191 93 179
191 94 221
191 95 274
191 96 334
191 97 396
191 98 453
191 99 495
191 100 517
191 101 515
191 102 491
191 103 448
191 104 397
191 105 343
191 106 292
191 107 246
191 108 209
191 109 179
191 110 153
191 111 128
191 112 103
191 113 80
191 114 61
191 115 45
191 116 33
191 117 25
191 118 20
191 119 16
191 120 14
191 121 13
78 199 635
171 0 553
140 65 237
191 67 37
17 116 109
68 157 23
68 158 26
119 199 19
68 160 34
68 161 38
68 162 42
58 115 42
68 164 47
68 165 48
68 166 47
68 167 46
68 168 44
68 169 41
68 170 39
68 171 37
68 172 35
68 173 34
68 174 33
68 175 33
68 176 33
68 177 33
68 178 34
68 179 34
68 180 34
68 181 33
68 182 33
68 183 32
68 184 32
68 185 31
68 186 31
68 187 31
68 188 31
68 189 32
68 190 34
68 191 37
68 192 41
68 193 48
68 194 59
68 195 74
68 196 95
68 197 124
68 198 161
68 199 207
68 163 45
68 159 30
161 9 136
161 10 152
7 116 26
130 66 20
17 166 65
17 167 70
17 168 74
17 169 78
17 170 82
109 199 22
48 116 237
151 11 397
151 12 395
7 152 43
192 27 150
192 28 186
192 29 233
99 199 24
120 97 17
38 116 53
182 0 318
120 131 24
120 132 27
120 133 32
120 134 37
120 135 44
120 136 51
120 137 61
120 138 73
120 139 87
120 140 104
192 67 30
89 199 485
28 116 26
130 198 30
69 116 28
172 0 577
141 65 259
69 151 13
69 152 13
69 153 14
69 154 15
69 155 17
18 116 108
69 156 20
69 157 23
120 199 18
79 199 672
59 114 31
59 115 36
162 8 122
162 9 126
131 66 23
69 199 258
8 116 30
110 199 24
18 170 84
18 171 85
49 116 215
18 173 85
18 172 85
152 11 394
8 152 35
8 153 28
193 29 288
193 30 351
100 199 21
121 96 25
121 97 20
193 31 430
39 116 67
183 0 255
142 18 41
142 19 31
142 20 25
142 21 21
142 22 19
142 23 18
142 24 17
142 25 17
193 66 22
193 67 25
121 140 121
121 141 138
121 142 156
90 199 379
29 116 23
131 198 34
70 116 32
70 117 37
70 118 46
70 119 59
70 120 77
70 121 103
70 122 138
70 123 180
70 124 225
70 125 267
70 126 301
70 127 322
70 128 328
70 129 318
70 130 296
70 131 264
70 132 228
70 133 192
70 134 160
70 135 133
70 136 111
70 137 90
70 138 72
70 139 56
70 140 43
70 141 33
70 142 26
70 143 21
70 144 18
70 145 16
70 146 14
70 147 13
70 148 13
70 149 12
70 150 12
70 151 12
80 199 719
173 0 603
142 65 268
19 116 103
121 198 18
121 199 17
60 114 26
163 8 119
132 65 35
132 66 28
70 199 313
9 116 35
111 199 25
50 116 187
19 173 85
19 174 82
19 175 79
19 176 77
19 177 75
153 11 386
9 153 23
101 199 19
194 31 512
122 96 31
194 32 610
40 116 85
184 0 202
143 18 47
143 25 18
143 26 18
143 27 19
194 66 19
122 142 173
91 199 282
30 116 22
132 198 38
174 0 625
143 65 265
