40 192 12
71 137 10
71 138 10
71 139 10
71 140 10
71 141 10
71 142 10
71 143 11
143 80 10
71 144 10
71 136 10
153 128 10
51 58 266
61 113 10
102 107 48
82 21 11
82 22 10
30 192 10
174 65 11
174 66 10
133 78 10
71 190 23
143 128 10
41 58 13
51 113 10
92 108 51
153 199 10
113 17 21
20 192 10
123 78 10
72 38 11
61 190 37
195 14 11
164 70 10
164 81 10
31 58 10
41 113 10
143 194 10
82 108 12
103 17 10
164 118 13
164 119 13
51 192 51
164 120 12
164 121 12
164 122 12
31 100 14
164 123 12
164 124 11
164 125 11
154 80 10
164 126 11
21 58 10
21 59 10
164 127 11
82 149 11
82 150 10
82 151 10
82 152 10
82 153 10
62 53 61
62 54 62
164 128 10
82 157 10
113 107 43
93 17 11
93 18 10
185 52 12
185 53 12
185 54 12
185 55 12
185 56 12
185 57 11
185 58 11
185 59 11
185 60 10
41 192 12
144 80 10
72 145 10
72 144 11
154 128 10
52 58 327
72 157 10
72 158 10
72 159 10
72 160 10
62 113 10
72 161 10
103 107 57
72 162 10
72 163 10
72 164 10
72 165 10
72 166 10
72 167 10
72 168 10
72 169 10
72 170 11
72 171 11
72 172 12
83 21 10
72 173 12
72 174 12
72 175 13
72 176 13
72 177 14
72 178 15
175 62 11
175 63 10
31 192 10
175 64 10
175 65 10
72 179 17
72 180 20
72 181 23
72 190 21
72 182 25
144 128 10
72 183 27
72 184 28
72 185 28
72 186 28
72 187 26
72 188 24
134 78 10
72 189 22
42 58 15
52 113 10
93 108 50
154 199 11
21 192 10
124 78 10
73 38 11
62 190 38
196 14 12
165 70 10
165 81 10
32 58 11
42 113 10
144 194 10
144 195 11
83 108 13
104 17 10
165 117 15
165 118 14
52 192 52
32 100 14
114 87 12
155 80 10
114 89 15
114 90 18
22 59 10
114 92 26
114 93 33
114 94 44
114 95 58
114 96 72
83 153 11
83 154 10
83 155 10
73 108 11
83 157 10
73 110 12
73 111 12
73 112 13
73 113 13
73 114 13
73 115 13
73 116 13
73 117 13
73 118 12
73 119 12
73 120 11
94 17 10
73 122 11
73 123 11
73 124 12
73 125 12
73 126 13
73 127 14
73 128 14
73 129 14
73 130 14
73 131 13
73 132 12
73 133 11
73 134 11
73 135 11
42 192 13
73 136 10
73 121 11
73 109 11
114 107 40
114 106 44
114 105 48
114 104 53
145 80 10
73 145 11
114 103 55
114 102 59
114 101 65
114 100 73
114 99 81
114 98 85
114 97 82
114 91 21
114 88 13
63 53 64
53 58 361
73 157 10
22 58 10
186 50 14
186 51 13
63 113 10
186 52 12
104 107 69
155 128 10
84 20 11
84 21 10
176 61 11
176 62 10
32 192 11
135 78 10
145 128 10
43 58 18
53 113 10
94 108 49
155 199 11
22 192 10
125 78 10
74 38 11
63 190 40
197 14 14
166 70 10
166 81 10
33 58 11
43 113 10
145 195 10
84 108 14
145 196 11
105 17 10
166 116 19
166 117 16
53 192 50
33 100 13
115 87 11
156 80 10
23 58 10
23 59 10
64 53 71
84 155 11
84 156 10
84 157 10
74 108 11
95 17 10
187 49 18
187 50 15
43 192 13
74 137 10
74 138 10
74 139 10
74 140 10
74 141 11
74 142 11
74 143 11
146 80 10
74 145 10
74 144 11
74 136 11
156 128 10
54 58 359
74 157 10
64 113 10
105 107 80
85 20 10
177 61 10
33 192 11
136 78 10
146 128 10
44 58 25
54 113 10
95 108 45
156 199 11
23 192 10
126 78 10
75 38 11
64 190 42
198 14 16
167 70 10
167 81 10
34 58 11
167 82 11
167 83 11
167 84 11
167 85 12
167 86 12
167 87 12
44 113 10
167 88 12
167 89 13
85 108 17
167 90 13
167 91 13
167 92 14
167 93 14
167 94 14
167 95 15
167 96 16
167 97 17
167 98 19
167 99 23
167 100 30
167 101 39
106 17 11
167 102 51
167 103 63
167 104 75
167 105 89
167 106 106
167 107 123
167 108 134
167 109 134
167 110 120
167 111 98
167 112 73
167 113 53
188 14 12
188 15 15
54 192 46
188 16 20
188 17 30
188 18 45
34 100 12
34 101 12
34 102 11
34 103 11
157 80 10
34 105 11
34 106 11
34 107 11
34 108 11
34 109 11
34 110 11
34 111 10
34 104 11
24 59 10
116 87 11
65 53 81
85 156 10
85 157 10
75 108 11
24 58 10
188 19 65
188 20 85
188 21 105
188 22 128
188 23 160
188 24 209
188 25 281
188 26 380
188 27 502
96 17 10
188 28 632
188 29 744
188 30 813
188 31 822
188 32 773
188 33 688
188 34 601
188 35 537
188 36 499
188 37 482
188 38 478
188 39 472
188 40 453
188 41 410
44 192 14
188 42 342
188 43 260
188 44 181
188 45 119
188 46 76
188 47 48
188 48 31
147 80 10
75 145 10
188 49 22
167 114 38
167 115 28
167 116 22
157 128 10
146 196 10
146 197 10
146 198 10
55 58 326
146 199 11
75 157 10
65 113 10
106 107 90
86 20 10
178 60 11
178 61 10
34 192 11
137 78 10
147 128 10
45 58 35
55 113 10
96 107 42
96 108 42
24 192 10
127 78 10
76 38 11
65 190 43
168 70 10
35 58 11
45 113 10
86 108 22
147 199 10
107 17 11
189 14 12
117 79 11
66 40 12
66 41 13
66 42 13
117 83 10
117 84 10
117 85 10
66 43 14
66 44 15
66 45 18
66 46 21
66 47 27
158 80 10
66 49 50
66 50 65
66 51 79
66 52 87
66 53 89
66 48 37
55 192 42
35 111 10
86 156 11
86 157 10
25 59 10
76 108 11
117 87 10
117 86 10
117 82 10
117 81 10
117 80 10
25 58 10
97 17 10
45 192 17
148 80 10
76 145 10
158 128 10
56 58 278
76 157 10
66 113 10
107 107 96
87 20 10
179 60 10
35 192 12
138 78 10
148 128 10
46 58 49
56 113 10
97 107 42
25 192 10
128 78 10
77 38 11
66 190 42
169 70 10
36 58 12
46 113 10
87 108 29
148 199 10
108 17 12
118 71 14
118 72 13
118 73 13
118 74 12
118 75 12
118 76 11
118 77 11
118 78 10
118 79 10
67 40 12
56 192 39
190 14 11
159 80 10
26 58 10
26 59 10
36 111 10
77 108 11
87 157 10
98 17 10
46 192 20
149 80 10
77 145 10
159 128 10
57 58 229
77 157 10
67 113 10
67 114 10
67 115 10
67 116 10
67 117 10
67 118 10
67 119 10
67 120 10
67 121 10
67 122 10
67 123 10
88 20 10
67 125 10
67 126 10
67 127 10
67 128 10
67 129 10
67 130 10
67 131 10
67 132 10
67 124 10
108 107 95
180 60 10
36 192 12
139 78 10
149 128 10
47 58 68
57 113 10
98 107 44
26 192 10
170 69 11
129 78 10
78 38 11
67 190 39
170 70 10
37 58 12
47 113 10
88 108 37
149 199 10
139 158 584
139 159 598
139 160 640
109 17 13
139 161 712
139 162 799
139 163 867
139 164 883
139 165 834
119 71 13
139 166 729
139 167 595
139 168 460
139 169 346
139 170 260
139 171 203
191 14 11
160 70 10
68 40 12
57 192 38
160 71 10
160 72 10
160 73 10
160 74 10
160 75 10
160 76 10
160 80 10
160 77 10
27 58 10
27 59 10
160 78 10
160 79 10
160 81 10
37 111 11
37 112 10
139 172 167
139 173 146
139 174 130
78 108 11
139 175 119
139 176 113
139 177 108
139 178 99
139 179 86
139 180 67
139 181 48
139 182 33
139 183 23
139 184 17
139 185 14
139 186 12
99 17 10
139 187 11
139 188 11
139 189 10
139 190 10
139 191 10
139 192 10
139 193 10
139 194 10
47 192 25
150 80 10
78 145 11
78 146 10
160 128 10
58 58 188
78 157 10
109 107 86
89 20 10
68 132 11
68 133 10
181 60 10
37 192 13
140 78 10
140 79 11
150 128 10
48 58 96
58 113 10
99 107 46
27 192 10
171 68 11
171 69 10
130 78 10
79 38 11
68 190 35
38 58 12
48 113 10
89 108 44
150 199 10
140 157 536
140 158 557
110 17 14
120 71 12
192 14 11
58 191 39
69 40 12
58 192 38
161 70 10
161 81 10
28 58 10
28 59 10
38 112 10
140 194 10
79 108 11
100 17 10
48 192 32
151 80 10
161 128 10
79 146 10
59 58 154
79 157 10
110 107 73
90 19 11
90 20 10
182 60 10
69 133 11
69 134 10
38 192 13
141 79 10
151 128 10
49 58 138
59 113 10
100 107 48
80 23 10
80 24 10
80 25 10
80 26 10
80 27 10
80 28 10
80 29 10
80 30 10
80 31 10
80 32 10
80 33 10
80 34 10
80 35 10
80 36 10
80 37 10
131 78 10
80 38 10
69 190 30
28 192 10
172 67 11
172 68 10
39 58 12
141 143 11
141 144 11
49 113 10
141 145 12
141 146 13
90 108 49
141 147 17
141 148 26
141 149 43
141 150 72
141 151 120
141 152 186
141 153 263
141 154 338
141 155 400
141 156 450
141 157 493
151 199 10
111 17 16
121 71 11
121 72 11
121 73 11
121 74 10
121 75 10
121 76 10
121 77 10
121 78 10
70 39 12
70 40 11
59 191 37
193 14 11
162 70 10
162 81 10
29 58 10
29 59 10
39 112 11
39 113 10
141 194 10
80 108 11
101 17 10
49 192 40
152 80 10
162 128 10
80 146 11
80 147 10
19 59 10
19 58 10
60 55 80
60 56 92
60 57 110
60 58 129
80 157 10
111 107 60
91 19 10
183 60 10
70 134 10
39 192 12
142 79 10
142 80 11
152 128 10
50 58 197
60 113 10
101 107 48
81 22 11
81 23 10
29 192 10
173 66 11
173 67 10
132 78 10
70 190 26
142 128 10
142 129 10
142 130 10
142 131 10
142 132 10
142 133 10
142 134 10
142 135 10
142 136 10
142 137 10
40 58 12
142 138 10
142 139 10
142 140 10
142 141 10
142 142 10
142 143 10
50 113 10
91 108 51
152 199 10
112 17 18
122 78 10
71 39 11
71 38 11
60 190 38
60 191 37
194 14 11
163 70 10
163 81 10
30 58 10
30 59 10
30 60 10
30 61 10
30 62 10
30 63 10
30 64 10
40 113 10
30 66 11
30 67 11
30 68 11
30 69 11
30 70 11
30 71 12
30 72 12
30 73 14
30 74 15
30 75 18
30 76 21
30 77 24
30 78 27
30 79 30
30 80 33
102 17 10
30 82 36
30 83 37
30 84 38
30 85 39
30 86 40
30 87 42
30 88 44
30 89 45
30 90 44
30 91 41
30 92 38
30 93 33
30 94 29
30 95 25
50 192 47
30 97 19
30 98 17
30 99 16
30 100 15
30 96 21
30 81 35
30 65 10
153 80 10
81 108 11
20 58 10
81 147 11
81 148 10
81 149 10
20 59 10
61 54 65
61 55 70
163 128 10
142 194 10
81 157 10
112 107 50
92 18 11
92 19 10
184 60 10
71 134 11
71 135 10
