92 39 11
71 146 10
51 55 12
51 56 11
51 57 11
128 21 30
128 22 33
87 39 15
66 145 11
123 20 26
46 61 17
46 62 20
82 39 22
61 145 17
118 20 71
41 63 48
77 39 34
56 145 12
107 186 14
102 166 188
102 167 218
102 168 266
102 169 329
102 170 391
102 171 427
113 20 297
102 172 420
97 150 12
36 63 52
36 64 53
97 151 13
102 173 370
102 174 294
102 175 216
102 176 150
102 177 103
72 39 17
102 178 73
51 145 11
102 179 54
102 180 42
102 181 33
102 182 25
102 183 20
102 184 16
102 185 13
102 186 12
108 20 449
92 149 11
31 67 40
46 143 10
41 120 122
41 121 130
46 144 10
46 145 10
67 50 103
87 147 11
103 20 175
26 68 14
26 69 13
26 70 12
26 71 11
26 72 11
26 73 11
26 74 11
26 75 11
26 76 11
26 77 11
26 78 11
26 79 11
26 80 12
26 81 12
26 82 12
26 83 12
26 84 12
26 85 12
26 86 12
26 87 12
62 50 27
36 117 40
98 26 58
98 27 56
98 28 56
98 29 58
98 30 57
98 31 51
98 32 41
98 33 30
98 34 22
98 35 16
98 36 13
31 117 21
36 118 49
82 146 10
57 50 14
77 146 10
26 117 11
134 22 206
93 39 11
72 146 10
52 55 11
129 22 42
88 39 15
67 145 10
67 146 10
47 60 14
47 61 15
124 20 24
83 39 20
62 145 15
119 20 53
42 63 46
78 39 33
57 145 14
108 186 15
114 20 233
37 63 51
98 151 13
98 152 14
73 39 20
52 145 11
103 186 12
109 20 477
93 149 11
93 150 12
32 66 51
32 67 47
68 39 12
68 40 13
68 41 15
68 42 17
68 43 20
68 44 24
68 45 30
68 46 39
68 47 54
68 48 78
68 49 108
68 50 140
42 121 146
104 20 218
42 122 154
42 123 168
47 145 10
88 147 11
88 148 12
27 68 16
37 118 58
63 50 34
83 146 10
99 23 67
99 24 65
99 25 63
99 26 61
32 117 24
58 50 16
78 146 10
27 117 11
135 22 227
94 38 11
94 39 10
73 146 10
53 55 11
130 22 57
89 39 14
68 146 10
48 58 13
48 59 12
48 60 13
125 20 23
84 39 18
63 145 14
120 20 41
43 63 41
79 39 30
58 145 15
109 186 16
115 20 178
38 63 49
99 152 14
99 153 15
99 154 18
74 39 25
53 145 11
104 186 12
110 20 471
94 150 12
33 65 57
33 66 55
69 39 13
48 145 10
43 123 181
43 124 184
43 125 182
43 126 179
43 127 181
43 128 190
43 129 200
43 130 205
43 131 195
105 20 269
43 132 168
43 133 130
43 134 91
43 135 59
43 136 37
43 137 24
43 138 17
28 68 19
43 139 14
38 118 69
38 119 80
43 140 12
43 141 12
43 142 11
43 143 11
89 148 11
89 149 12
64 50 44
84 146 10
84 147 11
100 22 80
100 23 74
33 117 26
59 50 17
79 146 10
28 117 13
136 22 223
95 38 10
54 50 12
54 51 12
54 52 12
54 53 12
54 54 12
54 55 11
74 146 10
131 22 84
90 39 13
69 146 10
49 58 12
126 20 23
85 39 17
64 145 12
121 20 33
44 62 30
44 63 36
80 39 27
59 145 16
110 186 18
116 20 133
39 63 49
100 154 19
100 155 24
100 156 32
100 157 42
100 158 55
75 39 30
100 159 71
54 145 11
100 160 85
100 161 95
100 162 100
100 163 104
100 164 109
100 165 121
105 186 12
111 20 430
95 150 12
34 64 56
34 65 57
70 39 13
49 145 10
106 20 330
90 149 11
29 68 23
39 119 88
44 143 11
65 50 57
85 147 11
101 20 119
101 21 100
101 22 90
34 117 29
60 50 20
80 146 10
29 117 15
96 37 11
96 38 10
55 50 12
24 107 10
24 108 10
24 109 10
24 110 10
24 111 10
24 112 10
24 113 10
24 114 10
24 115 10
24 116 10
24 117 10
24 118 10
132 22 121
75 146 10
91 39 12
70 146 10
50 57 12
50 58 11
127 20 24
127 21 27
86 39 16
65 145 11
122 20 29
45 62 24
81 39 24
60 145 17
117 20 97
40 63 49
76 39 34
55 145 12
106 186 13
101 165 142
101 166 161
112 20 367
96 150 12
35 64 54
71 39 15
50 145 10
107 20 394
91 149 11
30 67 35
30 68 28
40 119 102
40 120 109
45 143 11
66 50 77
86 147 11
102 20 135
35 117 33
61 50 23
81 146 10
25 87 13
25 88 13
25 89 14
25 90 15
25 91 18
25 92 23
25 93 31
25 94 41
25 95 55
25 96 67
25 97 72
25 98 67
25 99 54
25 100 40
25 101 28
25 102 21
25 103 16
25 104 13
25 105 12
25 106 11
25 107 10
56 50 13
97 36 12
97 37 11
30 117 18
76 146 10
25 117 10
133 22 166
