112 139 45
112 140 43
163 187 13
10 73 74
102 118 10
133 63 12
153 160 24
174 59 10
61 131 14
51 94 21
51 95 18
102 136 35
51 97 19
51 98 23
51 99 31
51 100 41
51 101 51
51 102 58
51 103 60
51 104 60
51 105 59
51 106 61
51 107 67
51 108 81
51 109 103
51 110 128
51 111 145
51 112 145
51 113 127
51 114 101
51 115 75
51 116 55
51 117 42
51 118 34
51 119 29
51 120 27
51 121 25
51 122 25
51 123 25
51 124 26
51 125 25
51 126 22
123 63 28
143 160 195
51 129 13
51 130 12
164 59 47
51 131 11
51 128 15
51 127 18
92 127 11
51 96 18
41 93 115
195 26 11
133 157 82
113 65 10
154 59 50
82 131 37
31 92 118
185 27 26
123 150 21
123 151 24
123 152 30
21 79 24
103 65 10
144 62 22
72 131 182
113 140 39
113 141 35
164 187 13
11 73 61
134 62 12
134 63 11
103 118 10
154 160 25
175 59 10
62 131 18
1 45 24
103 136 45
124 63 29
144 160 157
165 59 40
52 131 11
93 127 11
42 93 103
42 94 92
196 26 11
134 157 93
134 158 110
114 63 11
114 64 11
114 65 10
155 59 52
83 131 27
32 92 137
186 27 27
124 152 35
124 153 42
22 79 24
22 80 24
104 65 10
145 62 23
73 131 167
114 141 32
114 142 28
114 143 26
165 187 13
12 73 50
12 74 40
135 62 11
104 118 10
155 160 26
176 59 10
63 131 26
2 45 23
104 136 51
125 63 27
145 160 115
166 59 34
53 131 11
94 127 11
43 94 83
197 20 11
197 21 10
197 22 10
197 23 10
197 24 10
197 25 10
197 26 10
135 158 123
115 63 11
156 59 55
84 129 17
84 130 18
84 131 21
33 92 161
187 27 27
125 153 49
125 154 54
125 155 57
23 80 25
105 65 10
146 62 23
74 131 158
115 143 23
115 144 22
177 35 99
177 36 106
177 37 121
177 38 140
177 39 161
177 40 176
177 41 178
177 42 164
177 43 138
177 44 107
177 45 78
177 46 56
177 47 41
177 48 32
177 49 26
177 50 23
177 51 21
177 52 19
177 53 17
177 54 15
177 55 13
177 56 12
177 57 11
177 58 11
177 59 10
136 62 12
156 160 26
166 187 13
64 131 42
13 74 33
3 49 34
3 50 43
3 51 54
3 52 67
3 53 77
3 54 84
3 55 84
105 136 54
3 57 74
3 58 63
3 59 53
3 60 46
3 61 43
3 62 44
3 56 81
3 48 28
3 47 24
3 46 22
3 45 21
126 63 24
146 160 80
95 119 11
95 120 11
167 59 27
95 121 11
95 122 12
95 123 12
95 124 12
95 125 12
95 126 12
95 127 11
54 131 11
198 12 10
198 13 10
198 14 10
198 15 10
198 16 10
198 17 10
198 18 10
198 19 10
198 20 10
44 94 76
136 158 142
116 63 11
136 159 157
157 59 60
85 129 14
34 92 184
188 27 26
126 155 58
126 156 56
24 80 25
106 65 10
147 62 24
75 131 156
178 30 43
178 31 53
178 32 64
178 33 75
178 34 83
178 35 93
116 144 19
116 145 19
167 187 13
14 74 29
14 75 25
137 62 12
157 160 25
65 131 67
106 136 53
4 62 47
4 63 47
127 63 20
147 160 55
96 119 11
168 59 20
55 131 11
199 12 10
45 94 69
117 63 12
137 159 168
137 160 184
158 59 65
86 129 14
35 92 201
189 27 23
127 156 55
127 157 54
25 80 26
107 65 10
148 61 25
148 62 24
76 131 157
179 30 36
117 145 17
117 146 16
168 187 12
15 75 24
15 76 23
138 62 12
158 160 24
66 131 104
107 136 51
5 63 52
5 64 52
97 118 10
128 63 17
148 160 40
97 119 10
169 59 16
56 131 11
46 94 60
118 63 12
138 160 185
159 59 70
87 129 13
36 92 207
190 27 20
128 157 55
26 80 29
108 65 10
26 82 34
26 83 41
149 60 28
149 61 26
26 86 58
26 87 57
26 88 56
26 85 55
26 84 48
77 131 152
26 81 30
180 29 30
180 30 33
118 146 15
169 187 12
16 76 23
16 77 23
139 62 13
159 160 23
159 161 27
159 162 33
159 163 39
159 164 46
159 165 51
159 166 51
159 167 45
159 168 37
159 169 30
159 170 25
159 171 23
159 172 23
159 173 25
159 174 29
159 175 32
108 136 51
159 176 34
159 177 34
159 178 32
159 179 29
159 180 25
159 181 22
67 131 149
6 64 57
6 65 62
6 66 68
6 67 74
6 68 82
98 118 10
129 63 16
149 160 31
170 59 13
57 131 11
47 94 50
119 63 14
139 160 193
160 59 72
88 129 13
37 92 202
191 27 16
129 157 58
109 65 10
150 60 31
27 88 56
27 89 56
78 131 135
181 28 25
181 29 27
119 146 14
119 147 14
119 148 15
17 77 24
17 78 23
99 65 10
99 66 10
99 67 10
99 68 10
99 69 10
140 62 14
99 70 10
99 71 10
99 72 10
99 73 10
99 74 10
99 75 10
99 76 10
99 77 10
99 78 10
99 79 10
99 80 10
99 81 10
99 82 10
99 83 10
99 84 10
99 85 10
99 86 11
99 87 11
99 88 12
99 89 14
99 90 16
99 91 18
99 92 19
99 93 20
99 94 20
99 95 20
99 96 21
99 97 23
99 98 25
99 99 28
99 100 30
99 101 29
99 102 26
99 103 21
99 104 17
99 105 15
99 106 13
99 107 12
99 108 12
99 109 12
99 110 12
99 111 12
99 112 11
99 113 11
99 114 11
99 115 10
99 116 10
99 117 10
130 63 14
99 118 10
99 119 10
99 120 10
171 59 12
99 121 11
99 122 11
99 123 11
99 124 12
99 125 13
99 126 14
99 127 14
99 128 15
99 129 14
99 130 14
99 131 14
99 132 14
99 133 14
99 134 14
99 135 15
99 136 16
109 136 50
109 137 49
150 160 27
160 181 19
160 182 17
160 183 16
160 184 15
68 131 188
58 131 11
48 94 39
7 71 105
7 70 102
7 69 96
7 68 90
120 63 16
140 160 206
161 59 69
89 129 12
38 92 187
192 27 14
130 157 63
110 65 10
151 59 40
151 60 35
28 89 61
28 90 64
79 131 107
182 28 25
120 148 14
18 78 24
100 65 10
141 62 16
69 131 210
110 137 48
161 184 14
161 185 14
161 186 13
161 187 13
8 71 105
8 72 100
100 118 10
131 63 13
151 160 25
172 59 11
59 131 12
49 94 31
100 136 20
121 63 20
141 160 218
162 59 62
90 129 12
39 92 168
193 27 12
131 157 69
111 65 10
152 59 45
29 90 74
80 131 78
29 91 81
183 27 26
183 28 25
121 148 14
121 149 15
19 78 25
19 79 24
101 65 10
142 62 18
70 131 212
111 137 49
111 138 47
111 139 48
162 187 13
9 72 95
9 73 86
101 118 10
132 63 12
152 160 24
173 59 11
60 131 12
50 94 24
101 136 26
122 63 24
142 160 217
163 59 54
91 127 12
91 128 11
91 129 11
40 92 149
40 93 132
194 26 11
194 27 11
132 157 75
112 65 10
153 59 48
81 131 54
30 92 105
30 91 93
184 27 26
122 149 16
122 150 18
20 79 24
102 65 10
143 62 21
71 131 199
