122 179 11
140 173 171
184 78 22
156 47 85
158 166 56
158 167 45
117 180 12
138 78 12
138 79 11
135 173 63
179 78 57
151 47 18
153 173 47
112 182 14
112 183 15
169 48 17
112 184 18
112 185 22
174 75 126
130 173 14
146 47 10
197 94 13
197 95 12
148 173 307
164 47 14
192 87 10
192 88 10
192 89 10
125 176 10
161 150 14
161 151 15
161 152 18
161 153 23
161 154 31
161 155 45
161 156 65
161 157 91
187 78 15
159 47 45
161 158 119
161 159 143
161 160 159
161 161 163
161 162 156
161 163 143
161 164 132
143 173 291
141 74 25
141 75 21
141 76 18
120 179 11
138 173 122
182 78 34
154 47 55
156 167 31
156 168 26
156 169 24
115 180 12
136 79 12
172 48 21
177 77 76
133 173 32
149 47 12
151 173 105
167 47 14
167 48 14
128 173 12
128 174 11
144 47 10
144 48 10
195 89 11
195 90 11
144 49 11
144 50 11
144 51 13
144 52 16
144 53 22
144 54 35
144 55 59
144 56 96
144 57 140
144 58 183
144 59 217
144 60 237
162 47 17
144 61 245
190 81 12
190 82 12
190 83 11
144 62 245
144 63 237
144 64 212
144 65 176
144 66 139
144 67 109
144 68 89
144 69 76
146 173 369
123 177 10
123 178 10
123 179 10
141 173 205
185 78 18
157 47 81
159 165 86
159 166 71
118 179 11
118 180 11
139 77 13
139 78 12
136 173 83
180 78 50
152 47 26
154 173 36
113 181 13
134 79 14
170 48 18
113 182 13
175 75 115
175 76 98
131 173 17
147 47 11
198 95 13
198 96 12
149 173 236
165 47 14
126 174 11
126 175 11
126 176 10
193 89 11
144 173 327
188 78 14
188 79 13
160 47 30
142 71 46
142 72 40
142 73 34
142 74 29
121 179 11
139 173 144
183 78 27
155 47 74
157 167 36
116 180 12
137 79 11
173 48 21
173 49 22
173 50 23
173 51 26
173 52 31
178 77 71
178 78 64
173 55 64
173 56 86
173 57 114
173 58 150
173 59 194
173 60 239
173 61 279
173 62 306
173 63 318
173 64 321
173 65 325
173 66 333
173 67 344
173 68 354
173 69 355
173 70 343
173 71 315
173 72 272
173 73 225
173 74 183
173 75 156
173 54 49
173 53 38
168 48 15
150 47 14
145 47 10
134 173 45
196 90 12
196 91 12
196 92 12
196 93 12
196 94 12
152 173 68
129 173 13
147 173 355
163 47 15
191 83 11
191 84 11
191 85 11
191 86 11
191 87 10
124 176 11
124 177 10
160 150 16
142 173 247
186 78 16
158 47 64
160 164 117
160 165 102
119 179 11
140 76 16
140 77 14
137 173 102
181 78 42
153 47 38
155 169 23
155 170 23
155 171 25
155 172 27
155 173 30
114 180 12
135 79 12
171 48 20
114 181 12
176 76 91
176 77 84
132 173 23
148 47 11
199 96 13
199 97 12
199 98 12
199 99 12
199 100 12
199 101 14
199 102 16
199 103 22
199 104 36
199 105 67
199 106 127
166 47 14
150 173 163
127 174 11
194 89 11
145 173 355
189 79 13
189 80 13
189 81 12
161 47 22
143 69 68
143 70 59
143 71 53
