117 154 11
71 138 21
71 139 22
5 35 20
5 36 22
5 37 25
112 142 13
112 143 14
112 144 15
112 145 16
112 146 16
112 147 16
112 148 15
30 159 13
30 160 14
30 161 14
30 162 16
30 163 18
30 164 22
66 139 37
30 165 27
30 166 34
30 167 43
107 135 12
30 168 50
30 169 54
30 170 54
30 171 52
30 172 49
30 173 46
30 174 45
30 175 43
30 176 40
30 177 38
30 178 36
30 179 36
30 180 38
30 181 44
10 71 996
5 63 409
5 62 426
5 61 442
5 60 450
61 139 51
5 59 448
5 58 438
5 57 408
102 135 15
5 56 349
5 55 274
5 54 202
5 53 145
5 52 105
5 51 81
5 50 67
5 49 61
5 48 60
5 47 61
5 46 63
5 45 65
5 44 66
5 43 64
5 42 59
5 41 51
5 40 43
5 39 35
5 38 29
56 139 19
36 38 497
41 38 413
46 38 140
97 135 17
77 38 12
20 111 91
143 162 14
31 38 223
51 139 11
72 38 21
92 137 26
138 162 13
26 35 108
26 36 119
46 141 10
67 38 23
87 137 25
133 162 11
21 35 140
41 142 11
41 143 10
62 38 40
82 137 31
128 158 12
128 159 12
128 160 12
16 35 182
57 38 95
36 143 11
36 144 10
77 137 25
123 154 11
123 155 12
123 156 13
36 145 10
11 35 65
26 112 108
26 113 100
52 38 78
16 71 2049
16 72 2034
16 73 2023
118 154 11
72 138 20
16 74 2007
16 75 1970
16 76 1903
16 77 1799
16 78 1664
16 79 1506
16 80 1342
6 35 23
16 81 1184
16 82 1036
31 158 14
31 159 13
16 83 885
16 84 719
16 85 559
16 86 428
113 148 14
113 149 14
113 150 13
11 71 1189
47 38 109
16 87 347
16 88 322
67 139 34
16 89 298
16 90 276
16 91 262
108 135 11
108 136 11
108 137 12
16 92 279
16 93 297
16 94 314
16 95 338
16 96 370
6 63 381
6 64 356
16 97 404
16 98 432
16 99 444
16 100 436
16 101 412
42 38 335
16 102 378
16 103 345
16 104 319
21 111 95
62 139 53
21 112 101
103 135 14
37 38 552
57 139 23
78 38 12
98 135 16
144 162 14
32 38 265
52 139 12
73 38 19
93 135 30
93 136 27
93 137 25
139 162 13
27 36 124
27 37 130
27 38 137
47 141 10
68 38 22
88 137 25
134 162 11
22 35 133
42 142 10
63 38 32
83 137 30
129 160 11
129 161 11
129 162 11
17 35 181
58 38 88
37 143 10
78 137 27
124 156 12
12 35 86
27 113 88
53 38 85
73 137 19
119 154 11
73 138 19
7 35 27
32 156 14
32 157 13
32 158 13
22 112 106
114 150 12
12 71 1417
48 38 88
68 139 31
17 104 290
109 137 11
109 138 12
17 105 260
17 106 232
17 107 202
7 64 335
7 65 327
43 38 271
63 139 51
104 135 14
38 38 573
58 139 29
99 135 15
145 162 13
33 38 308
53 139 13
74 38 17
94 135 26
140 162 14
28 38 141
48 141 10
69 38 22
89 137 25
135 162 12
23 35 123
43 142 10
64 38 28
84 137 29
130 162 11
18 35 170
59 38 76
38 143 10
79 137 29
125 156 12
13 35 114
28 113 78
54 38 92
74 137 20
120 154 11
8 35 34
33 156 13
23 112 111
115 150 12
13 71 1653
49 38 76
69 139 28
110 138 11
18 107 170
18 108 141
18 109 118
18 110 105
8 65 332
8 66 356
8 67 404
8 68 472
8 69 551
8 70 629
8 71 709
44 38 221
64 139 46
105 135 13
28 182 82
39 38 550
59 139 36
100 135 14
146 162 12
34 38 362
54 139 14
75 38 15
95 135 22
141 162 15
29 38 158
49 141 10
70 38 22
90 137 26
136 162 12
24 35 113
44 142 10
65 38 25
85 137 27
131 162 11
19 35 157
60 38 63
39 143 10
80 137 31
126 156 12
126 157 13
14 35 144
29 113 71
29 114 64
29 115 62
29 116 65
29 117 69
55 38 96
29 118 72
29 119 73
75 137 21
121 154 11
29 120 71
29 121 67
29 122 62
29 123 57
29 124 53
29 125 51
29 126 51
34 154 12
34 155 12
34 156 12
9 35 41
29 127 52
29 128 54
24 112 113
29 129 56
29 130 54
29 131 50
29 132 43
29 133 36
116 150 11
116 151 11
116 152 11
116 153 11
116 154 12
70 139 24
14 71 1856
50 38 71
29 134 30
29 135 26
29 136 23
29 137 22
111 138 11
111 139 12
111 140 12
111 141 12
111 142 13
19 110 94
19 111 91
29 138 22
29 139 23
29 140 24
29 141 26
29 142 25
45 38 178
9 71 836
29 143 24
29 144 22
29 145 20
65 139 41
29 146 18
29 147 16
29 148 16
106 135 12
29 149 15
29 150 16
29 151 17
29 152 18
29 153 18
29 181 53
29 182 63
29 154 18
29 155 17
29 156 15
29 157 14
29 158 14
29 159 13
29 160 14
40 38 491
29 161 14
29 162 16
29 163 18
29 164 21
60 139 45
29 165 26
29 166 33
29 167 41
101 135 14
29 168 48
29 169 53
29 170 54
29 171 53
29 172 51
29 173 50
29 174 49
29 175 48
29 176 47
29 177 44
147 162 12
29 178 43
29 179 44
29 180 47
35 38 428
55 139 16
76 38 13
96 135 19
142 162 15
30 38 186
50 139 11
50 140 11
50 141 10
71 38 22
91 137 27
137 162 12
25 35 107
45 141 11
45 142 10
66 38 23
86 137 26
132 162 11
20 35 146
61 38 50
40 143 10
81 137 31
127 157 12
127 158 13
15 35 170
56 38 97
76 137 23
122 154 11
35 145 11
35 146 10
35 147 10
35 148 10
35 149 10
35 150 10
35 151 11
35 152 11
35 153 11
35 154 11
10 35 51
25 112 112
51 38 72
15 71 1994
