51 43 80
92 39 510
20 113 63
30 162 85
133 47 1089
174 46 333
153 155 205
51 78 13
51 79 12
10 94 12
41 43 16
10 100 12
82 39 38
20 162 276
123 47 256
61 161 11
61 162 12
164 46 58
143 155 172
41 87 14
41 88 13
31 42 12
72 39 10
10 162 11
113 47 19
51 161 64
154 42 11
51 162 63
21 37 16
174 158 12
31 90 84
62 39 10
62 40 10
62 41 10
185 19 27
62 43 11
103 46 11
103 47 11
41 161 21
41 162 20
144 43 21
144 44 24
185 46 14
62 73 81
31 132 14
164 158 20
21 90 153
52 43 78
93 39 491
21 113 56
21 114 47
31 162 67
134 47 841
175 46 234
154 155 162
154 156 129
52 77 14
52 78 13
11 93 13
11 94 12
42 43 17
11 100 12
11 101 13
11 102 15
83 39 59
21 162 370
124 47 386
62 162 11
165 46 85
144 155 242
42 87 13
32 42 12
32 43 13
73 39 10
11 162 11
114 47 22
52 161 63
155 42 11
155 43 11
155 44 11
155 45 11
52 162 64
22 37 15
32 90 59
63 39 10
186 19 25
63 43 11
104 47 11
42 161 21
42 162 20
145 43 18
186 46 13
63 72 97
63 73 88
32 132 14
165 158 18
22 90 200
53 43 69
94 39 440
22 114 40
22 115 34
32 162 57
135 47 611
176 46 160
155 156 100
155 157 80
53 76 17
53 77 15
12 92 15
12 93 14
43 43 19
12 102 18
84 39 87
22 162 444
125 47 566
63 162 11
63 163 12
166 46 129
145 155 310
43 87 13
33 43 13
74 39 10
12 162 12
115 47 25
53 161 56
53 162 58
156 45 12
156 46 12
23 37 14
33 90 43
64 39 10
187 19 22
64 43 11
105 47 11
43 161 22
43 162 20
146 43 16
187 46 12
64 71 116
64 72 104
2 185 202
2 186 177
2 187 159
33 132 14
33 133 15
166 158 16
2 190 125
2 191 114
2 192 103
2 193 93
23 90 252
2 189 135
2 188 146
54 43 55
95 39 373
33 162 50
23 115 29
23 116 25
136 47 419
177 46 110
54 76 19
156 157 63
156 158 52
13 90 20
13 91 17
13 92 16
44 43 22
13 102 21
13 103 27
13 104 35
85 39 120
23 162 474
126 47 797
64 163 13
167 46 197
146 155 361
44 83 13
44 84 12
44 85 12
44 86 12
44 87 12
34 43 14
75 39 10
13 162 13
116 47 29
54 161 46
54 162 49
157 46 13
24 37 13
34 90 31
65 39 10
188 19 21
65 43 11
147 33 50
147 34 34
147 35 24
147 36 18
147 37 15
147 38 13
106 47 11
147 40 12
44 161 23
44 162 22
147 43 14
147 42 13
147 41 12
147 39 12
65 68 162
65 69 151
188 46 11
65 70 139
65 71 127
3 185 229
3 184 249
3 183 269
34 133 15
167 158 14
34 134 16
3 193 137
24 90 297
55 43 40
96 39 304
34 162 45
24 116 22
24 117 20
24 118 18
24 119 17
137 47 271
178 46 76
55 75 26
55 76 21
157 158 43
14 90 21
45 43 27
86 39 163
14 104 44
14 105 56
24 162 451
127 47 1054
65 163 14
168 46 289
147 155 386
45 83 12
35 43 14
76 39 11
137 128 31
137 129 32
137 130 35
137 131 40
137 132 46
137 133 53
137 134 59
137 135 60
137 136 56
137 137 48
137 138 38
137 139 30
137 140 23
137 141 18
137 142 16
137 143 14
137 144 13
137 145 12
137 146 12
137 147 12
137 148 12
137 149 12
137 150 12
137 151 12
137 152 13
137 153 14
137 154 15
14 162 17
117 47 35
55 161 35
55 162 38
158 46 15
25 37 12
25 38 12
35 90 23
66 39 10
66 43 11
189 19 20
189 20 19
189 21 18
189 22 17
189 23 16
189 24 16
4 162 12
148 35 18
4 163 13
4 164 14
4 165 15
107 47 11
4 166 18
4 167 24
4 168 34
4 169 50
4 170 76
4 171 113
4 172 164
4 173 230
4 174 298
4 175 356
4 176 392
4 177 403
66 66 165
66 67 164
66 68 163
4 181 318
4 182 298
4 183 285
4 180 343
4 179 370
189 52 12
189 53 12
189 54 12
189 55 12
189 56 12
189 57 12
189 58 12
189 59 12
189 60 12
189 61 12
189 62 12
189 63 13
189 64 13
189 65 13
189 66 13
189 67 12
189 68 12
189 69 12
189 70 12
189 71 12
189 72 12
189 73 12
35 134 17
56 43 29
97 39 244
97 40 192
4 178 393
45 162 25
189 25 15
168 158 13
148 34 25
189 26 14
189 27 13
189 28 13
4 193 203
25 119 15
25 120 14
25 121 14
25 122 13
25 123 13
25 124 13
25 125 13
179 46 53
25 126 13
25 127 14
138 47 174
25 90 322
56 75 29
189 29 12
189 30 12
158 158 37
45 161 26
189 31 12
189 32 12
15 90 25
189 33 12
189 34 12
189 35 12
189 36 13
189 37 13
189 38 13
189 39 13
189 40 13
46 43 33
189 41 12
189 42 12
189 43 12
87 39 217
189 44 11
15 105 70
15 106 83
15 107 97
15 108 111
189 45 11
189 46 11
189 47 11
189 48 12
189 49 12
25 162 387
138 91 34
138 92 35
138 93 40
138 94 49
138 95 63
138 96 81
138 97 102
138 98 124
138 99 147
138 100 170
138 101 194
138 102 220
138 103 252
138 104 290
138 105 335
138 106 383
148 155 385
138 108 441
138 109 417
138 110 355
138 111 270
138 112 187
138 113 121
138 114 77
138 115 51
138 116 37
138 117 29
138 118 26
138 119 25
138 120 25
138 121 26
138 122 27
138 123 28
138 124 28
138 125 28
138 126 29
138 127 29
138 128 30
138 107 425
128 47 1291
66 163 17
169 46 392
46 83 12
5 95 13
5 96 12
5 97 12
5 98 11
5 99 11
5 100 12
36 43 15
77 39 11
15 162 25
118 47 42
189 50 12
56 161 26
56 162 29
35 162 40
189 51 12
35 135 20
159 46 17
138 154 18
138 155 23
26 38 11
26 39 12
36 90 18
67 39 10
67 43 11
5 162 11
149 35 15
149 36 13
108 47 11
46 161 30
46 162 29
67 64 154
67 65 156
67 66 161
169 158 13
36 135 23
36 136 28
5 193 288
26 90 318
57 43 22
98 40 143
36 162 35
139 47 116
180 46 39
26 127 13
26 128 14
57 75 34
159 158 33
16 90 31
47 43 41
88 39 282
16 108 118
16 109 122
16 110 126
26 162 304
139 91 34
129 47 1459
67 163 23
170 46 480
149 155 367
47 82 12
47 83 11
6 95 13
37 43 15
6 100 11
78 39 12
16 162 41
119 47 55
57 161 20
57 162 22
160 46 20
139 155 31
27 39 11
27 40 12
37 90 15
68 39 10
68 43 11
68 44 12
68 45 14
68 46 18
68 47 26
68 48 39
68 49 56
68 50 76
68 51 95
150 36 12
68 52 113
68 53 129
68 54 144
68 55 159
47 161 36
68 56 172
68 57 179
68 58 176
68 59 167
68 60 155
68 61 145
68 62 139
68 63 139
68 64 144
6 162 11
47 162 34
109 47 12
17 35 25
17 36 22
170 158 12
37 136 35
6 193 386
27 90 284
58 43 17
99 40 104
37 162 31
140 47 84
181 46 29
27 128 13
58 74 49
58 75 41
160 158 30
17 90 41
48 43 51
89 39 358
140 84 220
140 85 159
140 86 111
140 87 78
140 88 57
140 89 44
140 90 37
140 91 35
17 110 120
17 111 115
27 162 224
130 47 1522
171 46 525
150 155 341
48 82 11
7 95 12
38 43 15
7 100 11
79 39 14
17 162 72
120 47 75
58 161 16
58 162 17
161 46 26
140 155 46
28 40 11
28 41 12
38 90 14
69 39 10
7 162 11
151 36 11
151 37 11
151 38 10
110 47 13
48 161 43
48 162 41
18 36 19
18 37 18
171 158 12
38 136 47
28 90 230
59 43 14
100 40 75
100 41 53
38 162 27
141 46 54
141 47 65
182 46 23
28 128 13
28 129 14
28 130 14
28 131 15
59 74 55
161 158 27
18 90 58
49 43 63
90 39 433
18 111 105
18 112 96
28 162 160
131 47 1469
172 46 508
151 155 303
49 79 12
49 80 12
49 81 12
49 82 11
8 94 13
8 95 12
39 43 15
8 100 11
80 39 18
18 162 121
121 47 110
59 161 13
59 162 14
162 46 33
141 155 72
29 41 11
39 89 13
39 90 13
70 39 10
8 162 11
152 38 10
111 47 14
49 161 51
49 162 49
19 37 17
172 158 12
39 136 64
39 137 90
39 138 126
39 139 159
39 140 198
39 141 241
39 142 289
39 143 329
39 144 350
39 145 360
39 146 359
39 147 348
39 148 330
39 149 307
39 150 280
39 151 250
39 152 218
39 153 183
39 154 149
39 155 116
39 156 88
39 157 65
39 158 48
39 159 37
39 160 29
39 161 25
60 43 12
29 90 171
39 162 24
101 41 38
101 42 28
101 43 22
101 44 17
101 45 15
101 46 13
142 46 45
142 45 38
142 44 33
183 46 18
60 74 62
29 131 14
162 158 24
19 90 82
50 43 74
91 39 489
19 112 84
19 113 75
29 162 114
132 47 1313
173 46 435
152 155 254
50 79 12
9 94 12
40 43 15
9 100 11
81 39 25
19 162 190
122 47 167
60 161 12
60 162 12
163 46 42
142 155 114
40 88 14
30 41 11
30 42 12
40 89 13
71 39 10
9 162 11
153 38 11
153 39 10
153 40 10
153 41 10
153 42 10
50 161 59
50 162 57
112 47 16
20 37 16
173 158 12
30 90 121
61 41 11
184 18 32
61 43 11
184 19 28
61 42 11
102 46 12
40 161 23
40 162 21
143 44 28
184 46 16
61 73 77
61 74 69
30 131 14
30 132 15
163 158 22
20 90 113
