163 173 13
163 174 14
20 117 13
51 64 287
41 21 83
82 14 22
92 61 11
123 10 12
133 61 120
153 166 22
153 167 19
164 30 12
164 31 12
41 64 459
82 61 12
72 14 15
31 26 360
51 123 26
123 61 78
113 16 144
143 166 163
184 176 78
154 33 14
154 34 13
154 35 13
31 64 33
72 61 12
62 14 23
72 62 11
41 117 23
21 27 54
21 28 40
113 61 21
103 16 183
174 176 102
21 64 12
31 117 29
52 14 83
62 66 12
62 67 11
62 68 11
103 61 12
93 14 21
62 69 11
62 70 11
62 71 11
62 72 12
62 73 12
62 74 12
62 75 13
62 76 12
62 77 12
195 109 10
164 174 15
164 175 18
164 176 25
164 177 36
164 178 56
164 179 90
164 180 139
164 181 191
164 182 257
164 183 339
164 184 421
164 185 450
164 186 448
164 187 422
164 188 382
164 189 336
164 190 287
164 191 232
164 192 180
164 193 138
164 194 106
164 195 82
164 196 64
164 197 50
83 14 23
164 198 39
164 199 31
42 20 68
124 10 12
42 21 76
93 61 11
134 61 104
52 64 201
21 117 13
154 167 16
154 168 15
154 169 14
165 30 12
42 64 506
83 61 12
73 14 16
32 25 310
32 26 336
52 123 19
124 61 98
114 16 102
144 166 160
185 176 65
155 33 13
32 64 47
73 61 12
63 14 19
42 117 22
22 27 71
114 61 24
104 16 221
196 72 13
196 73 13
196 74 14
196 75 14
196 76 15
196 77 16
196 78 17
196 79 18
22 64 12
196 80 18
196 81 18
196 82 18
196 83 19
196 84 20
53 14 103
196 85 21
196 86 23
63 65 11
63 66 11
196 87 24
196 88 24
104 61 12
94 14 22
94 15 24
196 89 24
196 90 24
196 91 24
196 92 25
196 93 25
196 94 26
196 95 26
196 96 26
196 97 25
196 98 23
196 99 21
196 100 19
196 101 17
196 102 16
196 103 15
196 104 14
196 105 12
196 106 12
196 107 11
196 108 11
196 109 10
175 176 110
32 117 34
165 176 27
22 117 13
53 64 136
43 19 57
43 20 62
94 61 11
84 14 24
165 199 30
125 10 12
135 61 92
135 62 82
155 169 13
166 28 12
166 29 11
166 30 11
43 64 550
84 61 11
74 14 17
33 25 276
53 123 15
125 61 121
115 16 69
145 166 151
12 153 19
12 154 16
12 155 14
12 156 13
12 157 12
12 158 12
186 176 54
156 33 13
33 64 67
74 61 12
64 14 16
43 117 22
23 27 96
115 61 28
105 16 257
197 71 13
197 72 12
176 176 118
23 64 12
146 43 72
33 117 38
54 14 118
64 64 12
64 65 11
105 61 12
95 15 25
95 16 26
166 176 29
23 117 13
54 64 91
44 18 49
44 19 52
95 61 12
85 14 25
126 10 11
136 62 78
156 169 12
156 170 12
167 27 12
167 28 11
13 118 18
13 119 18
44 64 590
13 121 21
13 122 24
13 123 27
13 124 31
85 61 11
75 14 18
13 127 55
34 24 226
34 25 250
54 121 11
54 122 12
54 123 13
126 61 144
13 134 594
13 135 754
116 16 46
13 137 1005
13 138 1072
13 139 1110
13 140 1129
13 141 1131
146 166 135
13 143 1064
13 144 978
13 145 851
13 146 689
13 147 510
13 148 341
13 149 206
13 150 115
13 151 63
13 152 38
13 153 25
13 142 1112
13 136 897
13 133 441
13 132 311
13 131 214
13 130 147
187 176 45
157 33 13
13 129 103
13 128 74
13 126 43
13 125 36
13 120 20
34 64 94
75 61 12
65 14 14
44 117 22
24 26 177
24 27 133
116 61 31
106 16 286
198 71 12
177 176 125
24 64 13
147 41 40
147 42 47
147 43 57
34 117 41
55 14 123
65 63 12
65 64 11
106 61 12
96 16 29
167 176 33
24 117 13
55 64 61
45 17 43
45 18 44
96 61 12
86 14 26
127 10 12
137 62 76
137 63 71
137 64 67
137 65 61
137 66 55
137 67 52
137 68 48
137 69 44
157 170 12
168 20 13
168 21 13
168 22 13
168 23 13
168 24 12
168 25 12
168 26 12
168 27 11
14 118 17
45 64 619
86 61 11
76 14 19
76 15 24
35 24 202
55 121 11
127 61 161
117 16 31
147 166 113
158 32 14
158 33 13
188 176 36
35 64 130
76 61 12
66 14 13
45 117 23
25 26 230
117 61 33
107 16 305
199 71 12
178 176 132
148 40 29
148 41 33
25 64 13
35 117 41
56 14 117
66 63 11
107 61 12
97 16 34
168 176 38
25 117 13
46 16 39
46 17 40
56 64 42
97 61 13
87 14 26
56 81 14
56 82 14
56 83 15
56 84 17
138 69 39
138 70 32
138 71 26
138 72 21
138 73 17
158 170 11
158 171 11
138 76 12
138 77 11
138 78 11
138 79 11
138 80 11
138 75 13
138 74 15
56 85 21
56 86 28
56 87 39
56 88 56
56 89 79
56 90 106
56 91 137
56 92 170
56 93 202
56 94 233
56 95 262
56 96 286
56 97 304
56 98 310
56 99 297
56 100 259
56 101 200
56 102 138
87 61 11
77 14 20
36 23 169
36 24 185
56 103 87
56 104 52
56 105 31
56 106 20
128 61 170
56 107 15
56 108 12
118 16 23
56 109 11
56 110 11
56 111 10
56 112 10
56 113 10
148 166 89
56 114 10
56 115 10
56 116 10
56 117 10
56 118 10
56 119 10
56 120 10
56 121 10
46 64 628
15 118 16
138 133 10
138 134 10
138 135 10
159 32 14
138 136 10
138 137 10
138 138 10
138 139 10
138 140 10
138 141 10
138 142 10
138 143 11
138 144 12
138 145 14
138 146 17
138 147 22
138 148 30
138 149 39
138 150 51
138 151 65
138 152 79
138 153 91
138 154 98
138 155 101
138 156 101
138 157 102
138 158 105
138 159 108
108 16 311
138 160 113
138 161 119
138 162 124
138 163 129
138 164 133
138 165 136
67 14 13
26 26 289
118 61 35
77 61 13
36 64 176
189 176 28
46 117 24
179 176 137
149 39 23
149 40 25
26 64 13
36 117 39
57 14 101
67 62 12
67 63 11
108 61 12
98 16 44
169 176 45
26 117 14
47 15 37
47 16 37
57 64 30
98 61 13
88 14 26
57 80 14
57 81 13
159 171 11
139 80 10
139 81 10
139 82 10
139 83 10
139 84 10
139 85 10
139 86 10
139 87 11
16 118 16
47 64 609
88 61 10
78 14 21
37 23 152
129 61 170
119 15 16
119 16 18
149 166 67
139 133 10
160 32 14
190 176 22
37 64 231
78 61 13
68 14 13
47 117 23
27 26 342
119 61 39
109 16 300
139 165 137
139 166 139
180 176 135
150 38 19
150 39 20
27 64 14
37 117 37
58 14 80
68 62 11
17 28 18
17 29 16
17 30 15
17 31 15
99 16 58
17 32 16
17 33 18
17 34 21
17 35 25
17 36 33
17 37 44
17 38 61
17 39 83
17 40 108
17 41 133
17 42 150
17 43 155
17 44 146
17 45 126
17 46 100
17 47 74
17 48 52
17 49 35
17 50 25
17 51 20
17 52 17
17 53 14
17 54 13
17 55 12
17 56 11
17 57 11
17 58 11
17 59 11
17 60 11
17 61 11
17 62 11
17 63 12
17 64 12
109 61 13
170 176 56
27 117 16
48 14 39
48 15 37
58 64 23
58 65 22
58 66 22
58 67 22
58 68 21
99 61 13
89 14 25
58 71 23
58 72 24
58 73 24
58 74 23
58 75 21
58 76 18
58 77 16
58 78 14
58 79 13
58 80 13
58 70 22
58 69 22
160 171 11
140 87 10
140 88 10
140 89 10
140 90 10
140 91 10
140 92 11
140 93 11
140 94 11
140 95 11
140 96 11
140 97 12
140 98 12
140 99 13
140 100 13
140 101 13
140 102 13
140 103 13
140 104 13
140 105 13
140 106 13
140 107 13
140 108 14
140 109 15
140 110 16
140 111 20
140 112 25
140 113 32
140 114 43
140 115 54
140 116 65
140 117 70
140 118 68
140 119 60
140 120 50
140 121 39
140 122 31
140 123 25
140 124 20
140 125 17
140 126 14
140 127 13
140 128 11
140 129 11
140 130 10
140 131 10
140 132 10
140 133 10
79 14 21
120 15 14
161 32 14
150 166 49
38 22 125
38 23 139
130 61 162
89 61 10
48 64 558
191 176 18
17 118 15
38 64 294
79 61 13
69 14 13
48 117 22
28 26 376
120 61 43
110 16 275
140 166 144
181 176 126
151 38 17
28 64 16
38 117 33
59 14 59
69 62 11
18 28 21
110 61 14
100 16 80
171 176 69
18 64 12
28 117 18
49 14 42
100 61 13
90 14 24
59 80 13
161 171 11
18 117 14
18 118 14
49 64 480
90 61 11
80 14 22
39 22 112
121 13 13
121 14 13
121 15 13
131 61 151
151 166 36
141 133 10
162 31 13
162 32 13
192 176 15
39 64 355
80 61 13
70 14 13
49 117 19
29 26 388
121 61 51
111 16 236
141 166 153
182 176 111
152 36 15
152 37 15
152 38 16
29 64 19
39 117 29
60 14 42
70 62 11
19 28 25
111 61 15
101 16 109
172 176 82
19 64 12
29 117 21
50 14 50
101 61 13
91 14 22
60 78 13
60 79 12
60 80 12
193 109 10
193 110 10
193 111 10
193 112 10
193 113 10
193 114 10
162 171 11
162 172 12
162 173 12
193 115 10
193 116 10
193 117 10
193 118 11
193 119 11
193 120 13
193 121 16
193 122 23
193 123 36
193 124 58
193 125 89
193 126 128
193 127 167
193 128 199
193 129 221
193 130 235
193 131 243
193 132 245
50 64 385
193 133 242
193 134 237
193 135 230
193 136 222
40 21 92
81 14 22
40 22 103
91 61 11
193 137 213
122 10 12
122 11 12
122 12 12
122 13 12
132 61 137
193 138 197
193 139 171
193 140 134
193 141 94
193 142 61
193 143 37
193 144 24
152 166 27
193 145 17
193 146 14
193 147 12
193 148 12
193 149 11
193 150 11
193 151 11
193 152 12
193 153 12
193 154 12
193 155 13
193 156 13
193 157 14
193 158 15
193 159 15
193 160 16
163 31 13
193 161 17
193 162 18
193 163 19
193 164 20
193 165 20
193 166 21
193 167 20
193 168 19
193 169 18
40 64 410
193 170 16
193 171 15
193 172 14
193 173 13
81 61 13
71 14 14
193 174 13
193 175 13
193 176 13
30 26 380
50 123 37
19 117 13
122 61 62
50 117 16
50 118 18
112 16 190
50 119 19
50 120 22
50 121 25
50 122 30
142 166 160
183 176 93
153 35 14
153 36 14
30 64 24
40 117 26
61 14 31
71 62 11
20 28 31
112 61 18
102 16 144
173 176 93
20 64 12
30 117 25
51 14 64
102 61 12
92 14 21
61 77 13
61 78 12
194 109 10
