25 127 61
56 74 12
56 75 13
56 76 13
56 77 14
56 78 15
56 79 17
56 80 18
56 81 18
56 82 19
56 83 18
56 84 18
56 85 18
56 86 17
56 87 18
56 88 18
56 89 18
56 90 19
56 91 19
56 92 18
56 93 18
56 94 17
56 95 16
56 96 15
56 97 14
56 98 13
56 99 13
56 100 12
56 101 12
56 102 12
56 103 12
56 104 12
56 105 13
56 106 14
56 107 14
56 108 15
56 109 16
56 110 18
56 111 19
56 112 20
56 113 22
56 114 23
56 115 24
56 116 25
56 117 27
56 118 30
56 119 35
56 120 42
56 121 54
52 123 165
47 123 214
43 123 147
43 124 127
38 127 49
34 127 53
29 127 66
55 73 12
55 74 12
24 127 61
24 126 60
20 125 30
20 124 25
33 127 56
20 123 22
20 122 19
15 117 12
15 116 13
42 124 114
42 125 100
11 115 21
10 115 26
19 120 14
19 121 15
19 122 16
51 123 187
28 127 65
14 115 14
14 116 13
37 127 48
46 123 200
55 121 67
55 122 83
23 126 55
32 127 60
41 125 87
41 126 77
18 119 13
18 120 13
50 123 203
27 127 64
13 115 15
36 127 49
45 123 181
54 122 102
54 123 120
22 125 44
22 126 50
31 127 63
17 117 12
40 126 67
17 119 12
17 118 12
49 123 213
26 127 62
12 115 18
35 127 50
44 123 162
53 123 142
21 125 36
30 127 65
16 117 12
39 126 62
39 127 53
48 123 218
