69 27 207
87 16 167
38 104 27
38 105 26
38 106 25
64 30 271
82 16 85
51 92 63
51 93 61
59 31 218
77 16 58
46 95 47
72 24 89
72 25 102
90 16 217
54 50 351
54 51 340
54 52 331
54 53 324
54 54 320
54 55 318
54 56 320
54 57 322
54 58 325
54 59 326
54 60 324
54 61 317
54 62 306
54 63 291
54 64 273
54 65 252
54 66 231
54 67 210
67 28 258
67 29 269
54 68 191
54 69 173
85 16 126
54 70 157
54 71 145
54 72 137
54 73 133
54 74 133
54 75 137
54 76 143
54 77 151
54 78 160
54 79 168
54 80 173
54 81 174
54 82 170
54 83 160
54 84 147
54 85 131
54 86 115
54 87 100
54 88 88
54 89 78
54 90 72
62 30 265
54 91 68
80 16 73
41 98 34
41 99 33
41 100 31
36 108 23
36 109 22
36 110 22
36 111 22
36 112 22
36 113 23
49 93 59
49 94 56
57 31 198
75 16 50
57 32 190
44 96 41
70 26 162
70 27 185
88 16 188
39 102 29
39 103 28
39 104 27
65 29 275
65 30 274
83 16 95
52 92 63
60 31 232
78 16 62
47 94 52
47 95 49
55 33 192
55 34 200
55 35 212
55 36 227
55 37 244
55 38 265
73 23 69
73 24 77
55 39 288
55 40 313
55 41 338
55 42 360
55 43 378
55 44 390
55 45 395
91 16 224
55 46 394
55 47 388
55 48 380
55 49 371
55 50 364
42 98 35
68 27 229
68 28 246
86 16 146
37 106 25
37 107 24
37 108 23
63 30 269
81 16 78
50 93 60
58 31 207
76 16 53
45 95 45
45 96 43
71 25 120
71 26 139
89 16 205
40 100 31
40 101 30
40 102 29
66 29 272
84 16 109
53 91 66
53 92 64
61 30 258
61 31 245
79 16 68
48 94 54
74 16 48
74 17 48
74 18 50
74 19 51
74 20 53
74 21 55
74 22 58
74 23 62
56 32 187
56 33 188
92 16 225
43 96 40
43 97 37
43 98 36
