71 136 12
71 137 12
71 138 12
71 135 11
194 119 12
194 120 12
194 121 13
51 52 10
92 51 10
41 24 13
41 25 14
153 154 23
30 179 14
102 127 84
184 126 529
184 127 601
61 152 11
61 153 11
61 151 11
82 52 21
31 23 14
41 72 11
143 152 109
20 183 11
92 127 244
10 148 93
51 155 16
72 52 240
51 157 14
51 156 15
133 152 227
174 145 10
10 178 14
31 75 17
10 179 13
82 127 14
0 148 192
0 149 184
0 150 178
0 151 173
0 152 165
0 153 155
0 154 142
0 155 129
0 156 118
0 157 113
0 158 112
0 159 117
0 160 125
0 161 135
0 162 144
0 163 146
62 52 25
0 165 122
0 166 99
0 167 74
0 168 53
0 169 38
0 170 27
103 51 10
0 172 16
0 173 13
0 174 12
0 175 11
0 171 20
0 164 139
41 171 20
123 155 62
195 94 17
164 154 14
21 83 225
72 127 10
72 128 10
72 129 10
72 130 10
72 131 10
72 132 10
113 127 10
113 128 11
195 119 12
52 52 10
93 51 10
42 25 16
42 26 19
31 179 14
31 178 15
154 154 23
103 127 62
185 126 443
62 151 11
62 150 12
83 52 16
32 23 13
42 72 11
144 152 80
21 183 11
93 127 326
11 148 71
52 155 16
73 52 240
175 141 14
175 142 12
175 143 11
175 144 11
175 145 10
134 152 237
32 75 16
11 179 13
83 127 15
1 148 210
63 52 33
104 51 11
1 175 12
1 176 11
1 177 11
42 170 17
22 75 75
22 76 72
22 77 72
22 78 74
22 79 80
22 80 91
22 81 108
22 82 136
22 83 177
196 100 17
196 101 17
196 102 18
196 103 18
196 104 19
196 105 20
196 106 21
196 107 22
196 108 22
196 109 21
196 110 20
196 111 19
196 112 17
196 113 15
196 114 14
196 115 13
196 116 12
196 117 12
196 118 11
196 119 11
196 99 16
196 98 16
196 97 15
196 96 15
53 52 10
196 95 15
196 94 16
42 171 18
42 169 16
73 127 10
114 128 10
94 51 10
114 129 10
114 130 11
124 155 69
165 154 13
32 177 17
43 26 24
43 27 29
32 178 16
155 154 23
104 127 46
186 125 272
186 126 358
63 150 12
84 52 14
43 69 12
43 70 12
43 71 12
43 72 11
33 23 12
145 152 59
22 181 12
22 182 12
22 183 11
94 127 391
12 148 53
53 155 16
74 52 229
176 135 87
176 136 65
176 137 49
176 138 36
176 139 27
176 140 21
176 141 16
135 152 247
33 75 15
12 180 12
12 179 13
84 127 16
2 148 221
64 52 43
105 51 11
2 177 12
43 169 15
23 75 54
125 155 78
166 154 12
166 155 12
166 156 13
166 157 15
166 158 19
74 127 10
115 130 10
54 52 10
95 51 10
33 177 18
156 154 23
44 27 39
44 28 51
105 127 35
187 125 197
64 150 12
64 149 13
85 52 12
44 68 13
44 69 12
34 23 12
146 152 46
23 181 12
95 127 417
13 148 39
54 155 16
75 52 205
177 133 188
177 134 146
177 135 115
136 152 254
34 75 14
13 180 12
85 127 18
3 148 222
65 52 59
106 51 13
44 164 12
44 165 12
44 166 13
44 167 13
44 168 14
3 177 12
3 178 12
24 75 42
44 169 14
126 155 88
167 155 11
75 127 10
116 130 10
116 131 11
116 132 11
116 133 12
116 134 14
116 135 17
116 136 21
116 137 26
116 138 34
116 139 42
55 52 11
116 140 51
116 141 61
116 142 73
116 143 89
116 144 110
116 145 136
96 51 10
116 146 165
116 147 193
116 148 213
116 149 217
116 150 202
116 151 171
116 152 133
116 153 95
116 154 65
116 155 44
34 176 20
34 177 19
157 154 23
45 28 66
45 29 84
14 86 204
14 87 178
14 88 161
14 89 150
14 90 146
14 91 147
14 92 150
14 93 153
14 94 152
14 95 146
14 96 134
14 97 120
14 98 104
14 99 90
14 100 79
14 101 71
106 127 27
188 124 97
188 125 140
65 149 14
65 148 16
45 59 13
45 60 13
45 61 14
45 62 14
45 63 15
45 64 15
45 65 15
45 66 15
45 67 14
45 68 13
86 52 11
35 23 11
147 152 37
24 181 12
96 127 398
14 147 26
14 148 31
55 154 15
55 155 15
76 52 171
178 133 228
178 132 279
137 152 256
35 75 14
14 180 12
14 181 12
14 182 11
86 127 22
4 148 212
66 52 81
45 160 12
45 161 11
45 162 11
107 51 15
45 164 11
45 163 11
4 178 13
25 75 35
127 155 99
168 155 11
76 127 10
56 52 11
97 51 10
117 155 42
35 175 23
35 176 21
158 154 23
46 29 102
46 30 122
15 85 267
15 86 233
107 127 22
15 101 63
15 102 54
15 103 47
189 123 48
189 124 67
66 148 17
66 147 19
46 58 12
46 59 12
87 52 11
36 23 11
148 152 32
25 181 12
97 127 344
15 147 21
56 153 14
56 154 14
179 131 388
77 52 132
179 132 332
138 152 255
36 75 13
15 182 11
87 127 28
5 148 196
67 52 110
46 160 11
5 178 13
26 75 30
169 148 11
169 149 10
169 150 10
169 151 10
169 152 10
169 153 10
169 154 10
169 155 10
128 155 111
77 127 10
57 52 12
98 51 10
118 155 43
36 175 24
159 154 22
16 85 292
47 30 138
47 31 153
108 127 18
16 103 41
16 104 36
67 145 21
67 146 20
190 123 34
67 147 20
47 53 12
47 54 11
47 55 11
47 56 11
47 57 11
47 58 11
88 51 10
88 52 10
37 23 11
149 152 29
26 181 12
98 127 276
16 146 16
16 147 18
180 129 581
180 130 510
180 131 456
78 52 94
57 153 13
139 152 244
37 74 13
37 75 12
16 182 11
88 127 41
6 148 180
68 52 145
47 160 11
6 178 14
27 75 27
170 148 10
170 147 10
170 146 11
129 155 125
129 154 141
78 127 11
58 52 13
99 51 10
119 155 45
37 174 26
37 175 25
160 154 20
17 84 343
17 85 321
48 31 166
48 32 170
48 33 170
48 34 167
109 127 15
68 143 18
17 104 31
17 105 28
17 106 26
48 51 12
48 52 11
48 53 11
48 54 11
17 107 25
17 108 24
17 109 24
17 110 23
89 51 10
17 111 22
17 112 21
17 113 19
17 114 17
17 115 16
17 116 14
17 117 13
17 118 13
17 119 12
17 120 12
17 121 12
38 23 11
17 122 12
17 123 13
191 123 26
191 122 21
27 180 13
27 181 12
68 145 20
68 144 19
150 152 28
150 153 27
99 127 210
17 144 13
17 145 13
17 146 14
181 128 668
181 129 621
58 153 13
79 52 63
140 152 220
38 74 12
17 182 12
17 183 11
89 127 64
7 148 162
69 52 181
48 158 12
48 159 12
48 160 11
171 145 10
7 178 14
28 75 24
171 146 10
130 154 155
130 153 172
79 127 11
59 52 15
100 51 10
120 155 48
38 173 26
38 174 26
161 154 18
18 84 347
49 34 159
49 35 148
49 36 143
49 37 144
49 38 148
49 39 151
49 40 147
49 41 132
49 42 107
49 43 79
49 44 55
49 45 37
49 46 26
49 47 19
49 48 15
49 49 13
49 50 12
49 51 11
192 122 17
69 143 17
49 54 11
69 142 16
69 141 15
110 127 13
90 51 10
18 123 14
18 124 16
18 125 19
18 126 24
39 23 11
39 24 11
18 127 31
18 128 40
18 129 50
18 130 58
18 131 63
18 132 62
18 133 55
18 134 46
18 135 37
28 180 13
151 153 25
18 143 13
18 144 12
100 127 156
182 127 685
182 128 678
59 153 12
80 52 42
141 152 185
39 74 12
18 183 11
90 127 104
8 148 142
70 52 213
49 157 13
49 158 12
172 145 10
8 178 14
29 75 21
131 153 185
80 127 12
60 52 17
101 51 10
121 155 52
39 172 25
39 173 25
162 154 17
19 84 339
111 127 12
70 138 13
70 139 13
70 140 14
70 141 14
193 121 14
193 122 15
50 52 10
50 53 10
50 54 10
91 51 10
40 24 12
152 153 24
152 154 23
29 179 14
29 180 13
19 135 36
19 136 28
19 137 23
19 138 19
19 139 16
19 140 15
19 141 14
19 142 13
19 143 12
101 127 114
183 127 648
60 153 12
81 52 29
30 18 104
30 19 59
30 20 36
30 21 24
30 22 18
30 23 15
40 72 12
40 73 11
40 74 11
142 152 146
19 183 11
19 184 11
19 185 11
19 186 11
19 187 11
19 188 11
19 189 11
19 190 12
19 191 12
19 192 13
19 193 15
91 127 165
9 148 118
71 52 231
50 157 14
132 152 217
173 145 10
9 178 14
30 75 19
132 153 201
81 127 13
61 52 20
102 51 10
40 171 22
40 172 23
122 155 57
194 94 19
163 154 15
20 83 276
20 84 315
71 132 11
71 133 11
71 134 11
112 127 11
