25 128 62
51 49 10
51 50 11
158 156 13
56 79 11
97 78 11
46 42 14
20 127 141
20 128 127
153 156 23
61 127 42
92 78 12
41 41 66
148 156 33
56 127 72
36 33 144
36 34 158
36 35 172
87 78 52
133 102 231
133 103 199
143 156 57
31 30 34
51 128 83
128 93 38
128 94 51
82 78 247
26 26 15
26 27 15
138 156 75
46 128 93
123 89 14
77 78 154
21 23 67
118 85 50
118 86 41
41 128 37
72 78 21
133 174 10
16 23 124
113 78 50
36 128 15
11 10 12
11 11 12
11 12 11
11 13 11
11 14 11
11 15 11
11 16 11
11 17 11
11 18 11
169 163 10
169 164 11
67 84 12
11 19 12
11 20 12
11 21 14
11 22 16
11 23 20
108 78 43
31 128 16
164 161 10
164 162 10
62 84 10
103 78 21
26 128 48
52 50 10
159 156 11
57 79 11
98 78 11
47 42 12
21 128 113
154 156 21
62 126 32
62 127 37
93 78 11
42 41 53
42 42 41
149 156 31
57 127 68
37 35 180
37 36 185
37 37 185
88 78 34
134 103 168
134 104 138
144 156 50
32 30 42
32 31 53
52 128 81
129 94 69
83 78 202
27 27 15
139 156 72
27 28 16
47 128 96
124 89 15
124 90 14
124 91 14
78 78 209
22 23 48
119 86 33
119 87 28
42 128 46
73 78 30
134 174 10
17 23 137
114 78 55
37 128 17
68 84 14
109 78 44
12 23 29
32 128 14
165 162 10
165 163 11
63 84 10
104 78 27
27 128 36
53 50 10
160 156 11
58 79 11
99 78 12
48 42 11
22 128 101
155 156 18
63 125 26
63 126 28
94 78 11
43 42 31
150 156 29
58 127 62
38 37 179
38 38 167
38 39 153
89 78 23
135 104 115
135 105 94
135 106 80
135 107 72
135 108 65
145 156 44
135 109 58
135 111 45
135 112 39
135 113 34
135 110 51
33 31 65
53 128 80
33 32 81
130 94 94
130 95 122
130 96 157
84 78 153
135 114 29
135 115 25
135 116 22
135 117 20
135 118 19
135 119 18
135 120 17
135 121 18
135 122 18
135 123 20
135 132 64
135 133 61
135 134 53
135 124 22
48 128 94
135 137 24
135 138 18
135 139 15
135 140 13
135 141 12
135 142 11
135 143 11
135 144 11
135 145 11
135 146 11
135 147 11
135 148 12
135 149 13
135 150 15
23 23 36
23 24 28
135 153 41
135 154 60
135 155 82
135 156 104
135 157 117
135 158 118
135 159 108
43 128 58
135 161 70
135 162 52
135 163 39
135 164 30
135 165 24
135 166 20
135 167 17
135 168 15
135 169 13
135 170 12
135 171 11
135 172 11
135 173 11
135 174 10
18 23 133
135 160 90
135 152 28
135 151 20
135 136 32
125 91 15
120 87 23
115 78 61
79 78 257
38 128 19
74 78 45
135 125 24
135 126 28
135 127 34
135 128 41
135 129 49
135 130 57
135 131 63
140 156 70
28 28 16
28 29 18
69 84 19
135 135 42
110 78 45
13 23 45
33 128 14
166 163 10
64 84 10
64 85 11
64 86 11
64 87 11
64 88 11
64 89 11
64 90 12
64 91 12
64 92 11
64 93 11
64 94 11
64 95 11
28 128 28
64 97 10
64 98 10
64 99 10
161 156 10
161 157 11
64 102 10
64 103 10
64 104 10
64 105 10
64 106 10
64 107 10
64 108 10
64 109 10
64 110 10
64 111 10
64 112 11
64 113 11
64 114 13
64 115 14
64 116 16
64 117 18
64 118 20
64 119 21
23 128 89
64 121 22
64 122 23
64 123 23
156 156 16
18 108 12
18 109 13
18 110 14
18 111 16
18 112 19
18 113 23
18 114 30
18 115 39
18 116 52
18 117 69
18 118 90
18 119 113
18 120 135
18 121 153
18 122 166
18 123 174
18 124 179
18 125 180
18 126 178
64 125 24
64 124 23
64 120 22
64 101 10
151 156 27
64 100 10
64 96 11
59 127 56
44 42 23
49 42 10
49 43 10
49 44 10
49 45 10
49 46 10
49 47 10
39 39 136
39 40 118
49 48 10
49 49 11
54 50 10
54 51 11
54 52 12
54 53 13
54 54 16
54 55 20
54 56 24
54 57 30
54 58 37
146 156 39
54 59 46
54 60 60
54 127 79
54 128 79
34 32 95
34 33 114
54 61 77
54 62 99
54 63 122
54 64 144
54 65 158
54 66 165
54 67 164
54 68 153
54 69 135
54 70 110
54 71 83
54 72 60
54 73 41
54 74 29
54 75 21
54 76 17
54 77 15
141 156 67
29 29 20
54 78 13
59 79 10
49 128 89
59 80 10
59 81 10
59 82 10
59 83 10
59 84 10
131 100 302
131 99 287
131 98 263
131 97 232
131 96 196
126 92 19
126 91 17
105 78 32
100 78 13
95 78 11
24 24 23
24 25 19
90 78 17
85 78 111
80 78 282
121 87 20
44 128 72
121 88 17
75 78 69
136 169 13
136 170 12
116 78 71
19 23 115
116 80 106
116 81 113
116 82 110
116 83 100
116 84 89
116 79 90
39 128 23
70 78 13
70 79 13
70 80 13
70 81 14
70 82 17
70 83 21
70 84 30
111 78 46
131 175 10
131 176 10
131 177 10
131 178 10
131 179 10
131 180 10
131 181 11
131 182 11
131 183 12
131 184 15
34 128 14
14 23 69
167 163 10
65 84 11
106 78 37
29 128 22
162 157 10
162 158 10
162 159 10
162 160 11
60 84 10
101 78 15
24 128 76
50 49 10
157 156 14
55 78 12
55 79 12
96 78 11
45 42 18
19 126 167
19 127 155
152 156 26
60 127 49
91 78 14
40 40 100
40 41 82
147 156 35
55 127 75
35 33 127
86 78 77
132 100 298
132 101 283
132 102 264
142 156 62
30 29 23
30 30 28
50 128 86
127 92 23
127 93 29
81 78 277
25 25 17
25 26 16
137 156 80
137 157 97
137 158 106
137 159 103
137 160 90
137 161 72
137 162 55
137 163 41
137 164 31
137 165 25
137 166 21
137 167 18
137 168 15
137 169 14
45 128 85
122 89 15
122 88 16
76 78 105
20 23 90
117 84 74
117 85 62
40 128 29
71 78 16
132 174 11
132 175 10
15 23 98
112 78 47
35 128 14
168 163 10
66 84 11
107 78 41
30 128 18
163 160 10
163 161 11
61 84 10
102 78 17
