10 49 10
92 39 121
92 40 164
61 97 20
61 98 21
174 29 22
194 127 10
30 172 68
102 113 130
133 59 128
82 28 15
41 43 10
51 101 177
20 172 330
164 47 13
164 48 12
92 113 153
123 59 81
72 28 13
31 50 14
82 97 80
113 45 11
195 30 10
10 173 13
10 174 12
154 54 10
62 28 11
21 50 28
72 97 153
195 76 29
195 77 40
195 78 54
185 30 13
103 45 108
41 172 13
113 112 20
113 113 19
195 98 11
144 59 11
52 28 12
52 29 12
11 49 10
93 40 212
93 41 260
93 42 296
93 43 316
93 44 325
175 29 21
62 97 20
195 127 10
31 172 55
103 113 130
134 59 100
83 28 14
42 43 10
52 101 197
21 172 384
165 46 15
165 47 13
93 113 182
124 59 112
73 28 12
32 50 13
83 97 49
114 45 11
196 30 10
196 31 10
196 32 10
196 33 10
196 34 10
196 35 10
196 36 10
196 37 10
196 38 11
196 39 12
196 40 13
196 41 16
196 42 19
196 43 22
196 44 24
196 45 26
196 46 27
196 47 29
196 48 32
196 49 36
196 50 40
196 51 44
63 28 12
196 53 46
196 54 41
196 55 32
196 56 24
196 57 18
196 58 14
196 59 12
196 60 12
196 61 11
196 62 11
196 63 11
196 64 11
196 65 12
22 50 29
196 67 13
196 68 13
196 69 14
196 70 14
196 71 14
196 72 15
196 73 15
196 74 16
196 75 18
196 76 22
196 66 12
196 52 46
186 30 13
196 78 41
155 54 10
104 45 70
11 172 16
11 173 14
114 46 10
114 47 10
114 48 10
114 49 10
114 50 10
114 51 10
114 52 10
42 172 12
114 53 10
114 54 10
114 55 10
114 56 11
114 57 11
196 98 11
145 59 11
53 28 12
114 58 12
114 59 14
114 60 19
114 61 30
114 62 51
114 63 85
114 64 124
114 65 158
114 66 179
114 67 188
114 68 190
114 69 190
12 49 10
114 70 188
114 71 170
114 72 138
114 73 103
114 74 76
114 75 58
114 76 47
114 77 41
114 78 36
114 79 32
94 44 316
176 29 20
94 45 310
196 127 10
196 128 10
196 129 10
196 130 10
196 131 10
196 132 10
196 133 10
114 80 28
114 81 25
114 82 21
114 83 18
114 84 16
114 85 15
32 172 47
114 86 14
114 103 31
114 104 30
114 105 30
114 106 31
114 107 31
135 59 71
114 108 30
43 29 11
43 30 11
43 31 11
43 32 11
43 33 11
43 34 11
43 35 11
43 36 12
43 37 12
43 38 12
43 39 11
43 40 11
43 41 11
43 42 11
43 43 10
84 28 13
114 109 27
114 110 24
114 111 22
114 112 21
104 113 130
73 97 171
63 97 22
53 101 195
22 172 400
166 45 21
166 46 17
94 113 204
125 59 136
74 28 12
33 50 12
84 97 32
115 45 10
12 172 18
156 52 11
156 53 11
156 54 10
64 28 13
23 50 27
115 86 13
115 87 13
74 97 195
105 45 45
187 30 13
197 79 43
197 80 53
197 81 61
197 82 61
197 83 52
197 84 40
197 85 29
197 86 21
197 87 17
197 88 15
197 89 13
197 90 13
197 91 12
197 92 11
197 93 11
197 94 11
197 95 10
197 96 10
197 97 10
197 98 10
197 78 33
54 28 11
146 59 11
43 167 12
43 168 11
43 169 11
43 170 11
43 171 11
43 172 11
115 103 30
13 49 11
13 50 10
64 97 26
177 29 19
95 45 303
33 172 42
105 113 124
136 59 46
44 29 11
85 28 13
54 101 171
167 44 35
167 45 26
23 172 387
95 113 215
126 59 145
75 28 12
34 50 11
85 97 24
116 44 11
116 45 10
13 172 22
157 52 11
65 28 15
44 137 10
44 138 10
44 139 10
44 140 11
44 141 11
44 142 11
44 143 11
44 144 11
44 145 12
24 50 25
44 146 13
44 147 16
44 148 22
44 149 37
44 150 66
44 151 113
44 152 183
44 153 284
44 154 403
44 155 498
106 45 30
188 30 12
44 156 522
44 157 459
44 158 342
44 159 220
44 160 130
44 161 74
44 162 41
44 163 24
44 164 16
44 165 13
44 166 12
44 167 11
116 87 12
116 88 13
116 102 30
116 103 29
75 97 225
147 58 11
147 59 10
55 28 11
14 50 10
65 97 33
178 29 18
96 45 303
34 172 36
106 113 112
137 59 30
45 29 11
86 28 12
55 101 136
168 35 87
168 36 84
168 37 84
168 38 86
168 39 85
168 40 83
168 41 78
168 42 69
168 43 57
168 44 46
24 172 360
96 113 218
127 59 148
76 28 13
35 48 11
35 49 10
35 50 10
86 97 20
117 43 11
117 44 10
14 172 29
158 52 11
66 28 16
45 137 10
25 50 23
117 88 12
117 89 13
76 97 251
107 45 21
189 30 12
117 101 30
117 102 29
148 57 11
148 58 10
56 28 11
15 50 11
66 97 45
179 29 17
97 45 304
35 172 29
107 113 95
138 59 22
46 29 11
87 28 12
87 29 12
87 30 11
56 101 102
169 34 88
169 35 85
25 172 323
97 113 212
128 59 149
77 28 13
36 47 11
36 48 10
87 97 18
118 42 11
118 43 10
15 172 39
159 52 11
67 28 17
46 137 10
26 50 20
118 89 12
118 90 13
118 91 15
118 92 18
108 45 16
190 30 12
118 93 22
118 94 28
118 95 34
118 96 37
118 97 37
118 98 35
118 99 32
118 100 31
118 101 30
77 97 264
149 56 11
149 57 10
57 28 11
16 50 11
67 97 62
180 29 16
98 45 304
36 172 24
108 113 73
139 59 17
47 29 11
88 30 11
88 31 11
88 32 11
57 101 74
170 32 86
170 33 88
170 34 92
26 172 265
98 113 193
129 59 153
78 28 14
37 46 11
37 47 10
119 32 15
119 33 14
119 34 13
119 35 12
119 36 12
119 37 12
119 38 11
119 39 11
119 40 11
119 41 10
119 42 10
119 43 10
119 44 10
119 45 10
119 46 10
119 47 11
119 48 11
119 49 11
119 50 11
119 51 12
119 52 12
119 53 12
119 54 12
119 55 12
119 56 12
119 57 13
119 58 14
119 59 17
160 52 11
16 172 60
88 98 20
88 97 19
47 130 10
47 131 10
68 28 17
47 132 10
47 133 10
47 134 10
47 135 10
47 137 11
47 136 10
27 50 18
78 97 260
109 45 14
191 30 12
150 55 11
150 56 10
58 28 11
17 50 13
68 97 83
181 29 14
181 30 18
99 45 293
37 172 21
109 113 52
140 59 15
48 29 12
89 32 12
89 33 12
89 34 13
89 35 14
58 101 55
171 30 54
171 31 64
171 32 76
27 172 196
99 113 169
130 59 158
79 28 15
38 45 11
38 46 10
48 101 85
48 102 92
48 103 96
48 104 97
48 105 97
89 98 23
89 99 26
89 100 33
89 101 44
89 102 65
89 103 98
89 104 145
89 105 193
89 106 225
89 107 233
17 172 99
89 109 197
89 110 174
89 111 148
89 112 119
161 49 13
161 50 12
120 59 22
161 52 11
161 51 12
89 113 93
89 108 219
48 106 98
48 107 101
48 108 108
48 109 121
69 28 16
48 110 139
48 111 158
48 112 175
48 113 189
48 114 192
48 115 178
48 116 148
48 117 114
48 118 82
48 119 57
48 120 39
48 121 27
48 122 20
28 50 17
48 123 16
48 124 14
48 125 12
48 126 12
48 127 11
48 128 11
79 97 232
48 129 11
48 130 10
110 45 13
192 30 11
7 176 11
7 177 11
7 178 11
7 179 11
7 180 11
7 181 12
151 54 11
151 55 10
7 182 12
59 28 11
18 50 15
69 97 104
100 45 264
192 78 234
182 30 16
38 172 18
110 113 36
141 59 13
49 29 12
8 47 12
90 35 17
90 36 22
90 37 30
59 99 32
59 100 36
172 29 31
172 30 41
59 101 45
28 172 135
100 113 148
131 59 158
80 28 16
39 44 11
39 45 10
49 101 112
18 172 163
162 48 13
162 49 12
90 113 104
121 59 33
70 28 15
29 50 16
80 97 183
111 45 12
193 30 11
8 176 11
152 54 10
60 28 11
19 50 20
70 97 122
101 45 216
193 78 129
183 30 14
39 172 16
111 113 26
142 59 12
50 29 12
193 107 117
193 108 134
193 109 160
193 110 194
9 47 11
9 48 11
9 49 10
193 114 318
193 115 321
193 116 289
193 117 231
193 118 163
193 119 102
193 120 58
193 121 33
193 122 20
193 123 14
193 124 12
193 125 11
193 126 11
193 127 10
193 113 292
193 112 258
193 111 227
173 29 25
91 39 87
91 38 61
91 37 43
60 98 23
60 99 26
29 172 93
101 113 135
132 59 149
81 28 16
40 43 11
40 44 10
50 101 145
19 172 248
163 48 12
91 113 125
122 59 52
71 28 14
30 50 15
81 97 127
112 45 11
194 30 10
9 174 12
9 175 12
9 176 11
153 54 10
61 28 11
20 50 24
71 97 138
102 45 159
194 78 79
184 30 13
40 172 14
112 113 21
194 98 12
194 99 13
194 100 15
51 29 13
194 102 29
194 103 41
194 104 55
194 105 69
194 106 82
194 107 97
194 101 20
143 59 12
