61 88 11
66 115 45
174 23 20
122 187 10
107 118 11
15 95 14
56 89 13
61 115 36
56 92 12
169 23 18
102 118 11
102 119 11
102 120 11
102 121 11
102 122 11
102 123 11
10 95 12
51 89 24
51 92 20
164 23 16
97 115 13
153 187 13
5 95 12
46 89 41
46 92 33
143 151 11
159 24 30
143 152 10
92 115 16
148 187 11
82 76 10
133 118 14
41 89 20
138 146 11
138 147 10
195 15 11
87 115 19
143 187 10
128 118 12
36 89 14
36 90 13
190 15 10
77 88 11
82 115 30
138 187 10
123 118 11
31 90 17
72 88 13
77 115 31
185 20 11
185 21 10
185 22 10
185 23 10
133 187 10
118 118 11
26 90 17
67 88 12
72 115 35
180 23 12
128 187 10
113 118 11
21 90 12
62 88 11
67 115 46
175 23 20
123 187 10
108 118 11
16 95 15
57 89 12
62 115 38
57 92 12
170 23 18
118 187 10
118 188 10
118 189 10
103 118 11
118 191 10
118 192 10
118 193 10
118 194 10
118 195 10
118 196 10
118 197 10
118 198 10
11 95 12
118 190 10
52 89 21
52 92 18
165 23 16
98 115 12
98 116 12
6 95 12
47 89 40
47 92 32
160 23 22
160 24 25
144 152 11
144 153 10
93 115 16
149 187 11
83 76 10
83 75 11
134 118 15
42 89 24
42 90 22
42 91 21
42 92 21
139 148 10
139 147 11
196 15 11
88 115 18
144 187 10
129 118 12
78 79 10
78 80 10
37 89 14
78 82 10
78 83 10
78 84 10
78 85 10
78 86 10
191 15 10
78 87 10
78 88 10
78 81 10
78 78 10
83 115 28
139 187 10
124 118 11
32 90 16
73 88 12
186 19 11
186 20 10
78 115 32
134 187 10
119 118 11
27 90 18
68 88 12
73 115 33
181 23 12
129 187 10
114 118 11
22 90 13
63 88 11
68 115 45
176 23 18
124 187 10
109 118 11
17 95 15
58 89 12
63 115 40
58 92 12
171 23 19
119 187 10
104 118 11
12 95 12
53 89 18
53 92 16
166 23 17
99 116 11
99 117 11
99 118 11
99 119 11
99 120 11
99 121 11
99 122 11
99 123 11
7 95 11
48 89 37
48 92 29
161 23 19
145 153 10
94 115 15
84 74 11
150 187 11
84 75 10
135 118 17
43 89 29
43 92 25
140 149 10
140 148 11
197 15 11
89 115 17
145 187 10
79 77 11
130 118 12
79 78 10
38 89 15
192 15 10
84 115 25
140 187 10
125 118 11
33 90 14
74 88 12
187 17 11
187 18 10
187 19 10
79 115 32
135 187 10
120 118 11
28 90 19
69 88 13
74 115 31
182 23 11
130 187 10
115 118 11
23 90 13
64 88 12
69 115 43
177 23 16
125 187 10
110 118 11
18 94 15
18 95 14
59 88 11
59 89 11
64 115 42
59 92 12
59 93 12
59 94 12
172 23 20
59 95 12
59 96 13
59 97 13
59 98 13
120 187 10
59 100 14
59 101 15
105 118 11
59 103 18
59 104 21
59 105 24
59 106 27
59 107 29
59 108 31
59 109 32
59 110 32
13 95 13
59 112 32
59 113 33
59 114 35
59 115 38
59 111 32
59 102 16
167 23 17
59 99 13
54 92 14
54 89 16
100 123 11
8 95 11
49 89 32
49 92 25
162 23 17
146 153 11
146 154 10
95 115 15
85 68 10
85 69 10
85 70 10
85 71 10
85 72 10
85 73 10
85 74 10
151 187 12
85 67 10
136 118 20
44 89 35
44 92 29
141 149 11
141 150 10
198 15 11
90 115 17
146 187 10
80 77 10
131 118 13
39 89 16
193 15 10
85 115 23
141 187 10
126 118 11
34 90 14
188 15 11
188 16 10
188 17 10
75 88 11
80 115 32
136 187 10
121 118 11
29 90 19
70 88 13
75 115 30
183 23 11
131 187 10
116 118 11
24 90 14
65 88 12
70 115 40
178 23 14
126 187 10
111 118 11
19 90 13
19 91 13
19 92 14
19 93 14
19 94 14
60 88 11
65 115 44
173 23 20
121 187 10
106 118 11
14 95 14
55 89 14
60 115 37
55 92 13
168 23 17
101 123 11
9 95 11
50 89 27
50 92 22
163 23 16
147 154 10
96 115 14
86 67 10
147 157 10
147 158 10
147 159 10
147 160 10
147 161 10
147 162 10
152 187 12
147 164 10
147 165 10
137 118 24
147 167 10
147 168 10
45 89 39
147 170 10
147 171 10
45 92 32
147 173 10
147 174 10
199 15 11
158 24 36
158 25 43
158 26 54
158 27 68
158 28 83
147 175 10
147 176 10
147 177 10
147 178 10
91 115 17
147 180 10
147 181 10
147 182 10
147 183 10
147 184 10
147 185 10
147 186 10
147 187 10
81 76 11
81 77 10
132 118 13
147 179 10
147 172 10
194 15 11
40 89 18
147 169 10
147 166 10
147 163 10
147 156 10
147 155 10
142 151 10
142 150 11
137 146 10
137 145 11
86 115 21
137 144 11
137 143 11
137 142 12
137 141 13
137 140 13
137 139 13
137 138 13
142 187 10
137 137 13
137 136 13
127 118 11
137 135 13
189 15 10
137 134 13
137 133 13
35 90 13
137 132 13
137 131 13
137 130 14
137 129 14
137 128 15
76 88 11
137 127 15
137 126 15
81 115 32
137 125 15
137 124 15
137 123 15
137 122 15
137 121 15
137 120 16
137 119 19
137 187 11
122 118 11
30 90 18
71 88 13
76 115 30
184 23 11
132 187 10
117 118 11
25 90 15
66 88 12
71 115 37
179 23 13
127 187 10
112 118 11
20 90 12
