20 96 30
10 55 56
10 56 75
51 56 10
30 175 147
61 120 621
71 168 11
112 167 11
20 138 10
153 164 28
10 96 18
41 56 11
82 56 15
92 106 11
92 107 10
92 108 10
92 109 10
20 175 46
61 171 11
102 167 10
113 21 12
143 167 526
184 163 10
10 149 11
10 150 11
10 151 11
10 152 11
10 153 11
10 158 20
10 159 25
31 56 12
10 161 39
10 162 41
10 163 38
10 164 33
10 165 27
10 166 23
10 167 20
72 56 10
10 169 15
10 170 14
10 171 13
10 172 13
10 173 13
10 174 14
10 168 18
10 160 33
92 164 10
51 175 26
82 120 16
103 21 10
133 167 1122
174 163 10
21 56 16
62 56 10
41 175 30
72 120 134
82 168 11
93 21 10
123 167 55
164 163 11
21 96 27
21 97 26
21 98 24
21 99 21
21 100 18
21 101 16
21 102 15
21 103 15
11 56 56
21 104 16
21 105 18
21 106 21
21 107 26
21 108 32
21 109 36
21 110 39
52 56 10
21 111 42
21 112 45
21 113 52
21 114 66
21 115 88
21 116 122
21 117 158
21 118 185
21 119 193
21 120 184
21 121 163
21 122 141
21 123 122
21 124 109
21 125 101
62 120 564
21 126 96
21 127 90
21 128 85
21 129 76
21 130 62
21 131 45
21 132 30
21 133 20
21 134 15
21 135 12
21 136 11
21 137 11
21 138 10
11 55 42
11 54 32
11 53 25
11 96 22
11 52 20
11 51 17
72 168 11
31 175 119
113 167 11
154 164 21
154 163 18
42 56 11
83 56 16
93 105 11
93 106 10
21 175 63
62 169 10
62 170 10
62 171 10
103 167 10
11 139 10
11 140 10
114 21 13
11 141 10
11 142 10
11 143 10
11 144 10
11 145 10
11 146 10
11 147 10
11 148 10
11 149 10
144 167 422
185 163 10
32 56 12
73 56 10
11 174 16
93 164 10
52 175 21
83 120 15
104 21 10
134 167 1382
175 163 10
22 56 14
63 56 11
42 175 26
73 120 93
83 168 12
94 21 10
124 167 64
165 163 11
12 50 14
12 51 15
12 56 45
53 56 10
32 175 98
63 120 540
73 168 11
114 167 13
155 163 15
12 96 27
43 56 10
94 104 11
94 105 10
84 56 17
22 175 92
63 169 10
104 167 10
12 139 10
115 21 14
145 167 363
33 56 12
74 56 10
12 174 18
94 164 10
53 175 17
84 120 13
105 21 10
135 167 1614
176 163 10
13 5 23
13 6 25
13 7 27
23 56 12
13 9 31
13 10 37
13 11 50
13 8 28
64 56 11
43 175 25
74 120 61
84 168 12
95 21 10
125 167 74
166 163 10
13 50 13
13 56 40
54 56 10
33 175 85
64 120 535
74 168 10
115 167 15
156 163 14
13 96 35
44 56 10
95 103 11
95 104 10
85 56 17
23 175 137
64 168 11
64 169 10
105 167 10
13 139 10
116 21 15
146 166 303
146 167 334
34 56 12
75 56 10
13 174 19
95 164 10
54 175 14
85 120 12
106 21 10
136 167 1753
177 163 10
24 56 12
14 11 68
65 56 11
44 175 27
75 120 39
85 168 12
96 21 10
126 167 93
167 163 10
14 50 13
14 56 38
55 56 10
34 175 77
65 120 529
75 168 10
116 167 19
157 163 13
14 96 43
45 56 10
96 100 11
96 101 10
96 102 10
96 103 10
86 56 17
24 175 193
65 168 11
106 167 10
14 139 10
147 164 186
117 21 16
147 166 271
147 165 229
35 56 11
76 56 10
14 174 20
96 164 10
55 175 13
86 120 11
107 21 10
137 167 1756
178 163 10
25 56 11
15 11 97
15 12 132
15 13 192
15 14 286
15 15 413
66 56 11
15 17 784
15 18 975
15 19 1099
15 20 1115
15 21 1028
15 22 880
15 23 723
15 24 587
15 25 467
15 26 355
15 27 258
15 28 185
15 29 134
15 30 101
15 31 80
76 120 28
15 32 65
15 33 54
15 34 44
15 35 35
15 36 30
97 21 10
15 38 30
15 39 32
15 40 33
15 41 33
15 42 30
15 43 26
15 44 21
15 45 18
15 46 16
15 47 14
15 48 13
15 49 12
15 50 12
15 37 29
15 16 582
86 168 12
45 175 31
127 167 128
15 56 38
168 163 10
56 56 10
35 175 73
66 120 504
76 168 10
117 167 23
158 163 13
87 29 18
87 30 15
87 31 13
87 32 12
87 33 11
87 34 11
87 35 11
87 36 11
15 96 48
46 56 10
97 97 10
97 98 10
97 99 10
97 100 10
87 56 17
25 175 242
66 168 11
107 167 10
15 139 10
148 164 142
118 21 18
36 56 11
77 56 11
15 174 21
97 164 10
56 173 12
56 174 12
56 175 12
87 120 11
108 21 10
138 167 1621
179 163 10
26 56 11
67 56 11
46 175 36
77 120 22
87 168 11
98 21 10
128 167 195
169 163 10
16 56 37
57 56 10
36 175 69
67 120 452
77 168 10
118 167 27
159 163 12
88 29 16
16 96 47
88 36 10
88 37 10
88 38 10
88 39 10
88 40 10
88 41 10
88 42 10
88 43 10
88 44 10
88 45 10
88 46 10
88 47 10
88 48 10
98 97 10
88 49 10
88 50 10
88 51 10
47 56 10
88 56 18
26 175 265
67 168 11
108 167 10
16 139 10
149 164 106
119 21 22
37 56 11
78 56 11
16 174 22
88 116 11
88 117 10
88 118 10
88 119 10
88 120 10
98 164 10
57 173 12
109 21 10
139 167 1389
180 163 10
27 56 11
68 56 11
47 175 41
78 120 19
88 168 11
99 21 10
129 167 308
170 163 10
17 56 34
58 56 10
37 175 64
68 120 378
78 168 11
119 167 30
160 163 12
89 29 15
17 96 43
48 56 10
89 51 10
89 52 11
89 53 12
89 54 13
89 55 16
89 56 20
89 57 26
89 58 34
89 59 43
89 60 52
89 61 63
89 62 80
89 63 105
89 64 147
68 168 11
27 175 254
109 167 10
17 138 11
17 139 10
150 164 77
38 56 11
79 56 11
17 174 23
17 175 24
58 171 11
89 116 10
99 164 10
58 172 11
58 173 11
110 21 10
140 167 1126
181 163 10
28 56 11
69 56 11
89 167 11
79 120 17
89 168 10
48 175 42
100 21 10
130 167 472
171 163 10
18 56 30
59 56 10
38 175 56
69 120 300
79 168 11
120 167 33
161 163 12
90 28 13
90 29 14
18 96 37
49 56 10
28 175 221
59 120 784
69 168 11
110 167 10
18 138 10
151 164 55
39 56 10
80 56 12
90 109 11
90 110 11
90 111 11
90 112 11
90 113 11
90 114 11
90 115 11
90 116 10
18 175 28
59 171 11
100 164 10
111 21 11
141 167 887
182 163 10
29 56 12
70 56 11
90 165 11
90 166 10
90 167 10
80 120 17
49 175 38
101 21 10
131 167 670
172 163 10
19 56 25
60 56 10
39 175 47
70 120 232
80 168 11
121 167 39
91 25 11
91 26 11
91 27 12
91 28 12
162 163 11
19 96 33
9 56 104
9 57 140
9 58 183
9 59 219
9 60 234
9 61 219
9 62 186
9 63 151
9 64 122
9 65 102
9 66 83
9 67 65
9 68 51
9 69 42
9 70 39
9 71 39
9 72 43
9 73 50
9 74 56
9 75 60
9 76 63
9 77 68
9 78 71
9 79 70
60 120 698
9 80 61
9 81 47
9 82 34
9 83 24
9 84 18
9 85 15
9 86 13
9 87 12
9 88 11
9 89 11
9 90 11
9 91 11
9 92 11
9 93 12
9 94 12
9 95 14
9 96 16
50 56 10
19 138 10
70 168 11
29 175 182
111 167 10
152 164 39
40 56 11
81 56 13
91 109 11
19 175 34
60 171 11
101 164 10
101 165 10
101 166 10
101 167 10
112 21 11
142 167 686
183 163 10
9 153 12
9 154 13
9 155 14
9 156 16
9 157 19
9 158 25
30 56 12
71 56 11
91 164 10
91 165 10
50 175 32
81 120 16
102 21 10
132 167 883
173 163 10
20 56 20
61 56 10
40 175 37
71 120 179
81 168 11
92 21 10
92 22 10
92 23 10
92 24 10
92 25 10
122 167 47
163 163 11
