51 43 122
153 132 15
153 133 15
153 134 15
153 135 15
102 96 14
112 152 117
71 166 87
143 106 213
30 181 112
174 58 17
174 59 17
41 36 11
41 37 10
41 38 10
41 39 10
92 89 18
174 89 38
174 90 38
102 155 291
102 156 322
143 149 11
143 150 10
61 166 234
133 106 148
20 181 15
20 182 14
20 183 14
20 184 14
82 74 12
31 36 10
31 37 10
31 38 10
31 39 10
31 40 10
31 41 10
31 42 10
31 43 10
174 127 19
92 159 123
92 160 93
133 153 26
72 66 15
72 67 15
72 68 15
123 106 15
51 168 132
51 169 127
51 170 122
10 185 26
164 127 20
62 48 380
62 49 312
62 50 259
113 103 11
113 104 11
113 105 12
82 161 17
123 153 139
82 162 15
82 163 14
82 164 13
82 165 12
82 166 12
41 181 211
154 115 35
154 116 32
154 117 28
154 118 25
154 119 23
154 120 20
154 121 18
154 122 16
154 123 15
154 124 14
52 44 230
52 43 171
154 130 14
154 131 14
154 132 14
103 96 14
113 152 133
72 166 64
144 106 194
31 181 153
175 56 16
175 57 16
175 58 16
42 39 11
93 89 17
93 90 17
103 153 192
103 154 223
103 155 257
175 90 39
144 149 10
62 166 245
134 106 162
21 181 15
83 74 12
32 36 10
175 127 17
93 159 159
52 167 138
134 153 21
124 106 18
52 168 135
73 68 14
11 185 24
165 127 23
63 50 207
63 51 167
114 105 11
114 106 11
83 161 17
124 153 124
42 181 173
22 89 12
155 124 13
155 125 13
53 44 304
155 130 13
104 96 14
114 152 151
73 166 47
145 106 176
32 181 202
176 54 17
176 55 17
176 56 16
43 39 11
43 40 11
94 90 16
94 91 16
104 152 135
104 153 161
176 90 40
176 91 41
145 149 10
63 166 252
135 106 179
22 181 16
84 74 12
84 75 13
33 36 10
84 76 13
176 127 16
53 166 144
94 159 199
53 167 140
135 153 18
125 106 24
74 68 14
12 185 23
166 127 25
64 51 135
64 52 107
64 53 87
84 161 17
115 106 11
125 153 109
43 181 141
23 89 12
54 44 391
156 125 12
156 126 12
156 127 12
156 128 13
54 45 476
156 130 13
105 96 14
105 97 15
115 152 169
74 166 35
177 47 17
177 48 17
177 49 18
146 106 162
177 51 18
177 52 18
33 181 254
177 54 17
177 53 18
177 50 18
44 40 12
95 91 15
95 92 15
105 152 113
177 91 44
146 149 10
64 166 251
136 106 199
23 181 17
34 36 10
85 76 13
85 77 14
177 127 14
54 166 146
95 159 241
136 153 15
126 106 32
75 68 13
13 185 22
167 127 27
65 53 72
65 54 59
65 55 50
85 161 17
116 106 11
126 153 96
24 85 12
24 86 11
24 87 11
24 88 11
24 89 11
44 181 118
55 45 559
178 22 11
178 23 11
157 128 12
157 129 13
157 130 13
178 27 11
178 28 11
178 29 12
178 30 12
178 31 12
178 32 13
106 97 14
178 34 13
178 35 14
178 36 14
178 37 14
178 38 15
178 39 15
116 152 185
178 41 15
178 42 15
178 43 15
178 44 15
178 45 16
75 166 28
178 47 16
178 46 16
178 40 15
147 106 152
147 107 146
178 33 13
34 181 300
178 26 11
178 25 11
178 24 11
178 21 11
45 40 13
96 92 15
106 152 98
178 91 48
178 92 52
147 149 10
65 166 244
137 106 219
24 181 19
35 36 10
86 77 14
86 78 15
86 79 16
86 80 17
86 81 18
178 127 13
55 166 153
96 159 281
137 153 13
127 106 44
76 68 13
14 185 21
25 54 19
25 55 20
25 56 20
25 57 21
25 58 21
25 59 22
25 60 22
25 61 22
25 62 23
25 63 23
25 64 24
25 65 25
25 66 26
25 67 27
25 68 28
25 69 28
25 70 27
25 71 26
25 72 24
25 73 22
25 74 19
25 75 18
25 76 16
25 77 15
25 78 14
25 79 13
25 80 13
25 81 12
25 82 12
25 83 12
25 84 11
25 85 11
117 106 11
66 57 33
66 56 37
66 55 43
86 161 19
127 153 83
45 180 92
45 181 102
168 127 28
56 45 633
56 46 688
179 21 11
158 130 13
107 97 14
117 152 196
76 166 23
148 107 136
35 181 335
46 40 15
97 92 14
97 93 14
97 94 14
97 95 15
107 152 90
179 92 59
148 149 10
66 166 229
179 93 68
138 106 238
25 181 23
36 36 10
87 81 18
87 82 19
87 83 19
87 84 19
87 85 19
87 86 20
179 127 12
97 158 348
97 159 318
56 166 162
138 153 12
128 106 59
77 68 12
77 69 12
77 70 12
77 71 13
15 185 19
26 53 18
26 54 18
169 127 28
67 57 30
67 58 27
67 59 25
87 161 21
118 106 11
128 153 71
46 178 73
46 179 77
46 180 84
180 16 13
180 17 12
180 18 12
180 19 12
180 20 12
180 21 11
57 46 712
159 130 14
108 97 13
108 98 14
118 152 201
77 166 19
149 107 131
149 108 119
36 181 351
47 40 18
47 41 21
98 95 14
149 140 14
149 141 14
149 142 13
149 143 13
108 152 87
149 145 12
149 146 11
149 147 11
149 148 11
149 149 10
149 144 12
67 166 207
180 94 97
180 93 80
139 106 251
26 181 30
37 36 10
88 86 19
88 87 20
180 127 12
98 158 370
57 166 174
139 153 11
129 106 78
78 71 12
78 72 13
16 185 18
27 51 16
27 52 16
27 53 17
170 127 27
68 59 24
68 60 22
68 61 21
88 161 24
119 106 11
129 153 60
47 176 69
47 177 68
47 178 69
181 11 12
181 12 12
181 13 12
181 14 12
181 15 12
181 16 12
58 46 713
160 130 15
109 98 13
109 99 13
119 152 200
78 166 16
150 108 114
150 109 102
37 181 349
48 41 27
48 42 34
99 95 14
99 96 15
150 138 15
150 139 15
150 140 14
109 152 89
68 166 179
181 95 147
181 94 118
140 106 253
27 181 41
38 36 10
89 87 19
181 127 12
99 157 388
99 158 383
58 166 189
140 153 11
130 106 97
79 72 12
79 73 13
17 184 16
17 185 17
28 49 14
28 50 15
28 51 15
171 127 26
69 61 20
69 62 19
69 63 19
69 64 18
89 161 30
120 106 12
130 153 50
48 175 71
48 176 68
182 1 12
182 2 12
182 3 12
182 4 11
182 5 11
182 6 11
182 7 11
182 8 11
182 9 11
182 10 11
182 11 11
59 46 693
59 47 647
161 130 16
110 99 12
110 100 12
110 101 13
120 152 194
79 166 14
151 109 96
151 110 84
151 111 78
38 181 328
49 42 46
100 96 14
151 138 15
110 152 94
69 166 146
182 95 182
182 96 224
141 106 246
28 181 56
39 36 10
90 87 18
90 88 19
182 125 12
182 126 11
182 127 11
100 157 382
59 166 204
141 152 11
141 153 10
131 106 116
18 184 15
80 73 12
80 74 13
29 46 12
29 47 12
29 48 13
29 49 13
172 127 24
70 64 17
70 65 17
121 106 12
90 161 39
131 153 40
49 173 87
49 174 79
49 175 74
60 47 585
162 130 17
111 101 12
121 152 185
121 153 173
80 166 13
39 181 294
152 111 68
152 112 60
152 113 54
50 42 63
50 43 88
152 135 16
101 96 14
152 137 16
152 138 15
152 136 16
111 152 104
70 166 115
183 96 274
183 97 328
142 106 232
183 99 442
183 100 492
29 181 79
183 102 553
183 103 558
183 104 546
183 105 517
183 106 473
183 107 418
40 36 10
183 109 293
183 110 234
183 111 183
183 112 142
183 113 109
183 114 83
183 115 62
183 116 46
183 117 34
183 118 26
183 119 20
91 88 18
91 89 19
183 122 13
183 123 12
183 124 12
183 125 11
183 121 15
183 120 17
183 108 356
183 101 530
183 98 385
173 83 115
173 84 83
173 85 64
173 86 52
173 87 45
173 88 40
173 89 38
173 82 164
173 81 236
101 156 350
101 157 370
142 150 11
142 151 10
142 152 10
60 166 220
132 106 133
173 80 330
173 79 441
173 78 553
173 77 650
173 76 713
19 184 15
173 75 731
81 74 12
173 74 702
173 73 634
173 72 538
173 71 433
173 70 331
173 69 243
173 68 173
173 67 120
30 43 11
30 44 11
30 45 11
30 46 11
173 66 82
173 65 57
173 64 41
173 63 31
173 62 25
173 61 22
173 60 20
173 59 18
173 127 22
91 160 70
71 65 16
71 66 16
122 106 13
91 161 51
132 153 33
50 170 117
50 171 109
50 172 102
50 173 94
9 185 28
61 47 523
61 48 445
163 129 18
163 130 19
163 128 18
163 127 18
112 101 11
112 102 11
112 103 12
122 153 156
81 166 13
40 181 252
153 113 48
153 114 44
153 115 40
