153 120 18
153 121 15
135 136 10
130 140 11
148 131 10
125 140 19
143 132 10
156 97 20
156 98 20
156 99 21
156 100 23
156 101 24
141 30 11
141 31 11
156 102 25
156 103 24
151 82 73
156 104 23
156 105 22
156 106 22
156 107 25
156 108 31
156 109 41
156 110 57
156 111 74
156 112 87
156 113 89
156 114 80
156 115 67
156 116 53
156 117 40
156 118 31
156 119 25
156 120 22
138 135 11
138 136 10
120 140 16
146 82 22
115 139 10
115 140 10
151 121 13
151 122 12
151 123 11
151 124 11
151 125 11
151 126 11
151 127 11
151 128 11
151 129 11
151 130 11
151 131 10
133 137 10
128 140 13
146 131 10
123 140 24
144 38 10
144 39 11
144 40 11
144 41 12
144 42 14
144 43 18
144 44 27
144 45 45
144 46 78
144 47 127
144 48 179
144 49 214
144 50 221
144 51 208
144 52 187
144 53 168
144 54 144
144 55 116
144 56 88
144 57 66
144 58 52
144 59 44
144 60 39
144 61 36
144 62 32
144 63 28
144 64 24
144 65 21
144 66 18
144 67 15
144 68 14
144 69 12
144 70 12
144 71 11
144 72 11
144 73 11
144 74 11
144 75 12
144 76 12
144 77 12
144 78 12
144 79 12
144 80 13
144 81 14
149 82 49
154 95 26
154 96 23
154 120 19
141 133 11
141 134 10
136 136 10
118 140 12
131 139 11
131 140 10
149 131 10
126 140 16
144 131 11
144 132 10
142 31 10
142 32 10
142 33 10
142 34 10
142 35 10
142 36 10
142 37 11
152 82 82
121 140 20
139 135 10
147 82 29
116 140 11
134 136 11
152 121 14
134 137 10
129 140 12
147 131 10
124 140 22
142 132 11
142 133 10
155 96 22
155 97 21
140 27 32
140 28 20
140 29 15
140 30 12
150 82 62
119 140 13
155 120 21
137 136 10
145 81 15
145 82 18
114 139 10
132 137 11
132 138 10
132 139 10
150 131 10
127 140 14
145 131 10
153 82 89
153 83 94
153 84 101
143 37 10
143 38 11
153 85 105
153 86 105
153 87 98
153 88 87
153 89 73
153 90 61
153 91 50
153 92 43
153 93 37
153 94 33
153 95 30
140 134 11
140 135 10
122 140 23
148 82 38
117 140 11
