107 104 12
107 100 15
107 101 14
107 102 13
107 103 13
112 135 10
163 175 12
138 67 18
107 133 10
158 175 11
153 162 10
153 163 11
153 164 11
153 165 11
153 166 11
153 167 11
153 168 11
153 169 11
153 170 11
153 171 11
153 172 11
153 173 11
153 174 11
153 175 11
133 70 15
133 69 15
148 161 10
148 162 11
143 149 10
143 150 10
143 151 11
128 80 119
128 81 137
128 82 151
128 83 162
128 84 167
128 79 101
128 78 84
128 77 70
138 143 10
138 144 10
138 145 11
123 89 147
133 139 11
179 176 45
118 89 190
144 10 13
128 139 11
144 11 12
174 176 21
113 89 168
123 139 10
169 175 14
169 176 15
118 137 10
118 138 11
108 100 16
113 135 10
113 136 11
164 175 12
139 67 19
103 107 13
103 108 12
103 109 12
103 110 12
159 175 11
103 111 12
103 112 12
103 113 12
103 114 12
103 115 12
103 116 11
103 117 11
103 118 11
103 119 11
103 120 10
103 121 10
103 122 10
103 123 10
134 69 15
103 124 10
103 125 10
103 126 10
103 127 10
103 128 10
103 129 10
103 130 10
103 131 10
103 132 10
108 133 10
154 175 11
149 162 10
129 71 22
129 72 25
129 73 29
129 74 34
129 75 41
129 76 49
129 77 58
144 151 10
144 152 11
139 145 10
139 146 11
124 89 139
134 139 11
180 176 51
119 89 184
145 10 12
129 139 11
145 9 12
145 8 13
175 176 24
114 89 178
124 139 10
170 176 15
119 138 10
109 94 61
109 95 50
109 96 40
109 97 32
109 98 26
109 99 21
109 100 18
165 175 13
114 136 10
140 66 22
140 67 20
104 105 13
104 106 12
104 107 12
109 133 10
109 134 11
160 175 11
135 69 15
104 132 10
104 133 11
155 175 11
150 162 10
130 70 18
130 71 19
145 152 10
145 153 10
145 154 11
140 146 10
140 147 11
125 88 135
125 89 135
135 139 11
146 6 12
146 7 12
146 8 12
120 89 175
130 139 11
176 176 27
115 89 187
125 139 10
171 176 16
120 138 10
120 139 11
110 92 100
110 93 86
110 94 72
166 175 13
115 136 10
141 65 27
141 66 24
105 104 12
105 105 12
110 134 10
161 175 11
136 68 16
136 69 15
105 133 10
156 175 11
151 162 10
131 70 17
146 154 10
146 155 10
146 156 10
146 157 10
146 158 10
146 159 11
141 147 10
141 148 11
126 87 142
126 88 136
136 139 10
136 140 10
136 141 11
121 89 166
131 139 11
177 176 32
116 89 192
126 139 10
172 176 17
111 89 149
111 90 140
121 139 10
111 92 115
111 91 128
167 175 14
116 136 10
116 137 11
142 65 29
106 104 12
111 134 10
111 135 11
162 175 12
137 67 17
137 68 16
106 133 10
157 175 11
152 162 10
132 70 16
147 159 10
147 160 10
147 161 11
142 148 10
142 149 11
127 84 167
127 85 162
127 86 155
127 87 147
137 141 10
137 142 10
137 143 11
122 89 156
132 139 11
178 176 38
117 89 194
143 11 13
127 139 10
143 12 12
143 13 12
143 14 12
143 15 12
143 16 12
143 17 12
143 18 12
143 19 13
143 20 14
143 21 15
143 22 17
143 23 20
143 24 23
143 25 26
143 26 31
143 27 36
143 28 41
143 29 47
143 30 55
143 32 69
143 33 75
143 31 62
143 35 80
173 176 18
112 89 158
143 34 78
122 139 10
143 36 80
143 37 80
143 38 79
143 39 78
143 40 77
143 41 78
143 42 80
143 43 83
143 44 86
143 45 88
143 46 90
143 47 92
143 48 95
143 49 98
143 50 103
143 51 108
143 52 114
143 53 118
143 54 120
143 55 119
168 175 14
143 57 105
143 56 113
117 137 10
143 60 67
143 61 55
143 62 46
143 63 40
143 64 35
143 65 32
143 59 80
143 58 93
