194 119 11
10 59 10
51 69 64
92 64 12
153 152 10
153 156 10
153 157 11
194 152 10
92 79 27
0 59 10
0 60 10
0 61 10
0 62 10
0 63 10
0 64 10
0 65 10
0 66 10
0 67 10
0 68 10
0 69 10
0 70 10
0 71 10
0 72 10
143 145 15
0 74 10
0 75 10
0 76 10
20 173 12
20 174 11
41 69 40
0 80 10
0 81 10
0 82 10
0 83 10
0 84 10
82 69 66
0 86 10
0 87 10
184 152 10
0 89 11
0 90 11
0 91 11
0 92 11
0 93 12
0 94 12
0 95 12
0 96 12
0 97 12
0 98 13
0 99 15
0 100 18
0 101 23
0 102 31
0 103 40
0 104 49
0 105 55
0 106 58
0 107 59
0 108 58
0 109 55
0 110 52
0 111 51
0 112 53
0 113 61
0 114 78
0 115 106
0 116 150
133 141 18
0 118 284
0 119 369
0 120 456
0 121 525
0 122 564
0 123 570
0 124 553
0 125 528
0 126 510
0 127 509
0 128 534
0 129 590
0 130 677
0 131 777
0 132 861
72 69 52
31 78 19
0 135 839
10 184 13
10 185 12
174 152 10
0 139 552
0 140 533
0 141 544
0 142 579
0 143 622
0 144 646
0 145 635
0 146 584
123 123 89
123 124 85
0 149 340
0 150 277
0 151 234
0 152 211
0 153 204
0 154 210
0 155 219
0 156 221
0 157 209
0 158 183
0 159 150
0 160 117
0 161 90
0 162 70
0 163 58
0 164 52
0 165 50
0 166 52
0 167 55
0 168 56
0 169 54
0 170 49
0 171 42
0 172 35
21 69 11
21 70 10
21 71 10
21 72 10
21 73 10
113 104 167
0 174 25
0 173 29
62 69 121
0 148 420
0 147 507
164 152 10
0 138 600
0 137 673
0 136 758
0 134 893
0 133 903
0 117 211
0 88 10
0 85 10
0 79 10
0 78 10
0 77 10
0 73 10
103 79 15
103 80 14
103 81 14
103 82 14
195 119 11
11 59 10
11 60 10
11 61 10
11 62 10
11 63 10
11 64 10
11 65 10
11 66 11
11 67 10
52 69 67
93 62 11
93 63 11
93 64 11
154 152 10
154 157 10
154 158 11
195 152 10
93 79 29
1 59 10
144 145 13
21 173 13
42 69 47
83 69 50
185 152 10
134 141 19
32 77 19
32 78 18
73 69 58
11 184 12
175 152 10
124 124 78
1 174 22
1 175 19
114 104 168
22 73 11
63 69 95
165 152 10
104 82 15
104 83 15
104 84 16
104 85 16
104 86 16
196 119 10
196 120 10
196 121 10
196 122 10
196 123 10
196 124 10
196 125 10
196 126 10
196 127 10
196 128 10
196 129 10
196 130 10
196 131 10
196 132 10
196 133 10
196 134 10
196 135 10
196 136 10
196 137 10
196 138 10
196 139 10
196 140 10
196 141 10
196 142 10
196 143 10
196 144 10
196 145 10
196 146 10
196 147 10
196 148 10
196 149 10
196 150 10
196 151 10
196 152 10
12 67 10
155 158 10
155 159 11
94 62 11
155 152 10
53 69 78
104 102 58
104 101 57
104 100 55
104 99 54
104 98 51
104 97 48
104 96 43
104 95 38
104 94 34
104 93 29
104 92 26
104 91 23
104 90 20
104 89 18
104 88 17
104 87 17
94 79 29
2 59 10
22 164 27
22 165 28
22 166 28
22 167 29
22 168 28
22 169 26
22 170 23
22 171 19
22 172 16
22 173 14
145 145 12
43 69 56
84 69 38
186 152 10
135 141 20
33 76 20
33 77 19
74 69 64
12 184 12
176 152 10
125 124 70
125 125 59
125 126 50
2 175 17
115 104 167
23 73 11
115 105 160
64 69 72
166 152 10
13 67 10
105 102 61
105 103 62
105 104 66
54 69 95
95 62 11
156 152 10
156 159 10
197 152 10
156 160 11
95 79 28
3 59 10
23 164 28
146 145 11
44 69 66
85 69 30
187 152 10
136 141 23
34 76 20
75 69 73
13 184 12
177 152 10
126 126 42
126 127 35
126 128 30
126 129 26
126 130 24
126 131 21
126 132 20
3 175 16
24 73 12
116 106 143
116 105 152
65 69 54
167 152 10
14 67 10
106 104 73
55 69 120
96 62 11
157 152 10
198 152 10
157 160 10
157 161 10
157 162 10
157 163 10
157 164 10
157 165 10
157 166 10
157 167 10
157 168 10
157 169 10
157 170 10
157 171 10
157 172 10
157 173 10
157 174 10
157 175 10
157 176 10
96 79 24
4 59 10
24 164 31
147 145 11
45 69 76
86 69 25
86 70 23
86 71 22
188 152 10
86 72 20
86 73 19
86 74 17
86 76 17
86 77 18
86 78 21
86 79 26
86 75 17
137 141 25
35 75 22
35 76 21
76 69 87
14 183 13
14 184 12
178 152 10
127 132 20
127 133 20
127 134 20
4 175 15
25 73 13
25 74 14
117 107 123
117 108 116
66 69 43
117 106 135
168 152 10
15 67 10
107 104 85
56 69 150
97 62 11
158 152 10
199 152 10
97 79 21
158 176 10
5 59 10
25 164 37
148 145 11
46 69 82
189 152 10
87 74 16
87 75 15
87 76 16
87 79 23
138 141 26
36 75 22
77 69 101
15 182 13
15 183 12
179 152 10
128 134 21
128 135 21
5 175 14
26 74 15
26 75 16
118 108 108
67 69 38
118 110 107
118 111 116
169 152 10
118 113 143
118 114 153
118 115 155
118 116 146
118 117 128
118 118 106
118 119 87
118 120 74
118 121 70
118 112 129
118 109 104
16 67 10
108 104 100
57 69 177
98 62 11
159 152 10
98 79 18
159 176 10
6 59 10
26 164 46
149 145 10
149 146 10
149 147 10
149 148 10
149 149 10
149 150 10
149 151 10
149 152 10
149 153 10
149 154 10
149 155 10
149 156 10
47 69 83
88 72 17
88 73 16
88 74 15
190 152 10
88 79 21
139 141 25
37 74 24
37 75 23
16 180 12
16 181 12
16 182 12
78 69 112
180 152 10
129 135 22
129 136 21
129 137 20
129 138 19
6 175 14
6 176 14
6 177 14
6 178 15
27 75 18
6 180 16
68 69 36
6 182 16
6 183 15
170 152 10
6 181 16
6 179 15
119 121 70
119 122 72
17 67 10
109 104 116
58 69 193
99 62 11
160 152 10
99 79 16
191 118 13
160 176 10
160 177 11
160 178 11
7 59 10
160 179 12
160 180 12
160 181 13
27 164 60
48 69 79
150 152 10
89 65 15
89 66 16
89 67 17
150 156 10
89 69 18
89 70 18
89 71 18
89 72 17
89 68 18
191 152 10
89 79 21
140 141 22
17 174 11
17 175 11
17 176 11
17 177 11
17 178 11
17 179 11
17 180 11
38 74 24
38 73 26
79 69 113
181 152 10
130 138 18
130 139 17
28 75 20
28 76 21
69 69 37
7 183 14
171 152 10
7 185 12
7 184 13
120 122 75
120 123 80
18 67 10
110 104 134
100 61 12
100 62 11
59 69 192
161 152 10
100 79 15
192 118 12
8 59 10
28 164 79
49 69 72
90 64 13
90 65 14
151 152 10
151 156 10
192 152 10
90 79 23
141 141 19
39 69 35
18 174 11
39 71 31
39 72 29
39 73 27
39 70 33
80 69 103
182 152 10
131 139 17
131 140 16
131 141 16
29 76 21
29 77 21
29 78 21
29 79 21
29 80 21
29 81 22
29 82 22
29 83 22
8 185 12
29 85 24
29 84 23
172 152 10
70 69 41
121 123 84
101 37 32
101 38 29
101 39 25
101 40 21
101 41 18
101 42 15
101 43 14
101 44 13
101 45 13
101 46 12
101 47 12
101 48 13
101 49 13
101 50 14
19 67 10
101 52 17
101 53 18
101 54 18
101 55 17
101 56 16
101 57 15
101 58 14
101 59 13
101 60 12
101 61 11
101 51 15
60 69 174
162 152 10
111 104 150
101 79 14
193 118 11
193 119 11
9 59 10
50 69 66
91 64 12
152 152 10
152 156 10
193 152 10
91 79 25
142 141 16
142 142 16
142 143 17
142 144 18
142 145 17
40 69 36
19 174 11
81 69 86
183 152 10
132 141 17
71 69 46
30 78 19
30 79 19
173 152 10
9 185 12
30 80 20
122 123 88
20 67 10
20 68 10
20 69 10
112 104 162
61 69 147
163 152 10
102 79 14
