194 112 11
194 113 10
35 168 73
184 72 12
156 48 11
30 168 38
189 114 10
189 115 10
189 116 10
189 117 10
179 70 10
189 118 10
189 119 10
189 120 10
189 121 10
189 122 10
174 63 10
197 72 26
197 73 29
25 168 32
43 162 13
169 63 10
192 72 46
20 168 16
51 114 10
197 110 11
197 111 10
38 168 46
164 61 10
164 62 11
187 72 23
15 168 10
46 114 10
46 115 10
46 116 10
46 117 10
46 118 10
46 119 10
46 120 10
46 121 10
46 122 10
46 123 10
159 52 11
159 53 12
46 124 10
46 125 10
46 126 10
46 127 10
192 114 10
33 168 70
46 129 10
46 132 10
46 133 10
46 134 10
182 72 11
46 135 10
46 136 10
46 137 10
46 138 10
46 139 10
46 140 10
46 141 10
154 48 12
46 142 10
46 143 10
46 145 10
46 146 10
46 147 10
46 148 11
46 149 11
177 64 10
177 65 10
177 66 11
46 150 12
46 151 12
28 168 30
46 153 14
46 154 14
46 155 14
46 156 13
46 157 13
46 158 12
46 152 13
46 144 10
46 131 10
46 130 10
46 128 10
172 63 10
195 72 29
23 168 29
41 163 15
41 164 16
167 63 10
190 72 46
18 168 12
49 114 10
162 53 11
195 112 10
36 168 65
185 72 14
157 48 11
31 168 47
190 114 10
180 70 10
175 63 10
26 168 31
198 73 32
198 74 40
44 158 13
44 159 12
44 160 12
44 161 12
44 162 12
170 63 10
193 72 40
21 168 20
52 114 10
198 109 11
198 110 10
39 165 25
39 166 28
39 167 33
39 168 39
165 62 10
165 63 11
188 72 30
16 168 10
47 114 10
160 53 11
34 168 75
193 113 11
193 114 10
183 72 11
155 48 11
29 168 33
178 66 10
178 67 10
178 68 10
178 69 10
178 70 11
173 63 10
196 72 26
24 168 31
42 162 13
42 163 14
168 63 10
191 72 49
19 168 13
50 114 10
163 53 10
163 54 10
163 55 10
163 56 10
163 57 10
163 58 10
163 59 10
163 60 10
163 61 11
196 111 11
196 112 10
186 72 18
37 168 55
14 168 10
14 169 10
14 170 10
14 171 10
14 172 10
14 173 10
158 48 10
158 49 10
158 50 11
158 51 11
158 52 11
14 174 10
14 175 10
14 176 10
14 177 10
32 168 59
191 114 10
181 70 10
181 71 11
181 72 11
153 48 13
176 63 10
176 64 11
27 168 30
199 74 50
199 75 66
199 76 88
199 77 115
199 78 147
199 79 189
199 80 248
199 81 320
199 82 388
199 83 428
199 84 425
199 85 381
199 86 315
199 87 248
199 88 192
199 89 149
199 90 115
199 91 93
199 92 80
199 93 73
199 94 69
171 63 10
194 72 34
199 95 65
199 96 59
199 97 50
199 98 39
199 99 29
199 100 21
199 101 17
199 102 14
199 103 13
199 104 12
199 105 11
199 106 11
199 107 11
199 108 11
199 109 10
45 158 12
22 168 25
53 114 10
40 164 18
40 165 20
166 63 10
189 72 38
17 168 11
48 114 10
161 53 11
