184 51 40
184 52 40
184 53 40
184 55 42
184 56 45
112 136 10
163 179 27
133 38 11
92 49 12
174 42 31
112 155 10
0 37 57
0 38 58
0 39 60
0 40 65
0 41 72
0 42 79
0 43 87
0 44 95
0 45 100
0 46 101
0 47 99
0 48 93
0 49 84
0 50 75
0 51 67
123 28 10
0 52 61
0 53 58
0 54 57
0 55 57
0 56 59
0 57 63
0 58 67
0 59 70
0 60 73
0 61 72
0 62 69
0 63 63
0 64 55
0 65 46
0 66 38
0 67 32
0 68 27
0 69 23
0 70 21
0 71 20
0 72 19
164 42 13
102 155 10
0 73 18
0 74 18
0 75 18
0 76 17
0 77 17
0 78 16
0 79 15
0 80 14
0 81 13
0 82 12
0 83 11
0 84 11
0 85 11
0 86 10
0 87 10
0 88 10
0 89 10
0 90 10
0 91 10
0 92 10
0 93 10
0 94 10
0 95 10
0 96 10
0 97 10
0 98 10
0 99 10
0 100 10
0 101 10
0 102 10
0 103 10
72 43 45
82 43 42
82 44 39
41 29 18
31 29 13
194 172 54
194 173 49
153 177 55
184 179 11
153 176 63
143 155 52
154 42 14
133 155 24
21 34 33
21 35 37
113 73 10
62 43 119
174 179 16
144 42 10
144 43 11
144 44 11
144 45 11
103 54 10
103 55 11
123 155 11
11 35 128
52 29 17
113 136 10
164 179 26
134 38 11
93 49 12
175 42 33
113 155 10
1 37 59
42 29 18
124 28 10
154 177 50
154 178 43
83 44 34
195 172 57
165 42 13
103 155 10
144 155 50
32 29 14
73 43 46
185 179 11
155 42 14
134 155 29
22 32 24
22 33 26
22 34 29
114 73 10
63 43 104
175 179 15
145 45 11
104 55 10
104 56 11
124 155 11
12 35 124
53 29 19
53 30 23
114 136 10
165 179 26
135 38 11
94 49 11
176 42 35
114 155 10
2 35 65
2 36 62
2 37 61
43 29 17
125 28 10
155 178 40
196 171 63
84 44 30
84 45 27
196 172 60
155 179 35
166 42 13
104 155 10
145 155 48
33 29 14
74 43 48
186 177 12
186 178 12
186 179 11
156 42 15
135 155 36
23 31 20
23 32 21
115 73 10
64 43 90
176 179 14
146 45 11
105 56 10
105 57 11
125 155 11
13 35 116
54 30 28
54 31 34
54 32 42
115 136 10
166 179 26
136 38 11
95 49 11
177 42 34
115 155 10
3 35 69
44 29 16
126 28 10
197 164 191
197 165 147
197 166 115
197 167 93
197 168 79
197 169 71
197 170 67
197 171 65
85 45 24
156 179 33
167 42 14
105 155 10
146 155 48
34 29 14
116 28 10
116 29 10
116 30 10
116 31 10
116 32 10
116 33 10
116 34 10
116 35 10
116 36 10
116 37 10
116 38 10
116 39 10
116 40 10
116 41 10
116 42 10
116 43 10
116 44 10
116 45 10
116 46 10
116 47 10
116 48 10
116 49 10
116 50 10
116 51 10
116 52 10
116 53 10
116 54 10
116 55 10
116 56 10
116 57 10
116 58 10
116 59 10
116 60 10
116 61 10
116 62 10
116 63 10
116 64 10
116 65 10
116 66 10
116 67 10
116 68 10
116 69 10
116 70 10
116 71 10
116 72 10
116 73 11
157 42 15
75 43 50
24 29 16
24 30 17
24 31 18
187 177 13
136 155 43
65 43 77
177 179 13
147 45 11
106 57 10
106 58 11
126 155 11
14 35 104
55 32 51
55 33 61
55 34 72
116 136 10
167 179 26
137 38 11
96 49 11
178 42 33
116 155 10
4 35 74
45 29 16
127 28 10
157 179 31
86 45 21
86 46 19
168 42 15
106 155 10
147 155 48
147 156 48
35 29 15
117 28 10
76 43 52
188 177 13
158 42 15
96 155 10
96 156 10
96 157 10
96 158 10
96 159 11
96 160 11
96 161 11
96 162 11
96 163 11
96 164 11
96 165 12
96 166 12
96 167 12
96 168 13
96 169 15
96 170 17
25 29 15
137 155 50
66 43 66
178 179 13
148 45 11
148 46 12
107 58 10
107 59 11
127 155 12
15 35 91
56 34 84
56 35 96
56 36 107
56 37 116
117 136 10
168 179 26
138 38 11
97 49 11
179 42 31
117 155 10
5 35 81
46 29 15
128 28 10
158 179 31
87 46 17
169 42 16
107 155 10
148 156 49
36 29 15
118 28 10
77 43 54
189 174 21
189 175 18
189 176 16
189 177 14
159 42 15
97 155 10
138 155 56
26 29 14
67 43 58
179 179 12
149 42 11
149 43 11
149 44 11
149 45 12
149 46 12
149 47 13
149 48 14
149 49 16
149 50 18
149 51 21
149 52 27
149 53 36
108 59 10
108 60 11
128 155 13
16 35 79
108 73 10
108 74 10
108 75 10
108 76 10
57 37 123
57 38 127
57 39 131
57 40 136
57 41 143
57 42 155
57 43 173
108 84 15
108 85 17
108 86 20
108 87 23
118 136 10
108 89 31
108 90 36
108 91 42
108 92 49
108 93 58
139 38 10
139 39 10
139 40 11
98 49 11
108 98 121
108 99 137
108 100 152
108 101 164
108 102 170
108 103 170
108 104 165
108 105 155
180 42 28
118 155 10
108 108 119
108 109 108
108 110 99
108 111 91
108 112 85
108 113 80
108 114 76
6 35 90
108 116 67
47 29 15
108 118 61
108 119 59
108 120 56
108 121 52
108 122 48
108 123 43
108 124 37
108 125 31
108 126 26
108 127 22
108 128 18
108 129 16
108 130 14
108 131 13
129 28 10
108 132 12
108 117 64
108 115 72
108 107 131
108 106 143
108 97 105
108 96 90
108 95 78
108 94 67
88 46 15
88 47 14
108 88 27
108 83 14
108 82 13
108 81 12
108 80 11
108 79 11
108 78 11
108 77 11
169 179 25
159 179 30
170 42 18
108 155 10
149 156 51
37 29 16
149 157 53
119 28 10
78 43 54
190 174 25
160 42 15
98 155 10
139 155 59
27 29 14
68 43 52
180 179 12
150 42 11
129 155 14
109 60 10
109 61 10
109 62 11
17 35 68
109 73 10
58 43 166
119 136 10
170 179 24
140 40 10
140 41 11
99 49 11
181 42 26
119 155 10
7 35 100
48 29 15
130 28 10
130 29 10
130 30 10
130 31 10
130 32 10
130 33 10
130 34 10
130 35 10
130 36 10
130 37 10
130 38 10
89 47 13
89 48 13
109 133 11
109 132 12
160 179 30
171 42 20
109 155 10
38 29 17
150 158 62
150 157 57
120 28 10
79 43 53
191 173 34
191 174 29
161 42 14
99 155 10
140 155 60
28 29 13
69 43 48
181 179 12
151 42 12
130 155 15
110 62 10
110 63 10
110 64 10
110 65 10
110 66 10
110 67 10
110 68 10
110 69 10
110 70 10
110 71 10
110 72 10
110 73 10
18 35 57
59 43 157
120 136 10
171 179 22
141 41 10
100 49 11
182 42 24
120 155 10
8 35 111
49 29 15
110 133 11
161 179 29
131 38 10
90 48 12
90 49 12
172 42 24
110 155 10
39 29 17
151 158 69
151 159 77
151 160 87
151 161 100
151 162 115
151 163 130
151 164 145
151 165 161
151 166 176
151 167 185
151 168 188
151 169 184
151 170 172
151 171 156
121 28 10
151 173 120
151 174 105
151 175 92
151 172 138
80 43 50
192 173 39
162 42 14
100 155 10
141 155 58
29 29 13
70 43 45
182 179 12
152 42 12
131 155 17
19 35 49
111 73 10
60 43 147
121 136 10
121 137 10
121 138 10
172 179 20
142 41 10
142 42 11
101 49 11
183 42 21
121 155 10
9 35 120
50 29 15
111 133 11
111 134 11
111 135 11
111 136 10
162 179 28
132 38 10
91 49 12
173 42 27
111 155 10
40 29 18
122 28 10
152 175 81
152 176 71
81 43 46
193 173 44
163 42 14
101 155 10
142 155 55
30 29 13
71 43 44
183 179 11
153 42 13
132 155 20
20 35 42
112 73 10
61 43 134
122 138 11
173 179 18
122 139 10
122 140 10
122 141 10
122 142 10
122 143 10
122 144 10
122 145 10
122 146 10
122 147 10
122 148 10
122 149 10
122 150 10
122 151 10
122 152 10
122 153 10
184 43 22
122 154 10
102 49 10
143 42 10
102 50 10
102 51 10
102 52 10
102 53 10
10 35 126
102 54 11
51 29 16
184 54 41
184 42 19
122 155 11
184 44 25
184 45 28
184 46 32
184 47 35
184 48 37
184 49 39
184 50 39
