51 66 291
92 65 31
41 30 11
133 62 18
174 58 14
10 109 19
10 110 17
10 111 15
10 112 14
41 66 195
82 65 123
123 62 11
164 62 13
195 16 26
31 54 14
31 55 14
31 56 14
0 118 13
0 119 13
0 120 14
0 121 14
0 122 15
0 123 16
0 124 17
0 125 19
0 126 21
0 127 24
0 128 27
0 129 29
0 130 31
0 131 33
0 132 34
0 133 35
0 134 37
0 135 39
0 136 42
0 137 45
0 138 48
0 139 50
0 140 53
0 141 55
0 142 57
0 143 57
0 144 56
0 145 54
0 146 50
0 147 44
0 148 38
0 149 33
0 150 27
0 151 23
0 152 19
0 153 17
0 154 15
0 155 13
0 156 13
0 157 12
0 158 12
0 159 11
0 160 11
0 161 11
0 162 11
0 163 11
0 164 10
0 165 10
0 166 10
0 167 11
0 168 11
0 169 10
0 170 10
0 171 10
0 172 10
0 173 10
0 174 10
0 175 10
0 176 10
21 62 12
72 73 122
72 74 115
113 62 10
154 62 13
185 25 159
72 69 138
62 69 146
31 62 18
52 30 14
103 71 11
144 62 11
52 66 252
93 65 24
42 30 11
134 62 17
175 58 14
11 109 20
42 66 247
83 65 115
124 62 12
165 62 12
196 16 26
32 51 13
32 52 13
32 53 13
32 54 13
1 118 13
32 62 18
73 69 131
73 70 133
73 71 133
73 72 132
73 73 127
114 62 10
155 62 13
186 24 140
186 25 150
22 62 13
63 69 157
53 30 14
104 71 11
145 62 11
12 65 12
12 66 11
12 67 11
12 68 12
12 69 12
12 70 13
12 71 14
12 72 16
12 73 18
12 74 21
12 75 25
12 76 30
12 77 34
12 78 38
12 79 43
12 80 47
12 81 50
12 82 54
12 83 60
12 84 68
12 85 80
43 30 12
12 86 98
12 87 122
12 88 154
12 89 191
12 90 230
12 91 264
12 92 289
12 93 304
12 94 315
12 95 323
12 96 325
12 97 316
12 98 293
12 99 257
12 100 212
12 101 164
12 102 120
12 103 86
12 104 61
12 105 45
12 106 34
12 107 28
12 108 23
12 109 20
94 65 19
135 62 16
176 58 13
176 57 13
176 56 13
176 55 13
176 54 14
53 66 219
43 66 306
84 65 108
125 62 12
166 61 13
166 62 12
197 16 27
33 50 14
33 51 13
2 114 13
2 115 12
2 116 12
2 117 12
2 118 12
33 62 19
74 68 122
74 69 126
74 70 130
115 62 10
156 62 14
187 23 119
187 24 129
23 62 13
64 69 165
105 63 10
105 64 10
105 65 10
105 66 10
105 67 10
105 68 10
105 69 10
54 30 15
64 78 45
64 79 47
64 80 52
64 81 59
64 82 70
64 83 86
64 84 109
64 85 137
64 86 170
64 87 204
64 88 235
64 89 255
64 90 262
64 91 253
64 92 231
64 93 203
64 94 173
64 95 143
64 96 117
64 97 97
64 98 81
64 99 71
64 100 64
105 71 10
105 70 10
13 64 12
13 65 11
146 62 11
177 35 221
177 36 213
177 37 201
177 38 186
177 39 168
177 40 148
177 41 126
177 42 105
177 43 85
177 44 68
177 45 54
177 46 43
177 47 35
177 48 28
95 65 16
177 50 19
177 51 17
177 52 15
177 53 14
44 30 12
136 62 15
177 54 13
177 49 23
177 34 225
177 33 225
177 32 224
54 66 190
44 66 364
85 65 102
126 62 13
167 61 13
198 16 29
34 50 13
3 113 13
3 114 12
34 62 20
75 67 117
75 68 119
116 62 10
157 62 14
188 22 98
188 23 107
24 62 14
65 69 169
106 63 10
65 76 45
65 77 44
55 30 16
65 78 44
147 62 11
65 100 57
65 101 52
65 102 49
14 63 12
14 64 11
178 32 217
178 31 210
178 30 205
55 66 168
55 67 151
96 65 14
45 30 12
137 62 14
45 66 411
86 65 96
127 62 14
168 61 13
199 16 32
35 50 13
4 113 12
35 62 21
76 66 117
76 67 117
117 62 10
158 62 15
189 21 78
189 22 87
25 62 14
66 69 170
107 63 10
66 75 52
66 76 47
56 30 18
148 62 11
179 28 192
179 29 193
66 102 44
15 63 11
179 30 199
56 67 138
56 68 130
97 65 12
46 30 12
138 62 13
46 66 438
87 65 88
128 62 14
169 61 13
36 50 13
5 113 12
36 62 25
36 63 29
36 64 34
77 66 119
118 62 10
159 62 15
190 19 56
190 20 61
190 21 70
26 60 16
26 61 16
26 62 15
67 69 167
108 63 10
67 75 57
57 30 19
149 62 11
180 27 188
180 28 187
67 102 41
16 63 11
67 103 38
67 104 35
57 68 124
57 69 123
98 65 12
47 30 12
139 62 13
47 66 440
88 65 78
37 30 11
37 31 11
37 32 11
37 33 11
37 34 11
37 35 11
37 36 11
37 37 12
37 38 12
37 39 12
37 40 12
37 41 13
37 42 14
37 43 14
37 44 15
37 45 15
37 46 15
37 47 15
37 48 14
37 49 14
37 50 13
129 62 16
170 61 13
170 60 14
170 59 14
6 113 12
37 64 42
37 65 53
78 65 127
78 66 124
119 62 10
160 62 14
191 18 43
191 19 48
27 60 16
27 62 16
68 69 164
109 62 11
109 63 10
68 74 74
68 75 65
58 30 21
150 62 11
181 27 184
17 63 11
68 104 32
68 105 30
68 106 27
68 107 26
58 69 120
99 65 11
48 30 12
140 62 12
48 66 419
89 65 66
38 30 11
130 62 17
171 59 14
7 112 13
7 113 12
38 65 69
79 65 130
120 62 10
161 62 14
192 16 31
192 17 34
192 18 39
28 59 17
28 60 16
28 62 17
69 69 160
110 62 10
69 74 85
59 30 24
151 62 12
182 26 184
182 27 184
18 63 11
69 107 23
59 69 122
100 65 11
100 66 11
100 67 11
100 68 12
100 69 13
49 30 12
100 71 15
100 72 17
100 70 14
141 62 12
49 66 382
90 65 53
39 30 11
131 62 18
172 59 14
8 112 13
39 65 91
80 65 132
121 62 11
162 62 13
193 16 28
29 57 16
29 58 16
29 59 16
29 62 17
70 69 154
111 62 10
70 74 96
60 30 28
152 62 12
183 26 179
19 62 12
19 63 11
70 107 21
70 108 20
60 69 128
50 30 13
101 71 13
101 72 14
142 62 12
50 66 336
91 65 41
40 30 11
132 62 18
173 58 15
173 59 14
9 112 14
40 65 120
40 66 153
81 65 129
122 62 11
163 62 13
194 16 26
30 56 15
30 57 15
30 62 17
71 69 147
112 62 10
71 74 106
153 62 12
184 25 169
184 26 174
20 62 12
71 108 18
71 109 17
71 110 17
71 111 17
71 112 17
71 113 16
71 114 16
71 115 16
71 116 16
61 69 136
51 30 13
102 71 12
143 62 11
