153 121 13
92 35 54
92 36 59
20 108 2933
61 101 12
133 38 13
184 83 22
184 85 18
153 145 585
143 123 13
82 37 262
123 34 12
123 35 12
123 36 13
51 102 25
51 103 29
194 177 11
174 83 11
174 85 11
143 144 42
184 152 405
184 153 309
184 154 246
113 23 11
133 123 52
164 67 12
133 129 15
133 130 14
133 131 13
82 92 10
72 45 37
72 46 36
41 107 353
41 108 383
154 49 15
174 145 2205
164 106 14
164 107 13
164 108 13
103 33 20
72 90 10
72 93 10
31 108 2483
144 47 15
164 145 2374
154 121 13
93 34 44
93 35 47
21 108 2829
62 101 12
134 38 12
185 83 22
185 85 17
154 145 811
144 122 12
144 123 12
83 37 269
124 36 15
52 101 20
52 102 22
195 177 11
175 83 11
175 85 11
144 144 55
185 154 194
185 155 157
114 23 12
114 24 11
134 123 45
165 67 12
134 131 13
83 92 10
73 45 38
42 107 333
155 49 15
175 145 2091
165 105 14
165 106 13
104 33 18
73 90 10
73 93 10
32 108 2352
145 47 16
165 145 2589
155 120 12
155 121 12
94 34 39
22 108 2702
63 101 11
135 38 12
186 83 23
186 85 17
155 145 1053
145 122 12
84 37 263
125 36 16
125 37 17
53 101 18
196 177 11
196 178 11
176 83 11
196 180 11
176 85 12
196 182 11
196 183 11
196 184 12
196 185 13
196 186 13
196 181 11
196 179 11
145 144 69
186 155 131
186 156 111
115 24 11
135 123 39
166 67 12
135 131 13
84 92 10
74 45 39
135 132 13
135 133 13
135 136 13
135 137 13
135 138 12
43 107 315
135 134 13
135 135 13
166 95 11
166 96 11
166 97 12
166 98 12
166 99 13
166 100 14
166 101 14
166 102 14
166 103 14
166 104 14
166 105 13
156 49 15
176 145 1991
105 32 16
105 33 17
74 90 10
74 93 10
33 108 2141
146 47 17
166 145 2769
156 120 12
95 33 33
95 34 36
23 108 2580
64 101 11
136 38 12
136 39 11
187 83 23
187 85 18
156 145 1272
146 121 13
146 122 12
85 37 244
126 37 18
54 101 16
177 83 12
177 85 12
146 144 84
197 186 14
197 187 15
197 188 16
187 156 95
116 24 12
116 25 11
136 123 33
167 68 12
167 67 13
85 92 11
75 45 40
136 138 12
44 107 290
136 140 12
167 85 10
167 86 10
167 87 10
167 88 10
167 89 10
167 90 10
167 91 10
167 92 10
167 93 10
167 94 10
167 95 10
136 141 12
157 49 15
177 145 1890
136 139 12
106 25 12
106 26 12
106 27 12
106 28 13
106 29 14
106 30 14
106 31 15
106 32 15
75 90 10
75 93 10
34 108 1848
147 47 17
167 145 2895
157 117 12
157 118 11
157 119 11
157 120 11
96 33 32
65 99 11
24 108 2493
65 101 10
65 100 10
137 39 12
137 40 11
137 41 11
137 42 11
188 83 25
188 84 21
188 85 19
157 145 1443
147 121 13
86 37 215
127 37 18
55 101 15
178 83 13
178 85 13
147 144 98
198 188 18
188 156 83
188 157 70
117 25 12
117 26 11
137 123 28
168 68 13
168 69 12
168 70 12
168 71 12
168 72 11
117 30 10
117 29 11
117 28 11
117 27 11
76 44 45
76 45 42
86 92 11
45 107 254
168 85 10
137 141 13
158 49 16
158 50 15
158 51 15
158 52 15
158 53 16
158 54 17
158 55 18
158 56 19
158 57 19
158 58 18
158 59 16
158 60 15
158 61 14
178 145 1803
107 23 11
107 24 11
107 25 11
76 90 10
76 93 11
35 108 1504
148 47 18
168 145 2952
158 117 11
97 33 31
66 93 10
66 94 10
66 95 10
66 96 10
66 97 10
66 98 10
66 99 10
25 108 2460
138 42 12
138 43 11
138 44 11
138 45 11
138 46 11
158 145 1564
148 121 14
87 37 184
128 37 18
56 101 15
179 83 15
179 85 15
148 144 114
189 157 60
189 158 52
138 123 24
118 30 10
169 72 11
77 42 70
77 43 57
77 44 50
87 92 12
46 107 213
169 85 10
138 142 14
138 141 13
179 145 1745
159 61 14
159 62 13
159 63 12
108 23 11
77 90 10
77 93 11
36 108 1161
149 47 17
169 145 2935
159 115 12
159 116 12
159 117 11
98 33 31
67 93 10
26 108 2481
139 46 12
159 145 1652
149 121 14
88 37 152
129 37 17
57 101 15
180 83 17
180 85 17
149 144 136
190 158 44
190 159 39
139 123 20
119 30 11
119 31 10
170 72 12
170 73 11
170 74 11
170 75 11
170 76 11
170 77 10
78 39 147
78 40 124
78 41 102
78 42 84
88 92 13
47 107 172
170 85 10
139 142 15
139 143 16
180 145 1730
180 146 1691
180 147 1648
160 63 12
160 64 12
160 65 11
109 23 11
78 90 10
78 91 11
78 93 11
37 108 869
150 47 17
170 145 2846
160 112 14
160 113 14
160 114 13
160 115 12
99 33 30
68 93 10
27 108 2537
140 46 12
140 47 12
160 145 1733
150 121 15
89 37 120
130 37 16
58 101 14
181 83 20
181 85 18
150 144 170
150 145 223
191 159 34
191 160 31
191 161 30
191 162 29
140 123 17
191 164 31
191 165 34
79 38 189
120 31 11
120 32 10
120 33 10
79 39 168
191 171 22
89 92 14
171 77 10
191 174 14
191 175 13
191 176 12
191 173 16
191 172 18
48 107 136
191 170 28
171 85 10
191 169 33
191 168 38
191 167 39
191 166 37
191 163 29
140 144 20
140 143 18
181 147 1575
181 148 1448
181 149 1300
110 23 11
161 65 11
79 91 10
79 92 11
79 93 11
38 108 651
151 47 16
171 145 2702
161 110 15
161 111 15
161 112 14
100 33 28
69 93 10
28 108 2594
141 47 13
161 145 1831
151 121 15
90 37 96
18 108 3026
131 37 15
59 101 14
182 83 22
182 85 18
151 145 295
141 123 15
80 37 230
80 38 213
121 33 11
90 92 15
172 77 10
192 176 12
49 106 86
49 107 109
172 85 10
141 144 25
182 149 1132
182 150 950
182 151 792
111 23 11
162 65 11
131 123 79
80 92 10
80 93 10
70 46 33
70 47 30
70 48 28
70 49 26
70 50 24
70 51 22
70 52 20
70 53 18
70 54 16
70 55 15
70 56 14
70 57 14
70 58 14
70 59 14
70 60 14
70 61 15
70 62 16
152 47 16
70 63 16
70 64 16
70 65 15
70 66 14
70 67 14
70 68 13
70 69 12
70 70 12
70 71 12
70 72 12
70 73 12
70 74 12
162 108 15
162 109 14
162 110 15
70 75 12
70 76 12
70 77 12
70 78 12
70 79 11
70 80 11
70 81 11
70 82 10
70 83 10
70 84 10
101 33 25
70 85 10
70 86 10
70 87 10
70 88 10
70 89 10
70 90 10
39 108 508
70 93 10
172 145 2528
29 108 2613
142 47 13
162 145 1969
152 121 14
91 36 69
91 37 79
19 108 3003
132 37 14
132 38 13
60 101 13
183 83 22
183 85 18
152 145 411
142 123 14
81 37 247
122 33 11
122 34 11
91 92 16
173 77 11
173 78 10
173 79 10
173 80 10
173 81 10
173 82 10
173 83 10
50 106 69
173 85 10
50 105 55
50 104 44
50 103 36
193 177 11
193 176 12
142 144 32
183 151 636
183 152 506
112 23 11
163 65 12
163 66 11
132 123 63
163 67 11
132 125 42
132 126 33
132 127 25
132 128 20
132 129 17
132 124 52
81 92 10
71 46 34
40 108 425
153 47 16
153 48 16
153 49 15
173 145 2353
163 108 14
102 33 23
71 90 10
71 93 10
30 108 2572
143 47 14
163 145 2155
