61 89 73
51 44 25
102 101 18
0 23 11
123 0 74
82 8 17
61 114 13
82 9 15
184 87 22
143 96 22
143 97 20
133 55 10
51 89 92
41 44 11
92 103 10
113 0 48
174 87 17
72 12 10
123 52 13
154 0 10
51 121 42
51 122 35
41 89 81
31 42 10
82 104 12
82 105 11
82 106 10
103 0 17
164 89 23
164 90 26
144 0 10
62 23 11
62 24 11
62 25 11
21 34 10
21 35 11
31 89 10
72 104 12
93 0 274
154 90 120
72 108 10
134 0 31
11 25 10
11 26 10
11 27 11
144 62 10
62 89 62
62 90 57
62 91 49
62 92 39
62 93 29
62 94 22
62 95 17
62 96 14
62 97 12
62 98 12
62 99 11
62 100 11
62 101 11
62 102 11
62 103 11
62 104 11
52 44 26
144 94 36
1 23 12
124 0 72
83 7 25
62 114 12
83 8 20
185 87 20
144 95 29
144 96 25
134 55 10
134 56 11
52 89 96
42 44 12
93 103 10
114 0 55
175 87 18
73 11 11
73 12 10
124 52 11
52 119 84
52 120 66
52 121 55
155 0 10
42 89 113
32 42 10
83 104 11
83 105 10
104 0 16
165 88 18
165 89 20
145 0 10
63 23 11
22 35 10
22 36 11
22 37 11
22 38 11
22 39 11
22 40 11
22 41 12
22 42 12
32 89 10
22 63 28
22 64 22
22 65 20
22 66 18
22 67 18
22 68 19
22 69 20
22 70 21
22 71 21
22 72 21
22 73 20
22 74 18
12 27 10
12 28 11
22 77 13
22 78 12
22 79 12
22 80 11
22 76 15
22 75 16
73 108 10
73 104 14
135 0 22
94 0 240
155 90 102
145 62 10
53 44 27
63 104 11
84 0 71
84 1 74
84 2 75
84 3 70
84 4 61
84 5 49
2 23 12
125 0 73
84 6 38
63 114 11
84 7 30
145 92 66
145 93 54
145 94 44
186 87 18
135 56 10
135 57 11
53 89 105
43 44 12
94 103 10
115 0 60
176 87 20
74 11 10
125 52 11
53 118 115
53 119 97
156 0 11
43 89 139
33 42 10
166 87 15
84 104 11
84 105 10
105 0 16
166 88 16
146 0 10
64 20 11
64 21 10
64 22 10
64 23 10
33 89 10
23 42 11
23 63 35
74 104 16
95 0 191
156 90 83
74 108 10
136 0 16
13 28 10
13 29 11
23 80 12
23 81 11
23 82 11
23 83 11
23 84 11
23 85 11
23 86 11
23 87 10
146 62 10
54 43 35
54 44 30
64 104 10
85 0 74
146 90 101
146 91 89
64 108 10
64 109 10
64 110 10
3 23 12
64 112 10
64 113 10
64 114 10
64 111 10
126 0 78
146 92 78
187 87 16
136 57 10
136 58 11
54 89 117
44 44 14
95 103 10
116 0 64
177 87 21
75 11 10
126 52 10
126 53 11
54 118 122
157 0 11
44 89 151
34 42 11
34 43 10
167 87 14
85 104 10
106 0 16
147 0 10
65 18 11
65 19 10
65 20 10
34 89 11
24 42 10
24 63 42
75 104 19
96 0 142
157 90 67
75 108 10
137 0 13
14 29 10
14 30 11
147 62 10
24 87 10
147 63 11
147 64 11
147 65 11
147 66 11
147 67 12
147 68 12
147 69 12
147 70 12
147 71 13
55 42 39
55 43 37
65 104 10
86 0 84
147 89 118
147 90 110
65 108 10
4 23 12
127 0 83
188 87 15
137 58 10
137 59 11
55 89 129
45 44 15
96 103 10
117 0 68
178 87 23
137 98 20
76 11 10
55 117 123
55 118 130
127 53 10
127 54 11
45 89 149
35 43 11
35 44 10
86 103 11
86 104 10
107 0 17
168 87 13
148 0 10
66 16 11
66 17 10
66 18 10
35 89 11
25 42 10
25 62 55
25 63 49
76 104 22
97 0 97
158 90 54
76 108 10
138 0 11
15 30 10
15 31 11
25 87 10
148 71 14
56 40 41
56 41 40
56 42 40
148 72 15
148 73 17
148 74 19
148 75 23
148 76 29
148 77 39
148 78 53
148 79 72
148 80 93
148 81 111
148 82 122
148 84 135
148 85 136
66 104 10
87 0 103
148 89 124
148 83 130
66 108 10
148 90 121
148 86 135
5 23 12
128 0 87
148 87 132
148 88 128
189 86 12
189 87 13
138 59 10
56 89 137
46 44 17
97 103 10
118 0 74
179 87 25
77 10 11
77 11 10
138 98 20
56 117 111
128 54 10
46 89 139
36 44 10
87 103 10
87 104 10
87 105 10
87 106 10
87 107 10
87 108 10
87 109 10
87 110 10
87 111 10
87 112 10
87 113 10
87 114 10
87 115 10
87 116 10
87 117 10
87 118 10
87 119 10
87 120 10
87 121 10
87 122 10
87 123 10
87 124 10
87 125 10
87 126 10
87 127 11
87 128 11
87 129 12
87 130 14
87 131 17
87 132 22
87 133 27
87 134 33
87 135 36
87 136 37
87 137 34
87 138 30
87 139 26
87 140 23
87 141 20
87 142 17
87 143 15
87 144 14
87 145 14
87 146 13
87 147 12
87 148 12
87 149 11
87 150 11
87 151 11
87 152 10
26 62 61
26 61 66
26 60 70
26 59 72
26 58 70
26 57 67
26 56 64
26 55 60
26 54 52
26 53 42
26 52 31
26 51 22
26 50 16
26 49 13
16 31 10
16 32 11
26 48 11
26 47 11
26 46 10
26 45 10
26 44 10
26 43 10
26 87 10
26 42 10
77 108 10
36 89 13
77 104 23
149 0 10
139 0 11
108 0 18
98 0 62
67 15 11
67 16 10
57 39 40
57 40 39
169 87 13
159 90 45
67 104 10
88 0 132
149 90 133
67 108 10
6 23 11
129 0 86
139 59 10
139 60 11
57 89 135
47 44 19
98 101 11
98 102 11
98 103 10
119 0 81
180 87 26
78 10 11
139 98 19
57 116 73
57 117 94
129 54 10
47 89 127
37 44 10
88 103 10
109 0 20
170 87 13
68 14 11
68 15 10
150 0 10
37 89 16
27 42 10
78 104 22
99 0 40
160 90 39
78 107 11
78 108 10
140 0 10
17 32 10
27 87 10
58 37 44
58 38 41
58 39 40
68 104 10
89 0 172
150 90 143
68 108 10
7 23 11
130 0 79
140 60 10
140 61 11
58 89 123
48 44 21
99 101 11
181 87 26
120 0 84
79 9 12
79 10 11
140 98 18
58 116 53
130 54 10
48 89 115
38 44 10
89 103 10
110 0 25
171 87 14
120 52 52
69 14 10
151 0 10
38 89 22
28 42 10
79 104 19
100 0 28
161 90 35
79 107 10
141 0 10
18 32 10
18 33 11
59 26 14
59 27 15
59 28 18
59 29 21
59 30 26
28 87 10
59 31 33
59 32 40
59 33 44
59 34 46
59 35 46
59 36 46
59 37 45
69 104 11
90 0 218
151 90 147
69 108 10
8 23 11
131 0 69
141 61 10
59 89 104
49 44 23
100 101 12
182 87 26
121 0 83
80 9 13
141 98 18
59 116 37
131 54 10
49 89 102
39 44 11
90 103 10
111 0 31
172 87 14
121 52 30
70 13 11
70 14 10
152 0 10
39 89 33
29 42 10
80 104 16
101 0 21
80 106 11
80 107 10
162 90 31
142 0 10
19 33 10
19 34 11
60 26 13
29 87 10
29 88 10
29 89 10
70 104 11
91 0 259
152 90 144
70 108 10
9 23 10
9 24 11
132 0 57
142 61 10
60 89 87
50 44 24
101 101 14
183 87 24
122 0 78
81 9 14
60 114 16
60 115 19
60 116 26
142 97 19
142 98 18
132 54 10
132 55 11
50 89 94
40 44 11
91 103 10
112 0 40
173 87 15
71 12 11
71 13 10
122 52 18
153 0 10
50 122 28
50 123 24
50 124 23
50 125 24
50 126 25
50 127 26
50 128 27
50 129 26
50 130 25
50 131 25
50 132 25
50 133 25
50 134 24
50 135 22
50 136 20
50 137 18
50 138 16
50 139 15
40 89 53
30 42 10
81 104 13
102 0 18
81 106 10
163 90 29
143 0 10
61 25 12
20 34 10
61 26 12
30 89 10
71 104 11
92 0 281
153 90 134
71 108 10
10 24 10
10 25 11
133 0 44
143 61 10
143 62 11
