143 73 11
97 59 17
71 140 46
87 11 74
112 136 12
51 49 10
41 4 22
138 72 11
138 73 11
92 59 49
184 92 45
66 140 17
107 136 12
46 49 10
87 59 80
133 76 22
179 92 38
102 136 10
41 49 10
82 59 67
128 76 52
174 92 14
97 140 12
169 91 15
123 76 35
133 125 10
133 126 10
133 127 10
133 128 10
133 129 10
133 130 10
133 131 10
133 132 10
133 133 10
133 134 10
133 135 10
133 136 10
169 92 14
92 140 52
77 59 68
128 116 11
128 117 10
128 118 10
128 119 10
128 120 10
128 121 10
128 122 10
164 90 29
72 59 42
118 81 15
123 106 11
123 107 10
118 82 14
87 140 126
128 136 11
159 90 38
67 59 15
118 102 10
82 140 92
98 13 11
98 14 11
98 15 11
123 136 12
98 17 12
98 18 13
98 19 15
62 52 10
62 53 11
62 54 11
62 55 11
62 56 11
62 57 11
62 58 12
62 59 12
113 100 10
62 60 12
113 102 10
62 61 13
62 62 14
62 63 17
62 64 21
62 65 29
62 66 41
149 76 18
154 86 72
154 87 65
118 136 12
77 140 58
57 50 10
57 51 11
103 59 13
98 45 13
98 46 12
98 47 12
98 48 12
98 49 12
98 50 12
98 44 14
98 43 15
98 42 19
108 102 11
98 41 25
98 40 34
144 73 11
98 39 47
98 59 15
72 140 50
98 38 63
98 37 83
98 36 102
113 136 12
52 49 10
98 35 116
98 34 119
98 33 113
98 32 100
98 31 85
98 30 70
98 29 59
98 28 51
98 27 45
98 26 42
98 25 39
98 24 37
98 23 33
98 22 28
98 21 23
139 73 11
98 20 19
93 59 40
185 92 37
67 140 22
98 16 12
98 12 12
108 136 12
47 49 10
93 11 13
88 11 47
134 75 16
134 76 18
180 92 47
88 59 77
103 136 10
42 49 10
83 59 71
129 76 49
175 92 16
98 138 11
98 139 11
98 140 11
78 59 67
124 76 39
170 92 14
93 140 36
129 122 11
129 123 10
165 90 25
73 59 49
119 78 22
119 79 20
119 80 18
119 81 16
124 107 11
124 108 10
88 140 116
129 136 10
160 90 37
68 59 17
119 102 10
83 140 108
124 136 12
155 87 58
155 88 53
63 59 12
114 100 10
114 102 10
104 59 13
150 76 21
150 77 26
150 78 32
150 79 39
150 80 49
150 81 60
119 136 12
58 51 10
78 140 59
104 69 36
104 70 39
104 71 40
104 72 40
104 73 38
104 74 36
104 75 33
104 76 32
109 101 11
109 102 10
104 79 28
104 78 29
145 73 11
104 77 30
104 68 32
73 140 53
104 67 27
104 66 22
104 65 18
114 136 12
53 49 10
104 64 15
104 63 14
104 62 13
104 61 13
104 60 13
99 59 14
99 55 14
99 54 14
99 53 14
99 52 13
99 51 13
99 50 13
94 11 12
89 11 31
140 73 11
94 59 31
186 92 29
68 140 28
109 136 12
48 49 10
135 72 14
135 73 14
135 74 14
135 75 14
181 92 53
89 59 73
104 136 11
43 49 10
84 59 75
130 76 43
176 92 20
99 136 10
99 137 10
99 138 10
79 59 65
125 76 44
171 92 13
94 140 25
166 90 22
130 123 11
130 124 10
120 77 25
120 78 23
120 76 28
74 59 57
125 108 11
125 109 10
89 140 104
130 136 10
161 90 37
69 59 21
120 102 11
120 103 10
84 140 123
125 136 11
156 88 47
156 89 45
64 59 12
115 100 10
115 102 10
95 11 12
79 140 62
95 12 11
120 136 12
151 81 70
151 82 79
59 51 10
59 52 11
151 83 85
151 84 91
110 100 11
110 101 10
110 102 10
105 79 27
105 80 25
146 73 11
105 82 23
105 83 22
74 140 56
105 85 20
105 86 18
105 87 16
115 136 12
54 49 10
105 90 12
105 91 12
105 92 11
105 93 11
105 94 11
105 95 11
105 96 11
105 97 11
105 98 11
105 99 11
105 100 11
105 101 11
105 102 11
105 89 13
105 88 15
141 73 11
105 84 21
105 81 24
187 92 23
69 140 35
100 59 14
95 59 24
110 136 12
49 49 10
100 57 14
100 56 14
100 55 15
90 11 22
136 72 12
90 59 67
182 92 55
64 140 12
64 141 14
64 142 17
105 136 11
44 49 10
64 143 21
64 144 28
85 59 79
131 76 35
177 92 24
100 136 10
80 59 64
126 76 48
172 92 13
95 140 18
167 90 19
75 59 63
131 124 10
121 76 29
90 140 88
126 109 11
126 110 10
126 111 10
131 136 10
162 90 35
70 59 27
121 103 11
121 104 10
116 83 12
116 84 11
116 85 11
116 86 11
116 87 11
116 88 11
116 89 11
116 90 11
116 91 11
116 92 11
116 93 11
116 94 11
116 95 11
116 96 11
116 97 11
116 98 11
116 99 11
116 100 10
157 89 41
116 102 10
126 136 11
85 140 132
65 59 13
80 140 69
96 12 11
121 136 12
60 52 10
152 84 91
152 85 89
111 100 10
111 102 10
147 73 11
147 74 12
101 59 14
75 140 58
101 58 14
101 57 15
91 11 17
116 136 12
55 49 10
55 50 11
106 102 11
142 73 11
188 90 20
188 91 19
188 92 19
70 140 41
96 59 20
111 136 12
50 49 10
40 4 18
40 5 23
40 6 29
40 7 33
40 8 34
40 9 33
40 10 31
40 11 28
40 12 25
40 13 22
40 14 19
40 15 16
40 16 14
40 17 13
40 18 12
40 19 11
40 20 11
40 21 11
40 22 11
40 23 10
40 24 10
40 25 10
40 26 10
40 27 10
40 28 10
40 29 10
40 30 10
40 31 10
40 32 10
40 33 10
40 34 10
40 35 10
40 36 10
40 37 10
40 38 10
40 39 10
40 40 10
40 41 10
40 42 10
40 43 10
132 76 28
40 44 10
40 45 10
40 46 10
40 47 10
40 48 10
40 49 10
45 49 10
137 72 12
178 92 31
183 92 52
106 136 11
101 136 10
65 140 14
91 59 59
86 59 80
81 59 65
127 76 51
173 92 13
96 140 14
168 90 17
168 91 16
132 124 11
132 125 10
122 76 31
76 59 67
91 140 70
127 111 11
127 112 10
127 113 10
127 114 10
127 115 10
127 116 10
132 136 10
163 90 32
71 59 34
122 104 11
122 105 10
122 106 10
117 83 12
117 82 13
86 140 132
127 136 11
158 89 40
158 90 39
66 59 13
117 102 10
81 140 78
97 12 11
122 136 12
61 52 10
153 85 86
153 86 79
112 100 10
112 102 10
148 74 13
148 75 14
148 76 17
76 140 58
102 59 13
102 58 14
117 136 12
92 11 14
56 50 10
107 102 11
