184 74 13
184 75 14
184 76 13
71 156 10
133 49 11
133 50 10
133 51 10
133 52 10
133 53 10
133 54 10
133 55 10
133 56 10
133 57 10
133 58 10
133 59 10
133 60 10
41 29 10
82 29 19
61 147 11
174 76 14
112 189 13
123 38 11
123 39 10
123 40 10
31 22 10
72 29 100
113 23 10
102 179 11
102 180 10
102 181 10
51 146 13
51 147 13
164 76 10
103 9 18
103 10 18
103 11 18
103 12 17
103 13 16
103 14 14
103 15 13
103 16 11
103 17 11
103 18 10
92 173 10
62 29 67
41 142 73
185 19 10
154 76 12
82 167 11
82 168 10
52 29 10
93 21 10
31 140 77
31 141 69
144 70 10
185 74 13
72 156 10
134 60 11
134 61 10
42 29 10
83 29 14
62 147 11
175 76 16
113 189 14
124 40 11
124 41 10
124 42 10
32 22 10
73 29 120
114 23 10
103 181 11
103 182 10
52 147 13
165 76 10
104 9 15
93 173 10
63 29 67
42 142 66
186 19 10
155 76 12
83 168 11
83 169 10
83 170 10
94 20 11
53 29 11
94 21 10
32 141 59
145 70 11
145 71 10
176 19 10
186 74 13
73 156 10
135 61 11
135 62 10
43 29 10
84 29 12
63 147 11
63 148 11
114 189 16
63 150 11
63 151 11
63 152 11
63 153 11
63 154 11
63 155 11
63 156 10
63 149 11
176 76 19
125 43 10
125 42 11
33 22 10
33 23 10
33 24 10
33 25 10
33 26 10
33 27 10
33 28 10
33 29 10
74 29 138
115 23 11
115 24 10
104 182 11
104 183 10
104 184 10
53 147 12
166 76 10
105 9 14
105 10 14
105 11 14
105 12 15
105 13 14
105 14 14
105 15 13
105 16 12
105 17 11
105 18 10
94 173 10
64 29 62
43 142 55
187 19 10
187 20 10
187 21 10
187 22 10
187 23 10
187 24 11
187 25 11
187 26 11
187 27 11
187 28 12
187 29 12
187 30 13
187 31 13
187 32 14
187 33 14
187 34 15
187 35 16
187 36 17
187 37 20
187 38 24
187 39 31
187 40 40
187 41 51
187 42 61
187 43 70
187 44 76
187 45 76
187 46 69
187 47 58
187 48 48
187 49 40
84 170 11
84 171 10
187 52 30
187 53 30
187 54 30
187 55 31
187 56 32
187 57 35
187 58 37
187 59 37
187 60 33
187 61 28
187 62 22
187 63 18
187 64 15
187 65 13
187 66 12
187 51 32
187 50 35
177 19 10
156 76 12
146 71 10
54 29 11
95 20 10
187 74 13
95 19 11
33 141 53
33 142 49
74 156 10
44 29 10
136 62 11
136 63 10
85 29 11
177 76 21
115 189 17
126 43 11
64 156 10
126 44 10
34 29 10
75 29 144
116 24 10
105 184 11
105 185 10
54 147 12
167 76 10
106 18 11
106 19 10
95 173 10
65 29 56
44 142 43
157 76 12
96 18 11
85 171 11
85 172 10
55 29 12
96 19 10
34 142 47
147 71 11
147 72 10
188 66 12
178 19 10
188 74 14
75 156 10
45 29 10
137 63 11
137 64 10
86 27 11
86 28 10
86 29 10
178 76 21
116 189 18
65 156 10
127 45 10
127 44 11
35 29 10
76 29 133
117 24 11
117 25 10
106 185 11
106 186 10
106 187 10
168 76 11
55 147 12
25 22 10
25 23 10
25 24 10
25 25 10
25 26 10
25 27 10
25 28 10
25 29 10
25 30 10
25 31 10
25 32 10
25 33 10
25 34 10
107 19 10
25 35 10
96 173 11
96 174 10
66 29 52
25 36 10
25 37 10
25 38 10
25 39 10
25 40 10
25 41 10
45 142 33
25 42 10
25 43 10
25 44 10
25 45 10
25 46 10
25 47 10
158 76 12
25 48 10
25 49 10
25 50 10
25 51 10
25 52 10
25 53 10
25 54 10
25 55 10
25 56 10
25 57 10
25 58 10
25 59 10
25 60 10
25 61 10
25 62 10
25 63 10
25 64 10
25 65 11
25 66 11
25 67 11
25 68 11
25 69 11
25 70 11
25 71 10
25 72 10
25 73 10
25 74 10
25 75 10
25 76 10
97 18 10
25 77 10
86 172 10
56 29 14
25 86 10
25 87 10
25 88 10
25 89 10
25 90 10
25 91 10
25 92 10
35 142 47
25 93 10
25 94 10
25 78 10
148 72 10
25 79 10
189 66 12
179 19 11
25 80 10
25 81 10
25 82 10
25 83 10
25 106 10
25 107 10
25 108 10
25 109 10
25 110 10
25 111 10
25 112 11
25 113 11
25 114 11
25 115 11
25 116 12
25 117 12
25 118 12
25 119 13
25 120 14
25 121 15
25 122 18
25 123 23
25 124 27
25 125 30
25 126 31
25 127 30
25 128 29
25 129 28
25 130 28
25 84 10
25 85 10
46 29 10
189 74 15
25 95 10
138 64 11
138 65 10
138 66 10
87 27 10
87 26 10
87 25 11
25 96 10
25 97 10
25 98 10
25 99 10
25 100 10
25 101 10
25 102 10
25 103 10
76 156 11
76 157 10
25 104 10
25 105 10
179 76 20
117 189 20
66 156 10
128 45 11
128 46 10
36 29 10
77 29 108
118 25 11
118 26 10
118 27 10
107 187 11
107 188 10
169 76 11
56 147 11
26 22 10
108 19 11
108 20 10
67 29 51
97 174 11
97 175 10
46 142 26
159 76 11
98 18 10
87 172 11
87 173 10
57 29 19
36 142 49
149 72 11
149 73 10
190 66 11
180 19 11
190 74 17
77 157 11
77 158 10
26 130 29
26 131 30
47 29 10
88 24 11
88 25 10
139 66 11
139 67 10
180 76 18
118 189 25
67 156 10
129 46 11
129 47 10
37 29 10
78 29 78
119 27 11
119 28 10
119 29 10
119 30 10
119 31 10
119 32 10
57 147 11
108 188 11
108 189 10
170 76 11
27 22 10
109 20 11
109 21 10
68 29 54
98 175 11
98 176 10
47 142 21
160 76 11
99 18 10
88 173 10
58 29 26
37 142 53
150 73 11
191 66 11
181 19 11
150 75 10
150 74 10
191 74 18
78 158 11
78 159 10
78 160 10
27 131 32
27 132 36
48 29 10
89 24 10
140 67 11
140 68 10
181 76 16
119 189 33
68 156 10
130 47 11
130 48 10
38 29 10
79 29 53
120 32 11
120 33 10
120 34 10
120 35 10
171 76 12
109 189 11
58 147 11
28 22 10
110 21 11
110 22 10
69 29 61
99 176 11
99 177 10
48 142 18
48 143 17
161 76 11
100 18 10
89 173 10
59 29 36
38 142 59
192 66 11
182 19 10
151 76 10
151 75 11
192 74 20
79 160 11
79 161 10
79 162 10
79 163 10
79 164 10
28 132 40
49 29 10
90 23 11
90 24 10
141 68 10
182 76 15
120 189 48
69 156 10
131 48 11
131 49 10
39 29 10
80 29 36
121 35 11
172 76 12
110 189 11
121 37 10
121 36 10
59 147 11
29 22 10
70 29 71
111 22 10
100 177 11
100 178 10
49 143 16
49 144 15
162 76 11
101 18 10
90 173 10
60 29 49
39 142 67
193 66 12
193 67 11
193 68 11
183 19 10
152 76 11
193 74 20
80 164 11
80 165 10
80 166 10
29 132 48
50 29 10
91 22 11
91 23 10
29 133 59
29 134 75
29 135 90
29 136 102
142 68 11
142 69 10
29 137 107
29 138 105
29 139 101
183 76 14
70 156 10
132 49 10
40 29 10
81 29 25
60 147 11
173 76 13
111 189 12
122 38 10
122 37 11
30 22 10
71 29 83
112 22 11
112 23 10
101 178 11
101 179 10
50 144 14
50 145 14
50 146 14
163 76 11
102 18 10
91 173 10
61 29 61
40 142 73
184 19 10
194 68 12
194 69 12
194 70 13
194 71 14
194 72 16
194 73 18
194 74 20
153 76 11
81 166 11
81 167 10
51 29 10
92 22 10
92 21 11
30 139 95
30 140 86
143 69 11
143 70 10
