163 168 10
30 146 10
35 176 54
35 177 53
122 186 35
10 60 15
10 61 17
76 180 20
158 168 10
30 171 19
199 165 17
5 56 11
5 57 12
117 186 231
71 180 16
153 168 11
25 169 23
25 171 46
194 165 16
112 186 118
66 180 11
20 173 92
20 174 82
20 175 76
148 175 16
148 174 16
107 186 19
189 168 22
61 180 11
36 61 21
102 183 12
102 184 13
184 168 39
15 178 67
143 178 28
56 180 11
31 61 49
36 87 12
36 88 11
36 89 11
36 90 10
36 91 10
36 92 10
36 93 10
97 182 13
36 95 11
179 168 73
36 96 11
10 178 33
92 162 10
92 163 11
138 179 15
36 97 12
36 98 12
36 99 13
36 100 13
36 101 13
36 102 12
51 180 16
26 61 54
36 103 12
36 104 11
36 94 10
36 105 11
36 106 11
36 107 11
36 108 11
36 109 11
87 158 10
87 159 11
174 168 41
36 110 12
5 178 11
36 111 12
133 180 12
36 112 12
36 113 12
36 114 12
36 115 11
36 116 11
36 117 11
46 179 79
36 118 11
21 61 41
36 119 11
36 120 11
36 121 11
36 122 12
87 178 21
169 168 16
36 144 18
128 183 18
128 184 18
41 179 70
16 61 50
82 178 28
164 168 11
31 146 10
36 177 55
36 178 55
123 186 27
11 61 20
77 180 20
159 168 10
31 171 19
6 57 11
118 186 175
72 180 19
26 167 14
154 168 11
26 168 16
26 169 18
26 171 37
195 165 16
113 186 167
67 180 11
149 168 12
149 169 13
149 170 14
21 171 89
21 172 93
21 173 94
149 174 15
149 173 15
149 172 15
149 171 15
108 186 25
190 168 22
62 180 11
37 61 18
37 62 19
37 63 20
37 64 21
37 65 23
37 66 27
37 67 33
37 68 46
37 69 68
37 70 97
37 71 123
103 184 12
185 168 31
16 178 65
144 178 27
37 72 136
37 73 130
37 74 112
37 75 90
37 76 71
37 77 57
37 78 48
37 79 42
57 180 11
32 61 47
37 80 37
37 81 34
37 82 31
37 83 27
37 84 23
37 85 19
37 86 15
37 87 13
98 182 12
180 168 74
11 178 45
93 163 10
139 179 17
52 180 13
27 61 53
88 159 10
88 160 11
175 168 48
6 178 12
37 122 13
134 180 12
47 179 66
47 180 51
22 61 41
88 178 17
170 168 19
37 144 19
129 183 17
42 179 80
17 61 53
83 178 29
165 168 11
32 144 12
32 145 11
32 146 10
124 185 21
37 178 56
124 186 23
12 61 24
78 179 23
78 180 22
160 168 10
32 171 21
7 57 11
119 186 119
73 180 20
27 167 13
155 168 11
27 171 30
196 165 15
2 53 10
2 54 11
2 55 11
114 186 220
68 180 11
150 168 11
22 170 66
22 171 77
191 168 22
109 186 36
63 180 11
104 184 12
17 177 61
17 178 63
104 185 13
145 178 25
145 177 24
186 168 27
58 180 11
33 61 41
99 182 12
99 183 13
181 168 69
12 178 58
94 163 10
94 164 11
94 165 11
94 166 11
94 167 12
94 168 13
94 169 14
94 170 14
94 171 14
53 180 12
94 172 14
94 173 13
94 174 13
94 175 12
94 176 12
94 177 11
94 178 11
94 179 11
94 180 11
140 179 20
28 61 50
89 160 10
89 161 11
7 178 14
176 168 55
135 180 12
38 122 14
38 123 17
38 124 23
38 125 34
38 126 47
38 127 62
38 128 72
48 180 38
23 61 42
38 129 76
38 130 77
38 131 78
38 132 77
84 154 10
84 155 10
84 156 10
84 157 11
89 178 14
38 133 71
171 168 23
38 134 59
38 135 47
38 136 38
38 137 32
38 138 30
38 139 29
130 183 15
38 140 28
38 141 27
38 142 24
43 179 89
38 143 22
18 61 54
38 144 20
84 178 30
166 168 12
33 144 13
125 185 20
38 178 56
13 61 30
79 178 27
79 179 25
161 168 10
33 171 25
33 172 30
33 173 36
8 57 11
120 186 78
8 58 12
74 180 21
28 167 12
156 168 11
28 171 25
197 165 15
3 55 11
115 186 260
69 180 12
151 168 11
23 170 52
23 171 67
192 167 23
192 168 22
110 186 55
64 180 11
18 176 61
18 177 60
105 185 14
146 177 21
187 168 24
59 180 11
34 61 33
100 183 12
182 168 60
13 178 66
141 179 24
141 178 27
54 180 11
29 61 49
95 180 11
95 181 12
95 182 12
177 168 62
90 161 10
90 162 11
8 178 17
136 180 12
136 179 13
49 180 28
24 61 46
90 178 12
85 157 10
172 168 29
3 178 10
3 179 10
3 180 10
3 181 10
3 182 10
131 183 14
44 179 93
19 61 50
85 178 28
167 168 12
34 144 14
126 184 19
126 185 19
39 178 57
39 179 59
14 61 37
80 178 27
162 168 10
29 146 10
29 147 10
29 148 10
34 173 43
34 174 47
34 175 51
34 176 52
29 149 10
121 186 52
9 58 12
9 59 13
9 60 14
29 150 10
29 151 10
29 152 10
29 153 10
29 154 10
29 155 10
75 180 20
29 156 10
29 157 10
29 158 10
157 168 10
29 159 10
29 160 10
29 171 21
29 161 10
198 165 16
29 162 11
4 55 11
4 56 12
29 163 11
116 186 265
29 164 11
29 165 11
29 166 11
29 167 11
70 180 14
152 168 11
24 169 31
24 170 40
24 171 56
193 165 18
193 166 20
193 167 21
111 186 82
65 180 11
19 175 68
19 176 63
106 185 15
106 186 16
147 177 19
147 176 18
147 175 17
188 168 22
60 180 11
35 61 26
101 183 12
183 168 49
14 178 68
142 178 29
55 180 11
30 61 49
96 182 12
178 168 69
91 162 10
91 163 11
91 164 11
91 165 13
91 166 15
91 167 17
91 168 20
91 169 21
91 170 20
91 171 18
91 172 16
91 173 15
91 174 14
91 175 13
91 176 12
91 177 12
91 178 11
50 180 21
9 178 23
86 157 10
86 158 11
137 179 14
173 168 35
25 61 51
4 178 11
132 180 13
132 181 12
132 182 13
132 183 13
45 179 89
20 61 45
86 178 25
168 168 14
35 144 16
127 184 19
40 179 62
15 61 45
81 178 28
