194 118 17
25 131 248
25 132 298
25 133 362
148 116 15
148 117 16
56 87 42
189 118 11
138 86 77
138 87 84
138 88 89
138 89 90
138 90 88
138 91 82
138 92 76
138 93 70
25 166 16
25 167 16
51 87 56
138 94 66
138 95 63
138 96 60
138 97 58
138 98 55
138 99 51
138 100 46
138 101 40
138 102 35
138 103 30
138 104 25
138 105 21
138 106 18
138 107 15
138 108 14
138 109 13
138 110 12
138 111 12
138 112 12
138 113 13
143 113 12
143 114 13
143 115 13
184 118 12
46 89 131
46 90 140
179 118 18
143 161 27
143 162 37
41 92 199
41 93 201
174 118 35
138 156 10
138 157 11
159 54 31
159 55 31
138 158 11
36 94 135
169 118 66
154 59 29
164 118 61
31 97 47
31 98 47
149 61 17
149 62 15
159 118 40
144 63 14
144 64 13
144 65 13
154 118 23
195 118 21
26 130 165
26 131 201
149 117 17
57 87 39
139 75 26
139 76 25
139 77 25
139 78 27
139 79 30
139 80 35
139 81 43
139 82 54
139 83 68
139 84 84
139 85 100
139 86 114
190 118 11
144 115 13
52 87 51
185 118 11
139 113 12
47 88 110
47 89 121
180 118 16
134 112 14
134 113 15
134 114 16
134 115 18
134 116 21
134 117 26
134 118 33
134 119 42
134 120 55
134 121 69
134 122 85
42 91 196
42 92 200
134 123 102
134 124 119
134 125 135
175 118 31
134 126 149
134 127 157
134 128 159
134 129 155
134 130 156
134 131 150
160 53 29
160 54 30
134 132 140
134 133 128
134 134 125
134 135 120
134 136 111
134 137 96
134 138 78
134 139 59
134 140 45
134 141 34
134 142 28
134 143 24
134 144 21
37 94 154
134 145 19
134 146 17
170 118 60
134 147 15
134 148 14
134 149 13
134 150 12
134 151 12
134 152 11
134 153 11
134 154 11
139 158 11
139 159 12
144 162 49
155 58 31
155 59 30
144 163 69
165 118 66
32 96 55
32 97 50
150 60 20
150 61 18
160 118 45
145 63 13
155 118 25
196 118 26
27 129 119
27 130 139
140 68 21
140 69 23
140 70 24
58 87 35
140 71 26
140 72 27
140 73 27
140 74 27
140 75 26
150 117 18
150 118 19
191 118 12
145 115 13
53 87 48
186 118 11
140 113 12
48 88 98
181 118 15
135 112 13
145 163 100
145 164 147
145 165 220
145 166 332
145 167 490
145 168 693
145 169 932
145 170 1195
43 91 189
145 171 1471
145 172 1752
145 173 2034
176 118 27
145 174 2317
145 175 2595
145 176 2860
161 51 26
161 52 27
161 53 28
140 159 13
38 93 190
38 94 174
171 118 53
135 154 10
135 155 10
135 156 11
156 56 34
156 57 33
156 58 32
166 118 70
33 95 72
33 96 62
151 60 22
161 118 49
146 63 13
156 118 28
197 118 33
28 127 95
28 128 97
28 129 108
141 67 18
141 68 19
151 118 20
59 87 31
192 118 13
146 115 13
146 116 14
54 87 46
187 118 11
141 113 12
49 88 85
182 118 13
136 112 13
44 90 160
44 91 178
177 118 24
162 51 24
141 159 14
141 160 16
141 161 19
39 93 198
172 118 46
136 156 10
157 56 33
167 118 71
34 95 83
152 59 26
152 60 23
162 118 53
147 62 14
147 63 13
157 118 31
29 126 92
29 127 91
198 118 43
142 67 16
152 118 20
193 118 15
24 133 419
24 134 476
24 135 529
24 136 573
24 137 602
24 138 613
24 139 613
24 140 606
24 141 586
24 142 553
24 143 516
24 144 482
24 145 457
24 146 442
24 147 436
24 148 432
24 149 424
24 150 403
24 151 368
24 152 322
24 153 272
24 154 219
24 155 167
24 156 121
24 157 84
24 158 58
24 159 41
24 160 31
24 161 24
24 162 20
24 163 18
24 164 16
24 165 16
24 166 15
50 87 64
50 88 74
55 87 45
147 116 14
188 118 11
137 86 57
137 87 63
137 88 67
142 113 12
137 89 70
137 90 70
137 91 68
137 92 65
137 93 62
137 94 60
137 95 58
137 96 57
137 97 55
137 98 52
137 99 48
137 100 43
183 118 12
137 101 38
137 102 33
137 103 28
137 104 24
137 105 20
45 90 148
137 106 17
137 107 15
137 108 14
137 109 13
137 110 12
137 111 12
137 112 12
178 118 21
142 161 22
40 93 202
173 118 40
137 156 10
158 55 32
158 56 32
35 94 117
35 95 100
168 118 70
153 59 27
163 118 57
30 98 48
30 99 51
30 100 59
30 101 73
30 102 94
30 103 127
30 104 173
30 105 232
30 106 300
30 107 369
30 108 428
30 109 472
30 110 497
30 111 504
30 112 497
30 113 478
30 114 448
30 115 408
30 116 363
30 117 316
30 118 270
30 119 227
30 120 190
30 121 159
30 122 135
30 123 116
30 124 104
30 125 96
30 126 93
148 62 14
158 118 36
143 65 14
143 66 15
143 67 15
153 118 21
