30 144 20
30 145 18
30 146 17
30 147 16
30 148 16
30 149 16
30 150 16
30 151 17
30 152 18
30 153 20
30 154 23
30 155 26
30 156 30
30 157 36
30 158 47
30 159 72
30 160 124
30 161 223
30 162 385
71 147 20
107 104 11
107 105 11
107 106 11
107 107 11
107 108 11
107 109 11
107 110 11
107 111 11
107 112 11
107 113 11
107 114 11
107 115 11
138 80 11
138 81 10
107 116 11
66 147 23
107 117 11
107 118 11
107 119 11
107 120 11
107 121 10
168 199 539
163 199 773
102 124 11
158 199 602
61 149 42
133 85 11
97 126 12
153 199 226
56 149 109
128 85 12
92 126 11
148 198 73
148 199 96
51 149 74
123 85 11
189 199 12
143 189 12
143 190 12
143 191 13
143 192 13
143 193 13
143 194 14
138 179 10
87 140 11
46 149 53
184 199 28
118 90 11
118 91 10
31 94 10
31 95 11
31 96 11
31 97 11
31 98 12
31 99 13
82 140 11
41 149 36
31 100 16
31 101 20
31 102 26
31 103 34
31 104 42
31 105 48
31 106 50
31 107 48
31 108 44
31 109 41
31 110 40
26 89 11
31 111 41
31 112 44
31 113 48
31 114 53
31 115 62
31 116 73
31 117 87
31 118 101
31 119 111
31 120 116
77 140 12
36 149 20
31 121 113
31 122 104
31 123 92
31 124 83
31 125 80
31 126 81
31 127 85
31 128 90
31 129 92
31 130 88
31 131 77
21 89 30
31 132 62
31 133 47
31 134 36
31 135 28
31 136 24
139 36 16
139 37 17
113 100 11
113 101 10
113 102 10
108 103 12
31 149 17
108 104 11
133 179 10
179 199 41
128 179 11
174 199 198
72 147 18
134 35 27
169 199 543
164 199 698
139 80 10
67 147 23
103 124 11
159 199 724
134 83 11
62 148 31
62 149 36
134 84 10
134 85 10
98 126 12
154 199 261
57 149 96
129 85 12
93 126 11
149 199 122
52 149 87
124 85 11
190 198 11
190 199 11
144 194 15
144 195 16
139 179 10
88 140 11
47 149 54
119 86 12
119 87 11
119 88 11
119 89 11
119 90 10
185 199 25
134 179 10
83 140 11
42 149 41
180 199 37
27 89 10
27 90 10
27 91 11
114 99 11
114 100 10
129 179 11
78 140 11
37 149 21
175 199 130
140 37 18
140 38 19
22 89 21
109 103 11
32 149 19
170 199 531
73 146 15
73 147 16
135 35 22
165 199 627
140 80 10
68 147 23
104 122 11
104 123 10
104 124 10
160 199 814
135 82 11
135 83 10
63 148 27
99 124 11
99 125 11
99 126 11
155 199 310
58 149 81
130 85 12
94 126 12
150 199 149
125 85 11
53 149 100
191 198 11
145 195 18
145 196 20
140 179 10
89 140 11
48 149 55
120 85 12
120 86 11
186 199 21
135 179 10
84 140 11
43 149 45
181 199 34
115 96 11
115 97 10
115 98 10
28 91 10
28 92 10
28 93 11
115 99 10
130 179 11
79 140 11
38 149 23
176 199 87
141 38 20
141 39 21
141 40 22
23 89 15
110 103 11
33 149 20
171 199 480
74 146 14
136 35 19
166 199 574
141 80 10
69 147 23
105 121 11
105 122 10
161 199 850
136 81 11
136 82 10
64 147 24
64 148 25
100 124 11
156 199 381
59 149 66
131 85 11
95 126 12
151 199 174
54 149 110
126 85 11
192 198 11
90 126 11
90 127 11
90 128 11
90 129 11
90 130 11
90 131 11
90 132 11
90 133 11
90 134 11
90 135 11
90 136 10
90 137 10
90 138 11
90 139 11
90 140 11
49 149 59
121 85 11
146 196 25
146 197 31
146 198 41
141 179 10
141 180 10
141 181 10
141 182 10
187 199 17
141 185 10
141 186 10
141 184 10
141 183 10
136 179 10
85 140 11
44 149 49
182 199 32
116 91 11
116 92 10
116 93 10
116 94 10
116 95 10
116 96 10
29 93 10
29 94 11
131 179 11
80 140 11
39 149 26
177 199 62
142 40 21
24 89 12
142 41 22
142 42 23
142 43 26
142 44 31
142 45 38
142 46 44
142 47 48
142 48 48
142 49 46
142 50 44
142 51 43
34 149 20
142 52 45
142 53 50
142 54 60
142 55 75
75 146 13
137 35 17
142 56 93
142 57 116
142 58 144
142 59 176
142 60 209
142 61 236
142 62 253
142 63 255
142 64 244
142 65 224
142 66 200
142 67 176
142 68 152
142 69 129
142 70 103
142 71 76
142 72 52
142 73 34
142 74 23
142 75 16
142 76 13
142 77 12
142 78 11
70 147 22
142 79 11
142 80 10
111 103 11
172 199 392
167 199 546
106 121 10
162 199 831
137 81 10
65 147 23
101 124 11
157 199 480
60 149 53
132 85 11
96 126 12
152 199 199
55 149 114
127 85 12
91 126 11
147 198 54
50 149 65
122 85 11
188 199 14
142 186 11
142 187 11
142 188 11
142 189 11
137 179 10
86 140 11
45 149 51
183 199 30
117 91 10
30 94 10
132 179 11
81 140 11
40 149 31
178 199 48
25 89 11
112 102 11
112 103 10
76 140 12
35 149 20
76 142 12
76 143 12
76 144 12
76 145 12
76 146 12
76 141 12
138 35 16
138 36 16
173 199 290
30 136 21
30 137 20
30 138 20
30 139 20
30 140 21
30 141 22
30 142 22
30 143 21
