122 176 11
122 177 11
153 124 79
163 180 19
102 96 93
51 61 10
123 5 14
82 20 11
143 112 14
143 113 15
112 174 11
184 111 62
92 87 18
153 180 38
41 64 10
133 97 66
113 5 10
154 6 115
72 25 10
102 174 12
174 111 56
174 112 54
184 163 10
82 86 13
143 180 60
184 180 14
123 96 60
31 70 10
103 13 11
144 6 47
174 163 10
72 86 13
133 180 46
174 180 27
62 54 11
62 55 10
164 135 67
113 96 587
21 70 10
134 5 33
62 70 10
93 20 11
123 177 12
123 178 11
123 179 11
154 124 79
154 125 77
164 180 19
103 96 119
52 61 10
11 70 10
11 71 10
11 72 10
11 73 10
11 74 10
11 75 10
11 76 10
124 5 17
83 20 11
144 113 16
113 174 11
185 111 57
93 87 18
154 180 41
42 64 10
134 97 57
114 5 10
155 6 106
73 25 10
103 174 11
175 111 62
185 163 10
83 86 13
144 180 50
185 180 13
124 96 54
124 97 54
32 70 11
104 13 11
145 6 55
175 163 10
73 86 14
134 180 61
175 180 24
63 53 11
63 54 10
165 135 60
114 96 511
22 70 10
135 5 35
63 70 10
63 71 11
94 20 11
124 179 12
124 180 11
155 125 74
155 126 73
165 180 19
104 96 154
53 61 10
12 70 10
125 5 20
84 20 11
145 113 16
114 174 11
186 110 57
186 111 56
94 87 17
94 88 18
155 180 43
43 64 10
135 97 47
115 5 10
156 6 102
156 7 99
74 24 11
74 25 10
156 8 100
104 174 11
176 111 74
186 163 10
84 86 13
145 180 41
186 180 13
125 97 53
33 70 10
105 10 11
105 11 10
105 12 10
105 13 10
146 6 67
64 32 11
64 33 11
64 34 11
64 35 10
64 36 10
64 37 10
64 38 10
64 39 10
64 40 10
64 41 10
64 42 10
64 43 10
64 44 10
64 45 10
64 46 10
64 47 10
64 48 10
64 49 10
64 50 10
64 51 10
64 52 10
64 53 10
176 163 10
166 135 55
176 180 21
135 180 76
74 86 14
115 96 421
23 70 10
136 5 36
64 71 10
95 20 11
125 180 12
156 126 67
166 180 20
105 96 197
54 61 10
13 70 10
126 5 23
85 20 11
146 113 16
187 109 66
115 174 11
187 110 60
95 88 18
156 180 43
44 63 11
44 64 10
136 97 40
116 5 10
75 23 11
75 24 10
157 8 96
157 9 92
157 10 86
157 11 80
105 174 11
177 111 86
187 163 10
85 86 14
146 180 34
187 180 13
126 97 56
34 69 11
34 70 10
106 9 11
106 10 10
147 6 83
65 32 11
177 163 10
75 86 15
136 180 87
177 180 19
167 135 52
116 96 338
24 70 10
137 5 37
65 71 10
96 20 11
126 180 12
157 126 65
157 127 63
167 180 21
106 96 245
55 61 10
14 70 10
127 5 26
86 20 12
188 105 116
188 106 106
188 107 95
188 108 83
188 109 73
116 174 11
147 113 16
96 88 18
157 180 40
45 62 11
45 63 10
137 97 35
137 98 34
117 5 10
76 22 11
76 23 10
158 11 70
158 12 61
158 13 52
106 174 10
158 14 44
158 15 37
178 111 98
188 163 10
188 164 10
188 165 10
188 166 10
188 167 10
188 168 10
188 169 10
188 170 10
188 171 10
188 172 10
188 173 11
188 174 11
188 175 11
188 176 11
188 177 12
188 178 12
188 179 12
188 180 13
188 181 14
188 182 15
147 180 30
86 86 14
127 97 61
35 68 11
35 69 10
107 8 11
107 9 10
148 6 104
66 26 11
66 27 10
66 28 10
66 29 10
66 30 10
66 31 10
66 32 10
178 163 10
76 86 16
137 180 91
178 180 18
168 135 51
168 136 48
168 137 49
117 96 272
25 70 10
138 5 38
66 71 10
66 72 11
66 73 11
66 74 11
66 75 12
97 20 11
66 76 12
66 77 12
66 78 12
66 79 11
66 80 11
66 81 11
66 82 11
66 83 11
66 84 11
66 85 11
66 86 12
127 180 13
158 127 61
158 128 63
168 180 23
107 96 303
56 61 10
15 70 10
128 5 27
87 20 12
189 104 141
189 105 127
148 113 16
148 114 17
117 174 11
97 88 19
97 89 21
97 90 23
158 180 35
46 61 11
46 62 10
138 98 31
138 99 31
138 100 32
118 5 11
138 101 32
138 102 31
138 103 29
138 104 25
138 105 22
138 106 19
138 107 17
77 21 11
77 22 10
138 108 15
138 109 14
138 110 13
138 111 13
138 112 14
107 174 10
159 15 31
159 16 28
179 111 104
87 86 15
148 180 28
128 97 67
36 66 11
36 67 10
36 68 10
108 6 11
108 7 10
108 8 10
149 6 125
67 25 11
67 26 10
179 163 10
77 86 16
138 180 89
179 180 16
169 135 52
118 96 219
169 137 50
169 138 53
169 139 56
169 140 58
26 70 10
139 5 39
98 20 11
67 86 12
128 180 14
159 128 63
159 129 67
169 180 25
108 96 378
57 61 10
16 70 10
129 5 28
88 20 12
190 103 170
190 104 155
149 114 16
118 174 11
98 90 26
98 91 30
159 180 30
47 61 10
119 5 11
78 21 10
139 112 13
108 174 10
180 111 102
160 16 25
160 17 24
88 86 16
149 180 28
37 65 11
37 66 10
129 97 71
109 5 10
109 6 10
150 6 140
68 25 10
98 174 13
180 163 10
78 86 15
139 180 83
180 180 16
170 134 57
170 135 54
119 96 170
170 140 59
170 141 57
27 70 10
170 142 54
140 5 39
99 20 11
68 86 12
129 180 17
160 129 69
160 130 71
160 131 75
170 180 28
109 96 468
58 61 10
17 70 10
130 5 29
191 98 90
191 99 121
89 20 12
191 100 151
191 101 173
191 102 183
191 103 181
150 114 17
150 115 18
119 174 11
99 91 35
160 180 26
99 92 40
99 93 47
48 61 10
120 5 11
79 20 11
79 21 10
140 112 13
109 174 10
181 111 94
161 17 23
161 18 23
89 86 17
150 180 29
38 65 10
130 97 75
110 5 10
151 6 145
69 25 10
99 174 13
181 163 10
79 86 15
140 180 77
181 180 15
171 134 57
120 96 127
28 70 10
171 143 43
171 144 36
171 145 29
171 142 50
100 13 11
100 14 11
100 15 11
100 16 11
100 17 11
100 18 11
100 19 11
100 20 11
141 5 39
69 86 12
130 180 20
161 131 75
171 180 30
161 132 77
110 96 554
59 61 10
18 70 10
131 5 30
192 97 45
192 98 64
90 20 12
151 115 20
151 116 23
151 117 28
120 174 11
161 180 23
100 93 54
100 94 60
100 95 66
100 96 71
49 61 10
121 5 11
80 20 10
141 112 13
110 174 10
182 111 83
162 18 23
90 86 17
90 87 18
151 180 32
39 64 11
39 65 10
131 97 76
111 5 10
152 6 140
70 25 10
100 174 13
172 114 48
182 163 10
172 115 48
172 116 57
172 117 65
172 118 74
172 119 88
172 120 110
172 121 140
172 122 173
141 180 73
172 123 199
172 124 209
172 125 199
172 126 175
172 127 145
172 128 118
172 129 97
182 180 14
172 130 80
172 131 68
172 132 60
172 133 57
172 134 58
80 86 14
121 96 94
29 70 10
172 145 24
172 146 19
101 13 11
142 5 40
70 86 12
131 180 25
172 180 31
162 132 76
162 133 76
111 96 614
60 61 10
19 70 10
132 5 31
193 96 25
193 97 32
91 20 12
152 117 33
121 174 11
152 118 41
152 119 50
152 120 59
152 121 66
152 122 71
152 123 75
152 124 80
162 180 21
101 96 78
50 61 10
122 5 12
81 20 10
142 112 14
111 174 11
183 111 71
163 18 22
163 19 23
163 20 25
163 21 27
163 22 28
163 23 29
163 24 30
163 25 29
163 26 27
163 27 24
152 180 35
163 28 20
163 29 18
163 30 16
163 31 15
163 32 15
91 87 18
40 64 10
132 97 73
112 5 10
153 6 128
71 25 10
101 174 12
173 112 53
173 113 51
173 114 49
183 163 10
81 86 14
142 180 68
183 180 14
122 96 72
30 70 10
173 146 16
173 147 14
173 148 13
173 149 12
173 150 12
173 151 12
173 152 12
173 153 11
173 154 11
173 155 11
173 156 11
173 157 11
173 158 11
173 159 11
173 160 11
173 161 11
173 162 11
173 163 10
102 13 11
143 5 41
143 6 43
71 86 12
132 180 34
173 180 29
163 133 72
163 134 72
61 55 10
61 56 10
61 57 10
61 58 10
61 59 10
61 60 10
61 61 10
20 70 10
163 135 77
194 88 25
194 89 21
194 90 18
194 91 17
194 92 16
133 5 32
61 70 10
194 93 16
194 94 17
194 95 18
194 96 20
61 62 10
92 20 12
61 63 10
61 64 10
61 65 10
61 66 10
61 67 10
61 68 10
61 69 10
112 96 626
122 174 11
122 175 11
