40 199 10
174 25 10
102 91 55
102 92 63
0 16 15
0 17 17
0 18 21
0 19 27
0 20 35
0 21 47
0 22 63
0 23 87
0 24 122
41 17 44
41 18 45
0 27 274
112 156 10
112 157 10
112 158 10
112 159 10
112 160 10
112 161 10
112 162 10
112 163 10
112 164 11
112 165 11
112 166 11
112 167 11
112 168 11
0 28 318
133 66 44
133 67 34
133 68 27
133 69 21
0 29 345
0 30 349
0 31 332
0 32 300
0 33 260
30 195 40
0 34 220
0 35 183
0 36 150
51 77 11
0 38 90
164 25 10
0 39 66
0 40 48
0 41 36
0 42 28
0 43 24
0 44 21
0 45 19
0 46 17
0 48 15
0 49 14
0 50 13
0 51 12
0 52 11
0 53 11
0 54 11
0 55 11
0 56 10
0 47 16
0 37 119
0 26 220
0 25 167
92 111 10
31 15 22
20 192 30
123 73 11
123 74 10
20 193 34
20 194 39
20 195 43
61 199 25
133 140 10
21 16 34
154 46 10
51 167 13
51 168 12
82 113 11
82 114 10
82 115 10
82 116 10
51 169 12
51 170 11
10 182 27
10 183 23
113 87 18
185 24 11
185 25 10
51 199 10
41 155 21
11 16 337
123 145 11
123 146 10
52 21 41
144 56 86
72 128 11
41 199 10
175 25 10
103 90 44
103 91 48
1 16 19
42 18 46
113 155 11
113 156 10
52 77 11
134 64 87
134 65 69
134 66 55
31 195 30
1 56 11
165 25 10
1 57 10
32 15 23
93 111 10
124 73 10
21 195 47
134 140 10
22 16 29
155 46 10
83 113 10
52 170 11
52 171 11
52 172 11
52 173 10
11 183 20
11 184 19
114 87 17
186 24 10
52 199 10
42 155 20
12 16 335
124 145 10
53 21 34
145 56 69
73 128 11
42 199 10
176 25 10
104 90 40
104 89 38
2 16 27
114 154 11
114 155 10
43 18 48
43 19 49
53 77 11
135 63 125
135 64 104
32 195 22
166 25 10
33 15 24
94 111 10
125 73 10
22 195 53
135 140 10
23 16 26
156 46 10
84 113 10
53 173 10
12 184 17
115 87 15
187 24 10
53 199 10
43 155 19
125 144 11
125 145 10
13 16 313
54 21 27
146 54 34
146 55 44
146 56 55
54 22 24
54 23 21
54 24 18
74 124 11
74 125 10
74 126 10
74 127 10
74 128 10
54 25 16
54 26 15
54 27 14
54 28 13
54 29 13
54 30 13
54 31 13
54 32 13
54 33 13
54 34 13
54 35 13
54 36 13
54 37 12
54 38 12
43 199 10
54 39 12
177 25 10
105 89 35
54 40 11
54 41 11
54 42 10
54 43 10
54 44 10
54 45 10
54 46 10
54 47 10
54 48 10
54 49 10
54 50 10
54 51 10
54 52 10
54 53 10
54 54 10
115 154 10
54 55 10
54 56 10
54 57 10
54 58 10
54 59 10
54 60 10
54 61 11
54 62 11
54 63 11
54 64 11
54 65 12
136 62 165
136 63 145
54 66 12
54 67 13
54 68 14
54 69 15
54 70 15
54 71 16
54 72 15
54 73 14
54 74 13
54 75 12
54 76 11
33 195 17
54 77 10
44 19 51
3 16 41
167 25 10
34 15 25
95 107 12
95 108 11
95 109 11
95 110 11
95 111 10
126 73 10
23 195 59
136 140 11
24 16 24
157 46 10
85 112 11
85 113 10
54 173 10
13 184 16
13 185 15
116 87 14
188 24 10
54 199 10
44 155 18
126 140 10
126 141 10
126 142 10
126 143 10
126 144 10
14 16 269
147 53 21
147 54 26
75 122 11
75 123 10
75 124 10
44 199 10
106 88 33
178 25 10
106 89 34
4 16 65
116 153 11
116 154 10
45 19 53
45 20 55
137 60 207
137 61 196
137 62 183
65 135 40
34 195 14
168 25 10
35 15 27
96 107 12
127 73 10
24 195 64
25 0 160
25 1 127
25 2 106
25 3 91
25 4 80
25 5 71
25 6 62
25 7 54
25 8 46
25 9 40
25 10 34
25 11 29
137 140 11
25 12 25
25 13 23
25 15 21
25 16 22
25 14 21
158 46 10
86 112 10
55 173 10
14 185 15
117 87 13
189 24 11
55 199 10
45 155 17
127 140 10
15 16 214
148 53 17
76 120 11
76 121 10
76 122 10
45 199 10
107 88 31
179 25 10
5 16 102
117 152 11
117 153 10
46 20 56
138 56 187
138 57 200
138 58 208
138 59 211
138 60 210
66 135 34
35 195 12
169 25 10
36 15 28
97 105 18
97 106 15
97 107 13
128 73 10
25 195 66
138 140 12
26 13 22
26 14 21
159 46 10
87 112 10
56 173 10
15 185 14
15 186 14
15 187 15
118 87 12
190 24 11
56 199 10
46 155 16
128 140 10
16 16 159
149 50 11
149 51 12
149 52 13
149 53 14
77 119 11
77 120 10
108 87 29
108 88 30
180 25 10
46 199 10
6 16 150
118 150 11
118 151 10
118 152 10
47 20 59
47 21 58
139 56 174
67 132 20
67 133 23
67 134 26
67 135 29
36 195 11
170 25 10
37 15 31
98 104 29
98 105 22
37 16 32
129 72 11
129 73 10
26 195 66
160 31 11
160 32 10
160 33 10
160 34 10
160 35 10
139 140 14
160 36 10
160 37 10
160 38 10
160 39 10
160 40 10
160 41 10
160 42 10
160 43 10
160 44 10
160 45 10
160 46 10
88 112 10
88 111 11
27 14 20
57 173 10
57 174 10
57 175 10
57 176 10
57 177 10
57 178 10
57 179 10
57 180 10
57 181 10
57 182 11
57 183 10
57 184 10
57 185 10
57 186 10
57 187 10
57 188 10
57 189 10
57 190 10
57 191 10
57 192 10
57 193 10
57 194 10
57 195 10
119 84 11
119 85 11
119 86 11
119 87 11
191 24 11
57 196 10
57 197 10
57 198 10
129 140 10
57 199 10
47 155 16
16 187 14
17 16 114
150 50 11
78 117 11
78 118 10
78 119 10
109 87 27
47 199 10
181 25 10
7 16 203
119 149 11
119 150 10
48 21 58
140 56 160
68 129 13
68 130 14
68 131 16
68 132 17
37 195 11
171 25 10
99 103 51
99 104 38
38 16 34
38 17 36
130 72 11
27 195 64
161 28 11
161 29 10
161 30 10
161 31 10
28 14 20
28 15 20
89 111 10
17 187 14
17 188 15
17 189 16
120 77 11
120 78 10
120 79 10
120 80 10
120 81 10
120 82 10
120 83 10
120 84 10
58 199 11
192 24 11
48 155 15
130 140 10
18 16 80
151 46 10
151 47 10
151 48 10
151 49 10
151 50 10
7 178 120
79 116 10
79 117 10
7 179 101
110 87 25
48 199 10
182 25 10
8 16 254
120 148 11
120 149 10
49 21 56
141 56 144
69 129 12
38 195 10
38 196 10
38 197 10
38 198 10
38 199 10
172 25 10
100 93 98
100 94 111
100 95 123
100 96 133
100 97 141
100 98 144
100 99 140
100 100 127
100 101 108
100 102 87
100 103 68
39 17 38
49 77 13
131 70 13
131 71 12
131 72 11
28 195 59
162 25 10
162 26 10
162 27 10
162 28 10
29 15 21
90 111 10
18 189 17
18 190 19
121 75 11
121 76 10
121 77 10
59 199 12
193 24 11
49 155 16
131 140 10
19 16 58
152 46 10
8 179 82
80 116 10
8 180 65
111 87 23
49 199 10
183 25 10
9 16 296
121 147 11
121 148 10
50 21 53
142 56 125
70 129 12
39 199 10
173 25 10
101 92 73
101 93 85
40 17 41
50 77 12
132 69 18
132 70 15
29 195 50
163 25 10
30 15 21
91 111 10
19 190 21
19 191 24
19 192 27
122 74 11
122 75 10
60 199 16
50 155 16
132 140 10
50 156 17
50 157 18
50 158 19
50 159 20
50 160 21
50 161 22
50 162 22
50 163 20
50 164 19
153 46 10
50 165 17
50 166 15
50 167 14
20 16 43
81 116 10
9 180 52
9 181 41
9 182 33
112 87 20
50 199 10
184 25 10
40 155 23
10 16 323
122 146 11
122 147 10
51 21 47
143 56 105
71 128 11
71 129 11
