84 99 15
194 117 26
148 102 11
79 79 23
171 114 39
171 115 30
171 116 25
125 102 81
102 99 12
74 76 89
189 117 33
166 110 241
166 109 273
143 102 12
74 77 73
120 102 31
97 99 11
69 71 163
69 72 177
161 105 229
69 73 191
184 117 68
138 102 26
115 101 45
115 102 40
64 64 15
64 65 16
64 66 18
92 99 11
156 102 21
179 117 35
133 102 143
110 99 34
197 115 33
87 99 12
151 102 12
82 82 32
82 83 35
82 84 41
174 117 15
128 102 186
82 85 49
105 99 14
192 117 25
146 102 11
77 78 33
169 112 94
169 113 76
77 77 40
123 102 48
100 99 11
164 106 349
164 107 353
72 76 130
187 117 46
141 102 14
72 75 148
118 102 32
95 99 11
67 68 57
67 69 74
67 70 96
159 104 102
159 105 139
182 117 66
136 102 50
62 58 18
62 59 17
113 100 51
113 101 51
62 62 14
62 61 15
62 60 16
90 99 12
154 102 15
177 117 21
131 102 218
108 99 23
85 99 14
195 116 29
195 117 27
149 102 11
80 79 23
80 80 23
172 116 21
172 117 18
126 102 110
103 99 12
190 117 29
167 110 205
167 111 174
144 102 12
75 77 58
121 102 34
98 99 11
162 105 270
70 74 190
70 73 192
185 117 62
139 102 20
116 102 36
65 66 21
93 99 11
65 67 26
157 102 27
157 103 36
157 104 51
180 117 46
134 102 103
111 99 41
111 100 45
198 115 36
88 99 12
152 102 12
175 117 16
129 102 218
83 87 77
83 88 86
83 89 93
83 90 98
106 99 16
83 92 92
83 93 82
83 94 68
83 95 54
83 96 40
83 97 30
83 98 22
83 99 17
83 91 98
193 117 25
147 102 11
83 86 67
83 85 58
170 113 60
170 114 48
78 79 25
78 78 28
124 102 61
101 99 12
165 107 348
165 108 330
188 117 38
165 109 306
142 102 13
73 76 107
119 102 31
96 99 11
68 70 117
68 71 141
160 105 183
183 117 70
137 102 35
114 101 48
63 62 14
63 63 14
63 64 14
91 99 11
155 102 17
178 117 26
132 102 185
109 99 28
196 115 32
196 116 30
86 99 13
150 102 12
81 80 24
81 81 25
81 82 27
173 117 16
127 102 146
104 99 13
191 117 26
145 102 11
168 111 143
168 112 118
76 77 48
122 102 39
99 99 11
163 105 305
163 106 332
71 75 167
71 74 181
186 117 54
140 102 16
117 102 34
94 99 11
66 68 43
66 67 33
158 104 72
181 117 57
135 102 72
112 100 49
89 99 12
153 102 13
176 117 17
130 102 230
107 99 19
