81 159 33
81 160 38
71 122 11
66 115 10
71 123 10
71 124 10
51 46 13
71 125 10
71 126 10
71 127 10
71 128 10
81 177 11
71 129 10
30 122 18
81 163 30
81 164 24
81 165 19
56 46 16
153 84 26
61 115 10
112 155 24
46 46 11
56 105 10
107 156 28
107 157 33
41 46 10
51 100 10
51 101 10
51 102 10
51 103 10
51 104 10
51 105 10
174 76 14
36 46 10
36 47 10
36 48 10
36 49 10
36 50 10
36 51 10
46 100 10
46 99 11
102 164 78
102 163 88
169 77 12
46 105 10
41 95 11
41 96 10
31 54 10
97 166 60
41 105 10
36 83 12
36 84 11
164 84 13
31 79 19
31 80 20
36 105 10
159 84 13
118 100 18
118 101 15
118 102 13
118 103 13
118 104 12
92 189 11
92 190 10
154 84 20
87 182 11
87 183 10
77 136 15
31 121 14
31 122 15
57 46 20
72 129 11
72 130 11
72 131 11
82 180 11
82 181 10
118 148 12
67 115 10
52 46 13
62 115 10
113 155 23
47 46 11
57 105 11
57 106 10
108 155 24
108 156 25
42 46 10
175 75 13
175 76 13
52 105 10
37 46 10
103 161 124
103 162 111
103 163 100
47 100 10
170 77 12
47 105 10
42 96 11
42 97 10
32 54 10
98 166 62
42 105 10
37 84 11
165 84 12
93 166 30
93 167 26
32 80 20
37 105 10
32 81 19
93 171 14
27 60 11
27 61 11
27 62 12
27 63 13
27 64 14
27 65 15
27 66 16
27 67 16
27 68 16
27 69 16
27 70 15
27 71 15
27 72 15
27 73 14
93 186 13
93 187 12
93 188 11
93 189 11
93 190 11
93 191 10
93 185 15
32 105 10
32 106 10
32 107 10
32 108 10
32 109 10
32 110 10
32 111 10
32 112 10
32 113 10
32 114 10
32 115 10
32 116 10
32 117 11
32 118 11
32 119 12
32 120 12
32 121 13
88 184 10
88 183 11
78 136 15
93 184 17
93 183 20
93 182 22
93 181 21
93 180 19
93 179 16
93 178 14
93 177 13
93 176 12
93 175 12
93 174 12
93 173 12
93 172 13
93 170 16
73 131 12
73 132 12
83 181 10
73 133 13
93 169 18
93 168 22
119 148 12
27 122 29
68 115 11
68 116 10
68 117 10
53 46 13
68 119 10
68 120 10
68 121 10
68 118 10
119 106 14
119 105 14
119 104 13
160 84 13
155 84 17
150 84 61
114 154 20
63 115 10
114 155 22
48 46 12
58 106 11
58 107 10
58 108 10
58 109 10
58 110 10
58 111 10
58 112 10
58 113 10
58 114 10
109 155 24
176 65 13
176 66 12
43 46 10
176 67 12
176 69 11
176 70 12
176 71 12
176 72 12
176 73 12
176 75 12
176 74 12
176 68 11
53 105 10
38 46 10
104 159 110
104 160 122
104 161 127
48 100 10
171 77 12
171 76 13
48 105 10
43 97 11
43 98 10
33 53 11
33 54 10
99 166 62
43 105 10
166 83 13
38 84 11
38 85 11
38 86 11
38 87 10
166 84 12
28 54 10
28 55 10
28 56 10
38 105 10
28 57 10
28 58 10
28 59 10
28 60 10
33 82 17
33 81 19
94 166 37
161 84 13
28 73 15
28 74 14
28 75 14
28 76 14
120 109 18
120 110 18
120 111 18
120 112 17
33 105 10
120 114 15
120 115 14
120 113 16
120 108 17
120 107 16
120 106 15
156 84 15
89 184 11
89 185 10
89 186 10
79 137 15
79 136 15
151 84 46
120 147 13
120 148 12
84 181 11
84 182 10
74 133 14
28 122 26
54 46 13
69 121 11
69 122 10
115 151 15
115 152 16
115 153 17
115 154 18
64 115 10
49 46 13
177 64 13
177 65 12
59 114 11
59 115 10
110 155 25
44 46 10
54 105 10
39 46 10
105 159 90
105 158 70
49 100 10
172 76 13
49 105 10
44 98 11
44 99 10
34 52 11
34 53 10
100 166 61
100 165 64
44 105 10
167 82 13
167 83 12
39 87 10
39 88 11
39 89 11
39 90 11
39 91 11
39 92 11
39 93 10
29 54 10
95 166 45
39 105 10
34 82 16
34 83 14
162 84 13
29 76 15
29 77 15
29 78 16
34 105 10
121 115 14
121 116 15
121 117 16
121 118 18
121 119 23
121 120 33
121 121 46
121 122 63
121 123 84
121 124 114
121 125 151
121 126 185
121 127 202
121 128 194
80 137 16
90 186 11
90 187 10
90 188 10
80 139 18
80 138 17
121 135 46
121 136 43
121 137 43
121 138 44
121 139 44
121 140 41
121 141 36
121 142 29
121 143 23
121 144 19
121 145 16
121 146 14
121 147 13
121 134 52
75 133 15
85 182 10
75 134 15
121 133 63
121 132 78
29 122 22
121 131 99
121 130 129
121 129 164
55 46 14
152 84 35
178 14 10
178 15 10
70 122 10
178 16 10
178 17 10
178 18 10
178 19 10
178 20 10
178 21 10
178 22 10
178 23 10
178 24 10
178 25 10
178 26 10
116 150 13
116 151 14
178 27 10
178 28 10
178 29 10
65 115 10
178 30 10
178 31 10
50 46 13
178 32 10
178 33 10
178 34 10
178 35 10
178 37 10
178 38 10
178 39 10
178 40 10
178 41 10
178 42 10
178 43 10
178 46 10
178 47 11
178 48 11
178 49 11
178 50 11
178 51 11
178 52 11
178 53 11
178 54 11
60 115 10
111 155 25
178 55 11
45 46 11
178 56 11
178 57 12
178 58 12
178 59 12
178 61 12
178 62 12
178 63 12
178 64 12
178 60 12
178 45 10
55 105 10
178 44 10
178 36 10
178 13 11
157 84 14
106 157 41
40 46 10
106 158 53
50 100 10
173 76 14
50 105 10
35 51 11
35 52 10
45 99 10
101 165 65
101 164 72
168 77 13
45 105 10
168 78 12
168 79 12
168 80 12
168 81 12
168 82 12
40 93 11
40 94 10
40 95 10
30 54 10
96 166 54
40 105 10
35 83 13
163 84 13
30 78 17
30 79 18
35 105 10
158 84 13
81 139 22
81 140 26
81 141 32
91 188 11
91 189 10
81 142 41
81 143 52
81 144 66
81 145 84
81 146 103
81 147 116
81 150 80
81 148 115
81 149 101
81 151 60
81 152 46
81 153 36
81 156 25
81 154 30
81 158 29
76 135 16
76 136 15
81 161 40
81 162 37
76 134 16
81 155 26
81 157 26
81 166 15
81 167 13
81 168 12
81 169 11
81 170 11
81 171 11
81 172 11
81 173 11
81 174 11
81 175 11
81 176 11
86 182 10
81 178 11
81 179 11
81 180 10
117 149 12
117 150 12
117 148 13
