61 88 22
189 76 77
66 88 25
25 98 16
61 67 12
107 94 152
40 199 26
179 49 11
56 75 12
102 94 127
20 116 42
20 117 50
174 39 13
174 44 10
174 45 10
174 46 10
35 199 26
97 94 330
51 79 12
51 80 11
15 118 148
30 199 15
92 94 259
71 199 11
46 83 13
10 118 142
10 119 150
10 120 169
10 121 196
10 122 225
10 123 246
25 196 12
10 124 255
10 125 251
10 126 237
10 127 219
10 128 204
10 129 197
87 93 225
66 199 12
41 83 18
195 17 52
82 93 138
61 199 13
72 47 11
72 48 11
72 49 11
72 50 11
36 83 14
190 17 44
77 91 85
56 199 21
67 59 13
67 60 12
67 61 12
31 92 12
185 17 22
185 18 23
185 19 23
185 20 22
185 21 20
185 22 19
51 199 20
185 23 17
185 24 16
185 25 15
185 26 15
185 27 15
185 28 15
185 29 15
185 30 15
185 32 17
185 33 17
185 34 17
185 35 16
185 36 15
185 37 14
185 38 13
185 39 12
185 31 16
195 80 122
72 91 65
67 88 26
26 97 13
26 98 14
62 67 12
46 199 24
67 91 27
67 90 26
67 89 25
185 53 10
108 94 188
190 80 121
180 39 14
62 88 23
57 67 11
57 68 11
57 69 11
57 70 11
41 199 26
57 71 11
180 49 11
57 72 11
57 73 11
57 75 12
57 74 12
57 77 13
103 94 113
57 79 14
57 80 15
57 81 15
21 114 31
21 115 32
21 116 36
57 86 13
175 39 13
57 87 13
57 88 14
57 85 13
57 84 13
57 83 14
57 82 14
175 46 10
36 199 26
57 78 14
57 76 12
98 94 294
52 79 11
16 118 131
31 199 17
72 197 11
72 198 10
72 199 10
93 94 278
47 83 12
11 118 149
26 196 12
88 93 230
67 199 12
42 83 18
196 17 58
83 93 161
62 199 12
73 47 11
37 83 14
191 17 46
78 91 83
57 199 19
68 59 12
32 92 13
186 17 26
73 91 77
52 199 20
196 80 128
27 96 12
27 97 12
63 67 12
68 91 30
47 199 23
186 53 10
186 54 11
186 55 11
186 56 11
191 80 122
109 94 244
181 39 14
63 88 24
58 67 11
42 199 26
181 49 11
104 94 110
22 113 28
22 114 28
176 39 13
58 88 15
176 46 10
37 199 25
53 75 11
53 76 11
53 77 11
53 78 12
53 79 11
99 94 244
17 118 110
171 39 16
171 40 15
171 41 14
171 42 13
171 43 12
32 199 20
73 197 10
94 94 305
48 83 12
12 118 154
27 196 12
89 93 232
68 199 11
43 83 17
84 93 184
63 199 12
74 47 11
38 83 15
192 17 47
79 91 84
58 199 17
33 83 13
33 84 13
33 85 13
33 86 13
33 87 13
33 88 13
33 89 14
33 90 14
33 91 15
33 92 15
69 57 13
69 58 13
69 59 12
187 17 30
74 91 85
53 199 21
197 80 139
28 92 11
28 93 11
28 94 11
28 95 11
28 96 11
64 67 12
69 91 34
48 199 21
110 94 322
187 56 11
187 57 12
192 80 122
182 39 14
64 88 25
59 67 11
43 199 26
182 49 11
23 106 38
23 107 35
23 108 33
23 109 32
23 110 32
23 111 31
23 112 29
23 113 28
105 94 117
177 39 13
59 88 17
177 46 10
38 199 25
54 75 11
100 94 195
18 118 89
172 39 14
172 43 11
172 44 11
33 199 23
74 197 10
95 94 331
49 82 12
49 83 11
13 118 157
28 196 12
28 197 12
28 198 12
28 199 12
90 93 237
90 94 243
69 199 11
44 83 16
23 196 14
85 93 203
64 199 12
39 83 16
193 17 48
80 91 90
80 92 95
59 199 15
70 50 12
34 83 13
70 51 13
70 52 14
70 53 14
70 54 15
70 55 14
70 56 14
70 57 13
188 17 34
75 91 89
54 199 21
29 92 11
65 67 12
70 91 42
49 199 20
193 80 120
188 57 12
183 39 13
65 88 25
24 98 18
60 67 11
24 99 20
24 100 24
24 101 28
44 199 26
24 102 34
183 49 11
24 103 38
24 104 41
24 105 41
24 106 39
106 94 131
178 39 13
60 88 19
178 46 10
39 199 25
178 47 11
178 48 11
178 49 11
55 75 11
101 94 155
19 117 60
19 118 72
173 39 14
173 44 11
75 189 33
75 190 25
75 191 20
75 192 16
75 193 14
75 194 12
75 195 11
75 196 11
75 197 10
34 199 26
96 94 343
50 80 12
50 81 11
50 82 11
14 118 157
29 199 13
91 94 247
70 199 11
45 83 14
24 196 13
86 93 217
65 199 12
40 83 17
194 17 49
81 92 106
81 93 120
60 199 14
71 50 12
35 83 13
189 17 39
76 91 88
55 199 21
30 92 11
66 61 13
66 62 13
66 63 13
66 64 13
66 65 13
66 66 13
66 67 12
71 91 53
50 199 20
194 80 120
189 57 12
189 58 13
189 59 13
189 60 14
189 61 14
189 62 14
184 39 12
189 63 14
189 64 14
189 65 14
189 66 14
189 67 15
189 68 15
189 69 17
45 199 25
189 70 20
184 49 10
184 50 10
184 51 10
184 52 10
189 77 93
189 78 109
184 53 10
189 79 119
189 80 118
189 71 25
189 72 32
189 73 41
189 74 51
189 75 62
179 39 14
