122 176 15
163 168 73
163 169 89
163 170 111
163 171 143
163 172 190
163 173 256
163 174 347
163 175 468
163 176 617
163 177 790
163 178 974
163 179 1158
122 175 14
122 172 13
122 174 14
81 183 57
20 128 12
20 129 13
20 130 13
20 131 13
71 179 20
153 167 128
112 176 12
0 49 16
0 50 18
0 51 21
0 52 26
0 53 33
0 54 44
0 55 60
0 56 82
0 57 110
0 58 145
0 59 183
0 60 225
0 61 269
0 62 316
0 63 364
0 64 412
0 65 453
0 66 485
0 67 502
0 68 502
0 69 486
0 70 458
0 71 420
0 72 378
0 73 336
0 74 296
0 75 263
0 76 235
0 77 214
0 78 198
10 127 11
0 80 170
0 81 156
0 82 142
0 83 129
0 84 119
0 85 111
0 86 106
0 87 104
0 88 104
0 89 107
0 90 112
61 179 11
0 92 127
0 93 133
0 94 138
143 167 308
0 96 140
0 97 136
0 98 133
0 99 129
0 100 126
0 101 121
102 182 15
102 183 16
0 104 97
0 105 85
0 106 71
0 107 58
0 108 46
0 109 37
0 110 29
0 111 23
0 112 19
0 113 16
0 114 15
0 115 13
0 116 12
0 117 12
0 118 11
0 103 107
0 102 115
0 95 141
0 91 119
0 79 184
0 48 15
0 47 14
174 82 101
174 83 95
92 101 11
82 99 11
51 179 10
195 54 75
41 135 31
133 167 81
195 55 70
92 183 57
72 99 26
31 135 16
123 167 15
185 62 137
82 183 57
21 131 13
21 132 14
72 179 23
154 167 119
113 176 12
1 47 13
175 82 106
93 101 11
11 127 11
11 128 12
62 179 11
144 167 294
196 7 17
103 182 14
83 99 11
1 118 11
52 179 10
42 132 103
42 133 71
42 134 50
42 135 37
42 136 28
42 137 22
42 138 18
42 139 16
42 140 15
42 141 14
42 142 14
42 143 14
42 144 14
42 145 14
42 146 15
42 147 16
93 183 53
134 167 107
196 54 81
73 99 22
32 135 17
124 167 16
186 61 119
186 62 128
83 183 58
22 132 13
22 133 14
22 134 15
2 42 11
73 179 26
2 44 11
2 45 12
2 46 12
155 167 111
114 176 12
2 47 12
2 43 11
176 82 113
94 101 11
12 128 12
63 179 12
145 167 277
197 7 16
104 182 13
84 99 11
166 85 77
2 118 11
166 86 75
166 87 75
166 88 78
166 89 81
166 90 87
166 91 93
166 92 100
53 179 10
197 53 102
197 54 90
135 167 140
94 183 49
43 147 16
43 148 17
43 149 19
43 150 20
43 151 21
74 99 19
33 135 17
125 167 17
187 61 110
84 183 60
23 134 14
3 42 11
74 179 29
74 180 32
156 167 105
115 176 12
95 85 10
95 86 10
95 87 10
95 88 10
95 89 10
95 90 10
95 91 10
95 92 10
95 93 10
95 94 10
95 95 10
95 96 10
177 81 138
177 82 124
95 97 10
95 98 10
95 99 10
95 100 10
95 101 10
13 128 12
64 179 12
146 167 258
198 7 16
198 8 17
198 9 20
198 10 24
198 11 29
198 12 37
105 182 13
198 13 46
198 14 57
198 15 70
198 16 83
198 17 98
198 18 112
198 19 127
198 20 143
198 21 160
198 22 180
198 23 202
198 24 224
198 25 246
198 26 266
198 27 286
3 118 11
198 28 304
198 29 323
198 30 343
198 31 365
198 32 391
198 33 421
198 34 454
198 35 491
198 36 528
198 37 561
198 38 588
198 39 603
198 40 604
198 41 593
198 42 572
198 43 542
198 44 502
198 45 453
198 46 398
198 47 342
54 179 10
198 48 287
198 49 238
198 50 196
136 167 177
198 51 162
198 52 136
198 53 117
167 85 82
85 99 11
95 183 44
44 151 22
44 152 24
44 153 25
44 154 27
44 155 28
44 156 28
44 157 28
44 158 26
44 159 24
44 160 21
44 161 19
44 162 17
44 163 16
44 164 15
44 165 14
75 99 16
34 135 18
126 167 19
188 61 102
85 183 61
24 134 14
4 42 11
75 180 36
157 167 99
116 176 12
96 85 10
178 78 206
178 79 188
178 80 170
178 81 153
14 128 12
65 179 13
147 167 236
106 178 13
106 179 12
106 180 12
106 181 12
106 182 12
86 99 11
168 85 85
4 118 12
4 119 11
55 179 10
137 167 216
96 183 38
76 99 15
45 165 13
45 166 13
45 167 12
45 168 12
35 135 19
127 167 22
189 60 89
189 61 95
86 183 63
66 99 75
5 31 11
5 32 10
5 33 10
5 34 10
5 35 10
5 36 10
5 37 10
25 134 14
25 135 15
5 40 10
5 41 10
5 42 10
5 39 10
76 180 40
76 181 43
5 38 10
158 167 93
117 176 12
97 80 15
97 81 13
97 82 12
97 83 11
97 84 11
97 85 10
179 76 265
179 77 244
179 78 225
15 128 12
66 179 14
148 167 213
107 177 13
107 178 12
87 99 11
169 85 85
5 119 11
5 120 11
5 121 11
5 122 11
5 123 11
5 124 11
5 125 11
5 126 11
5 127 11
56 179 10
138 167 253
97 183 32
77 99 13
46 168 12
36 135 20
128 167 26
190 60 83
87 183 64
67 99 64
6 28 11
6 29 11
6 30 11
6 31 10
26 135 15
77 181 47
159 167 88
118 176 12
180 64 253
180 65 276
180 66 305
180 67 335
180 68 362
180 69 382
180 70 391
180 71 389
180 72 376
180 73 356
180 74 332
180 75 307
180 76 284
16 128 12
67 179 14
149 167 190
108 177 12
88 99 11
88 100 11
170 85 85
88 101 11
88 102 11
88 103 11
88 104 11
88 105 12
88 106 12
88 107 12
88 108 13
88 109 13
6 127 11
88 110 14
88 111 15
88 112 17
88 113 20
88 114 23
88 115 29
88 116 37
57 179 10
139 167 284
98 183 27
78 99 13
47 168 11
47 169 11
47 170 11
47 171 11
47 172 11
47 173 11
47 174 11
47 175 11
47 176 11
47 177 11
47 178 11
47 179 11
37 135 21
129 167 30
191 59 75
191 60 78
88 183 65
68 99 54
27 135 15
78 181 50
78 182 53
160 167 82
119 176 12
181 63 213
181 64 231
17 128 12
68 179 16
150 167 170
109 176 13
109 177 12
171 85 84
89 101 11
7 127 11
58 179 10
140 167 305
99 183 23
79 99 12
48 179 11
38 135 22
130 167 37
192 58 69
192 59 71
89 183 65
69 99 45
28 135 15
79 182 55
161 167 76
120 176 13
182 63 193
18 128 12
69 179 17
151 167 153
110 176 12
172 85 82
90 101 11
8 127 11
59 179 11
141 167 316
100 183 20
80 99 12
49 179 11
39 135 25
131 167 47
193 56 65
193 57 65
193 58 66
90 183 63
70 99 37
29 135 15
80 182 56
80 183 57
121 176 14
162 167 70
183 62 163
183 63 176
19 128 12
70 179 19
152 167 139
111 176 12
173 83 90
173 84 85
173 85 82
91 101 11
9 127 11
60 179 11
142 167 316
101 183 17
81 99 11
50 179 11
40 135 27
132 167 61
194 55 67
194 56 65
91 183 60
71 99 31
122 167 14
122 168 14
30 135 16
122 169 13
122 170 13
122 171 13
122 173 13
184 62 148
163 167 63
