112 136 11
112 137 10
112 138 10
112 139 10
112 140 10
0 21 10
0 22 10
0 23 10
0 24 11
0 25 11
0 26 11
153 147 10
0 28 11
0 29 11
0 30 11
0 31 12
0 32 12
143 105 144
143 106 113
0 35 14
0 36 15
0 37 16
0 34 14
143 111 111
143 112 119
143 113 127
0 33 13
0 27 11
41 31 377
51 64 17
51 63 17
92 68 93
133 70 54
102 143 28
102 144 37
41 60 14
184 138 11
174 93 13
174 94 12
174 97 17
133 107 40
133 108 44
82 70 14
31 31 17
82 71 13
123 70 117
164 90 11
174 138 316
31 66 281
21 21 65
31 67 292
31 71 155
31 68 279
164 97 42
31 69 245
123 107 10
31 70 200
72 73 225
113 68 11
164 138 16
154 90 13
11 21 22
144 48 12
154 97 12
21 78 11
21 79 10
62 73 160
103 67 30
113 135 10
113 136 10
1 21 11
52 64 18
52 65 17
52 66 16
154 147 10
144 105 175
93 67 83
93 68 91
42 31 346
144 113 136
144 114 140
144 115 151
134 70 38
103 143 22
42 59 13
42 60 13
185 138 11
175 94 13
175 97 16
134 107 50
134 108 54
83 69 17
83 70 15
32 31 17
124 70 134
32 64 161
32 65 204
175 138 256
32 66 248
165 90 11
22 21 74
165 97 53
124 107 10
73 73 155
114 68 12
165 138 20
155 90 12
12 21 24
145 48 12
155 97 11
22 78 10
63 73 202
104 67 21
114 135 10
2 21 11
53 66 17
155 147 10
53 67 16
145 104 259
145 105 221
94 67 77
43 31 278
145 115 152
145 116 159
145 117 167
145 118 169
145 119 160
145 120 137
145 121 106
145 122 74
145 123 49
145 124 31
145 125 21
145 126 16
145 127 12
145 128 11
145 129 10
145 130 10
145 131 10
145 132 10
145 133 10
145 134 10
145 135 10
145 136 10
145 137 10
145 138 10
145 139 10
145 140 10
145 141 11
43 59 12
104 143 18
135 70 27
186 138 11
176 94 14
176 95 13
176 97 16
135 107 56
135 108 59
84 69 20
33 31 19
125 70 147
33 62 66
33 63 89
33 64 122
176 138 181
166 90 11
23 21 84
166 97 62
125 107 10
74 73 96
115 68 12
115 69 13
166 138 26
156 90 12
13 21 26
146 48 12
156 97 11
146 50 13
146 51 13
146 52 13
146 53 13
23 78 10
146 55 13
146 56 13
146 57 14
146 58 14
146 59 15
146 60 16
146 61 17
146 62 18
146 63 18
146 64 19
146 65 19
146 66 19
146 67 18
146 68 17
146 69 16
146 70 16
146 71 17
146 72 19
146 73 21
146 74 23
146 75 28
146 76 36
146 77 46
146 78 60
115 135 10
146 54 13
146 49 13
64 73 245
105 67 16
3 21 12
136 48 30
156 147 10
156 148 11
54 69 16
54 70 17
146 103 324
146 104 299
54 68 16
54 67 17
95 67 77
44 31 202
136 70 21
44 52 12
44 53 11
44 54 11
44 55 11
44 56 11
44 57 11
44 58 11
44 59 11
105 143 15
146 141 10
146 142 10
146 143 11
105 142 14
187 138 10
177 95 14
177 96 14
177 97 16
136 107 59
136 108 61
85 69 25
34 31 24
126 70 158
34 62 47
95 151 58
95 152 44
95 153 34
177 138 114
95 155 23
95 156 20
24 21 96
95 157 18
95 154 28
95 150 78
167 97 63
167 90 11
126 107 10
75 73 57
75 74 72
75 75 100
75 76 145
75 77 216
75 78 324
75 79 469
75 80 637
116 69 14
116 70 16
167 138 39
157 90 12
14 21 29
157 97 11
24 77 11
24 78 10
65 73 288
106 67 13
116 132 11
116 133 11
116 134 11
116 135 10
147 80 137
147 81 172
147 82 201
147 83 218
147 84 219
147 79 106
147 78 81
4 21 12
137 48 25
157 148 11
55 70 18
147 103 327
55 72 22
55 71 20
96 67 80
45 31 134
137 70 17
45 52 11
106 142 13
147 143 10
147 144 10
147 145 11
178 96 15
178 97 17
178 98 20
137 107 61
137 108 61
86 69 33
86 68 44
35 31 35
127 70 168
96 148 150
35 61 28
35 62 35
96 150 101
96 149 124
178 138 65
168 90 11
25 21 108
25 22 139
25 23 163
25 24 173
168 97 56
25 25 165
25 26 142
25 27 114
25 28 89
25 29 70
25 30 54
25 31 43
127 107 10
76 75 63
76 76 94
117 70 19
168 138 63
158 90 12
15 21 34
158 97 11
25 77 11
66 73 330
107 67 12
117 131 12
117 132 11
148 84 204
148 85 176
148 86 147
5 21 14
138 48 20
158 148 12
148 103 310
56 72 25
56 73 29
97 67 86
46 31 82
138 70 15
46 52 11
107 141 12
107 142 12
148 145 10
148 146 10
148 147 11
179 96 18
179 97 19
179 98 23
138 107 63
138 108 62
179 99 30
87 68 58
36 31 60
128 70 172
97 147 180
97 148 169
36 61 23
179 138 35
169 90 11
169 97 45
128 107 11
128 108 11
26 31 33
77 74 30
77 75 41
118 70 25
169 138 103
159 90 12
16 21 39
159 97 12
26 75 13
26 76 12
26 77 11
67 73 363
108 67 11
118 130 14
118 131 13
149 86 119
149 87 91
159 138 11
159 139 11
159 140 11
159 141 11
159 142 11
159 143 11
159 144 11
159 145 11
159 146 12
159 147 12
159 148 14
6 21 15
139 48 17
149 103 271
57 73 36
98 67 89
47 31 50
139 70 14
47 41 11
47 42 10
47 43 10
47 44 10
47 45 10
47 46 10
47 47 10
47 48 10
47 49 10
47 50 10
47 51 10
47 52 10
108 141 12
149 147 10
139 107 67
139 108 65
88 68 73
37 31 108
129 70 163
98 145 147
98 146 167
98 147 183
37 60 19
37 61 20
180 138 21
170 90 11
170 97 35
129 107 12
129 108 13
27 31 27
78 73 18
78 74 22
119 70 31
170 138 164
160 90 12
17 21 45
160 97 14
27 75 14
119 108 10
119 109 10
119 110 11
119 111 11
119 112 13
119 113 15
119 114 22
119 115 36
119 116 63
119 117 105
119 118 158
119 119 206
119 120 234
119 121 234
119 122 211
119 123 175
119 124 135
119 125 97
119 126 65
119 127 42
119 128 28
119 129 21
119 130 16
119 107 10
68 73 379
109 67 11
109 68 12
150 87 69
160 138 12
7 21 16
140 48 15
150 103 217
58 73 48
99 67 88
48 31 32
140 69 14
140 70 13
48 39 11
48 40 10
48 41 10
109 140 11
109 141 11
150 147 10
140 107 70
140 108 67
89 68 86
38 31 184
130 70 139
99 144 94
99 145 118
38 60 17
181 138 15
171 91 11
171 92 11
171 90 11
171 97 27
130 107 15
130 108 16
28 31 23
79 72 15
79 73 16
120 70 43
171 138 238
161 90 12
18 21 51
161 97 17
28 73 26
28 74 19
28 75 16
120 107 10
69 73 374
110 68 11
151 87 52
151 88 37
161 138 13
8 21 18
141 48 13
141 49 16
141 50 19
141 51 22
141 52 25
141 53 29
151 102 116
151 103 162
141 56 50
59 73 65
141 58 76
100 67 79
141 60 92
141 61 88
141 62 76
49 31 23
141 64 44
141 65 32
141 66 24
141 67 18
141 68 15
141 69 13
49 38 11
49 39 10
141 63 59
141 59 87
141 57 63
141 55 41
141 54 34
110 140 11
151 147 10
141 107 73
141 108 70
141 109 74
90 68 95
39 31 275
131 70 108
100 144 68
39 60 16
182 138 12
172 92 12
172 97 22
131 107 20
131 108 22
29 31 20
80 72 14
121 70 61
172 138 303
162 90 11
19 21 56
29 72 52
162 97 22
29 73 35
121 107 10
70 73 345
111 68 11
152 88 27
162 138 13
9 21 19
142 48 13
152 101 56
152 102 80
60 73 90
101 67 63
50 31 19
50 32 16
50 33 14
50 34 12
50 35 11
50 36 11
50 37 10
50 38 10
50 39 10
50 40 10
50 41 10
50 42 10
50 43 10
50 44 10
50 45 10
50 46 10
50 47 10
50 48 10
50 49 10
50 50 10
50 51 11
111 140 11
50 53 11
50 54 12
50 55 13
50 56 14
50 57 14
50 58 15
50 59 15
50 60 16
50 61 16
50 62 16
50 63 17
50 52 11
152 147 10
142 106 96
142 107 81
91 68 96
142 109 80
142 110 89
142 111 101
40 31 350
132 70 78
101 144 50
40 60 15
183 138 11
173 92 12
173 93 12
173 97 18
132 107 29
132 108 32
30 31 18
81 72 13
81 71 13
122 70 92
173 138 334
163 90 11
20 21 60
30 71 108
30 72 74
163 97 31
122 107 10
71 73 293
112 68 11
153 88 22
153 89 17
163 138 14
153 90 14
10 21 21
143 48 12
153 97 13
153 98 16
153 99 21
153 100 28
153 101 39
20 79 10
20 80 10
20 81 10
20 82 10
20 83 10
20 84 10
61 73 122
102 67 45
