35 178 13
51 58 16
51 59 17
92 54 205
46 54 13
87 54 267
133 72 15
41 54 13
128 70 13
82 54 296
36 48 11
36 49 10
36 50 10
123 59 14
36 52 10
36 51 10
77 54 407
113 31 199
113 32 179
113 33 160
113 34 142
118 59 18
46 121 38
72 55 246
72 56 227
41 122 25
113 59 22
67 59 140
108 56 32
51 198 47
46 178 15
62 59 145
103 56 80
36 148 13
41 178 16
57 59 50
98 54 97
98 55 99
36 178 14
52 59 19
93 54 169
47 54 13
88 54 273
134 72 14
42 54 13
129 70 13
83 54 272
124 59 15
124 60 15
37 52 11
114 19 990
114 20 936
114 21 864
114 22 777
114 23 678
114 24 578
114 25 484
114 26 404
114 27 340
114 28 291
114 29 256
114 30 232
114 31 214
78 54 408
47 121 39
119 59 17
73 54 304
73 55 274
42 121 28
42 122 26
114 59 22
68 59 137
109 56 29
109 57 26
109 58 24
52 198 49
47 178 15
37 131 14
37 132 13
37 133 13
37 134 13
37 135 13
37 136 13
37 137 14
37 138 16
63 59 156
37 139 17
37 140 18
37 141 19
37 142 18
104 56 68
37 143 17
37 144 16
37 145 15
37 146 15
37 147 15
37 148 15
37 130 15
42 178 16
58 59 64
99 55 100
99 56 99
32 148 11
32 149 11
32 150 11
32 151 11
32 152 12
32 153 12
37 178 14
32 155 14
32 156 15
32 157 16
32 158 17
32 159 17
32 160 17
32 161 16
32 162 16
53 59 22
32 163 15
32 164 15
94 54 137
32 165 14
32 166 15
32 167 15
32 168 16
32 169 17
32 170 18
32 171 18
32 172 18
32 173 17
32 174 16
32 175 15
32 154 13
48 54 13
89 54 272
135 72 14
43 54 13
130 70 14
130 71 13
130 72 13
84 54 259
48 94 602
48 95 544
48 96 466
48 97 377
48 98 290
48 99 217
125 60 16
125 61 17
125 62 18
125 63 18
125 64 19
125 65 18
125 66 17
125 67 16
125 68 15
125 69 14
79 54 393
38 54 11
38 53 11
38 52 11
48 100 163
48 101 125
48 102 100
48 103 84
48 104 75
48 105 69
48 106 65
48 121 39
120 59 16
74 54 333
43 121 30
115 59 21
69 59 136
110 58 23
53 198 51
38 127 20
38 128 19
38 129 17
48 178 16
48 179 15
48 180 15
48 181 15
48 182 16
48 183 17
48 184 18
48 185 21
48 186 24
64 59 157
48 187 27
48 188 30
48 189 33
48 190 34
105 56 56
48 191 34
48 192 33
48 193 33
48 194 32
48 195 32
48 196 33
48 197 35
38 130 16
38 126 21
43 178 16
59 59 82
100 56 98
33 148 11
38 178 15
54 59 27
95 54 114
33 175 15
33 176 14
49 54 14
49 55 13
90 54 261
136 72 13
44 54 13
85 54 256
131 72 14
39 54 12
49 106 60
49 107 55
126 69 14
126 70 13
80 54 365
34 40 16
34 41 14
34 42 13
34 43 12
34 44 12
34 45 11
34 46 11
34 47 10
34 39 19
49 121 39
121 59 15
75 54 364
44 121 33
116 59 20
70 59 139
111 58 22
39 123 24
39 124 23
39 125 23
54 198 51
39 126 22
65 59 152
106 56 45
49 197 38
44 178 16
60 59 105
101 56 95
34 148 12
39 178 16
55 59 33
96 54 101
34 176 14
34 177 14
34 178 13
50 55 14
50 56 14
50 57 15
50 58 15
91 54 238
137 72 13
137 73 12
137 74 12
45 54 13
86 54 259
132 72 14
40 54 12
50 107 52
50 108 47
50 109 44
127 70 13
81 54 330
50 110 41
50 111 41
50 112 41
50 113 41
50 115 43
50 116 43
50 117 43
35 47 11
35 48 10
50 118 42
50 119 41
122 59 15
50 120 40
50 121 39
50 114 42
76 54 390
45 121 36
112 34 127
117 59 19
112 36 98
112 37 90
112 38 85
112 39 84
112 40 85
112 41 87
112 42 89
112 43 91
112 44 91
112 45 93
112 46 97
112 47 102
112 48 104
112 49 102
112 50 94
112 51 80
112 52 66
112 53 52
112 54 41
112 55 34
112 56 29
112 57 25
112 58 23
112 59 22
112 35 110
71 56 206
71 57 188
71 58 169
71 59 151
40 122 25
40 123 24
66 59 145
107 56 37
50 197 41
50 198 44
45 178 15
61 59 127
102 56 89
35 148 12
40 178 16
56 59 40
97 54 96
