51 62 10
133 52 201
71 173 752
82 24 59
82 25 57
82 26 60
82 27 65
82 28 73
82 29 82
82 30 93
82 31 106
82 32 123
82 33 147
82 34 180
82 35 229
82 36 296
82 37 383
82 38 483
82 39 578
82 40 646
82 41 671
82 42 658
82 43 603
123 36 159
82 45 368
82 46 249
82 47 160
82 48 103
82 49 69
82 50 50
82 51 38
82 52 31
82 53 26
82 54 23
82 55 19
41 64 26
82 57 15
82 58 14
82 59 13
82 56 17
82 44 498
72 12 818
72 13 832
112 168 347
143 117 16
102 127 16
102 128 16
102 129 17
113 13 732
113 14 573
113 15 483
102 130 18
102 131 20
102 132 23
102 133 26
102 134 32
102 135 39
102 136 49
61 173 46
102 168 165
133 117 13
133 118 14
133 119 15
113 34 15
62 9 119
72 62 28
51 174 12
92 173 16
123 119 55
103 25 68
41 138 15
164 116 11
164 117 11
62 62 42
82 173 67
113 119 15
144 64 25
93 25 236
123 168 20
154 117 27
52 62 10
134 52 168
134 53 137
134 54 113
72 173 817
113 168 270
83 25 55
83 26 55
144 117 19
103 125 15
103 126 15
103 127 15
124 36 191
42 64 20
73 13 820
62 173 52
103 168 243
134 117 12
114 34 16
114 35 19
63 9 166
73 62 21
52 174 12
93 173 16
124 119 47
104 25 67
42 138 14
165 116 11
63 62 48
83 173 60
114 119 17
145 64 25
145 65 26
94 25 212
124 168 15
155 117 25
53 62 11
135 54 92
135 55 72
135 56 59
73 173 799
104 120 13
84 25 58
104 121 13
104 122 13
104 123 14
104 124 14
145 117 25
104 125 14
114 168 213
125 36 213
43 64 17
74 13 802
74 14 770
63 173 61
104 168 348
135 117 11
115 35 22
115 36 28
94 148 136
94 149 149
94 150 171
94 151 203
94 152 247
64 9 221
94 153 298
94 154 344
94 155 371
94 156 371
74 62 17
94 157 341
94 158 286
94 159 222
94 160 163
94 161 117
94 162 86
94 163 65
94 164 51
94 165 40
53 174 12
94 167 29
94 168 26
94 169 24
94 170 23
94 171 21
94 172 19
94 173 17
94 166 33
105 25 67
125 119 41
43 138 13
43 139 13
54 9 26
54 10 36
54 11 55
64 62 53
84 173 55
115 119 20
125 168 13
146 65 26
146 66 27
95 25 195
156 117 24
54 62 11
136 56 47
136 57 39
74 173 706
105 119 12
105 120 12
85 25 68
115 168 174
146 117 32
126 36 222
44 63 13
44 64 14
75 14 724
64 173 78
105 168 465
136 117 11
95 139 37
116 36 34
95 140 40
95 141 46
95 142 54
95 143 66
95 145 88
95 146 97
95 147 106
95 148 119
95 149 137
95 150 166
95 151 205
95 152 254
65 9 277
95 153 308
95 154 355
95 155 388
95 156 396
75 62 14
95 157 374
95 158 323
95 159 256
95 160 189
95 161 135
95 162 96
95 163 70
95 164 53
95 165 40
54 174 13
95 167 28
95 168 26
95 166 32
95 144 78
126 119 36
106 25 68
44 139 12
44 140 12
55 9 26
65 62 59
34 118 280
85 173 51
116 119 25
126 168 11
96 25 172
147 66 26
147 67 27
157 117 23
55 62 13
137 57 32
137 58 27
75 173 570
106 119 12
116 168 148
86 25 85
147 117 39
127 36 225
45 63 12
76 14 669
65 173 108
106 168 568
137 117 11
96 139 35
117 36 42
66 9 325
76 60 14
76 61 13
76 62 13
55 174 15
96 168 28
127 119 33
107 25 69
45 140 12
45 141 13
56 9 27
66 62 64
35 118 222
86 173 45
117 119 33
127 168 10
97 25 146
148 67 26
158 117 21
56 62 14
138 58 24
138 59 21
76 173 428
107 119 13
117 168 127
87 25 111
148 117 43
128 36 227
46 63 11
77 14 609
77 15 548
66 173 159
107 168 629
138 117 11
97 137 38
97 138 36
97 139 35
118 36 52
67 9 369
77 60 13
56 174 18
97 168 32
128 119 30
108 25 69
46 141 12
57 9 30
67 62 68
36 118 190
87 173 37
118 119 44
128 168 10
98 25 123
159 117 18
57 62 17
139 59 20
139 60 19
77 173 307
108 119 13
118 168 107
88 25 144
149 117 44
129 36 237
129 37 263
47 63 11
78 15 485
78 16 422
78 17 357
78 18 289
78 19 224
78 20 173
67 173 236
108 168 636
139 117 11
98 136 41
98 137 40
119 36 65
68 9 418
78 60 13
57 173 25
57 174 22
98 168 42
129 119 27
109 25 70
47 141 12
47 142 13
47 143 15
47 144 17
47 145 19
47 146 21
47 147 23
47 148 25
47 149 27
47 150 30
47 151 34
47 152 40
47 153 47
47 154 52
47 155 55
47 156 52
47 157 46
47 158 38
47 159 30
47 160 24
58 9 35
47 161 20
47 162 17
47 163 16
47 164 15
68 62 68
37 118 178
37 119 182
37 120 188
37 121 187
37 122 177
37 123 161
37 124 144
37 125 131
37 126 122
47 165 14
47 166 13
47 167 13
47 168 12
47 169 12
47 170 12
47 171 12
119 119 55
47 172 12
99 25 107
47 173 12
129 168 10
88 173 29
160 117 16
58 62 21
140 60 18
140 61 18
140 62 19
78 173 214
109 119 14
89 25 182
119 168 85
150 117 42
130 37 281
130 38 314
48 62 10
48 63 10
79 20 139
79 21 111
79 22 96
68 173 343
109 168 593
140 117 11
99 136 42
120 36 82
69 9 487
69 10 557
79 59 14
79 60 13
58 173 31
110 16 242
110 17 211
110 18 190
110 19 169
110 20 149
110 21 134
110 22 121
110 23 107
110 24 91
110 25 72
99 168 56
130 119 24
59 9 44
69 62 62
48 173 12
38 126 111
38 127 102
48 174 13
89 173 23
120 119 64
130 168 10
100 25 94
130 169 10
130 170 10
130 171 10
130 172 10
161 117 14
130 174 10
130 175 10
130 173 10
59 62 26
79 173 146
141 62 19
110 119 14
120 168 63
90 25 218
151 117 38
131 38 344
131 39 380
131 40 419
131 41 452
49 62 10
69 173 478
80 22 81
80 23 75
110 168 520
141 117 12
100 136 42
121 36 103
70 10 627
80 59 13
70 11 697
59 173 36
111 15 333
111 16 281
111 17 252
111 18 229
111 19 206
111 20 183
111 21 163
111 22 145
111 23 125
111 24 102
111 25 77
111 26 55
111 27 38
111 28 26
111 29 20
111 30 17
111 31 15
111 32 14
111 33 13
100 168 79
131 119 21
60 9 59
70 62 51
49 174 12
39 127 94
39 128 83
39 129 75
39 130 68
39 131 61
39 132 54
39 133 45
39 134 36
39 135 29
39 136 23
101 25 81
39 137 20
39 138 18
121 119 67
90 173 19
162 117 13
60 62 31
80 173 104
142 62 20
142 63 21
142 64 23
91 25 243
111 119 14
121 168 43
152 117 33
132 41 472
132 42 483
132 43 502
132 44 533
132 45 565
132 46 579
132 47 561
132 48 507
132 49 431
132 50 353
132 51 289
132 52 245
50 62 10
70 173 626
81 23 66
81 24 64
111 168 434
142 117 13
101 136 45
122 36 128
40 64 34
81 59 13
71 11 750
71 12 797
60 173 41
112 15 398
101 168 112
132 119 18
112 33 13
112 34 14
61 9 83
71 62 38
50 174 12
91 173 17
122 119 63
102 25 73
40 138 16
163 117 12
61 62 37
81 173 80
112 119 15
143 64 24
92 25 248
122 168 29
153 117 30
