51 49 10
169 1 10
92 43 10
25 132 48
133 37 76
20 126 21
20 127 21
20 128 21
46 49 10
164 1 10
87 43 10
128 37 70
41 49 10
123 37 16
159 7 11
159 8 10
82 49 11
82 50 10
82 51 10
82 52 10
159 9 10
118 39 11
77 52 40
154 15 11
154 16 10
36 64 79
36 63 69
113 43 14
72 52 86
31 64 202
149 20 10
51 168 69
67 50 244
108 43 15
41 132 94
41 133 87
41 134 79
41 135 67
41 136 52
26 64 64
46 168 11
144 32 22
144 33 25
62 50 351
103 43 11
144 34 28
36 132 92
21 64 13
57 50 38
98 43 10
31 132 73
139 37 43
16 70 12
16 71 11
16 72 11
16 73 11
16 74 11
16 75 11
16 76 11
16 77 12
16 78 12
16 79 13
16 80 13
52 49 10
52 50 11
93 43 10
26 132 58
134 37 65
16 86 12
16 87 12
16 88 12
16 89 11
16 90 11
16 91 10
16 85 13
16 84 13
16 83 13
16 82 13
16 81 13
21 128 22
47 49 10
165 1 10
88 43 10
21 131 26
129 37 87
21 130 25
21 129 23
42 49 10
83 45 11
83 46 10
83 47 10
83 48 10
83 49 10
124 37 20
160 7 10
160 6 10
160 5 11
119 39 11
78 52 29
155 14 11
155 15 10
37 63 56
114 43 13
73 52 79
32 64 179
150 19 11
150 20 10
52 168 118
68 50 198
109 43 16
42 136 39
42 137 28
27 64 102
47 168 12
145 26 11
145 27 11
145 28 12
145 29 13
145 30 14
145 31 16
145 32 19
63 50 390
104 43 11
37 132 95
22 64 15
58 50 69
99 43 10
140 36 41
140 37 42
32 132 73
17 68 12
17 69 11
17 70 11
53 50 11
94 43 10
27 132 68
135 37 56
17 91 11
17 92 10
48 49 10
166 1 10
89 43 10
22 132 30
130 37 96
22 131 28
43 49 10
84 43 10
84 44 10
84 45 10
125 37 26
161 5 10
161 4 11
120 39 11
79 52 19
156 13 11
156 14 10
38 63 49
38 62 42
115 43 12
74 52 72
33 64 147
151 18 11
151 19 10
53 168 198
69 50 166
69 51 143
110 43 17
28 64 147
43 137 21
43 138 16
43 139 13
43 140 12
43 141 11
43 142 11
146 23 11
146 24 10
146 25 10
146 26 10
48 168 16
43 148 17
43 149 21
43 150 28
43 151 36
43 152 43
43 153 47
64 50 389
105 43 12
43 156 33
43 157 26
43 158 20
43 159 16
43 160 13
43 161 12
43 162 11
43 163 10
43 155 40
43 154 46
43 147 14
43 146 13
43 145 12
43 144 11
43 143 11
38 132 97
23 64 18
59 50 122
100 43 10
141 36 38
33 132 75
18 67 12
18 68 11
54 50 13
95 43 10
28 132 74
136 37 50
18 92 10
18 93 10
18 94 10
18 95 10
18 96 10
18 97 10
18 98 10
18 99 10
18 100 10
18 101 10
18 102 10
18 103 11
18 104 11
49 49 10
167 1 10
90 43 10
23 132 33
131 37 96
18 110 25
18 111 31
18 112 38
18 113 46
18 114 55
18 115 64
18 116 72
18 117 76
18 118 76
18 119 72
18 120 64
18 121 54
18 122 45
18 123 38
18 109 21
18 108 18
18 107 15
18 106 13
18 105 12
44 49 10
162 2 11
85 43 10
162 4 10
126 37 37
162 3 10
39 38 10
39 39 10
39 40 10
39 41 10
39 42 10
39 43 10
39 44 10
39 45 10
39 46 10
39 47 10
39 48 10
39 49 10
121 37 13
121 38 12
121 39 11
157 11 11
80 52 14
157 13 10
157 12 10
39 62 34
116 40 12
116 41 11
116 42 11
116 43 11
75 52 62
34 64 117
152 17 11
152 18 10
54 168 314
70 51 122
70 52 109
111 43 17
29 64 186
147 21 11
147 22 10
147 23 10
49 168 25
65 50 354
106 43 13
39 132 97
24 64 25
44 163 11
44 164 10
44 165 10
60 50 197
101 43 10
142 36 36
142 35 35
34 132 80
19 65 12
19 66 12
19 67 11
55 50 16
96 43 10
29 132 76
137 37 46
50 49 10
168 1 10
91 43 10
24 132 39
132 37 88
19 123 32
19 124 27
19 125 24
19 126 22
45 49 10
163 2 10
86 43 10
163 1 10
127 37 51
40 38 10
40 39 10
40 40 10
40 41 10
40 42 10
40 43 10
40 44 10
40 45 10
40 46 10
40 47 10
40 48 10
40 49 10
40 50 10
40 51 11
40 52 11
122 37 14
40 54 15
40 55 18
40 56 21
158 9 11
158 10 10
158 11 10
81 52 11
40 61 26
40 62 30
40 60 25
40 59 25
40 58 25
40 57 24
40 53 13
117 39 12
117 40 11
76 52 51
153 16 11
153 17 10
35 64 94
112 43 16
71 52 94
30 64 206
148 20 11
148 21 10
50 168 41
66 50 299
107 43 14
40 132 97
25 64 39
45 165 11
45 166 10
45 167 10
45 168 10
61 50 281
102 43 11
143 35 32
143 34 31
35 132 86
20 64 13
20 65 12
56 50 22
97 43 10
30 132 75
138 37 44
