102 83 11
163 176 11
112 136 18
51 54 10
102 107 12
102 108 11
102 109 11
102 110 11
112 159 92
102 112 11
153 153 15
102 114 11
30 179 84
102 115 11
102 113 11
102 111 11
30 195 24
133 78 11
102 159 13
143 153 40
41 75 16
41 76 18
41 77 20
41 78 22
51 127 33
41 79 24
123 78 15
72 54 17
92 158 15
41 118 33
41 119 35
133 153 11
41 120 37
41 121 39
41 122 41
113 78 10
62 54 16
123 143 11
82 152 11
82 153 11
82 154 10
123 144 10
123 158 10
103 83 11
164 176 11
164 177 12
164 178 14
164 179 18
164 180 27
164 181 46
164 182 77
164 183 122
164 184 185
164 185 263
164 186 345
164 187 406
164 188 423
164 189 387
164 190 307
164 191 213
164 192 131
164 193 76
164 194 45
164 195 29
164 196 21
164 197 16
164 198 14
113 159 104
164 199 12
154 153 16
113 136 15
31 179 68
103 116 13
103 117 14
103 115 12
52 54 10
134 78 10
103 159 13
144 153 33
42 73 12
42 74 13
42 75 14
52 127 28
124 78 17
73 54 16
93 158 15
134 153 12
42 122 42
42 123 44
114 78 10
63 54 20
124 144 11
124 145 10
83 154 10
124 158 10
104 83 11
114 136 13
53 54 10
114 159 104
165 199 13
155 153 18
32 179 55
104 117 16
104 118 19
104 119 24
104 120 30
104 121 36
104 122 40
104 123 44
104 124 51
104 125 57
104 126 59
104 127 58
104 128 55
104 129 57
104 130 59
104 131 60
104 132 60
104 133 61
135 78 10
135 77 11
43 70 11
104 159 14
43 71 11
145 153 28
43 72 11
43 73 11
53 127 24
125 78 17
74 54 15
94 158 15
135 153 14
43 123 47
43 124 49
115 78 10
64 54 24
125 145 11
84 154 10
125 146 10
125 158 10
105 81 11
105 82 10
105 83 10
115 136 12
115 137 11
115 138 10
54 54 10
115 159 90
166 199 13
156 153 20
33 178 38
33 179 45
156 154 25
105 133 61
105 134 61
136 77 10
44 54 10
44 55 10
44 56 10
44 57 10
44 58 10
44 59 10
44 60 10
44 61 10
44 62 10
44 63 10
44 64 10
44 65 10
44 66 10
44 67 10
44 68 10
44 69 10
44 70 10
105 159 16
146 153 25
54 127 20
126 78 17
75 54 15
95 158 15
95 159 14
136 153 17
44 124 52
44 125 55
116 78 10
65 54 26
85 154 11
85 155 10
85 156 10
85 157 10
126 147 10
126 146 11
126 158 10
106 80 11
106 81 10
116 138 10
55 54 10
116 159 67
34 178 31
157 154 30
137 77 10
106 134 60
106 135 57
45 54 10
106 159 20
147 153 22
76 18 11
76 19 10
76 20 10
76 21 10
76 22 10
76 23 10
76 24 10
76 25 10
76 26 10
76 27 10
76 28 10
76 29 10
76 30 10
76 31 10
76 32 10
76 33 10
76 34 10
76 35 10
76 36 10
76 37 10
127 78 16
76 38 11
76 39 13
76 40 16
76 41 23
76 42 33
76 43 48
76 44 66
76 45 83
76 46 92
76 47 88
76 48 74
76 49 56
76 50 40
76 51 29
76 52 22
76 53 18
76 54 15
96 159 14
137 153 23
45 125 55
117 78 10
66 54 26
127 147 11
127 148 10
86 157 11
127 150 10
127 151 10
127 152 10
127 153 10
127 154 10
127 155 10
127 156 10
127 157 10
127 158 10
127 149 10
107 79 11
107 80 10
117 138 10
56 54 10
117 159 43
35 177 23
35 178 26
158 154 38
138 77 10
107 135 53
46 54 10
107 159 25
148 153 21
77 18 11
25 182 103
25 183 83
25 184 67
25 185 54
25 186 44
25 187 35
25 188 28
25 189 21
25 190 17
25 191 14
25 192 12
25 193 11
25 194 10
128 78 14
97 159 14
138 153 32
46 125 57
46 126 56
118 78 10
67 54 25
87 157 11
87 158 11
128 153 10
108 78 11
108 79 10
118 138 10
57 54 10
139 52 28
139 53 29
139 54 31
118 159 26
139 56 37
36 177 20
159 154 49
139 59 44
139 60 46
139 61 48
139 62 50
139 63 52
139 64 51
139 65 48
139 66 43
139 67 36
139 68 29
139 69 25
139 70 22
139 71 19
139 72 16
139 73 14
139 74 12
139 75 11
139 76 11
139 77 10
139 58 42
108 135 49
108 136 41
139 57 40
139 55 34
47 54 10
108 159 33
149 153 19
26 181 131
26 182 121
26 194 11
26 195 10
129 78 13
98 159 13
139 153 41
47 126 55
47 127 54
119 78 11
68 54 23
88 158 12
129 153 10
109 78 10
119 138 10
140 35 240
140 36 227
140 37 211
140 38 192
140 39 171
140 40 150
140 41 129
140 42 112
140 43 99
140 44 88
140 45 71
140 46 58
140 47 50
140 48 46
140 49 43
140 50 36
140 51 31
140 52 29
140 34 248
58 54 10
119 159 17
37 176 17
37 177 18
160 154 63
160 155 81
109 136 35
48 54 10
109 159 44
150 153 17
27 180 134
27 181 137
27 195 11
130 78 12
99 159 13
140 153 48
48 127 49
120 78 11
69 54 21
89 158 13
130 153 10
110 78 10
120 138 10
120 139 10
59 54 11
38 175 14
38 176 15
120 159 13
161 155 104
161 156 137
110 136 29
49 54 10
110 159 58
151 153 16
28 180 126
28 195 12
131 78 11
100 159 13
141 153 49
49 127 44
121 78 12
70 54 19
90 158 14
131 153 10
111 78 10
121 139 11
121 140 10
121 141 10
60 54 12
39 173 12
39 174 12
39 175 13
121 159 11
162 156 180
162 157 230
162 158 292
162 159 363
162 160 434
162 161 485
162 162 496
162 163 455
162 164 367
162 165 259
162 166 161
162 167 92
162 168 51
162 169 31
162 170 21
162 171 16
162 172 13
162 173 12
162 174 11
162 175 11
162 176 12
111 136 23
101 90 12
101 91 13
101 92 14
101 93 16
101 94 18
101 95 20
101 96 22
101 97 23
101 98 23
101 99 22
101 100 20
101 101 19
101 102 17
101 103 15
101 104 14
101 105 13
101 106 12
101 107 11
101 89 12
101 88 11
101 87 11
111 159 75
101 86 11
152 153 16
101 85 11
29 179 100
29 180 115
101 84 11
101 83 11
50 54 10
29 195 16
132 78 11
101 159 12
142 153 46
50 127 38
40 79 25
40 80 25
40 81 24
40 82 23
40 83 22
40 84 22
40 85 21
40 86 20
40 87 19
40 88 18
40 89 17
40 90 17
40 91 17
40 92 17
122 78 14
40 93 19
40 94 20
40 95 21
40 96 23
40 97 26
40 100 39
40 101 45
40 102 50
40 103 53
40 104 52
40 105 47
40 106 41
40 107 36
40 108 33
40 109 31
71 54 18
40 110 30
40 111 29
40 112 29
40 113 28
40 114 27
40 115 27
40 116 27
91 158 14
40 117 28
40 118 30
132 153 10
40 98 29
40 99 33
112 78 10
122 141 11
122 142 10
122 143 10
61 54 13
40 162 18
40 163 15
40 164 13
40 165 12
40 166 12
40 167 11
40 168 11
40 169 11
40 170 11
40 171 11
40 172 11
40 173 11
122 158 10
122 159 10
