25 136 11
102 100 50
25 140 11
66 137 237
97 100 23
20 142 12
20 143 12
20 144 14
61 137 137
92 100 11
41 67 12
41 68 11
41 69 10
56 140 38
87 100 11
51 140 36
82 100 10
46 140 20
41 118 142
77 100 11
77 101 11
77 102 11
77 103 10
113 72 10
113 73 11
77 105 10
77 104 10
41 140 14
36 120 29
36 121 24
108 62 11
113 98 41
113 99 33
36 140 19
31 133 11
72 129 66
72 130 70
108 100 27
31 140 17
26 136 11
103 100 45
26 140 12
67 136 219
67 137 231
21 138 12
21 139 11
98 100 31
21 141 11
21 142 11
21 140 11
62 137 165
93 100 11
57 140 43
42 69 11
42 70 10
88 100 11
52 140 37
83 100 10
47 140 24
42 118 155
78 100 11
114 73 10
42 140 14
37 119 48
37 120 36
109 62 10
109 63 10
109 64 10
109 65 10
109 66 10
109 67 10
109 68 10
109 69 10
109 70 10
109 71 11
114 98 51
37 140 18
73 110 11
73 111 10
73 112 10
73 113 10
73 114 10
73 115 10
73 116 10
73 117 10
73 118 10
73 119 11
73 120 11
73 121 12
73 122 14
73 123 18
73 124 23
32 133 11
73 126 39
73 127 47
73 128 54
73 129 61
73 125 30
109 100 24
32 140 19
27 135 12
27 136 11
104 100 41
27 140 13
68 135 190
68 136 204
22 137 11
22 138 11
99 100 40
22 140 11
63 137 194
94 100 12
58 139 63
58 140 52
43 70 10
89 100 11
53 140 37
84 100 11
48 140 29
43 118 158
79 100 11
115 73 10
43 140 14
38 119 62
110 71 10
115 98 65
38 140 16
74 109 11
74 110 10
33 124 18
33 125 17
33 126 17
33 127 17
33 128 16
33 129 15
33 130 14
33 131 13
33 132 12
33 133 11
110 100 22
33 140 20
28 134 12
28 135 11
105 100 37
28 140 14
69 134 151
69 135 173
69 133 131
23 137 11
100 100 48
23 140 11
64 137 219
95 100 14
59 138 86
59 139 74
44 70 10
44 71 10
44 72 10
44 73 10
44 74 10
44 75 10
44 76 10
44 77 10
44 78 10
44 79 10
44 80 10
44 81 10
44 82 11
44 83 11
90 100 11
44 85 11
44 86 12
44 87 12
44 88 13
44 89 14
44 90 16
44 91 19
44 92 24
44 93 31
44 94 38
44 95 45
44 96 51
44 97 56
44 98 61
44 99 67
44 100 75
44 101 85
44 102 95
44 103 101
44 104 105
44 105 107
44 106 109
44 107 113
85 100 11
44 109 124
44 110 131
44 111 136
44 112 139
44 113 141
44 114 141
44 115 139
44 116 140
44 117 144
44 118 154
44 108 118
44 84 11
49 140 33
54 140 36
80 100 10
116 73 10
116 74 11
116 75 11
116 76 12
116 77 13
116 78 15
116 79 16
116 80 18
116 81 19
116 82 21
116 83 22
116 84 24
116 85 28
116 86 36
116 87 50
116 88 72
116 89 102
116 90 137
116 91 174
116 92 202
116 93 209
116 94 194
111 71 10
111 72 11
116 96 130
116 97 102
116 98 82
116 95 163
39 119 79
39 140 16
44 140 15
75 109 10
75 108 10
75 107 11
34 124 17
111 99 25
111 100 23
34 140 21
29 133 12
29 134 11
70 131 90
106 100 34
29 140 15
70 133 114
70 132 97
24 136 12
24 137 11
101 100 51
24 140 11
65 137 233
96 100 17
60 137 116
60 138 100
91 100 11
55 140 36
86 100 11
50 140 35
81 100 10
45 140 17
40 118 123
40 119 100
112 72 10
76 105 11
76 106 10
76 107 10
40 140 15
35 121 21
35 122 19
35 123 18
35 124 17
107 62 11
112 99 28
35 140 20
30 133 11
71 130 76
71 131 79
107 100 30
30 140 16
