102 81 81
102 82 73
102 83 64
40 195 10
133 31 26
143 82 15
92 48 73
20 113 11
20 114 10
51 68 27
92 66 12
92 67 13
92 68 15
123 27 15
30 195 12
133 82 10
82 48 11
10 121 10
82 59 10
41 68 205
20 192 83
20 193 81
113 27 11
123 82 10
72 49 10
0 122 10
0 123 10
0 124 10
0 125 10
31 70 89
0 127 10
0 128 10
0 129 10
0 130 10
0 131 10
0 132 10
0 133 10
0 134 10
0 135 10
164 104 10
10 185 23
0 138 10
0 139 10
0 140 11
0 141 11
0 142 11
0 143 11
0 144 11
0 145 12
0 146 13
0 147 14
0 148 16
0 149 20
0 150 25
0 151 32
0 152 43
0 153 60
103 34 17
113 83 11
103 35 20
51 195 12
0 158 200
0 159 202
0 160 187
0 161 161
0 162 132
154 83 84
154 84 112
0 165 51
31 110 10
0 167 25
0 168 19
0 169 15
0 170 13
0 171 12
0 172 11
0 173 11
62 62 14
0 175 11
21 72 51
0 177 11
0 178 11
0 179 11
0 180 11
0 181 11
0 182 11
0 183 10
0 184 10
0 185 10
0 176 11
0 174 11
0 166 35
0 164 73
0 163 101
21 87 22
21 88 23
21 89 26
0 157 179
0 156 148
0 155 114
0 154 83
0 137 10
0 136 10
0 126 10
103 83 54
41 195 10
134 31 26
144 82 16
21 111 11
93 48 99
21 113 10
21 112 10
52 68 21
93 68 17
93 69 21
124 27 14
31 195 11
134 82 10
83 48 11
11 121 10
83 59 10
42 68 213
21 193 77
21 194 74
114 27 11
124 82 10
73 49 10
1 122 10
32 69 86
32 70 86
165 104 11
165 105 10
165 106 10
165 107 10
165 108 10
165 109 10
165 110 10
165 111 10
165 112 10
165 113 10
165 114 10
165 115 10
165 116 10
165 117 10
165 118 10
165 119 10
165 120 10
165 121 10
165 122 10
165 123 10
165 124 10
165 125 10
165 126 10
165 127 10
165 128 10
165 129 10
165 130 10
165 131 10
165 132 10
165 133 10
165 134 10
165 135 10
114 83 11
104 32 13
104 33 14
104 34 15
155 86 237
63 61 13
63 62 13
155 85 190
155 84 151
22 72 63
52 195 12
11 185 32
1 185 11
22 89 29
22 90 33
104 83 45
42 195 11
135 31 26
145 82 18
22 110 11
22 111 10
94 48 121
53 68 18
94 69 27
94 70 35
94 71 48
125 27 14
32 195 10
135 82 10
84 48 11
12 121 10
84 59 10
43 68 221
22 194 68
115 27 12
125 82 10
74 49 10
2 122 10
33 69 83
12 185 45
105 29 11
105 30 11
105 31 12
105 32 12
115 83 10
53 195 11
156 86 271
166 135 10
156 88 300
156 89 282
156 90 247
156 91 210
156 92 183
64 61 12
156 87 295
23 72 74
2 185 11
23 90 37
23 91 40
23 92 44
105 83 37
43 195 11
136 31 25
146 82 19
23 110 10
95 48 133
54 67 16
54 68 16
95 71 61
95 72 77
126 27 13
33 195 10
136 82 10
85 48 12
13 121 10
85 59 10
85 60 11
85 61 11
85 62 11
85 63 11
44 68 220
23 194 64
116 27 13
23 195 55
126 82 10
75 49 10
3 122 10
34 68 87
34 69 84
13 185 61
106 29 11
116 83 10
54 195 11
167 135 10
157 92 155
65 61 12
157 93 135
24 72 83
3 185 11
24 92 44
106 83 31
44 195 11
147 82 21
24 110 10
96 48 138
55 67 15
96 72 93
96 73 104
96 74 114
127 27 14
34 195 10
137 82 10
86 48 13
14 121 10
45 68 205
86 63 11
86 64 12
117 27 14
24 195 47
127 82 10
76 49 10
4 122 10
35 68 93
14 185 78
107 27 10
107 28 10
107 29 10
117 83 10
55 196 11
55 197 12
55 198 13
55 195 11
168 135 10
168 136 11
168 137 11
168 138 11
168 139 11
168 140 11
66 61 12
168 141 11
168 142 12
168 143 11
168 144 11
168 145 11
168 146 11
168 147 10
168 148 10
168 149 10
168 150 10
168 151 10
168 152 10
168 153 11
158 94 100
158 93 114
25 72 88
4 185 11
25 92 45
25 93 43
25 94 42
107 83 25
45 195 12
148 82 22
25 110 10
97 48 137
15 74 25
15 75 23
56 67 16
97 74 119
97 75 119
97 76 121
128 27 14
35 195 10
138 82 11
87 48 15
15 120 11
15 121 10
46 68 172
87 64 11
118 27 15
25 195 38
128 82 10
77 49 10
5 122 10
36 68 107
15 185 92
108 27 10
118 83 10
67 56 13
67 57 12
67 58 12
67 59 12
67 60 11
67 61 11
159 94 86
159 95 75
26 72 89
169 153 10
169 154 10
169 155 11
169 156 11
169 157 11
169 158 12
169 159 12
169 160 13
169 161 13
169 162 13
169 163 13
169 164 14
169 165 14
26 94 39
26 95 36
26 96 34
26 97 31
26 98 27
26 99 23
26 100 19
26 101 16
26 102 13
26 103 12
26 104 11
26 105 11
26 106 11
26 107 10
26 108 10
26 109 10
26 110 10
108 83 20
98 47 130
98 48 137
149 82 23
46 195 12
5 185 12
16 74 24
16 75 22
16 76 22
57 67 17
98 76 117
98 77 116
129 27 16
129 28 17
129 29 18
36 195 10
139 82 11
88 48 18
16 119 11
16 120 10
47 68 130
88 64 11
88 65 12
119 27 16
26 195 29
129 82 10
78 49 10
6 121 11
6 122 10
37 68 128
16 185 100
109 27 10
119 83 11
68 54 13
68 55 12
68 56 12
160 95 65
160 96 53
160 97 44
27 71 90
27 72 89
6 185 12
109 83 17
47 195 13
150 82 24
27 110 10
99 46 120
99 47 124
58 63 17
58 64 17
58 65 17
58 66 18
58 67 19
17 76 21
17 74 23
99 77 111
37 195 10
130 29 20
130 30 21
130 31 22
140 82 12
89 48 24
17 117 11
17 118 10
17 119 10
48 68 89
89 65 11
120 27 16
27 195 22
130 82 10
79 49 10
7 121 10
38 68 154
17 185 103
110 27 10
120 83 11
69 53 12
69 54 12
28 71 89
161 97 35
161 98 26
161 99 21
7 185 13
110 83 14
48 195 13
151 82 27
28 110 10
100 46 111
59 63 16
18 74 23
18 76 21
18 77 22
18 78 23
18 79 24
18 80 25
18 81 26
18 82 26
18 83 25
18 84 24
100 77 109
100 78 104
100 79 102
38 195 10
131 31 23
141 82 13
90 48 34
18 115 11
18 116 10
18 117 10
49 68 58
90 65 11
121 27 15
28 195 17
131 82 10
80 49 10
8 121 10
39 68 178
18 185 107
18 186 117
18 187 121
18 188 119
18 189 114
18 190 107
111 27 10
121 83 11
70 50 11
70 51 11
70 52 11
70 53 11
29 70 93
29 71 91
162 99 17
162 100 14
162 101 12
162 102 11
8 185 15
111 83 13
49 195 12
152 82 34
152 83 45
101 44 106
101 45 105
29 110 10
101 46 109
60 62 15
60 63 16
19 73 28
19 74 25
19 84 23
19 85 22
19 86 21
19 87 22
101 79 99
101 80 93
101 81 88
39 195 10
132 31 25
142 82 14
91 48 50
19 114 11
19 115 10
50 68 38
91 65 11
91 66 12
122 27 15
29 195 13
132 82 10
81 45 20
81 46 14
81 47 12
81 48 11
81 49 10
81 50 10
81 51 10
81 52 10
81 53 10
81 54 10
81 55 10
81 56 10
81 57 10
81 58 10
81 59 10
40 68 195
9 121 10
19 190 100
19 191 93
19 192 89
112 27 10
122 82 11
122 83 10
71 49 10
71 50 10
30 70 91
163 102 11
163 103 11
163 104 10
9 185 18
112 83 12
102 35 25
102 36 30
102 37 39
102 38 50
102 39 65
102 40 81
102 41 94
102 42 101
102 43 104
102 44 104
30 110 10
153 83 59
50 195 12
61 62 14
20 72 42
20 73 33
20 87 21
