112 129 36
184 71 37
184 72 35
184 73 36
41 2 10
92 48 11
82 15 19
82 16 16
133 68 17
102 129 22
174 66 15
82 41 20
31 2 10
102 152 54
102 153 53
102 154 51
102 155 46
72 15 30
123 68 13
92 129 11
164 66 10
21 2 12
92 141 10
123 86 10
123 87 11
62 14 15
113 68 11
123 121 11
154 66 10
123 122 10
123 123 10
123 124 10
113 78 10
113 79 11
123 125 10
11 2 153
52 3 11
52 4 10
103 59 11
103 60 10
103 61 10
103 62 10
103 63 10
103 64 10
103 65 10
103 66 10
103 67 10
103 68 10
11 34 10
103 69 10
103 70 10
103 71 10
103 72 10
103 73 11
144 68 10
113 129 27
185 73 38
42 2 10
185 74 42
93 48 11
83 16 15
134 68 17
103 129 24
175 66 20
83 41 17
32 2 10
103 155 38
103 156 29
103 157 22
73 15 37
124 68 16
93 129 12
165 66 10
22 2 12
93 141 11
124 87 10
124 88 11
63 14 18
114 68 11
124 121 10
155 66 11
114 79 10
114 80 10
12 2 128
53 4 10
12 34 10
104 68 10
104 73 10
145 68 10
114 129 21
43 2 10
186 75 58
186 74 49
94 48 11
84 16 14
84 17 13
84 18 13
84 19 13
84 20 13
84 21 14
84 22 16
84 23 19
84 24 23
84 25 30
84 26 38
84 27 47
135 68 15
84 29 58
84 30 56
84 31 52
84 32 43
84 33 34
84 34 27
84 35 24
84 36 21
84 37 18
84 38 16
84 39 16
84 40 15
84 41 15
84 28 55
176 66 27
33 2 10
104 129 27
104 157 18
104 158 15
104 159 13
74 15 47
104 160 12
104 161 12
104 163 12
104 162 12
104 164 12
104 165 13
104 166 14
104 167 17
104 168 20
104 170 29
104 171 34
104 172 39
104 169 24
125 68 20
104 173 46
104 174 53
94 129 13
166 66 10
104 175 60
104 178 72
104 176 66
104 177 70
104 179 72
104 182 60
104 180 70
23 2 11
104 184 46
104 181 66
94 141 11
104 190 21
104 191 16
104 192 13
104 193 12
104 194 11
104 195 11
104 196 10
104 197 10
104 198 10
104 199 10
94 144 11
94 143 11
94 142 11
125 88 10
125 89 11
104 183 53
64 14 19
104 185 42
104 188 32
104 186 39
104 187 36
104 189 26
115 68 11
125 120 11
125 121 10
156 66 10
115 80 10
13 2 94
54 4 11
54 5 10
13 34 10
105 68 10
105 73 10
105 74 11
146 68 10
115 129 17
44 2 10
187 75 71
187 76 84
187 77 98
187 78 108
187 79 105
95 48 10
187 81 70
187 82 53
187 80 90
136 68 14
105 129 29
177 66 37
85 41 14
85 42 14
85 43 13
85 44 12
34 2 10
75 15 56
126 68 25
95 129 14
167 66 10
24 2 11
95 144 12
95 145 13
126 89 10
126 90 10
126 91 11
65 14 20
116 68 11
126 120 10
157 66 10
116 80 10
14 2 64
55 5 10
14 34 10
106 68 10
106 74 10
147 67 11
147 68 10
116 129 15
4 2 59
4 3 64
4 4 67
4 5 69
4 6 71
4 7 76
4 8 86
4 9 101
45 2 10
4 11 141
4 12 146
4 13 131
4 14 105
4 15 77
96 48 10
4 17 43
188 82 41
188 83 32
4 20 30
4 21 27
4 22 24
4 23 21
4 24 18
4 25 15
4 26 14
4 27 12
4 28 12
4 29 11
4 30 11
4 31 11
4 32 11
4 33 11
4 34 10
4 19 32
4 18 36
4 16 57
4 10 122
137 68 13
106 129 35
178 66 47
35 2 10
86 44 12
86 45 11
76 15 59
127 68 27
96 129 16
168 66 10
25 2 11
96 145 14
96 146 16
127 91 10
127 92 10
127 93 11
66 14 20
117 68 11
127 120 10
158 66 10
117 80 10
117 81 11
15 2 43
56 5 11
56 6 10
56 7 10
56 8 10
15 34 10
107 68 10
107 74 10
148 67 10
117 129 13
5 2 78
46 2 10
97 48 10
189 83 27
189 84 23
189 85 21
189 86 20
189 87 19
189 88 17
189 89 15
189 90 13
189 91 12
189 92 11
189 93 10
189 94 10
189 95 10
189 96 10
189 97 10
189 98 10
189 99 10
189 100 10
189 101 10
189 102 10
189 103 11
189 104 11
189 105 13
189 106 14
189 107 16
138 68 12
189 109 16
189 110 16
189 111 16
189 112 16
189 113 15
189 114 14
189 115 13
189 116 13
189 117 13
189 118 13
189 119 14
189 120 14
189 121 15
189 122 15
189 123 14
189 124 15
87 45 11
189 126 14
189 127 13
189 128 12
189 129 11
189 130 10
189 125 15
189 108 16
179 68 64
179 67 63
179 66 58
5 34 10
36 2 10
107 129 42
77 15 54
128 68 26
97 129 18
169 66 10
26 2 11
97 146 17
128 93 10
128 94 11
128 95 11
128 96 11
128 97 11
128 98 12
128 99 15
128 100 19
128 101 24
67 14 20
128 102 30
128 103 36
128 104 37
128 105 34
128 106 29
128 107 23
128 108 19
128 109 17
128 110 15
128 111 15
128 112 15
128 113 14
128 114 14
118 68 11
128 115 14
128 116 13
128 117 12
128 118 11
128 119 11
159 66 10
128 120 10
87 133 11
87 134 11
87 135 11
118 81 10
16 2 31
118 82 11
57 8 11
57 9 10
57 10 10
57 11 10
16 34 10
108 68 10
149 66 11
149 67 10
108 74 10
108 75 11
118 129 13
6 2 97
47 2 10
98 48 10
6 34 10
139 68 11
108 129 47
180 68 64
180 69 60
37 2 10
88 45 11
88 46 11
88 47 11
88 48 10
78 15 45
129 68 24
98 129 20
170 66 10
27 2 11
98 146 20
98 147 21
68 14 21
119 68 11
160 66 10
88 133 11
88 135 11
17 2 24
119 82 10
119 83 11
58 11 11
58 12 10
58 13 10
58 14 10
17 34 10
109 68 10
150 66 10
109 75 10
119 129 12
7 2 114
48 2 10
99 48 11
99 49 10
99 50 10
99 51 10
99 52 10
99 53 11
99 54 11
99 55 11
99 56 11
99 57 10
7 34 10
140 68 11
109 129 50
181 69 54
38 2 10
89 48 10
79 15 36
130 68 21
99 129 21
171 66 11
28 2 11
99 147 23
99 148 25
69 14 21
120 68 11
161 66 10
89 131 10
89 132 10
89 133 10
89 135 11
18 2 19
120 83 10
120 84 11
59 14 11
18 34 11
18 35 10
110 68 10
151 66 10
110 75 10
120 129 12
8 2 133
49 2 10
100 57 10
8 34 10
141 68 10
110 129 49
182 69 48
39 2 10
90 48 10
80 15 28
131 68 20
100 129 22
172 66 11
29 2 11
100 148 27
100 149 31
70 14 21
121 68 11
90 129 11
162 66 10
90 130 11
90 131 10
90 135 11
19 2 15
121 84 10
121 85 11
60 14 12
19 35 10
111 68 11
152 66 10
111 75 10
121 128 11
121 129 11
9 2 151
50 2 11
50 3 10
101 57 11
101 58 10
9 34 10
142 68 10
111 129 44
183 69 45
183 70 40
183 71 38
40 2 10
91 48 11
81 15 23
132 68 18
101 129 22
173 66 13
30 2 10
101 149 36
101 150 41
101 151 46
101 152 51
71 14 23
71 15 25
122 68 12
91 129 11
163 66 10
91 135 11
91 136 11
91 137 11
91 138 11
91 139 11
91 140 11
91 141 10
20 2 13
122 85 10
122 86 11
61 14 13
112 68 11
153 66 10
112 75 10
112 76 11
112 77 11
112 78 11
122 125 11
122 126 10
122 127 10
10 2 161
122 128 10
51 3 10
102 58 11
102 59 10
10 34 10
143 68 10
