51 41 14
71 141 36
81 193 16
163 181 101
163 182 96
174 40 17
133 52 243
133 53 216
184 95 27
102 115 11
20 141 14
112 174 34
10 95 42
10 96 36
133 73 20
133 74 18
133 75 17
133 76 16
133 77 16
133 78 15
41 41 20
112 177 47
71 193 59
112 176 41
61 147 17
61 148 16
112 175 37
153 177 543
123 51 257
164 44 25
92 117 20
10 141 59
51 144 203
61 193 11
143 177 113
102 189 488
0 110 15
0 111 14
0 112 13
123 89 16
123 90 17
123 91 17
0 116 13
51 155 62
0 117 14
0 118 15
0 119 17
0 120 20
0 121 25
0 123 45
0 122 33
113 51 31
0 124 60
0 125 78
0 128 136
0 129 151
0 130 164
0 131 178
0 132 194
82 117 115
0 133 211
0 126 98
0 127 118
0 115 13
0 114 13
0 113 13
31 56 359
31 55 293
102 190 400
184 190 16
184 191 14
154 65 103
184 192 13
133 172 106
41 141 199
133 173 103
92 191 15
21 62 86
113 95 23
174 188 328
185 41 102
144 65 12
123 170 48
31 140 22
52 41 13
72 140 36
72 141 36
82 193 14
164 182 93
164 183 90
164 184 93
11 69 11
11 70 11
11 71 12
175 40 17
11 73 15
11 74 18
11 75 23
11 76 29
11 77 38
134 53 186
134 54 161
185 95 27
103 112 13
103 113 12
103 114 12
103 115 11
11 84 225
11 85 240
11 86 241
11 87 229
11 88 205
11 89 176
11 90 145
11 91 117
11 92 93
21 141 14
11 94 61
11 95 51
11 93 74
134 73 17
11 83 198
11 82 164
11 81 129
11 80 96
11 79 71
11 78 52
72 193 66
62 146 18
62 147 17
11 72 13
42 41 21
113 174 30
113 173 28
154 177 496
165 43 24
165 44 24
124 51 282
93 117 17
11 141 49
11 142 39
52 144 158
62 193 11
144 177 155
1 108 17
1 109 16
1 110 15
32 55 229
124 88 15
124 89 15
32 54 181
52 155 46
103 189 570
114 51 42
185 192 12
83 117 115
1 134 234
1 135 241
1 136 246
1 133 226
155 65 117
42 141 236
42 142 275
134 173 95
93 191 18
114 94 26
114 95 24
22 62 120
175 188 309
186 41 128
145 65 14
124 170 55
32 140 25
53 41 12
73 139 38
73 140 37
83 193 12
165 184 92
12 66 10
12 67 10
12 68 10
12 69 10
176 40 17
135 54 135
186 95 27
104 112 13
135 55 113
114 171 24
22 140 15
22 141 14
114 173 26
114 172 25
135 73 16
43 41 22
63 145 21
63 146 19
73 193 68
155 177 438
166 43 23
125 51 302
94 117 14
12 142 32
53 144 121
145 177 213
53 145 92
63 193 12
104 188 690
104 189 643
33 54 139
2 107 18
125 88 14
2 108 17
33 53 109
53 155 35
53 156 34
53 157 33
53 158 32
53 159 31
53 160 29
53 161 27
53 162 25
115 51 56
53 163 23
53 164 21
53 165 19
53 166 18
53 167 17
53 168 16
53 169 16
53 170 15
53 171 16
84 117 109
53 172 16
53 173 17
53 174 18
2 137 236
2 136 242
186 192 11
186 193 11
186 194 11
125 86 15
125 87 14
156 65 128
135 173 89
43 142 309
135 174 80
94 191 24
115 94 26
105 47 12
23 62 163
176 188 269
187 41 155
146 65 17
125 170 62
33 140 29
74 137 48
74 138 43
74 139 41
54 41 11
84 193 11
166 184 98
166 185 101
13 66 10
177 40 18
187 95 26
105 111 15
105 112 14
136 58 50
136 59 41
136 60 34
136 61 28
136 62 24
136 63 21
136 64 18
136 65 17
136 66 16
136 67 15
136 68 14
136 69 14
136 70 14
136 71 14
136 72 15
136 73 15
136 57 61
136 56 75
136 55 94
23 140 14
44 41 23
115 171 23
64 144 24
64 145 22
74 193 65
115 170 23
156 177 375
167 42 24
167 43 23
126 51 318
177 98 31
177 99 32
177 100 35
177 101 41
177 102 52
177 103 69
177 104 96
177 105 135
177 106 187
177 107 246
177 108 303
177 109 346
177 110 365
177 111 357
177 112 324
177 113 274
177 114 218
177 115 165
177 116 121
177 117 87
177 118 64
177 119 48
177 120 37
177 121 30
95 117 13
54 145 68
54 146 53
54 147 43
126 86 14
54 148 36
54 149 32
54 150 30
54 151 29
54 155 28
54 152 28
54 153 28
54 154 28
64 193 13
13 142 27
3 107 18
3 106 19
116 51 73
3 105 19
3 104 20
34 53 86
34 52 68
34 51 57
105 188 709
105 187 704
146 177 287
187 194 11
85 117 99
54 174 19
54 175 21
54 176 23
54 177 25
3 138 216
3 139 200
3 137 231
157 65 135
44 142 344
44 143 374
136 174 73
136 175 66
95 191 33
116 93 28
116 94 27
106 47 11
106 48 11
24 62 217
177 188 219
188 41 181
188 42 215
188 43 258
188 44 306
75 117 88
75 118 105
75 119 122
75 120 141
75 121 158
75 122 173
75 123 181
75 124 182
75 125 176
75 126 164
75 127 148
75 128 131
147 65 21
75 129 114
75 130 101
75 131 90
75 132 82
75 133 75
75 134 69
75 135 63
75 136 57
75 137 52
34 140 34
188 60 140
188 59 160
188 58 187
188 57 223
188 56 267
85 193 11
188 55 318
188 54 372
188 53 422
188 52 462
188 51 488
188 50 496
188 49 489
188 48 469
188 47 439
188 46 401
188 45 356
14 66 10
14 65 11
14 64 11
178 40 20
14 63 12
55 41 11
126 170 70
167 185 112
167 186 120
188 95 25
106 111 16
116 170 22
24 140 15
137 70 13
137 71 13
45 41 23
65 143 29
65 144 26
75 193 58
157 177 315
168 42 23
127 51 328
178 98 29
96 117 12
14 142 23
4 100 19
4 101 18
4 102 18
4 103 19
4 104 19
178 121 26
178 122 22
65 193 15
127 84 14
127 85 13
127 86 13
35 51 46
35 50 39
35 49 34
35 48 31
55 155 24
106 187 664
106 186 612
147 177 371
117 51 95
86 117 85
55 177 26
55 178 28
55 179 30
55 180 31
55 181 32
55 182 33
4 140 165
4 139 185
158 65 139
45 143 392
137 175 60
137 176 56
96 191 46
117 93 27
25 62 283
25 61 355
107 48 12
178 188 166
76 117 88
148 65 27
127 170 77
35 140 42
189 61 116
189 62 111
189 63 112
189 64 118
189 65 128
189 66 143
189 67 162
189 68 186
189 69 217
189 70 252
189 71 290
86 192 10
86 193 10
189 74 383
189 75 388
189 76 376
189 77 345
189 78 301
189 79 251
189 80 202
189 81 156
189 82 116
189 83 83
189 84 59
189 85 42
107 102 29
107 103 30
107 104 30
107 105 29
107 106 28
107 107 26
107 108 23
107 109 21
107 110 19
189 95 24
107 111 17
189 88 19
189 87 24
189 86 31
189 73 361
189 72 328
189 60 126
179 40 22
15 63 13
56 41 11
138 66 12
138 67 11
138 68 12
138 69 12
138 70 12
25 140 15
117 170 22
46 41 23
168 186 136
168 187 149
168 188 172
66 143 30
76 193 49
158 177 264
169 42 23
128 51 332
179 98 29
97 116 12
97 117 11
15 142 20
5 99 19
5 100 18
36 47 24
36 48 26
128 81 15
128 82 14
128 83 14
128 84 13
179 122 19
66 193 18
107 186 535
107 185 460
148 177 453
56 154 21
56 155 22
118 51 118
87 117 70
5 140 149
5 141 131
56 182 32
56 183 31
56 184 29
159 65 141
56 185 27
56 186 24
56 187 21
56 188 19
56 189 17
46 143 400
56 190 15
138 176 54
138 177 53
97 191 65
26 60 507
118 93 26
26 61 433
108 48 12
108 49 12
179 188 120
77 117 90
149 65 35
128 170 83
36 140 52
57 41 11
87 192 10
108 95 21
108 96 21
108 97 21
108 98 22
108 99 23
108 100 25
108 101 26
108 102 27
16 63 15
190 88 17
190 89 15
180 40 26
169 188 192
190 95 23
139 65 11
139 66 11
118 170 24
26 140 15
47 41 21
67 143 32
77 193 40
159 177 224
170 41 22
170 42 22
129 51 331
180 97 30
180 98 29
98 115 12
98 116 11
16 142 17
6 98 19
6 99 18
37 44 19
37 45 20
37 46 21
37 47 22
129 80 15
129 81 14
180 122 18
180 123 15
180 124 14
67 193 23
108 185 380
57 151 17
57 152 17
57 153 18
57 154 19
108 184 312
149 177 523
119 51 143
88 117 56
6 141 115
160 65 141
57 190 14
47 143 394
57 191 13
139 177 53
98 191 91
47 155 219
27 60 574
119 93 25
27 59 620
109 49 13
109 50 13
109 51 14
180 188 85
78 117 94
150 65 46
129 170 90
37 140 65
58 37 13
58 38 12
58 39 12
58 40 12
58 41 11
88 192 10
17 62 23
109 95 21
17 63 18
170 188 222
181 40 31
191 89 14
191 90 13
191 95 22
140 65 11
119 170 27
27 140 16
48 41 20
68 143 34
78 193 31
160 177 196
160 178 175
171 41 21
130 51 324
181 96 31
181 97 30
99 115 11
17 142 16
17 143 15
17 144 15
17 145 15
17 146 16
17 147 19
17 148 23
17 149 30
7 98 20
7 97 22
130 80 14
68 193 30
38 44 18
38 43 18
181 124 13
58 148 17
58 149 16
58 150 16
58 151 16
109 184 251
109 183 202
150 177 569
120 51 170
89 117 43
7 141 100
161 65 142
48 143 374
58 191 12
58 192 12
140 177 58
99 190 176
99 191 127
28 58 646
48 155 164
120 92 23
120 93 24
28 59 647
110 51 16
181 188 59
79 117 99
89 176 932
151 65 59
89 178 850
89 179 743
38 140 83
89 181 467
89 182 339
89 183 230
89 184 146
89 185 87
89 186 50
89 187 30
89 188 20
89 189 15
89 190 12
89 191 11
89 192 10
89 180 608
89 177 915
130 170 96
18 62 31
110 95 21
171 188 260
182 40 39
192 90 13
192 95 21
141 65 11
120 170 31
28 140 17
49 41 18
69 142 36
69 143 35
79 193 25
161 178 156
161 179 140
172 40 19
172 41 20
131 51 313
131 52 295
182 96 30
100 115 11
18 142 15
18 143 14
18 144 14
8 97 24
8 96 27
39 43 18
39 42 19
110 181 113
131 78 15
131 79 15
131 80 14
69 193 39
110 183 165
110 182 134
182 124 13
182 125 12
59 148 16
151 177 586
121 51 199
90 117 33
8 141 85
162 65 145
49 143 341
59 192 11
59 193 11
141 177 68
100 190 237
29 57 573
29 58 621
121 91 20
121 92 21
49 155 120
111 51 19
182 188 42
182 189 31
80 117 106
152 65 74
131 170 104
131 171 108
39 140 106
90 191 12
19 62 43
111 95 22
172 188 298
183 40 50
183 41 63
193 90 13
193 91 13
193 92 13
193 93 14
193 94 16
193 95 20
142 65 11
121 170 36
29 140 18
50 41 16
70 141 37
70 142 36
80 193 20
162 179 129
162 180 116
162 181 109
173 40 18
132 52 269
183 95 28
183 96 29
101 115 11
19 141 15
19 142 14
9 96 31
40 41 20
40 42 19
111 179 71
111 180 82
111 181 96
132 78 15
111 178 61
111 177 54
70 193 49
152 177 576
60 148 16
183 125 12
183 126 12
183 127 12
183 128 12
183 129 13
183 130 15
183 131 18
183 132 23
183 133 31
122 51 229
163 44 27
163 45 29
163 46 33
163 47 40
163 48 48
163 49 59
163 50 73
163 51 87
163 52 103
163 53 118
163 54 135
163 55 154
163 56 175
163 57 195
163 58 212
163 59 222
163 60 226
163 61 221
163 62 210
163 63 193
163 64 172
163 65 151
91 117 25
9 141 72
50 143 299
50 144 252
60 193 11
142 177 85
101 190 312
30 56 437
30 57 508
122 91 18
50 155 86
112 51 24
183 189 24
183 190 19
81 117 112
153 65 88
132 171 110
40 140 133
40 141 166
132 172 110
91 191 13
20 62 60
112 95 22
173 188 323
184 41 80
143 65 11
122 170 41
30 140 20
