61 107 19
61 108 20
184 84 10
123 11 66
123 16 79
153 167 16
92 99 13
92 100 12
92 101 12
51 112 18
51 113 17
174 88 71
113 9 259
113 10 260
123 58 22
123 57 18
184 167 78
82 104 156
103 5 79
164 95 274
164 96 241
164 97 204
113 58 13
164 98 169
164 99 138
144 21 13
144 22 12
144 23 12
174 167 960
72 104 113
93 5 77
93 6 89
103 59 13
154 106 89
134 11 13
154 107 101
134 16 20
164 167 482
62 106 20
62 107 19
185 84 10
83 7 76
124 11 51
124 16 65
144 113 35
144 114 26
144 115 21
144 116 17
144 117 15
144 118 14
144 119 13
144 120 12
144 121 12
144 122 12
144 123 12
144 124 12
144 125 12
144 126 12
144 127 12
144 128 12
144 129 12
144 130 12
144 131 12
144 132 12
144 133 12
144 134 12
144 135 12
93 96 14
93 97 13
93 98 13
93 99 12
144 136 12
144 137 12
144 138 12
144 139 12
52 112 18
175 88 48
144 140 13
144 141 13
144 142 14
144 143 14
144 144 14
144 145 14
144 146 14
124 57 21
114 10 252
124 58 26
144 147 13
144 148 13
144 149 12
144 150 12
144 151 11
144 152 11
144 153 11
144 154 11
144 155 11
154 167 16
114 23 343
114 24 304
114 25 264
114 26 225
114 27 190
114 28 159
114 29 133
114 30 113
114 31 99
114 32 90
114 33 84
114 34 81
114 35 78
114 36 73
114 37 68
114 38 62
114 39 56
114 40 51
185 167 58
83 104 125
165 88 233
165 89 250
165 90 266
165 91 281
104 5 87
165 92 295
165 93 304
165 94 304
165 95 294
114 58 13
145 23 13
145 24 12
175 167 807
73 104 152
94 5 65
104 58 14
104 59 13
155 106 75
135 11 12
135 16 17
165 167 702
63 105 21
63 106 20
186 84 10
84 7 101
125 11 40
125 16 55
145 112 66
145 113 48
155 167 17
94 93 14
94 94 13
94 95 13
94 96 13
53 111 19
53 112 18
176 88 33
115 10 248
115 11 228
125 58 31
145 155 10
145 156 10
145 157 11
115 21 409
115 22 397
115 23 378
186 167 45
115 40 43
115 41 37
115 42 33
84 104 94
166 88 226
105 5 97
115 58 13
176 167 663
146 24 13
74 104 194
95 5 58
105 58 13
156 105 59
156 106 67
136 11 12
136 16 15
166 167 934
64 105 22
187 84 10
85 7 124
126 11 32
146 111 116
126 16 48
146 112 88
156 167 18
95 93 13
54 111 20
177 88 23
126 58 38
116 11 211
146 157 10
146 158 10
146 159 10
146 160 11
116 19 381
116 20 397
116 21 409
187 167 38
116 42 28
116 43 25
116 44 22
116 45 20
116 46 18
116 47 16
85 104 67
116 48 14
116 49 13
116 50 12
116 51 12
106 5 109
116 52 11
116 53 11
116 54 11
116 55 11
116 58 13
116 56 11
167 88 221
177 167 537
147 24 15
75 104 230
96 5 54
106 58 13
157 104 48
157 105 53
137 11 11
137 16 14
167 167 1142
65 104 25
65 105 23
188 84 10
86 7 141
127 11 27
147 111 144
127 16 43
157 167 21
96 90 13
96 91 13
96 92 12
96 93 12
55 111 21
178 88 17
188 142 11
127 58 48
117 11 195
127 59 62
117 16 230
117 17 270
117 18 313
117 19 351
147 160 10
147 161 11
188 166 34
188 167 34
86 104 46
168 88 216
107 5 122
117 56 11
117 58 13
178 167 431
148 24 19
76 104 250
97 5 53
107 58 13
158 103 43
158 104 45
138 11 11
138 16 13
168 167 1297
66 104 28
189 84 10
87 7 150
97 66 35
128 11 23
97 68 61
97 69 82
97 70 107
97 71 134
97 72 159
97 73 180
97 74 195
97 75 207
97 76 210
97 77 204
97 78 184
97 79 152
97 80 115
97 81 82
97 82 56
97 83 41
97 84 32
97 85 25
97 86 20
97 87 17
97 88 15
97 89 14
97 90 13
97 67 45
128 16 39
148 110 198
148 111 175
158 167 26
56 111 22
179 88 14
189 142 11
118 11 178
128 59 77
118 16 196
148 161 10
148 162 11
189 165 32
189 166 32
87 104 32
169 88 206
108 5 137
108 6 151
118 56 11
118 57 12
118 58 14
179 167 345
77 104 253
98 5 54
108 58 13
159 103 42
139 11 11
139 16 12
169 167 1384
67 104 31
190 81 11
190 82 11
190 83 11
190 84 10
88 7 152
98 65 22
98 66 27
129 11 20
149 110 212
129 16 36
159 167 37
57 110 23
57 111 22
180 87 11
180 88 12
190 142 11
119 11 157
129 59 97
119 16 169
149 162 10
149 163 11
190 164 32
190 165 31
88 104 24
170 88 188
109 6 167
109 7 185
119 57 12
119 58 14
180 167 272
78 104 244
99 5 56
109 58 14
160 102 44
160 103 43
140 11 11
140 16 12
170 167 1400
191 77 13
191 78 12
191 79 12
68 104 37
191 80 12
191 81 11
89 7 149
99 64 17
99 65 19
130 11 18
150 109 215
150 110 223
130 16 33
160 167 58
58 110 22
181 87 11
191 142 10
191 143 11
120 11 134
130 59 120
120 16 144
150 163 10
191 164 31
89 103 17
89 104 19
171 88 163
48 115 16
48 116 15
48 117 15
48 118 15
110 7 198
48 120 15
48 119 15
120 58 15
120 57 13
181 167 208
79 104 228
100 5 60
110 58 14
161 101 54
161 102 48
141 11 11
141 12 11
141 13 11
141 14 12
141 15 12
141 16 12
141 17 12
141 18 12
171 167 1350
192 72 13
192 73 12
192 74 12
192 75 12
192 76 12
192 77 12
69 104 46
90 6 133
90 7 143
100 63 14
100 64 15
131 11 16
151 108 187
151 109 201
131 16 30
161 167 100
182 84 11
59 109 21
59 110 22
182 85 10
182 86 10
182 87 10
192 143 10
192 144 11
192 145 11
192 146 11
121 11 109
131 59 148
131 60 189
192 147 12
192 148 12
121 16 119
192 149 13
192 150 14
192 151 16
192 152 19
192 153 23
192 154 29
151 163 10
192 155 34
192 156 40
192 157 45
192 158 47
192 159 46
192 160 43
192 161 39
192 162 35
192 163 32
192 164 31
90 102 14
90 103 15
172 88 132
49 113 18
49 114 17
49 115 16
111 7 221
111 8 229
121 57 14
121 58 17
182 167 153
80 104 207
101 5 65
111 58 14
162 100 74
162 101 61
193 46 16
193 47 16
193 48 17
193 49 18
193 50 18
193 51 18
193 52 18
193 53 17
193 54 16
193 55 15
193 56 14
193 57 13
142 18 13
142 19 13
142 20 12
193 58 12
193 59 12
193 60 12
193 61 12
193 62 13
193 63 13
193 64 14
193 65 14
193 66 14
193 67 13
193 68 13
193 69 13
193 70 12
193 71 12
193 72 12
172 167 1248
70 104 60
91 6 118
101 59 14
101 60 13
101 61 13
101 62 13
101 63 13
132 11 15
152 108 159
132 16 26
162 167 177
60 108 20
60 109 21
183 84 10
122 11 86
122 16 97
152 163 10
152 164 11
152 165 12
152 166 13
152 167 17
91 101 13
91 102 13
173 88 100
50 113 17
112 8 247
112 9 253
122 58 19
122 57 16
183 167 109
81 104 183
102 5 72
112 58 14
163 99 110
163 100 88
194 46 16
143 20 13
143 21 12
173 167 1112
71 104 82
92 6 102
102 59 13
133 11 14
153 107 119
153 108 140
133 16 23
163 167 303
