194 112 16
194 113 16
194 114 16
194 115 18
153 124 11
194 117 27
194 118 34
194 119 45
194 120 63
194 121 90
194 122 124
194 123 155
194 124 172
194 125 169
194 126 151
153 135 10
194 128 111
194 129 97
122 194 10
194 131 65
194 132 51
194 133 42
194 134 37
194 130 82
194 127 129
194 116 21
112 154 36
51 49 12
92 51 43
194 109 26
194 110 21
194 111 18
123 11 170
164 3 10
174 51 31
112 168 62
112 169 84
112 170 114
112 171 148
112 172 185
112 173 228
112 174 274
112 175 307
143 120 27
143 121 20
112 178 217
112 179 157
112 180 111
112 181 81
112 177 275
112 176 309
41 49 22
143 137 11
184 131 155
82 51 96
102 151 11
102 161 11
113 11 91
154 3 10
164 51 72
133 114 43
133 115 49
31 49 40
31 50 39
31 51 39
174 126 141
72 49 47
92 151 16
92 161 11
133 154 38
144 3 10
123 108 17
103 22 30
164 126 19
21 54 13
31 104 10
62 49 11
113 103 71
123 154 61
21 82 14
21 83 13
21 84 12
21 85 12
134 11 19
175 2 13
185 51 16
154 124 11
154 126 11
154 127 11
154 128 11
154 129 11
154 130 11
154 131 11
154 132 11
154 133 11
154 134 11
154 135 10
52 49 12
123 194 10
93 51 37
113 154 46
124 11 152
165 3 10
175 51 24
144 121 17
144 122 14
113 181 62
113 182 48
113 183 38
113 184 32
42 49 17
144 137 11
185 131 170
83 51 119
103 151 11
103 161 11
114 11 107
155 3 10
165 51 77
155 6 10
155 7 10
155 8 10
155 9 10
155 10 10
134 115 54
155 12 10
155 13 10
155 14 10
155 15 10
155 16 10
155 17 10
155 18 10
155 19 11
155 20 11
155 21 11
155 22 12
155 23 14
155 24 16
155 25 19
155 26 20
155 27 20
155 28 19
155 29 19
175 126 134
155 31 20
155 32 24
155 33 29
155 34 37
155 35 44
155 36 49
155 37 51
155 38 51
93 151 17
155 40 50
155 41 52
155 42 58
155 39 50
155 30 19
155 11 10
155 5 10
155 4 10
32 49 37
134 153 24
134 154 30
145 3 10
124 108 16
124 109 15
93 161 12
73 49 52
104 22 29
165 126 20
22 54 14
32 104 10
63 49 11
114 103 59
124 154 71
176 2 14
135 11 16
186 50 24
22 85 11
22 86 11
22 87 11
22 88 11
22 89 12
186 51 18
186 57 10
186 56 11
186 55 11
186 54 11
186 53 12
186 52 14
155 124 11
155 126 11
53 49 12
124 194 10
124 195 10
124 196 10
94 51 35
114 154 53
125 11 121
166 3 10
176 51 19
145 122 13
145 123 12
114 184 30
114 185 28
114 186 29
114 187 31
114 188 33
114 189 33
114 190 29
114 191 24
114 192 19
145 137 11
114 194 13
186 131 180
114 193 16
43 49 14
84 51 150
104 151 11
104 161 11
115 11 113
156 3 10
166 51 85
135 115 65
135 116 72
135 117 84
33 49 36
176 126 123
74 49 53
94 151 16
156 42 69
135 152 16
135 153 19
94 161 12
146 3 10
125 109 15
125 110 14
105 22 32
166 126 23
23 54 15
33 104 10
64 49 11
115 103 52
115 104 51
115 105 48
125 154 82
115 107 38
115 108 33
115 106 43
136 11 13
23 89 11
23 90 11
23 91 12
187 59 10
187 58 10
187 57 11
156 124 11
156 126 11
54 49 12
95 51 34
115 154 55
126 11 90
167 3 10
177 51 16
146 123 12
146 124 11
44 49 12
146 137 11
115 194 12
187 131 177
85 51 177
105 151 11
105 161 11
105 162 11
116 11 113
157 3 10
167 51 95
136 117 95
136 118 103
34 49 38
177 126 114
75 49 52
95 151 16
157 42 76
136 148 11
136 149 11
136 150 11
136 151 12
136 152 13
95 161 12
147 3 10
126 110 14
126 111 15
106 22 40
167 126 28
24 54 18
34 104 10
34 105 11
34 106 12
34 107 15
65 49 11
126 154 92
116 108 31
137 11 12
24 91 11
24 92 11
24 93 11
188 60 10
188 59 11
96 32 90
96 33 96
96 34 98
96 35 94
157 124 11
96 37 71
157 126 11
96 39 49
96 40 42
55 49 12
96 42 35
96 43 33
96 44 33
96 45 33
96 46 36
96 47 39
96 48 42
96 49 42
96 50 39
96 51 33
96 41 37
96 38 58
96 36 84
96 31 88
116 154 52
127 11 64
168 3 10
178 51 14
147 124 11
45 49 12
147 137 11
116 194 12
188 131 158
86 51 188
106 151 12
106 152 11
106 153 11
106 154 11
106 162 12
117 11 111
158 3 10
106 163 12
168 51 103
137 118 111
137 119 110
35 49 42
178 126 112
178 127 114
76 49 51
96 151 14
158 42 79
137 148 11
96 161 12
148 3 10
127 111 16
127 112 17
107 22 56
168 126 38
25 54 22
66 49 12
35 107 18
35 108 26
127 154 97
117 108 30
138 11 11
189 60 10
25 93 11
97 30 97
97 31 94
158 124 12
158 125 11
158 126 11
56 49 12
107 103 385
117 154 48
169 2 11
128 11 47
169 3 10
179 51 13
148 124 11
46 49 12
148 137 11
117 194 11
189 131 131
189 132 111
189 133 96
189 134 86
189 135 80
189 136 75
189 137 71
189 138 66
189 139 60
107 154 12
87 51 174
118 11 111
159 3 10
107 165 14
107 164 13
107 163 13
169 51 103
138 119 107
138 120 98
36 49 48
179 127 116
179 128 112
179 129 111
77 49 54
97 151 13
159 42 79
138 147 10
138 148 10
97 161 12
149 3 10
128 112 19
108 22 86
169 126 54
26 54 28
67 49 13
128 154 95
118 108 28
139 9 11
139 10 10
139 11 10
190 60 11
26 93 10
26 94 10
26 95 10
26 96 10
26 97 10
26 98 10
26 99 10
26 100 10
26 101 11
159 126 12
190 71 10
190 72 10
190 73 11
190 74 11
190 75 11
190 76 12
190 77 12
190 78 13
190 79 15
190 80 16
190 81 19
190 82 22
190 83 27
190 84 32
190 85 39
190 86 47
108 103 288
190 88 66
190 89 75
118 154 44
190 91 94
190 92 102
190 93 110
190 94 117
190 95 121
190 96 124
190 97 124
170 2 11
129 11 37
180 51 13
190 98 124
190 90 85
190 87 56
190 70 10
190 69 10
190 68 10
190 67 10
190 66 10
190 65 10
190 64 10
190 63 10
190 62 10
190 61 10
57 49 11
98 30 107
149 124 11
98 29 115
47 49 12
149 137 11
118 194 11
88 51 138
108 154 13
190 139 45
119 11 118
160 3 10
108 165 16
108 166 17
170 51 93
139 120 82
37 49 52
180 129 109
180 130 109
78 49 59
78 50 63
98 151 12
139 146 11
139 147 10
160 42 81
98 161 12
150 3 10
129 112 22
129 113 26
109 22 133
170 126 77
27 54 34
68 49 16
88 149 17
88 150 16
88 151 15
88 152 14
88 153 14
88 154 14
88 155 13
88 156 12
88 157 11
88 158 11
88 159 11
88 160 10
129 154 86
119 108 26
140 5 11
140 6 10
140 7 10
140 8 10
140 9 10
99 22 47
99 23 70
99 24 98
99 25 123
99 26 137
99 27 139
99 28 133
99 29 126
27 101 10
160 126 14
27 102 11
58 49 11
109 103 213
119 154 43
171 2 11
130 11 31
181 51 13
191 98 118
150 124 11
48 49 12
150 137 11
119 194 10
89 51 99
109 154 16
191 139 39
120 11 132
161 3 10
171 51 75
109 166 20
109 167 23
140 120 65
38 49 50
181 130 112
181 131 122
79 50 65
99 151 12
140 146 10
161 43 93
161 44 104
161 45 113
161 46 116
161 47 111
161 48 100
99 161 11
161 50 78
110 11 30
110 12 29
110 13 27
110 14 25
110 15 24
110 16 25
130 113 29
110 18 36
110 19 52
110 20 82
110 21 130
110 22 197
110 17 28
151 3 10
161 49 87
161 42 88
171 126 105
28 54 39
69 49 21
89 151 15
89 160 11
89 161 10
130 154 73
141 3 10
120 108 23
141 5 10
141 4 10
100 22 41
161 126 15
18 54 14
18 55 13
18 56 13
18 57 13
18 58 13
18 59 14
18 60 16
18 61 19
18 62 27
18 63 40
18 64 60
18 65 88
18 66 124
18 67 160
18 68 186
18 69 195
18 70 185
18 71 164
18 72 141
18 73 122
18 74 109
18 75 102
18 76 95
18 77 85
18 78 71
18 79 55
18 80 42
28 102 10
28 103 10
28 104 11
120 154 45
110 103 158
131 11 28
172 2 11
182 51 13
192 99 101
192 98 112
59 49 11
151 124 11
49 49 12
151 137 11
120 194 10
90 51 70
192 135 35
192 136 35
192 137 37
110 154 20
192 139 39
192 138 38
121 11 152
162 3 10
172 51 56
110 167 28
141 120 49
39 49 42
80 50 69
182 131 127
80 51 74
100 151 12
141 146 10
100 161 11
162 50 72
111 11 46
152 3 10
162 51 67
131 113 33
29 51 36
29 52 36
29 53 38
172 126 129
29 54 43
70 49 29
90 151 15
90 161 11
131 154 60
142 3 10
121 108 21
101 22 36
162 126 17
19 54 13
29 104 10
60 49 11
111 103 117
121 154 49
19 80 32
19 81 25
19 82 20
132 11 26
173 2 11
183 51 14
193 99 87
152 124 11
50 49 12
152 135 11
152 136 10
152 137 10
121 194 10
91 51 52
193 134 36
193 135 34
111 154 27
122 11 169
163 3 10
173 51 41
111 167 36
111 168 46
142 120 36
40 49 31
142 137 12
142 138 11
183 131 140
142 139 11
142 140 11
142 141 11
142 142 11
142 143 11
142 144 11
142 145 11
142 146 10
101 151 11
81 51 81
101 161 11
112 11 68
153 3 10
163 51 68
132 113 37
132 114 40
30 51 38
173 126 142
71 49 39
91 151 15
91 161 11
132 154 48
143 3 10
122 108 19
102 22 32
163 126 18
20 54 12
30 104 10
61 49 11
112 103 89
122 154 54
20 82 16
194 99 73
194 100 65
194 101 62
133 11 23
174 2 12
184 51 15
194 102 62
194 103 62
194 104 61
194 105 56
194 106 48
194 107 39
194 108 32
