128 0 11
128 1 11
128 2 10
97 63 11
169 2 91
123 3 11
123 4 10
92 63 10
164 0 218
87 63 10
159 0 644
82 59 11
154 0 351
118 48 10
77 59 11
149 0 52
72 59 11
144 0 24
113 63 13
185 5 15
67 59 18
139 0 12
108 63 13
180 4 14
62 59 34
62 60 31
62 61 28
62 62 25
62 63 22
62 64 19
62 65 16
62 66 15
62 67 14
62 68 14
62 69 13
62 70 13
103 63 12
62 71 13
62 72 14
175 2 23
134 0 11
129 0 11
98 63 11
170 2 80
57 80 117
57 81 135
57 82 156
57 83 174
57 84 183
57 85 177
57 86 156
57 87 127
57 88 97
57 89 73
57 90 55
57 91 42
57 92 34
57 93 30
57 94 29
93 63 10
57 95 32
57 96 36
57 97 42
57 98 46
57 99 45
57 100 38
57 101 30
57 102 22
57 103 17
57 104 14
57 105 12
57 106 11
57 108 11
57 109 11
57 110 11
57 111 11
57 112 11
57 113 11
57 107 11
165 0 176
124 3 10
88 63 10
160 0 550
83 59 10
83 60 10
83 61 11
155 0 483
119 48 10
78 59 11
150 0 73
73 59 11
145 0 27
114 63 13
186 5 16
68 59 16
140 0 14
109 63 14
181 4 14
63 59 29
135 0 11
104 63 12
176 2 20
176 3 17
130 0 11
99 63 11
171 2 67
58 77 52
58 78 65
58 79 79
58 80 97
125 2 11
125 3 10
94 63 10
166 0 152
58 113 11
89 63 10
161 0 447
84 61 10
156 0 607
120 48 10
79 59 11
151 0 108
74 59 11
146 0 30
115 63 14
115 64 15
115 65 18
187 5 17
69 59 14
141 0 16
110 63 14
182 4 15
182 5 14
64 59 25
136 0 11
105 63 12
177 3 16
131 0 11
100 63 11
172 2 54
59 75 27
59 76 32
59 77 40
126 2 10
95 63 10
167 0 138
167 1 125
59 113 11
121 5 10
121 6 10
90 63 10
162 0 356
121 7 10
121 8 10
121 9 10
121 10 10
121 11 10
121 12 10
121 13 10
121 14 10
121 15 10
121 16 10
121 17 11
121 18 11
121 19 11
121 20 11
121 21 11
121 22 11
121 23 12
121 24 12
121 25 12
121 26 13
85 61 10
85 62 11
121 27 13
157 0 686
121 28 13
121 29 13
121 30 12
121 31 11
121 32 11
121 33 11
121 34 11
121 35 11
121 36 10
121 37 10
121 38 11
121 39 11
121 40 11
121 41 11
121 42 11
121 43 11
121 44 11
121 45 11
80 59 11
121 46 11
121 47 11
121 48 10
152 0 163
116 48 10
116 49 10
116 50 10
75 59 11
116 51 10
116 52 10
116 53 10
116 54 10
147 0 34
116 55 10
116 56 11
116 57 11
116 58 11
116 59 12
116 60 12
116 61 13
116 62 14
116 65 21
116 66 31
116 63 15
116 64 17
188 5 19
70 59 13
142 0 19
111 63 13
183 5 14
65 59 23
137 0 11
106 63 13
178 3 15
178 4 14
132 0 11
101 63 12
60 74 19
60 75 22
173 2 41
127 2 10
96 63 11
168 1 114
168 2 102
122 4 11
122 5 10
91 63 10
163 0 279
86 62 10
86 63 11
158 0 698
81 59 11
153 0 242
117 48 10
76 59 11
148 0 40
189 5 24
189 6 29
189 7 38
71 59 12
143 0 22
112 63 13
184 5 14
66 59 20
138 0 12
107 63 13
179 4 14
133 0 11
102 63 12
61 72 15
61 73 16
61 74 17
174 2 30
