92 51 11
92 52 10
92 53 10
153 142 64
174 42 26
71 170 97
92 67 15
51 82 67
51 83 60
133 67 125
133 66 106
82 34 10
143 125 13
143 129 12
143 130 12
61 170 96
82 67 23
123 66 58
123 67 57
164 59 149
72 32 11
41 90 32
184 171 33
184 172 29
184 173 25
184 174 22
184 175 19
184 176 17
184 177 16
51 170 33
51 171 38
51 172 46
51 173 58
51 174 75
51 175 96
51 176 116
72 68 28
72 69 29
72 70 32
113 67 19
113 66 19
31 90 49
154 66 150
174 166 16
154 70 75
154 71 75
185 16 10
41 164 19
41 165 18
41 166 17
103 60 11
31 128 12
82 170 378
103 67 19
62 75 373
144 66 59
144 67 62
154 117 82
164 166 95
93 53 11
93 54 10
154 142 76
175 42 23
72 170 97
93 67 15
52 82 72
134 67 142
134 66 124
83 34 10
144 124 14
144 125 13
144 130 13
144 131 13
144 132 14
144 133 15
144 134 15
62 170 121
83 67 20
124 66 52
124 67 52
165 59 150
73 32 11
42 90 29
185 177 16
52 170 36
73 67 23
73 68 25
114 66 23
114 67 23
32 90 56
155 66 160
175 166 16
155 71 76
155 72 75
155 73 78
155 74 82
155 75 87
155 76 92
155 77 94
155 78 94
155 79 91
155 80 87
155 81 82
155 82 78
155 83 76
155 84 75
155 85 77
155 86 81
155 87 87
155 88 91
155 89 93
155 90 92
155 91 90
155 92 88
155 93 88
42 166 17
155 94 91
155 95 98
155 96 108
155 97 122
155 98 141
104 60 11
155 99 162
155 100 188
155 101 218
32 128 12
32 129 13
83 170 355
104 67 20
63 75 376
155 102 247
155 103 264
155 104 261
155 105 234
155 106 193
155 107 149
145 67 60
155 108 112
155 117 72
165 166 87
155 109 86
155 110 70
155 111 58
155 112 50
155 113 46
155 114 45
145 66 58
186 16 10
94 54 11
94 55 10
155 142 88
176 41 18
176 42 20
73 170 105
94 67 16
53 82 78
135 67 152
135 66 138
84 34 10
145 123 16
145 124 15
145 134 16
145 135 17
145 136 17
63 170 144
84 67 18
125 66 48
125 67 50
166 59 138
74 32 11
43 90 27
186 177 17
53 170 37
74 67 24
115 66 28
115 67 28
33 90 64
156 66 170
176 166 17
176 167 18
176 168 21
176 169 24
176 170 27
176 171 30
187 16 10
43 166 16
43 167 15
105 60 11
33 129 13
33 130 14
84 170 322
105 67 20
64 75 353
156 114 43
146 67 62
146 68 67
156 117 64
166 166 75
156 115 46
146 66 62
156 142 100
95 55 11
95 56 10
177 41 16
177 40 15
74 170 123
95 67 16
54 81 88
54 82 84
136 67 154
136 66 143
146 119 35
146 120 29
146 121 24
85 34 10
146 123 18
146 122 21
146 136 18
146 137 18
146 138 18
64 170 159
85 67 16
126 66 47
126 67 51
167 59 118
75 32 11
44 90 25
187 177 18
54 170 36
75 67 25
116 66 35
116 67 35
157 64 193
157 65 191
34 90 71
157 66 184
188 16 10
177 171 34
44 167 15
106 60 12
34 130 14
34 131 14
34 132 14
34 133 14
34 134 14
34 135 14
34 136 13
34 137 13
24 90 19
24 91 21
24 92 23
24 93 26
24 94 28
24 95 27
24 96 25
24 97 22
24 98 18
24 99 15
24 100 14
24 101 13
24 102 12
24 103 12
24 104 11
24 105 11
24 106 11
24 107 11
24 108 11
24 109 11
24 110 11
24 111 10
24 112 10
24 113 10
24 114 10
24 115 10
24 116 10
24 117 11
24 118 11
24 119 11
96 56 11
96 57 10
24 120 11
24 121 11
24 122 11
24 123 11
24 124 10
24 125 10
24 126 10
157 117 58
34 154 20
34 153 20
34 152 21
34 151 22
34 150 22
34 149 22
34 148 20
34 147 19
34 146 17
34 145 16
34 144 14
147 117 55
147 118 48
147 119 41
34 143 13
34 142 13
86 34 10
34 141 12
34 140 12
34 139 12
34 138 12
75 170 152
85 170 289
167 166 60
157 145 157
157 144 146
157 143 130
157 142 114
106 67 20
96 67 16
65 75 309
55 81 90
147 138 19
147 139 19
147 140 20
137 67 147
147 68 70
157 115 45
137 66 138
147 66 70
178 40 14
178 39 14
65 170 162
86 67 15
127 66 47
127 67 52
168 59 96
76 32 11
45 90 23
137 129 15
188 177 20
188 178 23
188 179 30
188 180 40
188 181 56
188 182 77
188 183 102
188 184 132
55 170 36
76 67 27
117 66 45
117 67 44
158 62 159
158 63 170
158 64 182
35 90 74
189 16 10
178 171 40
45 167 16
45 168 15
45 169 15
107 60 12
86 170 263
86 171 235
107 67 18
66 75 254
25 90 21
158 115 48
148 68 74
158 117 55
168 166 45
158 116 50
148 66 81
35 154 19
179 35 12
179 36 12
179 37 12
179 38 13
179 39 13
97 57 10
158 146 158
158 147 149
158 148 137
158 149 119
25 126 11
158 151 81
158 152 67
158 150 99
76 170 192
158 145 162
97 67 16
56 80 100
56 81 95
138 66 128
138 67 135
148 117 60
87 34 10
148 140 21
66 170 157
87 67 14
128 66 48
128 67 55
169 59 78
77 32 11
46 90 23
138 129 14
189 184 177
56 170 37
77 67 28
118 66 56
118 67 53
159 61 130
159 62 142
36 90 72
190 16 10
179 171 45
46 169 16
108 60 12
108 61 12
108 62 13
108 63 13
108 64 14
108 65 16
108 66 17
108 67 17
87 171 214
87 172 188
87 173 178
67 75 203
26 90 24
149 66 94
149 68 78
159 117 58
169 166 34
149 69 82
36 154 19
36 155 18
180 30 12
180 31 11
180 32 11
180 33 11
180 34 11
180 35 11
98 57 11
98 58 10
26 126 11
159 152 60
159 153 55
77 170 237
159 155 58
159 156 66
159 157 78
159 158 92
159 159 107
159 160 123
159 161 136
159 162 141
159 163 139
159 164 131
149 117 67
159 165 122
159 154 54
98 67 16
57 79 122
88 34 10
57 80 109
139 67 121
139 66 115
149 140 24
149 141 25
149 142 29
67 170 147
88 67 14
129 66 52
129 67 61
170 59 65
170 58 55
78 32 11
47 88 28
47 89 25
47 90 23
139 129 13
57 170 40
78 67 28
119 66 65
119 67 61
160 60 114
68 29 14
68 30 13
68 31 12
68 32 11
160 61 121
37 90 64
160 59 114
180 171 48
47 169 17
47 170 18
47 171 20
109 66 16
68 75 157
109 67 16
88 173 164
27 90 29
150 66 106
160 117 66
170 166 26
150 69 82
37 155 17
181 30 11
99 58 10
27 126 11
78 170 281
99 67 16
58 77 195
58 78 164
58 79 142
140 66 101
140 67 107
150 117 74
160 166 103
160 165 114
89 34 10
89 35 10
89 36 10
89 37 10
89 38 10
89 39 10
150 142 34
68 170 134
89 67 14
171 57 42
130 66 59
130 67 72
171 58 48
48 87 33
79 32 11
48 88 29
140 128 13
140 129 12
58 170 47
79 67 28
120 66 70
120 67 66
161 59 114
69 32 11
38 90 54
181 171 48
48 171 23
110 66 16
69 75 117
110 67 16
28 90 34
151 66 118
161 117 81
171 166 21
151 69 80
38 155 17
38 156 16
182 29 12
182 30 11
100 58 10
28 126 11
79 170 326
100 67 16
59 75 295
59 76 260
59 77 227
141 66 86
141 67 91
151 117 83
161 166 98
90 39 11
90 40 11
90 41 11
90 42 11
90 43 12
90 44 12
90 45 12
90 46 11
90 47 11
90 48 11
90 49 11
90 50 10
151 142 42
172 44 42
172 45 47
172 46 52
172 47 56
172 48 58
172 49 59
69 170 118
90 67 14
172 52 50
172 53 45
172 54 41
172 55 38
172 56 37
172 57 39
131 66 71
131 67 87
172 51 54
49 85 45
49 86 40
49 87 36
80 32 11
172 50 57
141 127 13
141 128 12
141 129 12
59 170 58
80 67 27
121 66 70
121 67 65
162 59 124
70 32 11
39 90 45
182 171 44
49 171 28
111 66 16
70 75 87
111 67 16
29 90 39
152 66 130
162 117 105
172 166 18
152 69 79
152 70 79
183 17 10
183 18 10
183 19 10
183 20 10
183 21 10
183 22 11
183 23 11
183 24 11
183 25 11
183 26 11
183 27 11
39 156 16
183 29 11
183 28 11
183 16 10
101 58 11
101 59 10
101 60 10
29 126 11
29 127 12
29 128 12
80 170 363
101 67 17
60 75 322
142 66 73
142 67 78
152 117 89
162 166 97
91 50 11
91 51 10
152 142 53
173 42 30
173 43 33
173 44 38
70 170 105
91 67 14
132 66 87
50 83 57
50 84 52
50 85 48
132 67 105
81 32 11
81 33 11
81 34 10
142 125 14
142 126 13
142 127 12
142 129 12
60 170 74
81 67 25
122 66 65
122 67 62
163 59 138
71 32 11
40 90 37
183 171 39
50 171 33
71 70 35
71 71 39
71 72 47
71 73 55
71 74 61
71 75 68
112 67 17
112 66 17
30 90 44
153 66 141
173 166 17
153 70 75
184 16 10
40 156 17
40 157 16
40 158 17
40 159 18
40 160 19
40 161 20
40 162 20
40 163 20
40 164 19
102 60 11
30 128 12
81 170 382
102 67 18
61 75 351
143 66 64
143 67 68
153 117 88
163 166 97
