128 6 208
174 23 12
76 172 319
174 30 12
56 87 11
169 19 20
123 7 267
123 8 296
112 159 14
112 160 13
71 172 281
164 6 254
51 85 10
169 51 13
66 172 162
107 165 17
159 6 436
107 166 18
36 34 17
36 35 16
36 36 15
46 85 11
36 37 15
36 38 15
36 39 15
36 40 15
36 41 15
36 42 16
36 43 16
36 44 17
36 45 17
36 46 18
36 47 18
36 48 19
36 49 20
164 51 14
164 52 14
164 53 14
154 6 366
36 50 20
36 51 21
36 52 21
36 53 20
36 54 20
36 55 18
36 56 17
36 57 15
36 58 14
41 85 12
36 59 13
36 60 12
36 61 11
36 62 11
36 63 11
36 64 11
36 65 10
36 66 10
36 67 10
36 68 10
36 69 10
36 70 10
36 71 10
149 6 201
36 72 10
159 56 18
36 73 10
36 74 10
36 75 10
36 76 10
36 77 11
31 34 15
31 33 16
31 32 16
31 31 16
31 30 17
31 29 17
31 28 17
31 27 17
31 26 17
26 25 16
61 172 120
21 25 16
102 172 48
56 172 92
133 140 22
133 141 20
144 6 156
97 172 74
51 172 42
92 172 91
154 61 20
128 144 13
16 25 15
46 172 26
139 6 180
185 23 11
87 172 101
149 61 42
185 30 15
123 146 11
11 22 16
67 87 22
134 6 234
180 23 11
82 172 181
144 61 109
180 30 13
6 17 29
6 18 26
118 150 12
62 87 14
129 6 213
175 23 12
77 172 303
175 30 12
57 87 11
170 19 18
170 20 17
170 21 16
124 7 244
113 159 13
72 172 303
165 6 221
52 85 10
119 8 504
119 9 590
119 10 701
170 51 13
119 12 1007
119 11 840
160 6 409
108 164 15
108 165 16
67 172 181
47 85 11
165 51 13
62 172 123
155 6 404
32 34 15
103 172 44
42 85 12
27 25 16
57 172 102
37 77 10
160 54 17
160 55 17
160 56 17
150 6 222
134 140 23
98 172 69
22 25 16
52 172 50
145 6 161
93 172 89
155 61 18
129 142 15
129 143 14
129 144 13
17 25 15
47 172 27
140 6 169
186 23 11
88 172 96
150 61 35
186 30 16
42 159 70
42 160 57
42 161 48
124 146 11
42 163 36
42 162 41
12 22 15
68 87 25
135 6 227
181 23 11
83 172 157
145 61 90
181 30 13
7 18 24
7 19 22
119 150 12
63 87 15
130 6 221
176 23 11
78 172 284
176 30 12
114 150 14
58 87 11
114 151 14
114 152 14
114 153 14
114 154 14
114 155 14
171 21 15
125 6 217
125 7 229
171 22 14
114 156 14
114 157 14
114 158 14
114 159 13
73 172 319
166 6 192
166 7 175
166 8 156
166 9 136
166 10 115
166 11 95
166 12 77
166 13 62
166 14 52
166 15 44
166 16 38
53 85 10
120 8 438
171 51 14
109 163 14
109 164 14
161 6 373
68 172 203
48 85 10
166 51 13
63 172 128
156 6 434
33 34 15
104 172 40
43 85 11
28 25 16
58 172 110
38 77 10
151 6 251
161 54 16
38 80 11
38 81 11
38 82 11
38 83 11
38 84 12
38 85 12
38 78 11
38 79 11
135 137 28
135 138 27
135 139 25
135 140 24
99 172 64
23 25 16
53 172 59
146 6 168
94 172 87
156 61 18
130 142 16
18 25 15
48 172 29
141 6 161
187 23 11
89 172 94
151 61 29
187 30 16
125 146 11
43 163 33
43 164 30
13 22 15
69 87 28
136 6 217
182 23 11
84 172 137
146 61 74
182 30 14
8 19 21
120 150 12
64 87 17
131 6 229
177 23 11
79 172 261
177 30 12
3 15 54
115 150 13
59 87 12
126 6 210
172 22 13
172 23 13
74 172 328
172 30 12
172 31 12
172 32 12
172 33 12
172 34 12
172 35 12
172 36 12
172 37 12
172 38 12
172 39 13
172 40 13
172 41 14
172 42 14
172 43 14
172 44 14
172 45 14
172 46 14
172 47 14
172 48 14
172 49 14
172 50 15
172 51 15
121 8 381
167 16 33
162 6 333
54 85 10
110 163 14
69 172 229
49 85 10
167 51 13
64 172 136
157 6 450
34 34 15
105 172 36
44 85 11
29 25 16
136 131 39
136 132 37
136 133 35
162 54 16
152 6 285
136 135 32
136 136 31
136 137 29
136 134 34
59 172 115
39 85 12
100 172 59
24 25 16
54 172 70
147 6 177
95 172 83
157 61 17
131 142 17
19 25 15
49 172 32
142 6 156
188 23 11
188 24 12
188 25 12
188 26 13
188 27 14
188 28 15
152 61 25
188 30 16
188 29 15
90 172 92
126 144 12
126 145 12
126 146 11
44 164 29
44 165 27
14 22 15
70 87 31
14 24 14
14 23 15
137 6 205
183 23 11
85 172 121
147 61 61
183 30 15
121 146 12
9 19 20
9 20 19
121 147 11
121 148 11
65 87 18
121 149 11
121 150 11
132 6 234
178 23 11
80 172 236
178 30 12
4 15 47
4 16 41
116 150 13
60 87 12
127 6 207
173 23 12
75 172 327
173 30 12
55 85 10
55 86 10
55 87 10
168 16 29
168 17 26
168 18 24
168 19 23
122 8 333
111 160 13
111 161 13
111 162 13
111 163 13
70 172 255
163 6 292
50 85 10
168 51 13
65 172 147
158 6 451
106 166 21
106 167 22
106 168 24
35 34 16
106 169 26
106 170 29
45 85 11
106 171 31
106 172 33
30 25 16
30 26 16
60 172 118
163 53 15
163 54 15
153 6 325
101 172 53
40 85 12
25 25 16
55 172 81
148 6 187
158 56 19
158 57 18
158 58 18
158 59 18
158 60 18
158 61 17
132 141 19
132 142 18
96 172 79
20 25 16
50 172 36
143 6 155
91 172 92
153 61 22
127 144 12
45 165 26
45 166 26
71 87 35
71 88 41
71 89 50
71 90 61
71 91 73
71 92 85
15 25 14
138 6 192
184 23 11
15 24 14
45 167 26
45 168 26
45 169 26
45 170 26
148 61 51
184 30 15
45 171 26
45 172 25
86 172 109
122 146 11
10 20 18
10 21 17
10 22 16
66 87 20
133 6 236
179 23 11
81 172 208
143 61 133
179 30 13
5 16 36
5 17 32
117 150 13
61 87 13
