102 80 57
69 26 18
69 27 18
46 18 372
97 74 100
97 75 95
92 52 90
92 51 78
92 50 68
64 22 18
41 18 533
87 47 38
59 18 25
82 45 26
54 18 50
77 34 25
77 35 24
77 36 23
49 18 169
72 27 20
72 28 20
72 29 21
100 78 69
100 79 66
67 25 17
67 26 17
44 18 501
95 70 120
95 71 117
95 72 115
90 49 49
90 48 46
62 19 20
39 18 465
85 46 33
57 18 32
80 42 21
80 43 21
52 18 73
75 31 26
75 32 26
103 80 54
103 81 52
103 82 53
103 83 55
103 84 58
103 85 62
103 86 65
103 87 67
103 88 69
103 89 69
103 90 68
103 91 64
103 92 58
103 93 51
103 94 44
103 95 37
103 96 31
103 97 26
103 98 22
98 75 92
98 76 86
98 77 83
93 54 135
93 55 149
93 56 163
93 57 178
93 58 189
93 59 196
93 60 197
93 61 193
93 62 185
93 63 174
93 64 162
93 65 151
93 66 141
93 67 134
93 53 120
103 117 11
103 118 11
103 119 11
103 120 10
93 52 105
103 99 20
103 100 18
103 101 17
103 102 17
103 103 16
103 104 16
103 105 16
103 106 16
103 107 16
103 108 16
103 109 17
103 110 16
103 111 16
103 112 15
103 136 10
103 137 10
103 138 10
103 139 10
103 140 10
103 141 10
103 142 10
103 143 10
103 144 10
103 145 10
103 146 10
103 147 10
103 148 10
103 149 10
103 150 10
103 151 10
103 152 10
103 153 10
103 154 10
103 155 10
103 156 10
103 157 10
103 158 10
103 159 10
103 160 10
103 161 10
103 113 14
103 114 13
103 115 12
103 116 12
103 121 10
103 122 10
103 123 10
103 124 10
103 125 10
103 126 10
103 127 10
103 128 10
103 129 10
103 130 10
103 131 10
103 132 10
103 133 10
103 134 10
103 135 10
88 48 41
88 47 40
83 46 29
83 45 28
78 39 20
78 38 21
78 37 21
78 36 22
73 30 23
73 29 22
101 79 62
70 27 19
65 24 17
68 26 18
65 23 18
65 22 19
60 18 23
55 18 43
50 18 125
47 18 297
45 18 444
42 18 546
96 72 113
96 73 107
96 74 103
91 50 60
91 49 54
63 21 19
63 22 18
63 20 19
63 19 20
40 18 504
86 46 36
86 47 37
58 18 28
81 43 22
81 44 23
81 45 24
53 18 60
76 32 27
76 33 26
76 34 25
48 18 227
71 27 19
99 77 78
99 78 74
66 24 18
66 25 17
43 18 536
94 67 131
94 68 126
94 69 123
94 70 122
89 48 43
61 18 22
61 19 21
84 46 31
56 18 37
79 39 20
79 40 20
79 41 20
79 42 20
51 18 94
74 30 24
74 31 25
102 79 60
