112 130 10
89 123 58
51 51 13
66 123 10
130 130 128
107 130 10
84 123 19
46 47 10
46 48 11
61 123 10
153 155 10
125 130 23
41 37 10
41 38 10
41 39 10
41 40 10
41 41 11
102 127 11
79 123 12
102 128 11
148 141 10
148 142 10
148 143 10
148 144 10
148 145 10
148 146 10
56 123 10
148 147 10
143 133 42
143 134 33
148 148 10
148 149 10
148 150 10
120 130 11
97 123 25
97 124 22
36 37 13
148 151 10
148 152 10
148 153 11
74 123 11
138 130 147
115 130 10
92 123 63
69 123 10
54 54 28
54 55 30
54 56 31
54 57 32
133 130 191
110 130 10
87 123 38
49 48 10
49 49 11
49 50 11
64 123 10
54 75 18
54 76 19
54 77 21
54 78 23
54 80 29
54 79 26
128 130 69
156 156 10
156 157 11
156 158 11
105 128 10
105 129 10
105 130 10
82 123 14
44 44 10
44 45 10
44 46 11
151 154 10
59 123 10
151 155 11
146 136 13
123 130 14
39 37 11
100 126 13
77 123 11
54 123 10
141 132 79
141 133 66
118 130 10
95 123 37
34 37 14
72 123 10
136 130 173
113 130 10
90 123 65
52 51 14
52 52 16
67 123 10
131 130 157
108 130 10
85 123 23
47 48 10
62 123 10
154 155 10
154 156 11
52 81 36
52 82 37
52 83 37
52 84 39
52 85 42
52 86 45
52 87 50
52 88 55
42 41 10
42 42 10
42 43 11
52 89 59
52 93 47
52 94 39
52 95 31
52 96 24
52 97 19
52 98 15
52 99 13
52 100 11
52 101 11
52 102 10
52 103 10
52 104 10
52 105 10
52 106 10
52 107 10
52 108 10
37 37 12
52 109 10
52 110 10
52 111 10
52 112 10
52 113 10
52 114 10
52 115 10
52 116 10
52 117 10
52 118 10
52 119 10
52 120 10
52 121 10
52 122 10
52 123 10
57 123 10
52 90 61
52 91 60
52 92 55
75 123 11
80 123 12
93 123 56
98 124 19
98 125 17
103 128 11
116 130 10
121 130 11
126 130 32
139 130 138
70 123 10
139 131 123
144 134 26
144 135 21
149 153 10
149 154 11
55 57 29
55 58 26
55 59 24
55 60 22
55 61 20
55 62 18
55 63 16
55 64 15
55 65 14
55 66 14
55 67 13
55 68 13
55 69 13
55 70 13
55 71 13
55 72 13
55 73 14
50 50 11
50 51 12
55 74 14
55 75 15
65 123 10
88 123 48
111 130 10
134 130 192
129 130 97
106 130 10
83 123 16
45 46 10
45 47 11
60 123 10
152 155 10
147 136 12
147 137 12
124 130 17
147 138 11
147 139 11
40 37 11
101 126 12
101 127 12
147 140 11
147 141 11
78 123 11
55 123 10
142 133 52
119 130 10
96 123 30
35 37 13
73 123 10
137 130 160
114 130 10
91 123 67
68 123 10
53 52 18
53 53 21
53 54 25
132 130 179
109 130 10
86 123 30
48 48 10
63 123 10
155 156 10
53 80 32
53 81 33
127 130 47
104 128 11
43 43 10
43 44 11
81 123 13
150 154 10
58 123 10
145 135 17
145 136 15
122 130 12
38 37 11
99 125 15
99 126 14
76 123 11
53 123 10
140 131 110
140 132 94
117 130 10
33 35 18
33 36 16
33 37 15
94 123 46
71 123 10
135 130 185
