163 168 11
163 169 10
30 147 10
30 148 10
30 149 10
30 150 10
10 71 11
10 72 10
123 0 10
112 163 11
164 4 12
143 113 40
20 138 122
20 139 115
20 140 108
71 178 13
153 166 10
82 40 22
102 156 11
102 157 10
10 128 18
10 129 20
102 163 10
154 4 10
133 113 89
61 178 15
143 163 13
164 71 53
72 40 32
31 66 10
164 96 10
51 170 58
51 171 57
51 172 56
144 4 10
92 168 23
123 113 13
92 169 26
133 163 123
185 4 10
62 38 14
41 155 10
21 67 10
134 4 14
154 102 12
123 163 32
175 4 10
113 117 10
82 178 43
164 169 10
31 150 10
31 151 11
11 70 11
11 71 10
124 0 10
113 163 11
165 4 12
144 113 31
72 178 13
21 140 95
21 141 82
154 166 10
83 40 23
103 156 10
11 129 22
103 163 10
155 4 10
134 113 91
62 178 15
144 163 12
165 71 46
73 40 36
32 66 10
165 95 11
165 96 10
52 172 53
52 173 49
52 174 45
93 167 18
93 168 20
124 113 15
145 4 10
134 163 112
186 4 10
63 38 16
42 155 10
42 156 11
42 157 11
42 158 11
42 159 11
42 160 12
42 161 12
42 162 12
22 67 10
42 163 13
135 4 13
155 102 11
124 163 38
176 4 10
114 117 10
83 178 48
165 169 11
165 170 10
165 171 10
165 172 10
165 173 10
165 174 10
165 175 11
165 176 11
165 177 11
165 178 12
165 179 12
165 180 13
165 181 14
165 182 14
165 183 15
165 184 17
165 185 18
165 186 20
165 187 22
165 188 23
12 69 11
12 70 10
32 151 10
32 152 11
125 0 10
125 1 10
125 2 10
125 3 10
125 4 10
114 163 11
166 4 13
145 112 19
145 113 23
73 178 14
22 141 67
155 166 10
22 142 54
22 143 43
84 40 25
104 155 11
104 156 10
12 129 24
12 130 27
104 163 10
12 131 32
156 4 10
135 113 92
63 178 15
145 163 12
166 71 41
74 40 38
166 94 12
166 95 11
146 4 10
53 174 39
53 175 34
94 167 16
125 113 19
94 166 15
135 163 94
187 4 10
64 38 17
23 66 11
23 67 10
43 163 13
43 164 14
136 4 12
156 102 11
125 163 43
115 116 11
115 117 10
177 4 10
84 177 59
84 178 53
33 152 10
13 69 10
126 4 11
115 163 11
167 4 13
146 112 15
74 178 14
156 166 10
23 143 32
85 40 28
105 155 10
105 163 10
13 131 37
13 132 43
157 4 10
136 113 91
64 178 15
146 163 12
146 164 11
167 71 36
75 40 39
167 94 13
147 4 10
95 166 13
54 175 30
54 176 25
126 113 25
54 177 22
136 163 73
54 178 21
65 38 18
24 66 10
44 164 15
44 165 18
157 98 11
157 99 10
157 100 10
157 101 10
157 102 10
137 4 11
116 114 11
126 163 51
116 116 10
116 115 10
178 4 10
85 177 64
34 152 10
34 153 11
14 68 11
14 69 10
127 4 11
116 163 12
168 4 13
147 111 12
147 112 13
75 178 16
157 166 11
157 167 10
24 143 25
24 144 20
24 145 17
86 40 34
117 0 10
106 154 11
106 155 10
106 163 10
14 132 50
14 133 55
14 134 62
158 4 10
137 113 89
65 178 14
147 164 11
168 71 33
76 40 37
168 72 42
168 73 53
168 74 64
168 75 74
168 76 80
168 77 81
168 78 76
168 79 67
168 80 56
168 81 45
168 82 37
168 83 32
168 84 29
168 85 28
168 86 28
168 87 29
168 88 30
168 89 30
168 90 28
168 91 24
168 92 20
168 93 16
168 94 14
96 163 12
96 164 12
96 165 12
96 166 12
148 4 10
127 113 34
55 178 18
137 163 54
66 38 19
25 66 10
45 165 19
158 97 10
158 98 10
56 19 116
56 20 73
56 21 45
56 22 28
56 23 19
56 24 15
56 25 13
56 26 12
56 27 11
56 28 11
56 29 11
56 30 11
56 31 10
117 113 10
117 114 10
127 163 61
86 177 68
138 4 11
179 4 10
35 153 10
15 67 11
15 68 10
128 4 12
117 163 12
169 4 12
148 109 11
148 110 11
107 119 10
107 120 10
107 121 10
107 122 10
107 123 10
107 124 10
107 125 10
107 126 10
158 167 10
107 128 10
107 129 11
107 130 11
107 131 11
107 132 11
107 133 11
107 134 11
87 39 61
87 40 43
107 135 12
107 136 12
107 137 12
107 138 12
107 140 12
107 141 12
107 142 13
107 143 14
107 144 14
107 145 14
107 146 14
107 147 14
107 148 14
107 149 13
107 151 12
107 152 11
107 153 11
107 154 10
107 150 12
107 139 12
107 127 10
148 111 11
25 145 14
25 146 13
76 178 18
118 0 10
107 163 10
159 4 10
15 134 68
15 135 75
138 113 85
66 178 14
148 164 11
77 40 34
97 163 11
149 4 10
128 113 46
56 178 17
138 163 39
67 38 20
67 39 21
26 66 10
46 165 22
46 166 26
159 96 11
159 97 10
139 4 11
118 113 10
128 163 73
180 4 10
57 31 11
57 32 10
57 33 10
87 176 76
87 177 73
36 153 10
16 67 10
129 4 13
118 163 13
170 4 12
149 109 11
108 118 11
108 119 10
77 178 20
159 167 10
26 146 12
119 0 10
108 163 11
160 4 10
16 135 83
16 136 91
139 113 79
67 178 14
149 164 11
78 40 30
98 163 11
150 4 10
129 113 58
57 178 16
139 163 28
68 39 22
27 66 10
47 166 29
47 167 34
160 96 10
140 4 10
119 113 11
129 163 89
181 4 10
88 175 80
88 176 78
58 33 11
58 34 10
58 35 10
58 36 10
58 37 10
58 38 10
37 153 10
37 154 11
17 67 10
130 4 14
119 163 15
171 4 11
150 109 11
109 118 10
78 178 24
160 167 11
160 168 10
27 146 11
27 147 11
120 0 10
7 73 11
7 74 10
7 75 10
7 76 10
7 77 10
7 78 10
7 79 10
7 80 10
7 81 10
7 82 10
7 83 10
7 84 10
7 85 10
7 86 10
7 87 10
7 88 10
7 89 10
7 90 10
7 91 10
7 92 10
7 93 10
7 94 10
7 95 10
7 96 10
7 97 10
7 98 10
7 99 10
7 100 10
7 101 10
7 102 10
150 166 10
79 40 27
150 165 11
150 164 11
109 163 11
140 113 71
7 103 10
7 104 10
7 105 10
7 106 10
7 107 10
7 108 10
7 109 10
7 110 10
7 111 10
7 112 10
7 113 10
7 114 10
7 115 10
7 116 10
7 117 10
7 118 10
7 119 10
7 120 10
7 121 11
99 160 11
99 161 10
99 162 10
99 163 10
7 122 11
7 123 11
7 124 12
7 125 13
7 126 13
130 113 69
17 136 100
140 163 21
17 137 110
58 178 16
68 178 13
161 4 10
151 4 10
69 39 23
28 66 10
48 167 37
161 96 10
141 4 10
120 113 11
130 163 105
89 172 69
89 173 74
89 174 78
89 175 81
182 4 10
59 38 11
38 154 10
18 67 10
131 4 15
120 163 18
151 108 10
151 109 10
110 118 10
172 4 11
79 178 28
161 168 10
28 147 11
121 0 10
8 73 10
110 163 11
162 4 11
141 113 61
18 137 115
18 138 123
69 178 13
151 166 10
80 40 24
100 158 11
100 159 10
100 160 10
8 126 14
8 127 15
100 163 10
152 4 10
131 113 78
59 178 15
141 163 17
70 39 25
70 40 26
29 66 10
49 167 41
162 96 10
49 168 46
142 4 10
121 113 11
90 170 45
131 163 118
90 172 60
90 171 52
183 4 10
60 38 12
39 154 10
39 155 11
19 67 10
132 4 16
152 102 14
152 103 13
152 104 12
152 105 11
152 106 11
121 163 22
152 108 10
111 117 11
111 118 10
152 107 11
173 4 11
80 178 33
162 168 10
29 147 11
9 72 11
9 73 10
122 0 10
111 163 11
163 4 11
142 113 51
19 138 121
70 178 13
152 166 10
81 40 22
101 157 11
101 158 10
9 127 16
9 128 17
101 163 10
153 4 10
132 113 85
60 178 15
142 163 14
71 40 29
30 66 10
163 96 10
50 168 49
50 169 53
50 170 57
143 4 10
122 113 12
91 170 37
132 163 125
91 169 31
184 4 10
61 38 13
40 155 10
20 67 10
133 4 15
153 102 13
122 163 27
174 4 10
112 117 10
81 178 38
