66 112 366
153 124 20
153 125 19
97 67 10
117 166 10
30 159 19
30 160 17
30 161 15
30 162 14
179 60 91
61 119 82
61 120 81
92 67 10
112 167 11
148 137 23
25 162 14
56 121 59
87 67 10
107 168 14
107 169 14
20 162 17
143 137 16
174 80 49
174 81 47
174 82 46
174 83 46
82 67 10
51 124 27
51 123 28
15 162 15
138 139 12
46 130 63
133 141 13
169 112 273
195 33 17
195 34 17
195 35 16
169 113 248
77 87 13
77 88 13
77 89 14
41 130 114
164 113 279
128 146 16
190 35 18
36 133 77
159 113 229
72 106 153
72 107 180
185 53 32
31 134 116
31 135 127
31 136 142
31 137 157
31 138 172
31 139 191
31 140 222
67 109 393
67 110 408
31 143 357
31 144 379
31 145 370
31 146 334
31 147 282
31 148 228
31 149 179
31 150 138
31 151 102
31 152 73
31 153 52
31 154 39
98 67 10
31 156 26
31 157 24
31 158 22
31 159 20
31 155 31
31 142 314
31 141 265
123 166 10
185 54 31
185 55 31
154 124 21
118 166 10
180 60 72
62 118 90
62 119 85
93 67 10
113 167 11
149 137 24
26 162 14
175 71 44
175 72 51
57 121 64
175 73 60
88 67 10
175 74 69
175 75 75
175 76 75
175 77 70
108 168 13
144 137 18
21 162 17
175 78 63
175 79 56
175 80 52
83 67 10
52 123 30
16 162 15
139 139 12
47 130 57
134 141 13
170 111 342
170 112 302
196 33 17
78 86 12
78 87 12
42 130 106
165 113 259
129 146 15
191 35 18
37 133 75
73 105 121
73 106 131
160 113 258
186 51 29
186 52 30
32 133 93
32 134 101
124 165 11
124 166 10
186 53 31
68 108 342
68 109 375
155 123 28
155 124 24
119 166 10
181 60 58
63 117 107
63 118 97
94 67 10
114 166 10
114 167 10
150 137 24
27 162 13
176 71 39
58 120 75
58 121 70
89 67 10
109 167 12
109 168 12
145 137 20
22 162 17
53 122 37
84 67 10
53 123 33
140 137 13
17 162 16
140 138 13
140 139 12
48 129 50
48 130 53
135 141 13
171 111 373
197 33 18
79 86 12
43 130 93
166 113 240
130 146 14
192 35 18
38 133 74
74 104 107
74 105 110
161 113 284
187 35 16
187 36 16
187 37 16
187 38 16
187 39 15
187 40 15
125 153 10
125 154 10
125 155 10
125 156 10
125 157 10
125 158 10
125 159 10
125 160 10
125 161 10
125 162 10
125 163 10
125 164 10
33 133 85
125 165 10
187 41 15
187 42 15
187 43 16
187 44 17
69 107 283
69 108 317
187 45 18
187 46 19
187 47 20
187 48 21
187 49 22
187 50 24
187 51 26
156 123 33
156 122 40
120 166 10
182 60 50
64 114 202
64 115 168
64 116 141
64 117 123
95 67 10
115 166 10
151 136 24
151 137 23
28 162 13
177 60 138
177 61 129
177 62 108
177 63 83
177 64 60
177 65 44
177 66 35
177 67 29
177 68 27
177 69 28
177 70 31
177 71 34
59 120 77
90 67 10
110 167 12
146 137 22
23 162 16
54 122 41
85 67 10
141 137 14
18 162 16
172 84 50
172 85 52
172 86 56
172 87 67
172 88 87
172 89 121
172 90 171
172 91 236
172 92 308
172 93 386
172 94 462
172 95 512
13 152 52
13 153 36
13 154 27
80 67 10
80 68 10
80 69 10
80 70 10
49 127 36
80 71 10
49 128 40
49 129 45
80 72 11
80 73 11
80 74 11
80 75 11
80 76 11
80 77 11
80 78 11
80 79 11
80 80 11
80 81 11
80 82 11
80 83 11
80 84 11
80 85 11
80 86 11
13 155 22
13 156 20
13 157 19
13 158 18
13 159 18
13 160 17
13 161 17
13 162 16
44 130 81
172 96 523
172 97 498
172 98 452
172 99 403
172 100 364
172 101 345
172 102 349
172 103 377
136 141 13
172 104 422
172 105 468
172 106 498
172 107 507
172 108 494
75 89 19
75 90 21
75 91 24
75 92 30
75 93 39
75 94 52
75 95 70
75 96 91
75 97 113
39 130 112
39 131 92
39 132 78
75 101 115
75 102 108
75 103 105
75 104 106
39 133 72
75 100 125
75 99 130
75 98 127
172 109 468
172 110 437
172 111 411
167 113 229
131 146 14
193 35 17
162 113 297
126 146 17
126 147 16
126 148 15
126 149 13
126 150 12
126 151 11
126 152 11
126 153 10
188 35 16
34 133 81
70 107 247
157 122 49
121 166 10
183 57 34
183 58 37
183 59 40
183 60 43
65 112 328
65 113 280
65 114 238
152 125 19
152 126 19
152 127 19
152 128 20
152 129 22
152 130 23
96 67 10
152 131 25
152 132 26
152 133 25
116 166 10
152 135 24
152 136 23
29 162 14
152 134 25
178 60 115
60 120 78
91 67 10
111 167 11
147 137 23
24 162 15
55 121 55
55 122 47
86 67 10
106 169 15
19 162 17
106 170 16
106 171 17
106 172 20
106 173 24
106 174 31
106 175 42
106 176 61
142 137 15
173 83 47
173 84 47
81 67 10
50 124 28
50 125 28
50 126 30
50 127 33
14 162 16
137 139 13
137 140 12
137 141 12
45 130 70
132 141 13
132 142 13
132 143 13
132 144 13
132 145 13
132 146 13
194 35 16
168 113 231
76 89 16
40 130 117
163 113 294
127 146 17
189 35 17
35 133 78
158 113 206
158 114 205
71 107 211
158 115 198
158 116 190
158 117 176
158 118 153
158 119 126
158 120 99
158 122 61
158 121 77
122 166 11
184 55 32
184 56 31
184 57 32
66 110 412
66 111 392
