163 168 14
61 89 11
61 90 11
61 91 11
61 92 11
61 93 11
112 134 11
92 36 56
184 72 210
184 73 192
71 145 13
102 81 180
102 82 183
10 63 153
122 199 128
20 124 150
102 110 13
0 33 12
0 34 11
0 35 11
0 36 12
0 37 12
0 38 13
0 39 14
0 40 16
0 41 19
0 42 23
0 43 29
0 44 39
0 45 51
0 46 64
0 47 73
0 48 74
0 49 68
0 50 59
0 51 50
0 52 43
0 53 37
0 54 30
0 55 25
0 56 22
0 57 20
0 58 20
0 59 21
0 60 23
0 61 25
0 62 28
0 63 32
51 96 13
143 120 291
184 99 11
184 100 11
184 101 11
71 172 123
92 102 14
92 103 13
92 104 13
92 105 13
102 140 22
102 139 20
102 138 19
10 125 20
194 168 20
153 181 37
112 196 25
31 24 55
31 25 57
41 32 46
72 17 83
174 101 114
82 26 217
92 91 22
133 121 195
102 180 35
184 168 85
82 91 18
41 100 21
82 93 16
41 102 23
41 101 22
195 20 14
92 141 381
143 184 102
143 185 127
143 186 167
143 187 219
143 188 271
143 189 306
143 190 312
143 191 293
143 192 266
143 193 241
143 194 222
21 23 27
21 24 32
62 17 110
113 58 54
164 101 315
123 122 139
92 179 35
113 79 151
174 168 30
72 89 11
82 141 82
82 142 69
82 143 58
185 25 11
185 26 10
103 48 257
103 49 261
11 22 13
133 199 283
31 120 226
52 18 482
154 102 42
154 103 35
154 104 32
113 122 18
82 179 233
82 178 268
164 168 14
62 89 11
103 80 165
103 81 173
93 36 61
113 133 10
113 134 10
93 37 65
72 144 16
185 73 168
185 74 150
185 75 132
185 76 114
185 77 96
185 78 79
11 63 160
185 79 65
185 80 53
185 81 44
185 82 37
185 83 33
185 84 29
185 85 26
185 86 24
185 87 23
185 88 22
185 89 21
185 90 20
21 124 194
185 91 19
103 110 12
185 92 17
1 32 12
1 33 11
185 93 16
185 94 14
185 95 13
185 96 13
185 97 12
185 98 12
185 99 11
72 172 140
72 145 14
123 199 211
42 32 43
83 26 179
144 118 276
144 119 288
144 120 299
154 170 13
154 171 13
154 172 14
154 173 15
154 174 18
154 175 21
52 96 13
195 168 20
103 138 18
154 176 25
154 177 27
154 178 29
154 179 31
1 63 43
154 180 32
154 181 34
93 91 27
113 196 24
93 105 14
11 125 25
32 25 58
32 26 60
32 27 62
32 28 61
175 101 88
32 29 58
32 30 53
32 31 49
73 17 97
134 121 197
103 180 34
185 168 72
83 91 18
42 100 18
83 93 16
196 20 15
93 141 304
144 183 68
144 184 80
22 24 37
63 17 112
114 58 39
114 59 36
114 60 33
165 101 270
114 61 30
114 62 27
114 63 24
114 64 23
114 65 21
114 66 20
114 67 21
114 68 22
114 69 26
114 70 32
114 71 43
114 72 59
124 122 168
93 179 28
114 73 80
114 74 109
114 75 139
114 76 159
175 168 33
73 89 11
114 77 166
114 78 160
114 79 151
83 141 99
186 25 10
104 49 260
104 50 266
12 21 13
12 22 12
32 119 269
32 120 247
134 199 258
53 18 491
155 101 64
155 102 51
114 122 18
83 179 212
114 125 12
114 126 11
114 127 11
114 128 11
63 89 11
114 130 11
114 131 11
114 132 11
114 133 10
114 129 11
165 168 14
73 144 18
94 37 67
104 79 150
104 80 157
124 199 323
22 124 236
104 110 12
2 31 12
2 32 11
73 172 148
43 32 41
84 26 146
145 116 185
145 117 217
145 118 250
155 168 12
155 169 12
155 170 12
53 96 14
196 168 19
104 138 17
94 91 33
2 63 59
114 196 23
94 105 14
12 125 31
74 17 123
74 18 171
74 19 229
74 20 297
176 101 63
74 21 371
33 31 44
33 32 41
74 22 435
74 23 474
74 24 488
74 25 487
135 121 206
104 180 32
186 168 56
43 99 15
43 100 16
84 93 15
197 20 18
94 141 236
145 183 57
84 91 18
23 24 44
64 17 118
166 101 229
125 122 189
74 83 13
74 84 13
74 85 13
74 86 13
74 87 12
74 88 12
74 89 11
94 179 25
176 168 36
84 141 127
187 24 11
187 25 10
105 50 270
105 51 282
13 20 13
13 21 12
33 118 325
33 119 298
135 198 246
135 199 252
54 18 483
156 101 83
115 122 19
84 179 203
115 124 13
115 125 12
105 79 141
166 168 13
64 89 11
95 37 69
95 38 70
74 144 21
125 199 440
3 28 13
3 29 12
105 110 13
105 111 12
105 112 12
105 113 12
105 114 13
105 115 13
105 116 14
105 117 14
105 118 15
105 119 16
105 120 17
105 121 18
105 122 17
3 30 12
3 31 11
23 124 263
146 116 155
146 115 128
74 172 149
156 168 12
44 32 39
85 26 118
54 96 15
197 168 17
105 138 16
95 91 39
3 63 81
115 196 22
95 105 14
95 106 14
13 125 37
177 101 43
34 32 39
75 25 471
75 26 441
136 121 219
105 180 32
187 168 43
44 98 13
44 99 14
85 91 17
85 93 15
95 141 184
146 182 49
146 183 52
24 24 51
65 17 121
167 101 199
126 122 203
75 83 14
95 180 24
95 179 25
177 168 40
85 141 169
188 24 10
14 18 13
14 19 12
14 20 12
106 51 289
34 118 357
136 198 240
106 52 304
106 53 319
55 18 445
106 54 317
106 55 295
157 101 115
106 56 259
106 57 219
106 58 183
116 122 21
85 179 200
116 124 14
116 123 17
106 79 138
167 168 13
65 89 11
96 38 69
75 144 24
126 199 524
4 28 12
24 124 270
75 172 147
45 32 39
147 113 91
106 122 18
147 115 113
147 114 97
86 26 96
157 168 13
55 96 15
198 169 16
106 138 16
198 171 18
198 172 20
198 170 17
198 168 15
4 63 104
96 91 47
116 196 22
116 197 22
96 106 15
96 107 14
14 125 43
178 101 29
35 32 39
76 26 407
137 121 230
106 180 34
188 168 33
45 98 12
86 91 17
86 93 14
96 141 141
147 182 46
25 24 57
66 17 118
168 101 181
127 122 211
76 83 15
96 180 24
178 168 44
86 141 227
189 24 10
15 18 12
137 197 236
35 118 386
137 198 243
56 18 383
107 58 153
158 101 158
117 122 25
86 179 190
117 123 20
107 79 137
168 168 14
66 89 11
97 38 67
76 144 28
127 199 558
5 27 13
5 28 12
25 124 262
76 172 142
46 31 46
148 112 83
148 113 84
107 122 19
46 32 41
87 26 78
87 27 72
158 168 13
56 96 14
107 138 15
97 91 58
66 149 13
66 150 12
5 63 122
66 152 12
66 153 12
66 154 12
66 155 13
66 156 14
66 157 15
66 158 18
66 159 20
66 160 23
66 161 28
66 162 35
97 107 15
97 108 14
15 125 47
66 166 46
66 167 44
66 168 42
66 169 42
66 170 44
66 171 46
66 172 47
179 101 21
66 165 48
66 164 46
66 163 41
66 151 12
117 197 23
36 32 40
77 26 381
138 121 235
107 180 37
189 168 27
46 98 12
87 91 17
87 93 13
97 141 102
148 182 45
5 128 12
5 129 12
5 130 12
5 131 12
5 132 12
5 133 12
5 134 12
5 135 13
5 136 13
5 137 13
5 138 14
5 139 15
5 140 16
5 141 19
5 142 24
5 143 31
169 101 172
26 24 60
128 122 215
77 83 17
77 84 16
77 85 16
77 86 15
77 87 15
77 88 14
77 89 13
77 90 13
77 91 13
77 92 13
77 93 14
97 180 25
87 141 304
190 24 10
179 168 51
67 17 109
16 18 12
16 19 12
16 20 12
138 197 228
36 118 397
16 21 12
16 22 13
57 18 310
108 58 133
159 101 210
118 122 31
87 179 166
118 123 24
108 79 139
169 168 15
67 89 11
98 38 65
77 144 32
128 199 558
6 26 14
6 27 13
26 124 249
26 123 225
77 172 138
47 29 63
47 30 55
149 111 80
149 112 80
47 31 50
108 122 20
88 27 61
88 28 57
159 168 14
57 96 14
108 137 14
108 138 14
67 147 13
67 148 12
67 149 12
98 89 126
6 63 132
98 90 99
98 91 77
118 197 25
118 198 27
98 108 14
16 125 52
67 172 52
180 101 17
37 32 43
78 26 358
139 121 238
108 179 63
108 180 44
108 181 31
108 182 24
108 183 21
47 96 11
47 97 11
47 98 11
190 168 24
108 188 24
88 93 13
98 141 71
149 181 43
149 182 44
108 193 16
108 194 16
108 195 17
108 192 17
108 191 19
108 190 21
108 189 23
108 187 22
108 186 21
108 185 20
108 184 20
88 91 16
6 125 14
6 126 13
6 127 13
6 128 12
27 24 59
68 17 97
170 101 168
129 122 215
98 180 27
180 168 59
78 91 14
78 93 15
88 141 387
191 24 10
139 196 215
139 197 220
37 118 381
17 22 14
58 18 242
109 58 119
160 101 268
119 122 41
88 179 132
109 79 144
170 168 16
68 89 11
99 38 64
99 39 65
78 144 35
129 199 530
7 25 15
7 26 14
27 123 208
27 122 190
78 172 141
48 29 69
150 110 72
150 111 75
48 28 77
109 122 21
89 28 50
89 29 48
160 168 14
58 95 13
58 96 13
109 137 13
68 146 13
68 147 12
99 87 184
99 88 167
99 89 148
7 63 136
119 198 32
119 199 38
99 108 15
99 109 14
99 110 13
17 125 60
68 172 63
181 101 14
38 32 46
79 26 331
140 121 242
48 96 11
191 168 22
89 91 17
89 93 13
89 94 12
99 141 49
150 181 42
109 195 19
7 125 14
28 24 57
69 17 86
171 101 162
130 122 210
99 180 30
181 168 71
79 91 16
79 93 16
192 21 11
192 22 11
192 23 11
192 24 10
89 141 453
140 196 202
38 118 343
18 22 15
59 18 190
110 58 106
161 101 324
120 122 56
89 179 96
110 79 149
171 168 19
69 89 11
100 39 68
79 144 38
100 40 77
182 29 11
182 30 10
182 31 10
182 32 10
182 33 10
182 34 10
182 35 11
182 36 12
182 37 13
182 38 14
8 23 15
8 24 14
8 25 14
28 122 182
28 121 178
182 39 16
182 40 18
182 41 19
182 42 20
182 43 20
182 44 20
182 45 21
182 46 22
182 47 26
151 109 59
151 110 65
182 48 33
182 49 48
182 50 73
110 122 21
182 51 113
182 52 171
182 53 249
182 54 335
182 55 410
182 56 462
182 57 489
182 58 503
182 59 517
182 60 543
59 93 12
59 94 12
59 95 12
182 61 590
182 62 660
182 63 739
182 64 793
182 65 794
182 66 736
182 67 638
8 63 138
182 68 527
182 69 427
182 70 352
182 71 305
79 173 177
79 172 153
69 146 12
110 137 12
110 136 12
161 168 15
130 199 470
120 199 51
49 28 90
18 125 71
100 110 13
49 27 105
49 26 129
49 25 164
49 24 209
49 23 260
69 172 79
182 101 13
49 22 310
49 21 352
39 32 48
49 20 381
49 19 404
80 26 298
90 29 45
90 30 44
90 31 44
90 32 45
90 33 46
141 121 252
100 85 193
100 86 189
100 87 188
49 96 12
192 168 21
90 91 17
100 141 36
90 94 12
90 95 12
90 96 12
90 97 12
151 181 41
110 195 22
110 196 23
8 125 15
29 24 55
70 17 79
172 101 151
131 122 204
100 180 33
182 168 83
80 91 17
193 20 12
80 93 17
193 21 11
90 141 476
141 195 199
141 196 197
39 118 295
19 22 17
19 23 20
60 17 134
60 18 156
111 58 91
162 101 355
121 122 79
90 179 67
111 79 152
172 168 22
70 89 11
80 144 40
101 40 91
101 41 110
183 27 11
183 28 10
183 29 10
101 42 134
101 43 160
101 44 185
101 45 207
101 46 227
9 23 14
29 120 195
29 121 182
131 199 396
50 19 431
50 18 445
152 108 44
152 109 51
80 174 243
80 173 206
111 122 20
162 168 15
91 33 47
91 34 48
91 35 50
91 36 54
60 93 12
111 134 11
183 71 270
183 72 242
70 145 13
70 146 12
111 136 11
111 135 11
101 82 190
101 83 188
9 63 144
101 84 189
101 85 190
121 199 77
19 124 116
19 125 91
101 110 13
70 172 101
183 101 12
40 32 48
81 26 259
142 120 284
142 121 267
50 96 12
193 168 21
91 91 19
101 140 25
101 141 29
152 181 39
91 97 13
91 98 13
91 99 13
91 100 13
91 101 13
91 102 13
111 196 25
9 125 17
30 24 54
71 17 77
173 101 135
132 121 200
132 122 200
101 180 35
183 168 89
81 91 18
194 20 13
81 93 17
40 102 24
40 103 25
40 104 25
40 105 24
40 106 24
40 107 25
40 108 29
40 109 36
40 110 49
40 111 72
40 112 106
40 113 147
40 114 184
40 115 209
40 116 220
40 117 230
40 118 253
91 141 447
142 194 213
142 195 201
20 23 23
61 17 116
112 58 72
163 101 349
122 122 107
91 179 47
112 79 152
173 168 26
71 89 11
81 143 51
81 144 44
184 26 10
184 27 10
102 46 241
102 47 248
102 48 259
10 22 14
10 23 13
30 120 208
132 199 330
51 18 466
153 104 31
153 105 30
153 106 31
153 107 33
153 108 38
81 174 283
81 175 311
81 176 324
81 177 317
112 122 19
81 178 295
