92 39 12
133 32 19
41 0 20
143 87 11
82 0 94
102 98 10
102 99 10
102 100 10
102 101 10
102 102 10
102 103 10
102 104 10
102 105 10
102 106 10
102 107 10
102 108 10
102 109 10
102 110 10
102 111 10
102 112 10
102 113 10
164 2 10
102 114 10
102 115 10
102 116 10
102 117 10
102 118 10
102 119 10
102 120 10
102 121 10
102 122 10
102 123 10
102 124 10
102 125 10
102 126 11
102 127 11
102 128 11
102 129 12
102 130 13
102 131 14
102 132 15
102 133 16
102 134 17
123 32 74
102 135 18
102 136 18
102 137 17
102 138 17
102 139 16
102 140 15
102 141 14
72 0 237
133 89 10
31 10 24
92 98 10
102 142 14
102 143 13
61 158 78
71 158 69
154 2 10
154 3 10
154 4 10
154 5 10
154 6 10
154 7 10
113 32 197
62 0 184
21 10 11
82 98 10
123 91 10
123 90 11
51 158 12
92 157 14
144 19 11
144 20 10
103 32 98
52 0 277
72 98 10
113 95 10
82 158 21
93 39 12
134 32 16
42 0 26
93 40 13
93 41 13
144 87 11
83 0 83
103 98 10
72 158 58
165 2 10
124 32 68
32 1 12
32 2 12
32 3 12
32 4 13
32 5 13
32 6 14
32 7 16
32 8 18
32 9 21
32 10 25
32 0 11
73 0 237
134 89 10
93 98 10
62 158 96
155 2 10
114 32 182
63 0 177
124 89 11
22 10 12
83 98 10
124 90 10
52 158 12
93 153 16
93 154 15
93 155 15
93 156 15
93 157 14
145 18 11
145 19 10
104 32 126
53 0 286
42 152 11
42 153 11
73 98 10
42 154 11
42 155 11
42 156 11
42 157 11
114 95 10
42 158 11
83 158 20
135 32 14
43 0 35
94 41 13
145 87 11
84 0 74
104 98 10
73 158 49
166 2 10
125 32 63
33 0 11
74 0 231
135 89 10
94 98 10
63 158 111
156 2 10
115 32 166
64 0 174
125 89 10
23 10 13
84 98 10
53 158 14
94 151 16
94 152 15
94 153 15
146 16 11
146 17 10
146 18 10
105 32 157
54 0 285
13 10 10
13 11 10
13 12 10
13 13 10
13 14 10
13 15 10
13 16 10
13 17 11
13 18 11
13 19 11
13 20 11
13 21 11
13 22 11
13 23 12
13 24 12
13 25 12
13 26 12
13 27 13
13 28 13
13 29 13
13 30 14
13 31 14
13 32 15
13 33 15
13 34 16
13 35 16
13 36 15
13 37 15
13 38 14
13 39 14
13 40 13
13 41 13
13 42 13
13 43 13
13 44 12
13 45 12
74 98 10
115 95 10
43 158 11
84 158 19
136 32 12
44 0 47
95 41 14
146 87 11
85 0 69
105 98 10
74 158 42
167 2 10
126 32 57
34 0 11
75 0 218
136 89 10
95 98 10
64 158 123
157 2 10
116 32 150
65 0 176
126 89 10
24 10 14
85 98 10
54 158 15
95 151 15
95 150 15
147 15 11
147 16 10
106 32 186
55 0 277
14 10 10
75 98 10
44 158 11
116 95 10
85 158 17
14 45 13
14 46 12
14 47 12
14 48 12
14 49 12
14 50 12
14 51 12
14 52 12
14 53 12
14 54 12
14 55 12
14 56 12
14 57 12
137 32 11
45 0 66
96 41 14
96 42 15
147 87 11
86 0 66
106 98 10
75 158 37
168 2 10
127 32 51
35 0 12
76 0 202
137 89 10
96 98 10
65 158 129
158 2 10
117 32 133
66 0 181
127 89 10
25 10 15
86 98 10
55 158 18
96 150 15
148 13 11
148 14 10
148 15 10
107 32 210
56 0 264
15 10 10
76 98 10
117 94 11
117 95 10
45 158 11
86 158 16
138 32 11
46 0 90
97 42 16
107 95 10
87 0 66
87 1 70
87 2 74
87 3 78
87 4 82
87 5 85
87 6 87
87 7 88
87 8 88
87 9 87
87 10 83
87 11 79
87 12 74
87 13 67
87 14 61
87 15 55
87 16 50
87 17 47
169 2 10
87 18 45
87 19 44
87 20 43
87 21 42
87 22 41
87 23 40
87 24 38
87 25 35
87 26 32
87 27 29
87 28 25
87 29 22
87 30 20
87 31 18
87 32 16
87 33 15
87 34 14
87 35 14
87 36 13
107 96 10
107 97 10
128 32 45
36 0 12
107 98 10
148 87 11
76 158 33
138 87 11
77 0 182
138 88 11
138 89 10
97 98 10
66 158 128
159 2 10
118 32 118
67 0 189
128 89 10
26 10 17
87 98 10
97 147 15
97 148 14
97 149 14
56 158 22
97 150 14
149 11 11
149 12 10
149 13 10
108 32 226
57 0 250
16 10 10
77 98 10
118 94 10
46 158 11
87 158 15
139 32 11
47 0 121
98 42 17
98 43 19
108 95 10
149 87 11
77 158 30
170 2 10
88 36 13
129 32 39
37 0 12
139 87 11
78 0 161
98 98 10
67 158 121
160 2 10
119 32 106
68 0 200
129 89 10
27 10 19
88 98 10
98 147 14
98 146 14
98 145 15
57 158 28
150 10 11
150 11 10
109 32 233
58 0 236
17 10 10
78 98 10
119 93 11
119 94 10
47 158 11
88 158 15
140 24 11
140 25 10
140 26 10
140 27 10
140 28 10
140 29 10
140 30 10
140 31 10
140 32 10
48 0 157
99 43 21
109 95 10
150 87 11
78 158 28
171 2 10
89 36 12
89 37 12
89 38 12
89 39 13
130 32 33
38 0 13
140 87 11
79 0 142
99 98 10
68 158 110
161 2 10
120 32 95
69 0 212
130 89 10
28 10 20
89 98 10
99 145 14
58 158 36
151 9 11
151 10 10
110 32 232
59 0 223
18 10 10
79 98 10
120 93 10
48 158 11
89 157 15
89 158 14
141 22 11
141 23 10
141 24 10
49 0 195
100 43 23
100 44 26
110 95 10
79 158 26
172 2 10
90 39 12
131 32 27
39 0 14
141 87 11
80 0 124
100 98 10
69 158 96
162 2 10
121 32 87
70 0 223
131 89 10
29 10 22
90 98 10
100 145 14
59 158 48
152 8 11
152 9 10
111 32 224
60 0 209
19 10 10
80 98 10
121 92 11
121 93 10
49 158 11
90 157 14
142 21 11
142 22 10
101 32 56
101 33 49
101 34 43
101 35 38
101 36 34
101 37 30
101 38 27
101 39 25
101 40 24
101 41 24
101 42 25
101 43 26
101 44 29
50 0 230
101 45 34
70 98 11
70 99 11
70 100 11
70 101 11
70 102 11
70 103 11
70 104 11
70 105 12
70 106 12
70 107 13
111 95 10
80 158 25
91 39 12
132 32 22
40 0 17
142 87 11
81 0 108
101 98 10
70 158 82
163 2 10
122 32 80
101 143 14
71 0 232
101 144 13
30 10 23
132 89 10
91 98 10
101 145 13
60 158 62
153 7 11
153 8 10
112 32 211
61 0 196
20 10 11
81 98 10
122 91 11
122 92 10
50 158 11
91 157 14
143 20 11
143 21 10
102 32 74
51 0 258
71 98 10
102 44 34
102 45 39
102 46 45
102 47 55
102 48 68
102 49 85
102 50 107
102 51 134
102 52 167
102 53 208
102 54 258
112 95 10
81 158 23
