143 72 80
102 92 21
102 97 18
153 140 70
51 69 11
184 103 46
41 37 107
133 72 87
153 176 539
92 91 12
143 140 299
31 36 14
82 78 264
123 71 19
82 79 222
164 70 48
113 31 18
164 71 49
143 176 275
174 122 183
174 123 146
143 177 252
133 140 65
123 98 141
143 194 49
113 59 12
113 60 12
113 61 11
103 14 12
103 15 11
113 62 11
113 63 11
113 64 11
113 65 11
113 66 11
113 67 12
113 68 13
113 69 14
113 70 17
113 71 21
113 72 26
113 73 35
113 74 47
113 75 61
113 76 76
113 77 93
113 78 108
113 79 123
113 80 138
113 81 154
113 82 170
113 83 184
113 84 190
113 85 188
113 86 180
164 129 13
113 87 166
21 36 17
154 70 147
72 68 30
113 98 155
62 68 20
144 72 85
103 92 24
103 97 20
103 98 23
154 140 58
52 69 11
185 103 54
42 37 125
42 38 138
134 72 88
154 176 562
93 91 13
93 92 12
144 140 281
32 36 16
124 71 23
83 80 155
83 81 130
83 79 189
165 71 48
165 72 50
175 121 270
175 122 224
144 176 302
134 140 85
124 98 111
124 105 161
73 68 33
104 15 12
104 16 12
104 17 12
104 18 12
114 67 11
22 36 15
114 68 12
155 70 134
165 128 14
165 129 13
114 98 180
63 68 24
145 71 107
145 72 94
104 92 28
104 98 27
155 140 48
53 69 11
186 103 68
43 38 158
43 39 175
135 72 88
155 176 594
94 92 12
145 140 252
33 36 18
125 71 28
125 72 35
84 81 108
84 82 88
84 83 71
84 84 57
176 119 410
176 120 363
176 121 316
166 72 50
166 73 52
166 74 55
145 176 335
135 140 111
125 98 83
125 105 107
74 68 38
105 18 13
23 36 14
115 68 11
115 69 12
156 70 120
166 128 14
115 98 204
64 68 26
146 71 116
105 92 32
105 98 33
156 140 40
54 69 11
44 39 200
44 40 218
44 41 241
136 72 87
156 176 639
95 92 13
95 93 12
146 140 218
177 108 156
177 109 191
177 110 235
177 111 286
177 112 341
177 113 395
177 114 441
177 115 475
177 116 491
177 117 488
177 118 472
177 119 445
34 36 22
126 72 43
85 84 46
85 85 37
85 86 30
167 74 56
167 75 60
146 176 373
136 140 143
126 98 59
126 105 69
75 68 46
106 18 13
106 19 13
106 20 13
24 36 13
116 69 11
116 70 12
157 70 106
167 127 17
167 128 15
116 98 224
65 68 29
147 70 142
147 71 129
106 92 37
106 98 40
157 139 30
157 140 34
55 69 11
137 72 85
45 41 265
45 42 281
45 43 298
45 44 312
45 45 322
45 46 322
45 47 312
45 48 291
96 92 13
96 93 12
96 94 12
147 140 186
178 107 100
178 108 124
35 36 27
127 72 51
86 86 25
86 87 22
86 88 19
86 89 18
86 90 18
168 75 63
168 76 69
168 77 77
147 176 411
137 140 178
127 98 42
127 99 35
127 100 32
127 101 31
127 102 31
127 103 34
127 104 38
127 105 44
76 68 61
76 69 84
107 20 14
107 21 14
107 22 14
107 23 14
25 36 12
117 70 11
158 70 93
168 126 21
168 127 18
127 136 74
127 137 51
127 138 35
127 139 26
127 140 20
117 98 236
66 68 31
148 70 151
107 92 42
158 137 23
158 138 24
158 139 26
107 98 50
56 69 11
56 70 12
56 71 12
56 72 12
56 73 12
56 74 12
56 75 12
56 76 13
56 77 13
56 78 14
56 79 16
56 80 17
56 81 19
56 82 21
56 83 24
56 84 27
56 85 29
56 86 31
56 87 33
56 88 33
56 89 33
56 90 33
56 91 32
56 92 31
56 93 30
56 94 29
56 95 28
46 48 253
46 49 220
46 50 184
46 51 149
46 52 116
46 53 89
46 54 68
46 55 51
46 56 38
46 57 28
46 58 21
46 59 17
148 140 159
46 60 14
46 61 12
46 62 11
46 63 11
46 64 10
46 65 10
46 66 10
46 67 10
46 68 10
46 69 10
56 96 26
56 97 24
97 92 14
97 94 13
138 72 82
179 105 59
179 106 68
179 107 83
36 36 34
128 72 59
148 176 444
87 90 16
169 77 85
169 78 98
169 79 115
138 140 214
77 69 115
77 70 155
77 71 207
26 36 12
118 70 11
108 23 15
159 70 81
169 126 24
128 140 22
118 98 239
98 10 13
98 11 12
98 12 11
67 68 31
149 70 159
108 92 48
159 137 20
108 98 61
57 68 11
57 69 12
57 70 12
57 71 12
57 72 12
57 73 12
57 74 12
57 75 13
57 76 13
57 77 14
57 78 15
57 79 16
57 80 18
57 81 20
57 82 23
57 83 26
57 84 29
57 85 31
57 86 33
57 87 34
139 72 80
57 88 34
57 89 34
57 90 33
57 91 32
57 92 31
57 93 30
57 94 29
57 95 27
57 97 24
57 96 26
98 92 14
98 94 13
149 140 137
47 69 10
180 104 47
180 105 51
37 36 44
129 72 66
149 176 471
88 90 14
170 79 134
170 80 161
170 81 194
139 140 248
78 71 263
78 72 321
78 73 380
27 36 12
119 70 12
109 23 15
109 24 15
109 25 15
109 26 15
160 70 70
170 125 35
170 126 29
139 181 80
139 182 66
139 183 56
139 184 47
139 185 40
129 140 25
139 186 34
139 187 29
139 188 24
139 189 21
139 190 19
119 98 232
139 191 17
139 192 16
139 193 16
139 194 15
99 12 11
68 68 30
150 70 164
109 91 62
109 92 55
160 135 17
160 136 18
160 137 19
109 98 75
58 68 12
140 72 78
58 97 26
99 92 16
99 94 13
99 95 13
150 140 118
48 69 10
181 103 41
181 104 43
38 36 55
130 72 73
150 176 491
89 90 13
171 81 237
140 140 276
79 73 424
79 74 451
79 75 465
28 36 12
120 70 12
120 71 13
110 26 16
110 27 15
110 28 15
110 29 15
161 70 61
110 33 16
110 34 15
110 35 15
171 124 56
171 125 43
110 36 15
110 37 15
110 38 15
110 39 15
110 40 15
110 41 15
130 140 30
110 43 16
110 44 17
110 45 18
110 46 20
110 47 21
110 48 22
110 49 22
110 50 22
110 51 21
110 52 20
110 53 18
110 54 17
110 55 15
110 56 14
110 57 14
110 58 13
110 42 16
100 12 11
120 98 216
69 68 29
140 180 110
140 181 94
140 194 19
18 36 30
151 70 166
110 90 80
110 91 70
161 132 15
161 133 15
161 134 16
161 135 16
110 98 91
59 68 13
141 72 77
100 92 17
100 95 14
100 96 14
151 140 101
49 69 10
182 103 40
39 36 68
131 72 79
151 176 507
90 90 13
172 81 304
141 140 296
80 75 458
29 36 13
80 77 400
80 76 431
121 71 15
111 29 16
111 30 16
111 31 16
111 32 16
111 33 15
162 70 55
141 179 150
172 124 70
141 180 131
141 178 175
131 140 38
121 98 194
141 194 26
111 58 13
111 59 12
101 12 11
70 68 28
19 36 23
152 70 164
111 89 103
111 90 89
162 131 14
162 132 14
111 98 110
60 68 15
142 72 77
101 92 19
101 96 15
101 97 16
152 140 85
50 69 11
183 103 41
40 36 82
40 37 94
132 72 84
152 176 522
91 90 13
91 91 12
142 140 304
30 36 13
81 77 353
81 78 308
122 71 16
163 70 50
112 31 17
142 177 225
142 178 199
173 123 115
173 124 91
132 140 49
122 98 169
142 194 36
112 59 12
102 12 12
102 13 11
102 14 11
71 68 28
20 36 19
153 70 157
112 87 149
112 88 131
163 129 14
163 130 13
163 131 13
112 89 116
112 98 131
61 68 17
