133 24 238
133 25 220
133 26 203
133 27 184
133 28 166
133 29 154
133 30 158
107 111 11
107 112 11
107 113 11
107 114 11
107 115 11
107 116 11
107 117 12
133 38 537
148 111 17
133 40 704
56 81 109
133 42 755
102 99 22
133 44 611
133 45 510
133 46 421
133 47 351
133 48 294
133 49 237
133 50 184
133 51 142
133 52 113
133 53 100
133 54 92
133 55 91
97 88 63
97 89 55
133 58 111
133 59 116
133 60 119
133 61 115
143 110 15
133 63 91
133 64 75
51 81 116
133 66 51
133 67 44
133 68 40
133 69 39
133 70 39
133 71 39
133 72 40
133 73 42
133 74 42
133 75 40
133 76 36
133 77 30
133 78 25
133 79 20
92 88 77
133 81 15
133 82 14
133 83 13
138 108 11
133 85 12
133 86 12
133 87 12
133 88 12
133 89 12
133 90 12
133 91 12
133 92 11
133 93 11
133 94 11
133 95 11
133 96 11
133 97 11
46 81 37
133 84 12
133 80 17
133 65 61
133 62 105
87 87 71
133 57 104
133 56 97
133 43 702
133 41 755
133 39 622
133 37 464
133 36 407
128 87 11
133 35 351
41 81 27
133 34 291
133 33 235
133 32 192
133 31 165
138 84 18
143 84 18
169 82 255
174 82 411
179 82 426
184 82 941
107 99 19
61 81 72
133 21 368
82 87 192
133 22 313
133 23 268
123 87 11
36 81 24
164 82 177
77 87 398
31 81 14
159 82 130
118 99 11
72 87 280
139 4 66
139 5 72
139 6 75
139 7 75
139 8 74
16 33 15
16 34 15
16 35 16
16 36 17
16 37 19
16 38 19
16 39 19
16 40 17
16 41 15
16 42 14
113 99 17
16 44 12
16 45 12
16 46 12
16 47 12
16 48 13
16 49 14
16 50 15
16 51 17
16 52 20
16 53 22
16 54 24
16 55 24
16 56 23
16 57 22
16 58 21
16 59 20
16 60 19
16 61 19
16 62 19
16 63 19
16 64 19
16 65 19
16 66 19
108 99 20
16 68 18
16 69 17
16 70 16
16 71 15
16 72 15
16 73 16
16 74 17
16 75 19
16 76 21
16 77 24
16 78 27
16 79 28
16 80 27
16 81 25
16 67 18
16 43 13
113 122 11
108 117 11
108 118 11
149 111 17
108 119 11
108 120 12
113 123 12
103 99 19
103 100 18
16 93 35
16 94 36
16 95 38
16 96 45
16 97 55
16 98 70
16 99 89
16 100 107
16 101 120
16 102 125
16 103 121
16 104 115
16 105 107
16 106 96
16 107 86
16 108 79
16 109 77
144 110 16
144 111 17
16 112 97
16 111 86
16 110 79
98 99 36
16 92 37
16 91 38
16 90 38
16 89 36
16 88 32
16 87 29
16 86 26
16 85 24
16 84 23
16 83 23
16 82 23
21 81 26
26 81 16
52 81 131
57 81 101
62 81 68
139 108 11
67 87 209
93 88 79
98 89 47
98 90 44
47 81 45
98 91 44
98 92 46
98 93 49
98 94 51
98 95 51
98 96 48
98 97 43
134 97 11
134 98 12
134 99 12
134 100 12
134 101 12
134 102 12
134 103 12
134 104 12
134 105 11
134 106 11
134 107 11
134 108 10
88 87 66
98 98 39
129 87 11
134 13 178
42 81 26
134 12 152
139 11 76
139 10 73
139 9 73
134 84 13
139 84 19
144 84 18
149 83 39
154 83 58
154 82 61
170 82 310
175 82 395
180 82 492
83 87 145
185 82 1043
190 82 789
195 84 725
195 85 797
195 86 889
195 87 986
124 87 11
37 81 27
165 82 173
78 87 369
32 81 15
160 82 155
119 98 11
119 99 10
73 87 319
27 81 15
155 82 65
114 99 15
68 87 217
196 87 1058
22 81 25
150 83 45
135 12 130
63 81 69
191 82 715
109 99 21
114 123 11
17 81 25
145 83 21
145 84 19
150 111 17
109 120 11
58 81 95
186 82 1090
104 99 18
104 100 16
104 101 15
104 102 15
140 84 19
145 111 18
17 112 111
17 113 122
53 81 136
99 99 32
181 82 579
94 88 79
140 108 11
135 84 14
48 81 57
176 82 379
89 87 64
89 88 67
135 108 10
130 87 11
43 81 26
171 82 363
84 87 108
125 87 11
38 81 29
166 82 175
79 87 329
120 87 11
120 88 11
120 89 11
120 90 10
120 91 10
120 92 11
120 93 11
120 94 11
120 95 11
120 96 11
120 97 11
120 98 10
33 81 17
161 82 173
74 87 360
28 81 14
156 82 72
115 99 14
69 87 222
23 81 23
151 83 50
136 12 115
64 81 77
64 82 89
110 99 22
115 123 11
115 124 12
64 83 105
64 84 124
192 82 663
18 81 25
146 83 24
151 111 16
151 112 16
110 120 11
110 121 12
105 99 18
59 81 88
187 82 1068
105 102 14
105 103 15
141 84 19
146 111 17
18 113 128
18 114 135
100 99 29
18 116 149
18 117 147
18 118 141
18 119 133
18 120 128
18 121 127
18 122 133
18 123 147
18 124 168
18 125 197
18 126 233
18 127 270
18 128 301
18 129 315
18 115 143
54 81 131
141 108 11
141 109 12
141 110 13
95 88 76
136 84 15
49 81 74
177 82 374
182 82 685
90 88 71
136 108 10
131 87 11
44 81 28
172 82 401
85 87 83
126 87 11
39 81 29
167 82 187
80 87 286
121 87 11
34 81 19
162 82 182
75 87 392
29 81 14
157 82 85
116 99 12
70 87 231
24 81 20
152 83 53
137 12 103
193 82 625
111 99 21
116 124 11
116 125 12
116 126 13
116 127 14
116 128 14
116 129 14
116 130 14
116 131 14
65 84 142
65 85 159
65 86 175
65 87 189
19 81 26
147 83 28
152 112 16
152 113 17
111 121 11
106 99 18
111 122 12
60 81 79
188 82 991
106 103 14
106 104 14
106 105 15
106 106 14
106 107 14
106 108 13
106 109 13
106 110 12
106 111 12
142 84 18
147 111 17
55 81 120
183 82 811
101 99 25
96 88 70
137 84 17
142 110 14
50 81 95
178 82 388
91 88 74
137 108 10
132 87 12
45 81 31
173 82 416
86 87 75
127 87 11
40 81 28
168 82 213
81 87 241
122 87 11
35 81 22
163 82 181
76 87 406
30 81 14
158 82 105
117 99 11
71 87 249
25 81 18
138 11 83
138 12 92
153 83 55
194 82 621
112 99 19
194 83 630
194 84 671
66 87 199
20 81 27
148 83 33
133 13 215
133 14 255
133 15 303
133 16 359
133 17 411
133 18 445
133 19 448
133 20 419
189 82 887
153 113 18
112 122 11
