143 72 10
40 195 10
71 150 18
41 10 12
51 68 33
51 69 38
30 177 64
123 9 10
30 195 28
61 150 10
31 10 10
51 110 11
51 111 10
41 83 86
41 86 52
20 195 54
143 176 10
21 10 10
51 166 12
133 157 10
31 81 74
31 82 79
51 199 11
154 81 11
11 10 10
154 82 10
52 10 14
52 11 17
52 12 22
52 13 27
52 14 33
52 15 39
52 16 44
52 17 48
52 18 51
52 19 53
52 20 55
52 21 58
52 22 61
123 147 11
41 176 11
134 9 10
144 72 11
144 73 10
41 195 10
72 150 22
42 10 12
52 67 25
52 68 28
31 177 51
124 9 10
31 195 24
62 150 10
32 10 10
52 111 11
52 112 10
42 83 81
42 86 48
42 87 45
21 195 48
22 10 10
52 166 13
134 157 10
134 158 11
134 159 11
134 160 11
134 161 11
32 82 83
32 83 85
134 162 11
134 163 11
134 164 11
134 165 11
134 166 11
52 199 11
12 10 10
155 82 11
155 83 10
155 84 10
124 147 10
124 148 10
124 149 10
124 150 11
42 172 13
42 173 12
42 174 12
42 175 12
42 176 11
53 22 63
53 23 66
53 24 70
135 9 10
145 73 11
145 74 10
42 195 10
73 150 27
43 10 12
53 66 19
53 67 22
32 177 40
125 9 10
32 195 21
63 150 10
33 10 10
53 112 11
53 113 10
53 114 10
53 115 10
53 116 10
53 117 10
53 118 10
53 119 10
53 120 10
53 121 10
53 122 10
53 123 10
53 124 10
53 125 10
53 126 10
53 127 10
53 128 10
53 129 10
53 130 10
43 83 76
53 131 10
53 132 10
53 133 10
43 87 43
53 134 10
53 135 10
53 136 10
53 137 10
53 138 10
53 139 10
53 140 10
53 141 10
53 142 10
53 143 10
53 144 10
53 145 10
53 146 10
53 149 10
53 150 10
53 151 10
53 152 10
53 153 10
53 154 10
53 155 10
53 156 10
53 157 10
53 158 11
53 159 11
53 160 11
53 161 11
53 162 12
53 163 12
53 164 12
53 165 13
53 166 14
23 10 10
22 195 44
53 147 10
53 148 10
33 83 86
33 84 86
135 166 10
135 167 10
135 168 10
135 169 10
135 170 10
12 195 49
12 196 54
12 197 62
12 198 74
12 199 91
135 171 10
135 172 10
135 173 10
135 174 10
135 175 10
135 176 10
53 199 11
13 10 10
156 84 11
156 85 10
125 150 10
125 151 11
43 168 12
43 169 12
43 170 12
43 171 12
43 172 12
54 24 72
54 25 75
54 26 78
54 27 80
136 9 10
136 10 10
136 11 10
136 12 10
136 13 10
136 14 10
136 15 10
136 16 10
136 17 10
136 18 10
136 19 10
136 20 10
136 21 10
136 22 10
136 23 10
43 195 10
136 24 10
136 25 10
146 74 11
146 75 10
136 26 10
44 10 11
54 64 15
54 65 16
54 66 17
33 177 31
126 9 10
33 195 17
64 150 10
34 10 11
44 83 74
44 87 43
44 88 43
44 89 45
44 90 47
23 195 41
44 92 52
44 93 55
44 94 58
44 95 60
44 96 59
44 97 55
44 98 48
44 99 40
44 100 32
44 101 25
54 150 10
44 103 16
44 104 14
44 105 12
24 10 11
44 106 11
44 102 19
44 91 49
34 83 88
34 84 84
13 195 52
136 176 10
54 199 11
14 10 10
157 85 11
44 166 11
44 167 11
44 168 11
126 151 10
126 152 10
126 153 11
55 27 81
55 28 82
55 29 82
55 30 80
55 31 74
55 32 65
55 33 54
55 34 42
55 35 32
55 36 25
55 37 19
55 38 16
55 39 14
55 40 13
55 41 12
55 42 11
44 195 10
55 43 11
55 44 11
55 45 11
55 46 11
55 47 11
55 48 11
55 49 11
55 50 11
55 51 11
55 52 11
55 53 12
55 54 12
55 55 12
55 56 12
45 10 11
55 57 12
55 58 12
55 59 12
55 60 13
55 61 13
55 62 13
55 63 13
55 64 14
137 26 11
147 75 11
147 76 10
34 177 24
127 9 10
34 195 15
65 150 10
35 10 11
45 83 74
24 195 38
55 150 10
25 10 11
45 107 11
45 108 10
45 106 11
35 83 91
35 84 84
35 85 81
14 195 55
137 176 10
55 199 11
15 10 10
158 85 11
25 69 55
45 166 11
25 71 34
25 72 29
25 73 27
25 74 25
25 75 24
25 76 25
25 70 41
127 153 10
127 154 11
138 26 11
45 195 10
138 28 11
138 29 11
138 27 11
148 76 11
148 77 10
138 30 11
138 31 11
138 32 12
138 33 12
138 34 11
138 35 11
138 36 11
138 37 11
138 38 11
46 10 11
138 39 11
138 40 11
138 41 11
138 42 11
138 43 11
138 48 11
138 49 11
138 50 11
138 51 11
138 52 11
138 53 11
138 54 11
138 55 12
138 56 12
35 177 19
138 57 12
138 58 12
138 59 12
138 60 12
138 61 12
138 62 12
138 64 12
138 65 11
138 66 11
138 67 11
138 68 11
138 69 10
138 63 12
128 9 10
138 44 11
138 45 11
138 46 11
35 195 13
138 47 11
66 150 11
36 10 11
25 177 180
46 83 76
25 195 37
56 150 10
26 10 11
46 108 10
36 83 95
36 85 79
15 195 58
138 176 10
56 199 11
16 10 10
159 85 12
46 166 11
128 154 10
128 155 10
26 76 26
26 77 28
128 156 11
46 195 10
149 77 11
149 78 10
47 10 11
36 177 16
129 9 10
139 69 11
139 70 10
36 195 12
67 150 11
37 10 11
26 177 145
47 83 82
26 195 36
57 150 10
27 10 11
47 108 10
37 83 98
37 85 78
16 195 60
139 176 10
57 199 11
17 10 10
47 166 11
129 156 10
27 77 31
27 78 34
47 195 10
150 78 11
150 79 10
48 10 12
37 177 14
130 9 10
140 70 10
37 195 11
68 150 12
38 10 11
27 177 118
48 82 103
48 83 92
27 195 35
58 150 10
28 10 10
48 108 11
48 109 10
38 83 99
38 85 74
17 195 62
140 176 10
58 199 11
18 10 10
48 166 11
48 167 11
48 168 11
48 169 12
48 170 12
48 171 13
48 172 14
48 173 15
48 174 16
48 175 18
48 176 20
48 177 21
48 178 23
48 179 23
48 180 23
48 181 21
48 182 19
48 183 17
48 184 15
48 185 14
48 186 13
48 187 12
48 188 11
48 189 11
48 190 11
48 191 11
48 192 10
48 193 10
48 194 10
48 195 10
48 196 10
48 197 10
48 198 10
48 199 10
28 79 43
28 78 38
151 79 10
130 156 10
130 157 11
49 10 12
38 177 12
131 9 10
141 70 11
141 71 10
38 195 11
69 150 14
39 10 11
49 71 68
49 72 77
28 177 97
49 73 89
49 74 101
49 75 115
49 76 128
49 77 137
49 78 141
49 79 139
49 80 133
49 81 124
49 82 114
28 195 33
59 150 10
29 10 10
49 109 10
39 83 97
39 85 69
18 195 61
141 176 10
59 199 12
19 10 10
49 166 11
131 157 10
29 79 49
29 80 55
49 199 11
152 79 11
152 80 10
50 10 12
39 177 12
132 9 10
142 71 11
142 72 10
39 195 10
70 150 16
40 10 12
50 69 44
50 70 50
50 71 59
29 177 79
29 195 31
60 150 10
30 10 10
50 109 11
50 110 10
40 83 92
40 85 64
40 86 57
19 195 58
142 176 10
60 199 12
20 10 10
50 166 12
132 157 10
30 80 62
30 81 68
50 199 11
153 80 11
153 81 10
10 10 10
10 11 10
10 12 10
10 13 10
10 14 10
10 15 10
10 16 10
10 17 10
51 10 13
10 18 10
10 19 10
10 20 10
10 21 10
10 22 10
10 23 10
10 24 11
10 25 11
10 26 11
10 27 12
10 28 12
10 29 13
10 30 15
40 176 12
40 177 11
10 31 16
10 32 18
10 33 21
133 9 10
