41 0 11
122 188 21
143 89 10
143 90 11
82 3 11
174 43 144
174 44 146
153 155 17
51 83 10
133 70 45
31 0 246
112 187 11
72 0 11
143 148 11
143 149 10
143 150 10
143 151 10
143 152 10
143 153 10
143 154 10
143 155 10
143 156 10
164 45 85
41 68 10
41 69 10
41 70 10
41 71 10
41 72 10
41 73 10
41 74 10
41 75 10
123 70 298
41 76 10
41 77 10
41 78 10
174 114 159
174 115 175
41 79 10
41 80 10
41 81 11
21 0 119
62 0 28
154 45 12
113 57 16
113 58 16
113 59 17
113 60 17
164 112 20
52 0 10
185 25 12
185 26 11
133 188 55
103 52 12
103 53 12
93 6 11
93 7 11
93 8 11
93 5 11
93 4 12
164 156 89
164 157 106
154 112 10
42 0 10
123 188 24
144 90 10
83 3 11
175 43 132
154 155 22
52 83 10
134 70 30
32 0 184
113 187 11
73 0 11
144 147 11
144 148 10
165 45 95
144 155 10
42 81 10
42 82 10
42 83 11
124 70 324
175 115 184
175 116 185
175 117 177
22 0 171
103 186 11
63 0 31
155 45 13
114 60 18
114 61 19
114 62 21
165 112 22
53 0 10
186 25 11
134 187 79
134 188 66
104 53 13
94 8 12
94 9 11
94 10 11
94 11 11
94 12 11
94 13 11
94 14 11
94 15 11
94 16 10
165 157 124
165 158 149
165 159 181
155 112 10
165 160 220
165 161 268
165 162 324
165 163 380
165 164 426
165 165 450
165 166 442
165 167 401
165 168 334
165 169 254
165 170 178
165 171 116
165 172 74
165 173 47
165 174 32
43 0 10
165 175 23
165 176 19
165 177 16
124 188 28
165 178 15
165 179 14
145 90 10
84 3 11
176 42 114
176 43 122
155 155 27
53 83 11
145 118 11
145 119 11
145 120 11
145 121 11
145 122 11
145 123 11
145 124 11
145 125 11
145 126 11
145 127 11
145 128 12
145 129 12
145 130 12
145 131 13
145 132 15
145 133 17
145 134 19
145 135 23
145 136 26
145 137 28
145 138 29
145 139 27
145 140 24
145 141 20
145 142 17
145 143 14
145 144 12
145 145 11
145 146 11
145 147 10
114 187 11
166 45 102
74 0 11
33 0 129
135 70 21
145 155 10
43 83 10
125 70 333
176 117 162
176 118 140
176 119 118
23 0 237
104 186 10
64 0 33
33 61 16
156 45 15
115 62 22
115 63 24
115 64 26
166 112 25
54 0 10
135 185 134
135 186 112
135 187 95
187 25 11
13 15 11
13 16 10
13 17 10
13 18 10
13 19 10
13 20 10
105 53 14
13 21 10
13 22 10
13 23 10
13 24 10
13 25 10
13 26 10
13 27 10
13 28 10
13 29 10
13 30 10
95 16 11
95 17 10
95 18 10
95 19 10
95 20 10
95 21 10
95 22 10
95 23 10
95 24 11
95 25 11
95 26 11
95 27 11
95 28 11
95 29 12
95 30 12
95 31 12
95 32 11
95 33 11
95 34 11
95 35 11
95 36 11
95 37 10
156 112 11
44 0 10
166 179 13
125 188 33
166 180 13
146 90 10
85 3 11
177 41 92
177 42 100
156 155 33
54 83 11
146 118 11
136 70 16
34 0 85
115 187 11
75 0 10
167 45 108
146 155 10
44 83 10
126 70 323
177 119 95
177 120 74
177 121 57
105 186 10
24 0 309
65 0 31
34 61 13
157 45 19
116 64 29
116 65 32
116 66 36
167 112 28
136 183 198
136 184 175
136 185 154
188 25 11
55 0 11
14 15 10
106 53 14
157 112 11
96 37 11
96 38 10
45 0 10
126 188 37
167 180 12
167 181 12
147 90 10
86 3 11
147 91 11
147 92 11
147 93 11
178 39 61
178 40 70
178 41 80
147 94 11
147 95 11
147 96 11
147 97 11
147 98 12
147 99 12
147 100 13
147 101 13
147 102 14
147 103 14
147 104 14
147 105 13
147 106 13
147 107 12
147 108 12
147 113 11
147 114 10
147 115 10
147 116 10
147 117 10
147 118 10
137 70 13
137 71 12
137 72 11
147 109 11
147 110 11
147 111 11
147 112 11
157 155 38
35 0 53
116 187 11
76 0 10
168 45 114
147 155 10
45 83 10
127 70 293
25 0 371
178 121 44
178 122 33
178 123 26
106 186 10
66 0 28
35 61 12
158 45 25
117 66 41
117 67 48
117 68 59
168 112 33
137 182 219
137 183 209
56 0 11
189 25 11
15 15 10
107 53 14
158 112 12
97 38 11
97 39 10
46 0 10
127 188 40
168 181 12
87 3 11
179 35 23
179 36 28
179 38 41
179 37 34
179 39 51
158 155 43
148 109 11
148 110 10
148 111 10
148 112 10
148 113 10
138 72 11
36 0 32
117 187 12
77 0 10
169 45 120
148 155 10
46 83 10
128 70 249
26 0 411
107 186 10
179 123 21
179 124 17
67 0 24
36 61 11
159 45 31
118 68 70
169 112 39
16 0 25
16 1 22
16 2 20
16 3 18
138 180 204
138 181 214
138 182 222
16 4 17
57 0 12
190 25 11
16 5 16
16 6 16
16 7 15
16 8 15
16 9 14
16 10 13
16 11 12
16 12 12
16 13 11
16 14 11
16 15 10
108 53 14
159 112 12
98 39 11
98 40 10
98 41 10
98 42 10
47 0 10
128 188 41
169 181 11
169 182 11
169 183 11
180 32 13
180 33 14
180 34 16
88 3 11
180 35 18
169 184 11
149 106 11
149 107 10
149 108 10
149 109 10
159 155 47
149 112 10
139 72 10
139 73 10
139 74 10
139 75 10
139 76 10
139 77 10
139 78 10
139 79 10
37 0 21
139 80 10
139 81 10
118 187 12
118 188 13
139 82 10
139 83 10
139 84 10
78 0 10
139 85 10
139 86 10
170 45 128
149 155 11
47 83 10
129 70 199
27 0 419
108 186 10
180 124 15
180 125 13
180 126 12
68 0 20
37 61 11
160 45 40
139 156 10
139 157 10
139 158 10
139 159 10
139 160 10
139 161 10
139 162 10
139 163 10
139 164 10
139 165 10
139 166 11
139 167 12
170 112 48
139 169 21
139 170 30
139 171 41
139 172 55
139 173 70
139 174 85
139 175 100
139 176 115
139 177 131
139 178 147
139 179 166
139 180 187
139 168 15
17 0 30
119 68 90
58 0 13
191 25 11
119 69 113
109 53 14
150 45 10
150 46 10
150 47 11
150 48 11
150 49 12
150 50 13
150 51 15
150 52 18
150 53 23
150 54 31
150 55 40
150 56 48
150 57 53
150 58 52
150 59 47
150 60 39
150 61 31
150 62 23
160 112 13
150 63 18
150 64 15
150 65 13
150 66 11
150 67 11
150 68 10
150 69 10
150 70 10
150 71 10
150 72 10
150 73 10
150 74 10
150 75 10
150 76 10
150 77 10
150 78 10
150 79 10
99 42 11
99 43 10
99 44 10
99 45 10
99 46 10
99 47 10
99 48 10
99 49 10
99 50 10
99 51 10
89 3 11
129 188 42
181 29 12
181 30 11
181 31 12
181 32 12
150 80 10
150 81 10
150 82 10
150 83 10
150 84 10
150 85 10
150 86 11
150 87 11
150 88 11
150 89 11
150 90 11
150 91 11
150 92 11
150 93 11
150 112 10
150 94 11
150 95 11
150 96 11
150 97 11
150 98 11
150 99 11
150 100 11
150 101 11
150 102 11
150 103 11
150 104 10
150 105 10
150 106 10
48 0 10
160 155 51
38 0 16
170 184 11
119 188 14
140 86 10
140 87 11
79 0 10
171 44 145
171 45 136
150 155 11
48 83 10
130 70 149
28 0 397
109 186 10
181 126 12
181 127 11
69 0 17
38 61 10
38 62 10
38 63 10
38 64 11
161 45 49
140 156 10
120 69 143
171 112 61
171 113 77
18 0 40
192 23 10
192 24 10
192 25 10
59 0 16
110 53 14
151 45 10
161 112 15
49 0 10
182 27 12
130 188 43
182 28 11
182 29 11
171 184 10
100 51 11
90 3 11
161 155 55
151 112 10
39 0 13
120 188 16
141 87 10
80 0 10
80 1 11
80 2 11
80 3 11
141 88 11
172 44 146
151 155 12
49 83 10
131 70 105
29 0 357
110 186 10
182 127 11
182 128 11
182 129 10
182 130 10
182 131 10
182 132 10
182 133 10
182 134 10
182 135 10
70 0 14
39 64 10
39 65 10
39 66 11
162 45 61
141 156 10
121 69 184
121 70 222
172 113 96
19 0 57
193 23 10
60 0 19
111 53 14
152 45 11
162 112 16
50 0 10
183 26 12
183 27 11
131 188 45
172 184 10
101 51 11
91 3 11
162 155 59
152 112 10
40 0 11
121 188 18
142 88 10
142 89 11
81 3 11
173 44 147
152 155 14
50 83 10
132 70 70
30 0 306
111 186 10
111 187 11
71 0 12
40 66 10
40 67 10
40 68 11
163 45 74
142 156 10
122 70 261
173 113 118
173 114 139
20 0 82
194 23 10
61 0 24
112 53 15
112 54 14
112 55 14
112 56 15
112 57 15
153 45 11
163 112 18
51 0 10
184 26 11
132 188 49
173 184 10
102 51 11
102 52 11
92 4 11
92 3 11
163 155 67
163 156 77
153 112 10
