30 146 10
10 55 36
51 59 22
112 150 33
153 149 19
153 150 18
153 151 18
30 181 147
20 143 11
20 144 10
20 146 10
20 161 10
20 162 10
20 163 10
20 164 10
20 165 11
41 59 168
174 96 40
143 157 13
31 59 561
143 198 43
133 159 11
41 145 26
41 146 22
62 41 11
62 42 10
62 43 10
164 126 228
164 127 248
21 59 30
123 155 12
21 85 35
21 86 30
21 87 26
31 146 10
11 55 32
52 59 19
113 150 32
154 148 19
154 149 18
31 181 165
21 142 11
21 143 10
21 146 10
42 59 119
21 165 10
21 166 10
21 167 11
175 95 56
175 96 47
144 157 14
32 59 636
144 198 47
134 159 11
42 145 32
63 41 10
165 125 200
165 126 213
22 59 39
124 155 12
22 87 23
22 88 20
32 146 10
12 55 28
53 59 17
114 150 30
155 145 22
155 146 21
155 147 20
155 148 19
32 181 186
32 182 212
32 183 256
32 184 331
22 142 10
22 146 10
43 59 84
22 167 10
22 168 10
176 95 65
145 157 15
33 59 669
135 159 11
43 143 73
43 144 54
43 145 41
64 41 10
166 125 188
23 59 53
125 155 11
23 88 18
23 89 16
33 146 11
13 55 25
54 59 16
115 150 29
156 144 24
156 145 23
23 141 11
23 142 10
23 146 10
44 59 62
23 168 10
177 89 280
177 90 225
177 91 177
177 92 138
177 93 110
177 94 90
177 95 77
146 156 16
146 157 15
34 59 654
136 159 11
44 143 100
65 39 11
65 40 11
65 41 10
167 124 168
167 125 179
24 59 75
126 155 11
24 89 15
24 90 14
24 91 13
34 146 11
24 99 16
24 100 18
24 101 19
24 102 20
14 55 23
24 104 22
24 105 24
24 106 27
24 107 34
24 108 45
24 109 64
24 110 94
24 111 135
24 112 182
24 113 230
24 114 270
24 115 298
24 116 313
24 117 317
116 150 28
157 143 27
157 144 25
116 151 27
24 118 315
24 119 310
24 120 306
24 121 304
24 123 291
24 124 277
24 125 260
24 126 240
24 128 178
24 129 140
24 130 103
24 131 71
24 132 49
24 133 34
24 134 25
106 121 88
106 122 121
106 123 166
106 124 227
106 125 309
106 126 413
106 127 529
106 128 635
106 129 707
106 130 725
106 131 686
106 132 602
106 133 496
106 134 389
106 135 296
106 136 220
106 137 158
106 138 111
106 139 77
106 140 55
106 141 41
106 142 33
106 143 29
106 144 27
106 145 26
106 146 26
106 147 26
106 148 27
24 135 19
24 136 16
24 137 14
24 138 12
24 139 11
24 140 11
24 141 10
24 127 213
24 122 301
24 146 10
24 103 21
24 98 15
55 59 14
45 59 47
24 168 10
147 156 17
35 59 600
137 159 11
137 167 12
137 168 13
137 169 13
137 170 13
137 171 13
137 172 13
137 173 14
137 174 15
137 175 16
137 176 18
137 177 19
137 178 20
137 179 21
137 180 22
137 181 23
137 182 25
137 183 26
137 184 27
137 185 27
137 186 29
137 187 31
137 188 32
137 189 33
137 190 33
137 191 34
137 192 34
137 193 33
137 194 32
137 195 30
137 196 27
137 197 24
137 198 22
168 124 156
66 39 11
25 59 104
127 155 11
127 156 11
127 157 11
127 158 10
127 159 10
25 91 12
35 146 12
25 98 14
15 55 21
56 59 13
158 142 31
117 151 26
158 143 28
107 121 86
25 146 10
5 55 40
46 59 39
107 148 28
107 149 29
25 168 10
148 156 18
36 59 524
138 159 11
138 167 13
67 38 12
67 39 11
169 124 143
26 59 142
138 198 24
128 159 11
26 91 12
26 92 12
26 93 11
36 146 14
26 98 13
16 55 20
57 59 12
159 140 45
159 141 38
159 142 34
118 151 26
108 121 87
26 146 10
6 55 39
47 59 33
108 149 30
108 150 31
26 168 10
149 156 18
37 59 441
139 159 11
139 160 11
139 161 11
139 162 11
139 163 11
139 164 12
139 165 13
139 166 13
139 167 14
68 31 18
68 32 17
68 33 16
68 34 16
68 35 15
68 36 14
68 37 13
68 38 12
170 124 132
27 59 193
139 198 28
129 159 11
27 93 11
27 94 11
27 95 11
27 96 12
27 97 12
37 146 15
27 98 13
17 55 20
160 139 61
160 140 50
58 59 11
119 151 25
119 152 23
119 153 22
119 154 21
119 155 20
109 121 94
27 146 10
7 55 40
48 59 30
109 150 32
27 168 10
27 169 11
27 170 11
27 171 12
150 156 19
38 59 364
140 167 17
171 124 119
28 59 264
140 198 32
130 159 11
38 146 16
18 55 20
18 56 20
18 57 20
18 58 21
18 59 22
18 60 23
18 61 26
18 62 30
18 63 38
18 64 51
18 65 71
161 138 86
161 139 70
18 66 103
18 67 148
18 68 202
18 69 257
18 70 304
18 71 342
18 72 364
120 155 18
18 73 365
18 75 308
18 76 265
18 77 222
18 78 184
18 79 153
18 80 128
18 81 108
18 74 344
59 59 11
110 121 109
28 146 10
8 55 40
49 59 27
110 150 33
28 171 13
28 172 15
28 173 18
151 152 20
151 153 20
151 154 20
151 155 20
151 156 19
18 145 11
18 146 10
18 147 10
18 148 10
18 149 10
18 150 11
18 151 11
18 152 11
18 153 11
18 154 11
18 155 11
18 156 11
18 157 11
18 158 11
18 159 11
18 160 11
18 161 11
39 59 294
141 157 12
141 158 11
141 159 11
141 160 11
141 161 11
141 162 12
141 163 12
141 164 13
141 165 15
141 166 17
141 167 20
172 124 104
29 59 356
141 198 36
131 159 11
39 146 18
19 57 21
19 58 22
19 59 23
162 137 128
162 138 103
60 59 11
121 155 15
19 81 93
19 82 78
19 83 66
111 121 137
29 146 10
9 55 38
50 59 24
111 150 34
29 173 22
29 174 29
152 151 19
152 152 19
29 175 37
29 176 50
29 177 65
29 178 81
29 179 97
29 180 113
29 181 132
19 144 11
19 145 10
19 146 10
19 161 11
40 59 228
173 96 34
173 97 28
173 98 25
173 99 23
173 100 22
173 101 21
173 102 21
173 103 21
173 104 21
173 105 21
173 106 20
173 107 19
173 108 18
173 109 17
173 110 16
173 111 15
173 112 15
173 113 16
173 114 17
173 115 18
173 116 21
142 157 12
173 118 32
173 119 39
173 120 48
173 121 57
173 122 66
173 123 75
173 124 88
173 117 26
30 59 460
142 198 40
132 159 11
40 146 19
61 43 11
61 44 10
61 45 10
61 46 10
163 127 269
163 128 292
163 129 321
163 130 349
163 131 366
163 132 365
163 133 339
163 134 295
163 135 241
163 136 192
163 137 154
61 47 11
61 48 11
61 49 11
61 50 11
61 51 11
61 52 11
61 53 11
61 54 11
61 55 11
122 155 14
61 56 10
61 57 10
61 58 10
61 59 10
20 59 25
20 83 57
20 84 48
20 85 41
112 121 184
