122 177 36
122 178 40
168 197 36
107 126 12
107 127 11
97 78 11
117 177 18
163 197 238
92 74 11
92 75 10
92 76 10
112 173 14
112 174 13
158 197 439
87 73 11
153 198 398
82 73 12
148 198 267
77 71 11
72 52 11
143 198 145
138 190 197
138 191 203
138 192 213
179 193 15
179 194 16
133 187 166
174 197 23
128 187 106
103 78 11
103 79 10
123 178 44
123 179 47
123 180 49
169 197 30
123 181 51
98 78 11
108 127 11
108 128 11
108 129 11
118 177 21
108 130 11
108 131 11
108 133 12
108 132 11
164 197 166
108 134 12
108 135 12
108 136 12
108 137 12
108 138 12
108 139 12
108 140 12
108 141 12
108 142 12
108 143 12
108 144 12
108 145 12
93 76 11
93 77 10
108 150 12
108 151 12
108 152 11
108 153 11
93 78 10
108 146 13
108 147 13
108 157 11
108 148 13
108 149 13
108 160 12
108 161 12
108 162 12
108 163 11
108 164 11
113 174 14
113 175 13
113 176 13
113 177 13
88 73 11
108 154 11
108 155 11
108 156 11
159 197 437
108 158 11
108 159 12
154 197 442
154 198 423
83 73 11
149 198 296
78 71 11
73 52 12
73 53 11
144 198 159
139 192 219
139 193 216
139 194 209
139 195 201
180 190 13
180 191 13
180 192 13
180 193 14
134 187 166
134 188 165
175 197 23
129 187 122
104 79 10
170 197 27
124 182 55
124 183 58
124 184 60
124 185 63
124 181 54
99 78 11
119 177 24
165 197 110
94 78 11
114 177 14
160 197 421
109 164 12
109 165 11
109 166 11
109 167 11
109 168 11
109 169 12
109 170 12
109 171 12
109 172 12
89 74 10
89 73 11
155 197 440
84 73 11
150 198 323
79 71 11
74 53 11
74 54 11
74 55 11
74 56 11
74 57 11
74 58 11
74 59 11
74 60 11
74 61 11
145 198 181
74 63 11
74 64 11
74 65 11
74 66 11
74 67 10
74 62 11
140 195 191
140 196 177
181 189 13
181 190 12
140 197 169
135 188 162
176 196 21
176 197 22
130 187 139
105 79 10
171 197 25
125 185 65
125 186 69
100 78 11
120 177 28
166 197 72
95 78 11
115 177 15
161 197 381
90 74 10
110 172 13
156 197 439
85 73 11
151 198 348
80 71 11
146 198 208
70 40 40
70 41 39
70 42 37
75 67 10
70 44 30
70 45 25
70 46 21
70 47 18
70 48 15
70 49 13
70 50 12
70 51 12
182 180 12
182 181 12
182 182 12
182 183 12
182 184 13
182 185 13
182 186 13
182 187 13
182 188 12
182 189 12
141 198 146
141 197 156
70 52 11
70 43 34
136 188 166
136 189 169
177 196 20
131 187 153
106 79 10
106 80 10
106 81 10
106 82 10
106 83 10
106 84 10
172 197 25
106 86 10
106 87 10
106 88 11
106 89 11
126 186 75
126 187 82
106 92 15
106 93 17
106 94 18
106 95 20
106 96 21
106 97 22
106 98 23
106 99 25
106 100 28
106 101 32
106 102 37
106 103 43
106 104 48
121 177 32
106 106 52
106 107 49
106 108 44
167 197 49
106 110 32
106 111 26
106 112 21
106 113 17
106 114 15
106 115 14
106 116 13
106 117 13
106 118 13
106 119 13
106 120 13
106 121 13
106 122 13
106 123 12
106 124 12
106 125 12
106 126 11
106 109 38
106 105 51
116 177 16
106 91 13
106 90 12
106 85 10
162 197 315
101 78 11
96 78 11
91 74 10
111 172 13
111 173 13
157 197 439
86 73 11
152 198 373
81 71 11
81 72 11
81 73 11
147 198 237
76 67 11
76 68 10
76 69 10
76 70 10
76 71 10
71 52 11
142 198 139
137 189 177
137 190 184
178 194 17
178 195 18
178 196 19
132 187 162
173 197 24
127 187 92
102 78 11
