30 145 137
143 74 25
143 75 27
143 76 28
143 77 29
143 78 30
143 79 31
143 80 32
143 81 33
143 82 34
184 70 241
184 69 233
184 68 231
92 38 173
30 146 152
102 118 20
102 119 19
102 120 19
123 18 25
133 67 14
133 68 13
41 36 98
61 131 272
133 78 39
82 38 215
20 152 386
20 151 382
174 80 248
174 81 209
92 119 17
51 131 213
174 110 22
113 23 90
113 24 95
113 25 101
72 36 169
123 85 565
123 86 558
164 84 30
164 94 14
41 131 152
82 124 15
62 36 437
103 32 219
103 33 218
154 84 32
154 86 32
123 142 391
113 96 270
113 97 257
113 98 243
123 165 17
72 131 197
134 20 46
52 36 205
113 126 337
31 144 118
31 145 128
185 67 223
185 68 225
93 38 175
144 82 32
103 116 26
103 117 23
103 118 21
113 165 317
103 120 20
124 18 24
62 131 287
134 68 13
42 36 95
134 78 35
21 151 374
83 38 213
175 73 433
175 74 433
175 75 429
175 76 415
175 77 393
175 78 362
175 79 326
175 80 287
93 119 18
52 131 211
114 20 68
114 21 73
175 110 21
114 22 78
114 23 84
73 36 167
73 37 165
124 84 547
124 85 560
165 84 30
165 94 14
165 95 15
83 119 15
83 120 14
83 121 14
83 122 14
42 131 167
83 124 14
83 123 14
63 36 405
104 32 216
155 84 32
155 86 31
114 94 286
114 95 281
114 96 275
124 142 343
124 165 15
73 131 167
135 20 55
53 36 245
114 126 376
32 143 107
32 144 113
32 142 105
186 66 212
186 67 218
94 38 175
145 82 30
104 116 27
114 165 226
104 120 22
104 121 24
125 18 23
63 131 302
135 68 13
43 36 93
135 78 32
84 38 207
22 151 366
176 73 429
22 150 358
94 119 18
115 18 50
115 19 55
115 20 61
53 131 212
176 110 20
74 37 164
125 79 280
125 80 335
125 81 392
125 82 444
125 83 488
125 84 523
166 84 32
166 95 15
166 96 16
166 97 18
166 98 19
166 99 21
166 100 22
166 101 23
166 102 24
166 103 25
166 104 25
166 105 25
166 106 25
166 107 26
43 131 182
84 119 14
64 36 367
105 31 211
105 32 215
156 84 32
115 93 286
156 86 30
115 94 285
125 143 261
125 142 301
125 165 14
74 131 141
136 20 69
54 36 287
115 126 412
33 142 103
33 141 103
187 65 196
187 66 206
33 140 104
95 38 175
146 82 29
105 115 34
105 116 30
115 165 159
105 121 27
126 18 23
105 123 36
136 68 14
136 69 13
136 70 13
136 71 13
44 36 92
105 122 31
64 131 316
136 78 30
85 38 198
23 150 342
177 73 421
95 119 18
116 18 43
54 131 215
177 110 19
75 37 164
126 78 181
126 79 228
75 38 167
167 84 34
85 119 14
167 107 25
167 108 25
167 109 26
44 131 196
65 36 326
106 31 204
116 89 311
116 90 302
116 91 295
157 84 31
116 92 290
157 86 28
116 93 289
126 144 201
126 145 182
126 146 170
126 147 163
126 148 158
126 149 154
126 150 150
126 151 145
126 152 136
126 153 125
126 154 111
126 155 94
126 156 78
126 157 62
126 158 49
126 159 39
126 160 31
126 161 25
126 162 20
126 163 17
126 164 14
126 165 13
126 143 228
34 137 111
34 138 109
34 139 107
137 20 89
55 36 329
116 126 448
116 127 473
188 64 175
188 65 188
34 140 105
75 131 119
75 130 101
96 38 175
147 82 28
106 113 49
106 114 43
106 115 38
116 165 111
127 18 23
106 123 43
45 36 92
65 131 326
137 71 14
24 149 313
137 78 30
86 38 188
24 150 327
178 73 405
96 119 19
117 18 38
55 131 222
178 110 19
127 78 142
76 38 171
168 84 37
86 119 14
45 131 208
168 109 25
66 36 288
107 30 189
107 31 196
117 88 338
117 89 322
158 84 31
158 86 26
158 87 25
35 134 113
35 135 112
35 136 112
35 137 111
76 130 83
76 129 68
56 36 368
189 63 153
189 64 165
117 128 523
117 127 500
97 38 177
148 82 27
148 83 28
107 106 83
107 107 80
107 108 78
107 109 75
107 110 71
107 111 66
107 112 60
107 113 54
117 165 77
128 18 23
107 123 54
46 36 94
107 125 83
107 124 67
138 71 15
66 131 330
25 149 293
138 78 29
87 38 179
179 73 384
97 119 18
118 18 34
56 131 230
179 110 18
128 78 111
77 38 177
169 84 42
87 119 14
46 131 216
169 109 25
67 36 253
108 30 176
118 87 388
118 88 359
159 84 30
159 87 23
159 88 22
36 132 116
36 133 113
36 134 113
77 129 56
57 36 405
190 62 134
190 63 144
118 128 544
118 129 566
98 37 188
98 38 183
149 83 28
149 84 29
108 105 90
108 106 86
118 165 55
129 18 23
67 131 325
129 20 31
129 21 37
129 22 45
139 71 16
139 72 17
139 73 18
129 26 120
129 27 156
129 28 199
129 29 247
129 30 295
129 31 339
129 32 373
129 33 395
129 34 405
129 35 405
129 36 398
129 37 387
129 38 373
129 39 357
129 40 338
129 41 320
129 42 305
129 43 296
129 44 291
129 45 290
129 46 291
129 47 294
129 48 296
129 49 295
129 50 289
129 51 277
129 52 259
129 53 233
129 54 203
129 55 172
129 56 143
129 57 118
129 58 95
129 59 75
129 60 58
129 61 46
129 62 36
129 63 29
129 64 25
129 25 92
129 24 71
129 23 56
180 73 359
180 72 335
180 110 18
139 78 29
119 18 32
88 38 172
47 36 100
108 126 134
108 125 106
26 149 278
129 78 87
78 38 186
26 148 257
57 131 237
98 119 18
170 84 50
88 119 15
47 131 221
170 109 24
170 110 25
68 36 224
109 29 155
109 30 165
119 87 416
160 84 30
160 88 20
160 89 19
160 90 18
37 131 122
37 132 117
78 128 37
78 129 45
58 36 437
191 61 120
191 62 127
119 129 586
119 130 608
99 36 198
99 37 194
150 84 29
150 85 30
109 103 109
109 104 100
109 105 94
119 165 39
130 18 24
68 131 311
130 20 32
48 36 109
109 126 169
140 73 19
27 147 220
27 148 238
140 78 30
89 38 169
181 72 310
99 119 18
130 64 22
130 65 19
120 18 29
58 131 243
130 78 69
79 38 196
171 84 61
89 119 15
48 131 222
171 110 24
110 28 138
110 29 145
69 36 202
120 86 486
120 87 451
161 84 30
161 90 17
161 91 16
38 131 125
79 126 23
79 127 26
79 128 31
192 60 115
192 61 117
59 36 458
120 130 631
100 35 206
100 36 203
120 133 715
120 134 742
120 135 761
120 136 766
120 137 755
120 138 728
120 139 685
151 84 30
151 85 31
120 142 526
120 141 578
120 140 633
120 132 684
120 131 654
110 102 128
110 103 116
120 165 29
131 18 25
69 131 289
131 20 33
49 36 124
110 126 209
141 73 21
141 74 22
28 147 199
28 146 184
141 78 30
182 71 272
182 72 291
90 38 168
100 118 19
100 119 18
131 65 18
131 66 16
121 18 27
59 131 250
131 78 56
80 38 205
18 152 396
18 153 403
18 154 419
18 155 442
18 156 469
18 157 497
18 158 523
18 159 549
18 160 569
18 161 577
18 162 569
172 83 94
172 84 76
18 165 460
18 166 409
18 167 359
18 168 313
18 169 274
18 170 242
18 171 218
18 172 201
18 173 190
18 174 182
18 175 177
18 176 172
18 177 167
18 178 164
18 164 507
18 163 544
90 119 16
49 131 220
172 110 23
111 27 123
111 28 130
70 36 186
121 86 516
162 84 30
162 91 15
39 131 131
80 126 20
193 60 114
60 36 466
101 34 213
101 35 211
152 84 31
152 85 32
121 142 486
111 100 175
111 101 156
111 102 141
121 165 22
132 18 27
132 19 30
132 20 35
50 36 145
111 126 252
70 131 261
142 74 24
29 146 165
183 70 247
183 71 259
142 78 30
91 38 171
101 118 19
101 119 19
132 66 15
132 67 14
122 18 26
40 36 100
40 37 101
40 38 104
40 39 109
40 40 115
40 41 123
40 42 131
40 43 139
40 44 147
132 78 46
81 38 212
19 152 389
60 131 260
173 81 176
173 82 143
173 83 117
91 119 17
50 131 217
173 110 22
112 25 107
112 26 112
112 27 119
71 36 175
122 86 541
163 84 30
163 91 14
163 92 14
163 93 14
163 94 14
40 131 140
81 124 16
81 125 17
81 126 18
61 36 459
102 33 217
102 34 216
153 84 32
153 85 32
153 86 33
122 142 440
112 98 229
112 99 209
112 100 191
122 165 19
133 19 34
133 20 39
51 36 172
112 126 296
71 131 229
