81 190 10
122 190 10
97 71 60
138 64 19
97 72 56
97 73 55
169 14 11
76 190 10
117 190 10
133 64 30
169 37 11
164 14 12
169 39 10
169 38 10
164 17 11
164 18 11
164 19 11
164 20 10
92 77 37
92 78 36
71 190 10
112 190 10
128 64 69
159 14 11
169 64 59
159 17 11
87 81 27
87 82 27
87 83 26
87 84 26
87 85 26
87 86 26
87 87 25
87 88 23
87 89 21
87 90 18
87 91 16
87 92 14
66 190 10
107 190 10
123 64 55
154 14 15
164 64 63
154 17 12
61 190 10
102 190 10
118 64 26
190 1 10
149 14 30
159 64 63
149 17 20
56 190 10
97 190 10
185 1 10
113 66 37
113 67 42
113 68 49
144 14 36
154 64 38
144 17 23
92 190 10
180 1 10
108 68 112
149 64 24
87 190 10
175 1 10
103 68 98
144 64 24
82 190 10
98 69 66
98 70 63
98 71 61
139 64 19
123 190 10
170 14 11
77 190 10
118 190 10
134 64 26
93 76 42
93 77 40
165 14 12
170 39 11
170 40 10
170 41 10
170 42 10
170 43 10
165 20 10
170 44 10
170 45 10
170 47 10
170 48 10
170 49 10
170 50 10
170 51 10
170 52 10
170 53 10
170 54 11
170 55 11
170 56 12
170 57 13
170 58 15
170 59 19
170 60 25
170 61 33
160 14 11
170 63 55
170 64 66
170 62 44
160 17 11
129 64 60
88 80 28
88 81 27
170 46 10
113 190 10
67 190 10
72 190 10
108 190 10
124 64 66
155 14 13
165 64 59
155 17 12
62 190 10
103 190 10
119 64 28
191 1 10
150 14 27
160 64 65
150 17 18
57 190 10
98 190 10
114 64 28
186 1 10
114 65 29
114 66 32
145 14 34
155 64 44
145 17 22
93 190 10
181 1 10
109 68 99
150 64 25
88 190 10
176 1 10
104 68 107
145 64 24
83 190 10
99 68 70
99 69 67
140 64 20
171 14 11
78 190 10
119 190 10
135 64 23
94 75 46
94 76 44
166 14 12
166 20 10
73 190 10
114 190 10
130 64 50
161 14 11
89 79 30
89 80 29
161 17 11
68 190 10
109 190 10
125 64 74
156 14 12
166 64 56
156 17 11
63 190 10
104 190 10
120 64 32
151 14 23
161 64 66
151 17 17
58 190 10
99 190 10
115 64 25
187 1 10
146 14 33
156 64 50
146 17 22
94 190 10
182 1 10
110 68 84
151 64 27
89 190 10
177 1 10
105 68 116
146 64 24
84 190 10
100 68 73
141 64 21
172 13 11
172 14 10
79 190 10
120 190 10
136 64 21
95 74 49
95 75 48
167 14 12
167 20 10
74 190 10
115 190 10
131 64 42
162 14 11
90 78 33
90 79 31
162 17 11
69 190 10
110 190 10
126 64 78
157 14 12
167 64 55
157 17 11
64 190 10
85 93 12
85 94 11
85 95 11
121 64 37
85 96 11
85 97 11
85 98 11
85 99 11
85 100 11
152 14 19
85 101 11
162 64 67
152 17 15
85 102 11
85 103 11
85 104 11
85 105 11
85 106 11
85 107 11
85 108 11
85 109 11
85 110 10
85 111 10
85 112 10
85 113 10
85 114 10
85 115 10
116 64 24
188 1 10
85 116 10
85 117 10
85 118 10
85 119 10
147 14 33
85 120 10
157 64 56
147 17 22
85 121 10
85 122 10
85 123 10
85 124 10
85 125 10
85 126 10
105 190 10
59 190 10
100 190 10
54 180 10
54 181 10
54 182 10
54 183 10
54 184 10
54 185 10
183 1 10
54 186 10
54 187 10
111 68 69
54 188 10
54 189 10
54 190 10
152 64 30
95 190 10
90 190 10
178 1 10
106 68 121
147 64 23
85 190 10
173 1 10
173 2 10
173 3 10
173 4 10
173 5 10
173 6 10
173 7 10
173 8 10
173 9 10
173 10 10
173 11 10
173 12 10
173 13 10
142 64 22
101 68 80
80 190 10
121 190 10
137 64 20
96 73 53
96 74 51
168 14 12
168 20 10
168 21 10
168 22 10
168 23 10
168 24 10
168 25 10
168 26 10
168 27 10
168 28 10
168 29 10
168 30 10
168 31 10
168 32 10
168 33 10
168 34 10
168 35 10
168 36 10
168 37 10
163 14 12
132 64 35
91 78 34
163 17 11
75 190 10
116 190 10
70 190 10
111 190 10
127 64 76
158 14 12
168 64 56
158 17 11
65 190 10
86 92 13
86 93 12
106 190 10
122 64 45
153 14 17
163 64 66
153 17 13
60 190 10
101 190 10
117 64 25
189 1 10
148 14 32
158 64 60
148 17 21
55 190 10
96 190 10
184 1 10
112 68 58
143 14 39
143 15 32
143 16 28
143 17 24
153 64 33
91 190 10
179 1 10
107 68 120
148 64 23
86 190 10
174 1 10
102 68 88
143 64 23
