107 119 10
148 115 78
122 198 17
184 102 21
102 119 10
143 115 46
179 102 17
138 118 20
138 119 20
138 120 19
5 97 10
5 98 10
5 99 10
5 100 10
5 101 10
5 102 10
5 103 10
5 104 10
5 105 10
5 106 10
5 107 10
5 108 10
5 109 10
5 110 10
5 111 10
5 112 10
5 113 10
5 114 10
5 115 10
5 116 10
5 117 10
5 118 10
5 119 10
5 120 10
5 121 10
5 122 10
5 123 10
5 124 10
5 125 10
5 126 11
5 127 11
5 128 11
5 129 11
5 130 11
5 131 11
5 132 11
5 133 11
5 134 11
5 135 11
5 136 11
5 137 12
5 138 12
5 139 12
5 140 12
5 141 12
5 142 12
5 143 11
5 144 11
5 145 11
5 146 10
5 147 10
5 148 10
138 121 18
174 99 11
174 100 11
174 101 11
174 102 11
143 182 10
169 103 12
133 129 10
169 99 11
128 124 11
128 125 10
164 99 15
138 182 10
123 119 10
164 112 32
159 99 46
133 182 10
118 119 10
159 112 42
154 99 45
128 182 10
128 183 10
128 184 10
128 185 10
128 186 10
128 187 10
128 188 10
128 189 10
128 190 10
128 191 10
128 192 10
128 193 10
113 119 10
154 112 37
108 119 10
149 115 71
123 198 15
185 102 21
103 119 10
144 115 60
180 102 19
139 116 22
139 117 21
139 118 20
175 102 12
134 125 11
134 126 11
134 127 11
134 128 11
134 129 10
170 99 11
170 102 11
170 103 11
6 148 10
129 125 11
129 126 10
165 99 13
139 182 10
165 104 20
165 105 23
165 106 28
165 107 33
165 108 38
165 109 40
165 110 39
124 119 10
165 111 36
165 112 33
160 99 40
134 182 10
119 119 10
160 112 39
155 99 45
129 182 10
114 119 10
155 112 40
109 119 10
150 114 57
150 115 64
124 197 13
124 198 14
104 119 10
145 115 72
119 198 32
181 102 20
140 115 26
140 116 23
176 102 13
135 124 12
135 125 11
171 99 11
171 102 11
130 126 11
130 127 10
166 99 12
140 182 10
166 104 17
125 119 10
161 99 32
135 182 10
120 119 10
161 112 36
156 99 46
130 182 10
115 119 10
156 112 43
151 89 246
151 88 307
151 87 400
110 119 10
151 112 41
125 193 11
125 194 11
125 195 12
125 196 12
125 197 12
151 113 44
151 114 51
105 119 10
146 115 80
120 198 25
182 102 20
100 119 10
141 115 29
177 102 14
136 124 12
172 99 11
172 102 11
131 127 11
131 128 10
167 99 12
141 182 10
167 103 14
167 104 15
126 119 10
126 120 10
126 121 10
126 122 10
162 99 24
136 182 10
121 119 10
162 112 34
157 99 48
131 182 10
116 119 10
157 112 44
152 89 200
152 90 176
152 91 167
152 92 164
152 93 157
152 94 142
152 95 121
152 96 97
152 97 77
152 98 60
152 99 50
111 119 10
152 112 36
126 193 11
106 119 10
147 115 82
121 198 20
183 102 21
101 119 10
142 115 36
178 102 15
137 121 17
137 122 16
137 123 14
137 124 13
173 99 11
173 102 11
132 128 10
132 129 10
132 130 10
132 131 10
132 132 10
132 133 10
142 182 10
132 134 10
132 135 10
132 136 11
132 137 11
132 138 11
132 139 11
132 140 11
132 141 12
132 142 12
132 143 12
132 144 12
127 122 11
127 123 10
127 124 10
132 145 12
132 146 11
132 147 11
132 148 11
132 149 10
132 150 10
132 151 10
132 152 10
132 153 10
137 182 10
132 154 10
132 155 10
132 156 10
132 157 10
132 158 10
132 159 10
132 160 10
132 161 10
122 119 10
132 162 10
132 163 10
132 164 10
132 165 10
132 166 10
132 167 10
132 168 10
132 169 10
132 170 10
132 171 10
132 172 10
132 173 10
132 174 10
132 175 10
132 182 10
132 176 10
132 177 10
132 178 10
132 179 10
132 180 10
132 181 10
168 103 13
163 112 32
117 119 10
158 112 44
168 99 11
163 99 19
158 99 48
153 99 45
112 119 10
153 112 36
127 193 11
