122 183 18
20 107 19
143 85 36
143 86 38
143 87 40
143 88 43
133 40 10
153 140 19
153 141 19
153 142 20
153 143 20
51 73 33
184 105 11
184 106 10
184 107 10
92 77 32
112 183 10
41 61 10
82 77 34
174 111 10
10 144 10
174 112 10
123 74 32
174 113 10
174 114 10
174 115 10
174 116 10
174 117 10
143 175 13
174 118 10
174 121 11
174 119 10
174 120 10
31 61 10
102 199 10
195 36 83
195 37 77
72 77 78
113 74 17
133 175 24
185 20 20
164 131 11
164 132 10
164 133 10
164 134 10
164 135 10
164 136 10
164 137 10
62 77 25
195 104 10
103 77 21
123 183 21
21 107 22
144 88 42
144 89 42
144 90 39
144 91 35
144 92 29
144 93 24
144 94 20
144 95 18
144 96 16
144 97 15
144 98 14
134 40 11
154 140 18
52 73 35
52 74 36
52 75 38
52 76 38
52 77 33
185 105 10
93 77 29
113 183 11
42 61 10
83 77 36
11 143 11
11 144 10
175 111 10
124 74 32
144 174 12
144 175 12
32 61 10
103 199 10
196 37 73
73 77 99
114 74 19
134 175 24
186 20 21
165 130 11
165 131 10
63 77 24
196 103 11
196 104 10
104 77 18
22 100 36
22 101 34
22 102 34
22 103 35
22 104 35
22 105 33
22 106 30
22 107 27
124 183 24
135 40 11
155 140 17
145 98 13
145 99 13
53 77 29
186 105 10
94 77 27
114 183 11
43 61 10
84 77 40
12 142 11
12 143 10
176 111 10
125 74 33
145 174 12
33 61 10
104 199 10
197 37 69
197 38 66
197 39 67
197 40 72
197 41 78
197 42 84
197 43 85
197 44 83
94 165 10
94 166 10
94 167 10
94 168 10
94 169 10
94 170 10
94 171 10
94 172 10
74 77 110
94 173 10
94 174 10
94 175 10
94 176 10
115 74 20
94 177 10
94 178 10
94 179 10
94 180 10
94 181 10
94 182 10
94 183 10
94 184 10
94 185 10
94 186 10
94 187 10
94 188 10
94 189 10
94 190 10
94 191 10
166 128 11
166 129 10
166 130 10
94 192 10
94 193 10
94 194 10
94 195 10
94 196 10
94 197 10
94 198 10
94 199 10
135 175 24
187 20 23
197 45 80
197 46 79
197 47 77
197 48 73
197 49 65
197 50 54
197 51 41
197 52 31
197 53 23
197 54 18
197 55 15
197 56 14
197 57 13
197 58 12
64 77 24
197 59 12
197 60 11
197 61 11
197 62 11
197 63 11
197 64 12
197 65 13
105 77 17
197 66 14
197 67 17
197 68 22
197 69 30
23 98 42
23 99 39
23 100 38
197 70 42
197 71 56
125 183 26
197 72 72
197 73 86
197 74 97
197 75 105
197 76 111
197 77 116
197 78 123
197 79 133
136 40 11
197 80 145
197 81 159
197 82 168
156 140 17
197 83 165
197 84 147
197 85 116
197 86 84
197 87 57
197 88 38
146 99 12
146 100 13
146 101 14
146 102 16
146 103 21
197 89 27
197 90 21
197 91 17
197 92 15
197 93 14
54 77 25
197 94 14
197 95 13
197 96 13
197 97 13
197 98 12
197 99 12
197 100 12
95 77 25
197 101 11
197 102 11
197 103 10
187 105 10
115 183 11
44 61 10
85 77 43
13 142 10
177 111 10
126 73 34
126 74 33
146 174 12
34 61 10
105 199 10
75 77 107
116 74 21
136 175 24
188 20 24
167 128 10
95 199 10
65 77 23
106 77 15
178 15 16
24 97 43
24 98 41
126 183 26
137 40 11
157 140 17
55 77 23
188 105 10
96 77 25
116 183 11
14 110 10
14 111 10
14 112 10
14 113 10
14 114 10
14 115 10
14 116 10
45 61 10
14 117 10
14 118 10
14 119 10
14 120 10
14 121 10
14 122 10
14 123 10
14 124 10
14 125 10
14 126 10
14 127 10
14 128 10
14 129 10
14 130 10
14 131 11
14 132 11
14 133 12
14 134 13
14 135 13
14 136 14
14 137 14
14 138 13
14 139 12
86 77 45
14 140 11
14 141 11
127 72 33
127 73 33
14 142 10
178 111 10
147 174 12
35 61 10
106 199 10
76 77 93
117 74 22
137 175 24
189 20 26
168 128 10
96 199 10
66 77 23
107 77 15
179 15 15
25 96 43
25 97 42
179 16 15
179 17 16
179 18 16
179 19 17
127 183 26
138 40 12
138 41 12
138 42 12
138 43 12
138 44 12
138 45 12
138 46 12
138 47 11
138 48 11
138 49 11
138 50 11
138 51 11
138 52 10
138 53 10
138 54 10
138 55 10
138 56 10
138 57 10
138 58 10
158 140 17
56 77 22
189 105 10
97 77 24
117 183 11
15 108 11
15 109 11
15 110 10
46 61 11
128 68 18
87 77 46
128 70 24
128 71 28
128 72 30
128 69 21
179 111 10
148 174 12
107 183 10
107 184 10
107 185 10
107 186 10
107 187 10
107 188 10
107 189 10
107 190 10
107 191 10
107 192 10
107 193 10
107 194 10
107 195 10
107 196 10
36 61 10
107 197 10
107 198 10
107 199 11
77 77 74
118 74 26
138 175 23
190 20 27
169 128 10
97 199 10
26 66 11
26 67 10
26 68 10
26 69 10
26 70 10
26 71 10
26 72 10
26 73 10
26 74 10
26 75 10
26 76 10
26 77 10
26 78 11
26 79 11
26 80 12
26 81 13
26 82 14
26 83 17
26 84 21
67 77 25
26 86 32
26 87 38
26 88 43
26 89 45
26 90 46
26 91 45
26 92 45
26 93 45
26 94 45
26 95 43
26 96 43
26 85 26
108 77 14
108 76 14
5 193 10
5 194 10
5 195 10
5 196 10
180 19 16
128 183 25
159 140 17
139 58 10
139 59 11
57 77 21
190 105 10
98 77 24
118 183 12
16 108 12
47 61 11
129 65 12
129 66 13
129 67 14
129 68 15
88 77 45
180 110 11
180 111 10
149 172 14
149 173 13
149 174 12
108 183 10
37 61 10
78 77 57
119 74 29
139 175 21
170 121 10
170 122 11
170 123 11
170 124 11
170 125 11
170 126 11
170 127 11
170 128 10
191 20 30
191 21 35
98 199 10
27 65 11
27 66 10
6 185 13
6 186 12
6 187 12
6 188 12
68 77 28
6 189 12
6 190 11
6 191 11
6 192 11
6 193 10
109 76 14
181 19 16
181 20 17
129 182 24
129 183 24
160 137 12
160 138 13
160 139 14
160 140 16
140 59 10
140 60 11
58 77 22
140 61 11
140 62 11
140 63 11
140 64 11
140 65 12
140 66 13
140 67 14
140 68 15
140 69 17
140 70 19
140 71 22
140 72 25
140 73 27
140 74 29
140 75 30
140 76 31
140 77 31
140 78 31
140 79 31
140 80 31
140 81 30
140 82 29
140 83 29
99 77 24
17 107 13
17 108 12
191 105 10
119 183 12
48 61 11
130 48 11
130 49 10
130 50 10
130 51 10
130 52 10
130 53 10
130 54 10
130 55 10
130 56 10
130 57 10
130 58 10
130 59 11
130 60 11
130 61 11
130 62 11
130 63 11
130 64 11
130 65 11
89 77 43
181 110 10
150 172 15
109 183 10
38 61 10
79 77 45
120 74 30
7 146 11
7 147 10
7 148 10
7 149 10
7 150 10
7 151 10
7 152 10
7 153 10
7 154 10
7 155 10
7 156 10
7 157 10
7 158 10
7 159 10
7 160 10
7 161 10
7 162 10
7 163 10
7 164 10
7 165 10
7 166 10
28 64 11
28 65 10
7 167 10
7 168 10
7 169 11
7 170 11
7 171 12
7 172 13
7 173 15
7 174 18
7 175 20
7 176 21
7 177 21
7 178 19
7 179 18
7 180 16
7 181 15
7 182 14
7 183 13
7 184 13
7 185 12
69 77 33
140 175 19
171 121 10
99 199 10
192 21 40
110 76 14
182 20 17
130 181 24
130 182 23
161 137 12
59 77 23
192 105 10
100 77 25
120 183 13
141 83 30
141 84 30
18 107 14
49 61 12
131 46 11
131 47 10
131 48 10
151 146 25
151 147 28
151 148 33
151 149 40
151 150 48
151 151 57
151 152 71
151 153 95
151 154 123
151 155 149
151 156 171
151 157 189
151 158 205
151 159 215
151 160 219
151 161 212
151 162 194
151 163 168
151 164 137
90 77 40
151 165 106
151 166 80
151 167 60
151 168 45
151 169 34
151 170 27
151 171 21
151 172 17
182 109 11
110 183 10
182 110 10
39 61 10
80 77 37
8 145 11
121 74 31
8 146 10
141 175 16
172 121 10
193 21 48
193 22 61
193 23 79
193 24 100
193 25 120
193 26 134
193 27 140
193 28 140
29 61 11
29 62 10
29 63 10
29 64 10
193 29 136
193 30 133
100 199 10
193 31 133
193 32 132
193 33 127
193 34 119
70 77 43
111 75 15
111 76 14
183 20 18
131 181 23
162 137 11
60 77 24
193 105 10
101 77 24
121 183 15
19 107 16
142 84 32
142 85 33
132 40 10
132 41 10
132 42 10
132 43 10
132 44 10
50 61 15
50 62 14
50 63 14
50 64 14
50 65 15
50 66 15
50 67 16
50 68 17
50 69 19
50 70 21
50 71 23
50 72 28
50 73 31
132 46 10
132 45 10
152 143 21
152 144 22
152 145 22
152 146 24
183 107 11
183 108 10
91 77 36
183 109 10
111 183 10
40 61 10
81 77 34
9 144 11
9 145 10
122 74 32
142 175 14
173 121 11
30 61 10
101 199 10
194 34 109
194 35 98
194 36 89
71 77 58
112 74 16
112 75 15
132 175 25
132 176 25
132 177 26
132 178 26
132 179 26
132 180 25
132 181 24
184 20 19
163 137 11
61 77 25
194 104 11
194 105 10
102 77 22
