20 98 10
138 51 15
56 70 10
97 70 10
15 98 10
133 51 70
51 70 10
51 71 10
51 72 10
51 73 10
51 74 10
51 75 10
51 76 10
51 77 11
92 70 10
10 98 10
128 51 62
10 100 12
138 101 10
10 101 15
10 99 11
51 98 17
87 70 10
123 51 16
133 103 11
133 104 10
46 98 164
82 70 11
118 46 13
118 47 13
118 51 14
41 98 324
77 70 11
36 98 32
72 70 10
113 70 31
31 98 11
67 70 10
108 70 16
26 98 10
62 70 10
103 70 10
21 98 10
139 51 13
57 70 10
98 70 10
16 98 11
134 51 54
52 70 10
52 77 10
93 70 10
52 78 11
52 79 11
52 80 11
52 81 12
52 82 13
52 83 14
52 84 16
52 85 20
52 86 24
52 87 29
52 88 33
52 90 36
52 91 33
52 89 36
52 93 23
11 98 10
129 51 78
52 96 15
52 97 15
52 98 14
52 92 28
139 101 10
52 94 19
88 70 10
52 95 17
124 51 19
134 102 11
134 103 10
47 98 100
83 70 11
119 47 12
119 48 12
119 49 12
119 50 13
119 51 13
42 98 375
78 70 11
37 98 54
73 70 10
114 70 30
32 98 12
68 70 10
109 70 20
27 98 10
63 70 10
104 70 11
22 98 10
140 51 12
58 70 10
99 70 10
17 98 11
135 51 39
53 70 10
94 70 10
12 98 10
130 51 88
140 101 10
89 70 10
125 51 24
135 102 10
48 98 59
84 70 10
120 50 12
120 51 13
43 98 376
79 70 11
38 98 95
74 70 10
115 70 29
33 98 13
69 70 10
110 70 24
28 98 10
64 70 10
105 70 11
23 98 10
141 51 11
59 70 10
100 70 10
18 98 11
136 51 27
54 70 10
95 70 10
13 98 10
131 51 89
141 101 10
90 70 10
126 51 33
136 101 11
136 102 10
116 10 10
116 11 10
116 12 10
116 13 10
116 14 10
116 15 10
116 16 10
116 17 10
116 18 10
116 19 10
116 20 10
116 21 10
116 22 10
116 23 10
116 24 10
116 25 10
116 26 11
116 27 11
116 28 13
116 29 16
116 30 23
116 31 34
116 32 52
116 33 75
116 34 98
116 35 114
116 36 119
116 37 113
116 38 98
116 39 78
116 40 58
116 41 43
116 42 32
116 43 25
116 44 21
121 51 13
131 109 10
131 108 10
131 107 11
44 98 327
49 98 36
85 70 10
80 70 11
39 98 160
75 70 11
116 70 28
34 98 15
70 70 10
111 70 28
29 98 10
65 70 10
106 70 12
24 98 10
142 51 11
142 52 12
142 53 14
142 54 17
142 55 22
142 56 29
142 57 40
142 58 53
142 59 70
142 60 86
142 61 101
142 62 113
142 63 119
142 64 119
142 65 111
142 66 94
142 67 72
142 68 50
142 69 33
142 70 22
142 71 16
142 72 13
142 73 12
142 74 11
137 51 19
142 76 11
142 77 11
142 78 12
142 79 14
142 80 17
142 81 24
142 82 36
142 83 53
142 84 74
142 85 94
142 86 110
142 87 118
142 88 116
142 89 107
142 90 93
142 91 77
142 92 62
142 93 48
142 94 36
142 95 26
142 96 19
142 97 15
142 98 12
132 51 83
142 100 11
142 101 10
142 99 11
142 75 11
14 98 10
19 98 11
101 70 10
96 70 10
60 70 10
55 70 10
91 70 10
127 51 46
137 101 10
50 98 24
86 70 10
122 51 14
132 104 11
132 105 10
132 106 10
132 107 10
45 98 247
81 70 11
117 44 17
117 45 15
117 46 14
117 51 15
117 52 17
117 53 20
117 54 23
117 55 28
117 56 34
117 57 41
40 98 243
117 58 47
117 59 52
117 60 56
117 61 58
117 62 59
117 63 58
117 64 56
117 65 51
117 66 46
117 67 41
117 68 37
117 69 32
117 70 28
76 70 11
35 98 21
71 70 10
112 70 30
30 98 11
66 70 10
107 70 14
25 98 10
61 70 10
102 70 10
