107 104 13
107 105 13
81 185 353
35 171 20
35 172 19
107 103 13
138 66 12
71 155 209
122 196 27
148 118 44
148 119 46
76 183 419
76 184 415
102 109 20
102 110 20
30 178 15
30 179 15
30 180 14
71 175 545
71 176 541
143 114 23
143 115 26
117 195 52
133 69 17
66 158 220
97 111 18
25 183 12
138 112 14
138 113 15
112 195 64
128 70 18
128 71 17
92 111 14
61 169 366
61 170 348
133 107 15
20 185 14
107 195 80
128 99 12
87 111 13
87 112 12
56 170 255
123 89 14
102 195 160
123 93 11
123 94 11
123 95 11
123 96 11
123 97 12
51 170 172
82 116 17
82 117 18
118 89 17
118 90 16
97 195 245
46 170 80
113 89 20
113 90 19
113 91 19
113 92 19
113 93 19
113 94 19
113 95 19
113 96 19
113 97 18
113 98 17
113 99 16
113 100 15
92 195 247
41 170 34
87 188 244
87 189 245
87 190 248
87 191 252
144 62 14
77 153 337
108 102 13
82 185 334
36 171 20
139 64 11
139 65 11
139 66 11
72 155 225
123 196 24
123 197 22
149 119 46
149 120 47
77 184 408
103 109 19
31 177 16
31 178 15
72 176 535
72 177 527
144 115 28
144 116 31
134 69 16
67 158 204
67 157 194
118 195 47
98 111 19
26 181 13
26 182 13
26 183 12
139 113 16
139 114 17
113 195 64
129 70 17
93 111 14
62 169 381
134 107 14
134 108 14
134 109 14
21 185 13
108 195 73
129 99 12
129 100 13
88 111 12
57 170 270
124 89 13
103 195 138
124 97 11
124 98 12
52 170 191
83 115 15
83 116 16
119 89 16
119 90 15
119 91 15
98 195 236
47 170 96
78 119 31
78 120 33
114 89 19
78 122 42
78 123 48
78 124 55
78 125 63
78 126 72
78 127 82
78 128 92
78 129 101
78 130 109
78 131 115
78 132 117
78 133 118
78 134 117
78 135 116
78 136 116
78 137 117
42 170 39
78 139 127
78 140 138
78 141 154
78 142 176
78 143 203
78 144 235
78 145 268
78 146 299
78 147 324
78 148 342
78 149 353
145 62 15
78 151 355
78 152 351
78 153 346
78 150 356
78 138 120
78 121 37
88 191 254
109 102 13
88 192 255
88 193 255
83 185 315
37 170 22
37 171 21
83 186 296
88 194 253
93 195 250
140 64 11
73 154 262
73 155 243
124 197 20
124 198 19
124 199 17
150 120 46
150 121 45
104 106 16
104 107 17
104 108 18
104 109 18
78 184 406
78 185 397
32 177 16
73 177 521
73 178 510
73 179 499
145 116 33
135 69 15
68 157 186
68 156 185
68 158 194
73 180 491
119 195 42
99 111 20
27 180 14
27 181 13
140 114 18
114 195 63
130 70 18
94 111 15
63 168 401
63 169 394
135 109 13
135 110 13
135 111 14
22 183 13
22 184 12
22 185 12
109 195 68
130 100 13
130 101 14
89 111 12
58 170 286
125 89 13
104 195 119
125 98 11
53 170 209
84 115 14
120 89 15
120 91 14
99 195 222
48 170 113
79 118 26
79 119 28
115 89 19
94 195 250
43 170 47
89 194 250
89 195 244
146 62 17
110 102 13
38 170 24
84 186 278
141 64 11
74 154 280
125 199 16
151 121 43
105 106 15
151 122 42
151 123 40
151 124 38
151 125 36
151 126 35
151 127 33
151 128 33
151 129 33
151 130 34
151 131 35
151 132 38
151 133 43
151 134 48
151 135 56
151 136 65
151 137 75
33 173 19
136 68 14
136 69 14
146 116 36
33 174 18
33 175 17
33 176 17
33 177 16
69 156 184
69 158 190
74 180 475
74 181 462
100 111 20
79 185 386
120 195 37
28 180 14
141 114 20
115 195 60
131 70 18
95 111 16
64 167 402
64 168 404
136 111 13
23 183 12
110 195 66
126 71 18
126 72 17
126 73 18
126 74 18
126 75 18
126 76 19
126 77 20
126 78 21
126 79 22
126 80 23
126 81 23
126 82 23
126 83 23
126 84 21
126 85 20
126 86 18
126 87 16
126 88 15
126 89 14
90 111 13
131 101 14
131 102 15
131 103 15
131 104 16
59 170 304
105 195 103
126 98 11
54 170 225
85 115 13
121 89 15
121 91 13
121 92 13
100 195 203
49 170 132
80 117 23
80 118 24
116 89 18
116 90 18
95 195 250
44 170 56
90 195 242
111 101 14
111 102 13
39 170 26
85 186 265
85 187 255
142 62 12
142 63 12
142 64 11
75 154 298
126 199 15
106 105 14
106 106 14
80 185 371
34 172 19
34 173 18
137 66 12
137 67 13
137 68 13
147 116 38
147 117 41
147 118 43
70 156 189
70 155 198
70 158 194
70 159 207
70 160 225
70 161 247
101 110 21
101 111 20
70 162 271
70 163 300
70 164 333
70 165 370
29 180 14
70 166 408
70 167 445
70 168 479
70 169 506
70 170 526
142 114 21
70 171 538
70 172 544
132 69 17
132 70 17
65 158 242
65 159 259
65 160 278
65 161 298
65 162 318
65 163 339
65 164 357
65 165 373
96 111 17
65 166 386
65 167 397
70 173 545
70 174 545
70 175 546
75 181 453
75 182 437
137 111 13
137 112 14
24 183 12
75 183 430
111 195 64
116 195 57
121 195 33
121 196 30
127 71 17
91 111 13
132 104 15
132 105 15
132 106 16
132 107 15
60 170 325
19 185 15
106 195 90
127 98 11
127 99 12
86 112 13
86 113 12
86 114 12
86 115 12
55 170 240
122 89 14
101 195 182
122 92 12
122 93 12
50 170 152
81 117 20
117 89 18
117 90 17
96 195 249
45 170 67
91 195 244
112 100 15
112 101 14
40 170 29
86 187 248
86 188 245
143 62 13
76 153 328
76 154 315
107 102 13
127 199 15
