76 160 10
158 145 18
76 161 11
20 106 11
66 129 121
153 145 28
15 102 10
112 159 10
61 129 115
148 145 37
10 102 10
107 162 10
56 129 49
143 145 35
184 142 13
5 102 10
102 162 10
51 129 38
138 145 14
179 142 11
0 102 10
46 120 64
46 121 60
97 162 10
133 145 10
41 119 111
174 145 11
92 162 10
128 145 10
36 119 141
169 145 11
87 162 10
87 163 10
87 164 10
87 165 10
87 166 10
87 167 10
87 168 10
87 169 10
87 170 10
31 107 21
31 108 25
31 109 30
31 110 36
31 111 42
31 112 47
123 145 11
31 114 51
31 115 53
31 116 58
31 113 50
31 106 19
164 145 12
82 162 11
26 106 15
72 129 104
118 147 11
118 148 10
118 149 10
159 145 15
77 161 10
21 106 11
67 129 123
113 149 11
113 150 11
113 151 11
113 152 11
113 153 11
113 154 11
113 155 11
113 156 11
113 157 11
113 158 11
113 159 10
154 145 28
16 102 10
62 129 122
149 145 33
11 102 10
108 162 11
57 129 58
144 145 41
185 142 13
6 102 10
103 162 10
52 129 39
139 145 16
180 142 11
1 102 10
47 121 58
98 162 10
47 123 60
47 122 56
134 145 10
42 119 96
175 144 11
175 145 10
93 162 10
129 145 10
37 119 146
170 145 11
88 170 10
124 145 11
32 116 64
32 117 72
165 145 12
83 162 11
27 106 16
73 129 113
119 147 10
160 145 14
78 161 10
22 106 12
68 129 121
114 149 11
155 145 27
17 102 10
63 129 123
150 145 30
12 102 10
109 160 11
109 161 10
109 162 10
58 129 72
145 145 44
186 142 14
7 102 10
104 162 10
53 129 39
140 145 20
181 142 11
2 102 10
99 162 10
48 123 63
48 124 64
48 125 63
48 126 60
48 127 56
135 145 11
176 142 11
176 143 11
176 144 10
43 119 82
94 162 10
130 145 10
38 119 146
171 145 11
89 162 10
89 163 10
89 164 10
89 165 10
89 166 10
89 167 10
89 168 10
89 169 10
89 170 10
125 145 11
33 117 81
33 118 94
166 145 12
84 162 11
28 106 16
120 145 11
120 146 11
120 147 10
74 129 133
161 145 13
79 161 10
23 106 13
69 129 116
115 149 11
156 145 24
18 102 11
18 103 10
18 104 10
18 105 10
64 129 121
151 145 28
13 102 10
110 159 11
110 160 10
59 129 88
146 145 44
187 142 16
8 102 10
105 162 10
54 129 40
141 145 24
182 142 12
3 102 10
100 162 10
49 127 53
49 128 47
49 129 42
136 145 11
177 142 11
44 119 70
95 162 10
131 145 10
39 119 139
172 145 11
90 162 10
126 145 11
34 118 105
167 145 12
85 162 11
29 106 17
121 145 11
75 129 169
75 130 136
75 131 115
75 132 103
75 133 99
75 134 98
75 135 99
162 145 12
75 136 99
75 137 95
75 138 85
75 139 73
75 140 61
75 141 48
75 142 36
75 143 26
75 144 18
75 145 14
75 146 12
75 147 11
75 148 11
75 149 11
75 150 10
75 151 10
75 152 10
75 153 10
75 154 10
116 149 11
75 155 10
75 156 10
75 157 10
157 145 21
75 158 10
75 159 10
75 160 11
80 161 10
80 162 11
70 129 109
24 106 14
19 105 11
19 106 10
65 129 120
152 145 28
14 102 10
111 159 10
60 129 103
147 145 42
188 142 19
9 102 10
106 162 10
55 129 43
142 145 29
183 142 12
4 102 10
101 162 10
50 129 39
137 145 12
178 142 11
45 119 69
45 120 66
96 162 10
132 145 10
40 119 126
173 145 11
91 162 10
127 145 10
35 118 119
35 119 132
168 145 12
86 162 11
30 106 18
122 145 11
163 145 12
81 162 11
25 106 15
71 129 104
117 149 11
