133 34 11
41 2 11
30 157 42
143 97 12
51 69 23
92 69 10
20 138 18
133 83 21
133 84 20
133 85 19
133 86 18
133 87 17
133 88 16
133 89 15
143 138 60
92 99 10
41 65 71
123 53 11
123 54 10
143 153 556
123 59 11
174 101 24
82 69 10
61 180 11
62 2 28
82 110 14
51 169 10
51 170 10
51 171 11
113 61 12
164 101 29
72 69 23
144 32 12
52 2 37
41 160 14
154 101 14
103 62 10
62 69 132
134 34 11
42 2 12
31 157 37
31 158 34
144 97 12
144 98 12
144 99 11
52 69 26
93 69 10
93 72 10
93 73 10
93 74 10
93 75 10
93 76 10
93 77 10
93 78 10
93 79 11
93 80 11
93 81 12
93 82 13
93 83 14
93 84 15
93 85 16
93 86 17
93 87 17
93 88 17
93 89 16
93 90 15
93 91 15
93 92 14
93 93 13
93 94 12
93 95 12
93 96 11
93 97 11
93 98 11
93 99 10
134 90 14
134 89 15
144 138 67
21 138 19
21 139 21
42 65 64
124 52 11
124 53 10
144 153 728
124 59 11
124 60 11
124 61 12
124 62 12
124 63 14
124 64 16
124 65 20
124 66 26
124 67 33
124 68 42
124 69 52
124 70 62
124 71 72
124 72 82
175 101 21
83 69 10
62 180 11
63 2 24
83 110 12
52 171 10
114 60 12
114 61 11
165 101 29
73 69 18
52 172 11
145 29 14
145 30 13
145 31 13
145 32 12
53 2 42
42 160 13
155 101 16
104 62 10
63 69 139
135 34 11
43 2 12
32 158 31
32 159 29
145 99 11
53 69 29
94 69 10
94 72 10
22 139 24
22 140 28
22 141 34
176 73 604
176 74 562
176 75 506
176 76 442
176 77 379
176 78 322
176 79 272
176 80 233
176 81 202
145 138 75
135 90 14
135 91 13
135 92 13
135 93 12
176 86 88
176 87 69
176 88 55
176 89 44
176 90 37
125 51 11
125 52 10
176 93 20
176 94 18
176 95 16
145 153 941
176 96 16
176 97 16
176 98 16
176 99 17
176 100 18
176 101 19
176 92 23
176 91 29
176 85 109
176 84 132
176 83 154
176 82 177
84 69 10
43 66 48
43 65 57
33 41 34
33 42 39
145 137 86
125 72 91
125 73 99
125 74 106
33 43 46
33 44 54
33 45 63
33 46 71
33 47 78
33 48 82
33 49 85
33 50 85
33 51 84
33 56 75
33 57 71
33 58 68
33 59 66
33 60 66
33 61 68
64 2 20
135 138 16
135 139 14
135 140 13
135 141 13
135 142 14
135 143 14
84 109 11
84 110 11
135 144 16
135 145 19
135 146 23
135 147 29
115 59 11
115 60 11
166 101 30
74 69 15
135 148 36
135 149 43
135 150 50
135 151 55
135 152 58
135 153 60
33 52 83
33 53 82
33 54 80
33 55 78
53 172 10
53 173 11
63 180 11
146 28 15
146 29 14
54 2 46
43 160 13
156 101 18
105 62 10
64 69 136
136 34 11
44 2 13
33 159 27
146 99 11
146 100 11
146 101 11
54 69 34
146 102 11
146 103 12
95 69 10
95 72 10
23 141 41
23 142 51
23 143 64
34 2 12
34 3 12
34 4 14
34 5 15
34 6 16
34 7 18
34 8 21
34 9 24
34 10 28
34 11 33
34 12 40
136 93 12
34 14 61
34 15 76
34 16 93
34 17 111
126 50 11
126 51 10
44 67 35
44 66 41
34 22 131
34 23 117
34 24 101
34 25 82
34 26 65
34 27 51
34 28 40
85 69 10
34 30 27
34 31 24
34 32 22
34 33 20
34 34 20
34 35 20
34 36 20
34 37 21
34 38 22
34 39 23
34 40 26
34 41 29
126 74 109
126 75 110
34 29 32
34 21 140
34 20 143
34 19 139
34 18 127
34 13 49
146 135 135
146 136 114
146 137 99
146 153 1191
13 126 13
13 127 12
13 128 12
13 129 11
65 2 16
136 138 18
13 130 11
34 61 72
34 62 74
13 131 12
13 132 12
13 133 12
64 180 12
85 109 11
136 153 81
116 59 11
167 101 30
75 69 13
54 173 10
54 174 11
147 27 16
147 28 15
55 2 47
44 160 12
157 101 20
106 62 11
65 69 125
137 34 11
45 2 14
34 159 25
147 101 11
96 62 10
96 63 10
96 64 10
96 65 10
96 66 10
96 67 10
96 68 10
96 69 10
96 70 10
96 71 10
96 72 10
55 69 39
147 103 11
147 104 12
24 143 79
24 144 96
24 145 114
24 146 132
24 147 148
24 148 161
24 149 169
24 150 172
24 151 170
127 34 10
127 35 10
127 36 10
127 37 10
127 38 10
127 39 11
127 40 11
127 41 11
127 42 11
127 43 11
127 44 11
127 45 11
127 46 11
127 47 11
127 48 11
127 49 11
127 50 10
137 93 12
45 68 26
45 67 30
35 2 11
147 134 192
147 135 159
147 153 1465
86 69 10
14 133 13
65 180 13
127 75 108
127 76 102
66 2 14
137 138 21
35 62 78
35 63 80
86 107 11
86 108 10
86 109 10
137 153 107
117 59 11
168 101 31
76 69 12
55 174 10
55 175 11
148 27 16
56 2 47
45 160 11
158 101 22
107 62 11
66 69 107
138 34 11
46 2 15
35 159 23
35 160 22
148 101 11
97 62 10
56 69 46
148 104 11
148 105 12
148 106 12
148 107 13
148 108 14
148 109 16
148 110 19
148 111 23
148 112 31
148 113 43
148 114 64
148 115 98
148 116 149
148 117 218
148 118 302
148 119 394
148 120 491
148 121 592
148 122 694
148 123 788
148 124 862
148 125 903
148 126 904
148 127 861
148 128 781
148 129 676
128 34 10
36 2 11
148 130 560
148 131 451
148 132 358
148 133 285
148 134 234
25 151 164
25 152 154
138 93 12
138 94 12
138 95 12
138 96 11
46 68 24
46 69 21
148 153 1744
87 69 10
15 133 13
128 76 96
128 77 84
128 78 74
67 2 13
138 138 26
36 63 82
87 104 11
87 105 10
87 106 10
87 107 10
138 153 142
118 59 11
169 101 30
77 69 11
56 175 10
149 27 17
57 2 47
46 160 11
159 101 24
108 62 11
67 69 86
139 34 11
47 2 16
36 160 20
149 101 11
98 62 10
57 69 55
26 152 143
26 153 129
129 34 11
37 2 11
26 154 115
139 96 11
47 69 20
149 153 2004
88 69 10
16 133 13
16 134 14
16 135 14
129 78 63
129 79 54
68 2 12
139 138 32
88 102 11
88 103 10
88 104 10
37 64 86
37 63 86
139 153 186
119 59 11
170 101 30
78 69 11
57 175 10
57 176 11
150 27 18
58 2 45
47 160 11
78 110 30
160 101 26
109 62 11
68 69 67
140 34 11
48 2 19
37 160 19
150 101 11
99 62 10
58 69 67
130 34 11
38 2 11
27 154 99
27 155 87
140 96 12
140 97 11
48 69 19
150 153 2230
89 69 10
17 135 14
17 136 15
130 79 45
130 80 39
69 0 11
69 1 11
69 2 11
140 138 39
89 101 11
89 102 10
38 64 87
38 65 86
140 153 245
120 59 10
171 101 29
79 69 10
58 176 10
59 2 42
48 160 10
48 161 10
48 162 10
48 163 11
79 110 23
161 101 27
110 62 11
69 69 51
141 34 11
49 2 22
38 160 17
151 101 12
100 62 10
59 69 82
131 34 11
39 2 11
28 155 73
28 156 64
141 97 12
49 69 20
151 153 2410
90 69 10
18 136 15
131 80 34
131 81 30
141 138 46
90 100 11
90 101 10
39 65 83
121 55 11
121 56 10
121 57 10
121 58 10
121 59 10
141 153 322
172 101 27
80 69 10
59 176 10
59 177 11
59 178 11
59 179 11
59 180 11
60 2 38
49 163 10
49 164 10
49 165 10
80 110 19
49 166 11
111 61 12
111 62 11
162 101 28
70 69 38
142 32 12
142 33 12
142 34 11
50 2 26
39 160 16
152 101 12
101 62 10
60 69 100
132 34 11
40 2 11
29 156 54
29 157 48
142 97 12
50 69 21
152 153 2543
91 69 10
19 136 15
19 137 16
19 138 17
132 81 27
132 82 24
132 83 22
142 138 53
91 99 11
91 100 10
40 65 78
122 54 11
122 55 10
142 153 424
122 59 10
173 101 26
81 69 10
60 180 11
61 2 33
81 110 16
50 166 10
50 167 10
50 168 10
50 169 11
112 61 12
163 101 28
71 69 29
143 32 12
51 2 32
40 160 15
153 101 13
102 62 10
61 69 117
