122 176 12
122 177 13
10 51 17
51 51 90
30 156 501
102 93 11
81 195 14
123 1 14
10 78 23
10 79 21
10 80 19
10 81 17
10 82 15
164 1 14
82 26 16
51 86 10
112 177 11
92 82 10
92 83 10
92 84 10
92 85 10
92 86 10
92 87 10
20 153 24
20 154 29
41 51 87
71 195 242
113 1 11
153 199 40
154 1 11
72 26 12
195 3 10
195 4 11
41 89 17
82 82 11
82 83 11
82 84 11
102 180 11
102 179 11
102 178 11
31 51 105
61 195 60
103 1 10
143 199 112
144 1 10
51 172 61
185 1 46
31 89 356
72 86 446
92 186 11
21 51 66
92 187 10
62 49 142
113 96 28
113 97 31
113 98 32
133 199 14
134 1 12
41 169 60
175 1 27
21 89 23
93 26 31
62 86 34
123 177 15
11 51 18
52 50 100
52 51 92
31 156 497
103 93 11
82 195 13
124 1 13
165 1 14
11 82 14
113 167 11
113 168 10
113 169 10
83 26 17
113 171 10
113 170 10
113 173 10
52 86 10
113 175 10
113 176 10
113 177 10
113 174 10
113 172 10
93 87 10
21 154 33
42 51 89
21 155 40
72 195 200
114 1 11
154 199 35
155 1 11
73 26 13
196 4 10
42 89 15
83 82 10
103 178 11
32 51 95
62 195 73
104 1 11
144 199 92
145 1 10
52 172 67
52 173 73
52 174 88
52 175 116
52 176 155
186 1 44
52 177 199
52 178 239
52 179 278
52 180 305
52 181 308
52 182 290
52 183 260
32 89 343
52 184 228
52 185 203
52 186 185
52 187 175
73 86 329
52 188 170
52 189 163
52 190 148
52 191 124
22 51 87
52 192 95
52 193 68
52 194 48
52 195 35
93 186 11
63 49 117
114 98 31
114 99 29
114 100 27
114 101 26
114 102 27
134 199 16
114 103 29
114 104 34
114 105 42
114 106 53
114 107 67
114 108 87
114 109 116
114 110 149
114 111 178
114 112 189
114 113 175
114 114 141
114 115 101
114 116 68
114 117 45
114 118 29
135 1 12
22 89 33
94 26 31
176 1 36
42 169 54
42 170 49
63 86 47
124 177 17
12 51 19
53 49 117
53 50 104
83 195 12
32 156 457
104 93 11
125 1 13
166 1 14
12 82 13
12 83 12
114 165 11
114 166 10
114 167 10
84 26 18
114 171 10
53 86 10
94 87 10
43 51 91
22 155 47
73 195 151
115 1 11
155 199 28
156 1 10
74 26 14
197 4 10
43 89 13
84 82 10
104 178 11
33 51 85
63 195 92
105 1 11
145 199 74
146 1 11
64 22 11
64 23 10
187 1 39
33 89 291
74 86 216
94 186 11
23 51 110
53 195 35
64 49 100
135 199 20
136 1 13
43 170 45
43 171 44
177 1 45
115 118 19
115 119 14
115 120 12
23 89 47
95 26 33
115 121 11
64 86 70
125 177 19
13 51 21
54 49 125
84 195 12
33 156 407
105 93 11
126 1 12
167 1 14
13 83 12
115 164 10
115 165 10
85 26 21
115 171 10
54 86 10
95 87 10
44 51 98
23 155 60
23 156 78
74 195 107
116 1 11
156 199 23
157 1 10
75 26 15
198 4 10
44 89 12
85 82 10
105 178 11
34 51 77
64 195 118
106 1 11
146 199 61
147 1 11
65 23 10
188 1 31
34 89 218
75 86 135
95 184 13
95 185 12
95 186 11
24 51 128
54 195 36
65 48 79
65 49 92
136 199 29
96 9 17
96 10 21
96 11 29
96 12 42
96 13 61
96 14 88
96 15 129
96 16 185
96 17 242
96 18 276
96 19 273
96 20 238
96 21 190
96 22 146
96 23 112
96 24 83
96 25 58
96 26 40
24 89 66
116 121 10
116 122 10
65 86 110
116 123 10
116 124 10
126 177 21
116 125 10
116 126 10
116 127 10
116 128 10
116 129 11
116 130 11
116 131 11
116 132 11
116 133 11
116 134 11
116 135 12
106 93 11
116 136 14
116 137 18
116 138 25
116 139 36
116 140 50
116 141 66
116 142 82
116 143 100
116 144 121
116 145 152
116 146 196
116 147 254
116 148 314
116 149 373
116 150 420
116 151 433
116 152 393
116 153 306
116 154 204
116 155 119
116 156 66
116 157 38
116 158 24
116 159 17
116 160 13
116 161 12
116 162 11
116 163 11
86 26 25
116 171 10
116 164 10
14 83 12
55 86 11
14 51 23
55 49 143
127 1 12
137 1 12
168 1 13
178 1 51
198 95 19
34 156 365
96 87 10
96 88 11
96 89 11
96 90 11
45 51 109
24 156 106
34 157 335
34 158 307
34 159 279
34 160 239
34 161 191
34 162 144
34 163 106
34 164 80
34 165 65
44 171 44
75 195 74
85 195 12
117 1 11
157 199 19
158 1 11
76 26 16
199 4 10
199 5 11
199 6 12
199 7 13
199 8 16
45 89 11
86 82 10
199 9 20
199 10 24
199 11 27
199 12 30
199 13 34
199 14 37
199 15 38
199 16 38
35 51 71
199 17 39
199 18 42
199 19 49
199 20 60
199 21 76
199 22 94
199 23 109
199 24 118
199 25 118
199 26 106
199 27 88
199 28 68
199 29 52
107 1 12
199 30 40
199 31 33
199 32 29
199 33 28
199 34 27
147 199 53
199 35 28
148 1 11
199 36 31
199 37 34
199 38 36
199 39 36
199 40 34
66 23 11
66 24 10
66 25 10
66 26 10
66 27 10
66 28 10
66 29 10
66 30 10
66 31 10
66 32 11
35 89 148
66 34 12
66 35 14
66 36 18
66 37 26
76 86 85
66 39 50
66 40 59
66 41 63
66 42 64
25 51 137
66 44 65
66 45 65
66 46 64
66 47 65
66 48 72
66 43 64
66 38 37
66 33 11
189 1 24
199 41 32
199 42 31
199 43 31
199 44 33
199 45 37
199 46 45
199 83 86
199 84 82
199 85 81
199 86 80
199 87 72
199 88 60
199 89 45
199 90 33
199 91 25
199 92 20
199 93 17
199 94 16
199 95 17
199 47 59
199 48 83
199 49 119
199 50 161
137 199 44
97 7 12
97 8 13
97 9 14
138 1 12
199 51 197
199 52 209
199 53 191
199 54 154
199 55 116
179 1 52
199 56 89
199 57 72
199 58 62
199 59 57
199 60 52
199 61 47
199 62 41
25 89 87
199 63 33
199 64 26
199 65 22
199 66 18
66 86 171
199 67 16
199 68 15
127 177 24
127 178 26
127 179 30
127 180 33
127 181 35
127 182 38
15 51 26
35 165 58
199 69 14
56 49 167
199 70 15
128 1 11
199 71 17
199 72 21
107 93 11
199 73 30
199 74 45
199 75 68
199 76 100
169 1 13
199 77 132
15 83 12
199 78 151
199 79 150
199 80 134
199 81 114
199 82 97
35 166 54
87 26 30
117 171 10
45 171 47
55 195 37
56 86 11
65 195 150
86 195 11
96 184 13
96 183 14
96 182 14
96 181 14
96 180 14
106 178 11
97 90 11
46 51 124
25 156 147
76 195 51
118 1 11
159 1 11
77 26 18
46 89 11
87 82 10
107 178 11
15 148 11
15 149 10
15 150 11
15 151 11
15 152 11
36 51 68
66 195 185
108 1 12
148 199 49
149 1 11
67 24 10
190 1 18
36 89 94
97 180 14
77 86 54
26 51 140
56 195 39
98 5 11
98 6 11
138 199 66
98 7 11
139 1 12
46 171 52
180 1 49
26 89 115
67 86 252
16 51 28
128 182 41
57 49 190
87 194 12
87 195 11
108 93 11
108 94 12
108 95 13
36 166 51
36 167 53
129 1 11
170 1 13
16 83 13
88 26 35
118 171 10
57 86 12
6 51 11
6 52 11
6 53 11
6 54 11
6 55 11
6 56 12
6 57 12
98 90 11
98 91 12
6 60 24
6 61 35
6 62 50
6 63 66
6 64 80
6 65 91
6 66 94
6 67 87
6 68 74
6 69 61
6 70 53
6 71 49
6 59 18
119 1 11
6 58 14
47 51 129
26 156 205
77 195 36
160 1 11
78 26 18
47 86 11
47 87 10
47 88 10
47 89 10
88 82 10
108 178 11
16 152 12
37 51 69
67 195 217
109 1 13
149 199 46
150 1 11
68 24 11
68 25 10
191 1 14
37 89 59
98 180 13
78 86 34
27 51 138
57 195 42
99 5 11
139 199 92
140 1 11
47 171 55
181 1 46
27 89 155
68 86 353
17 51 30
129 182 45
129 183 50
88 192 12
58 49 205
88 194 11
88 193 11
109 95 14
37 167 54
37 168 59
130 1 11
171 1 14
17 83 15
89 26 38
119 171 10
58 86 14
7 51 12
99 91 12
48 51 122
27 156 284
78 195 26
7 71 43
7 72 39
120 1 12
161 1 11
79 26 18
48 86 10
89 82 10
109 178 12
17 152 13
38 51 73
68 195 246
110 1 13
150 199 44
151 1 11
69 25 11
69 26 10
192 1 12
38 89 39
99 180 13
79 86 22
28 51 133
58 195 45
100 3 11
100 4 10
100 5 10
140 199 118
141 1 11
48 171 54
182 1 45
28 89 209
69 86 456
18 51 36
130 183 57
130 184 66
130 185 80
130 186 99
130 187 119
130 188 131
130 189 133
130 190 132
130 191 130
130 192 123
130 193 107
130 194 84
130 195 59
130 196 38
130 197 24
130 198 17
130 199 13
110 95 15
59 49 207
131 1 11
38 168 62
89 192 11
172 1 15
18 83 18
90 26 38
120 171 10
120 172 10
120 173 10
120 174 10
120 175 10
59 86 17
8 51 13
100 91 11
100 92 11
100 93 12
49 51 108
28 156 376
79 195 20
8 72 35
8 73 32
121 1 13
162 1 12
80 26 17
49 86 10
110 177 11
90 82 10
110 178 11
18 152 14
39 51 79
69 195 265
111 1 12
151 199 44
152 1 11
193 1 11
70 26 11
39 89 27
100 180 12
80 86 16
29 51 125
59 195 48
101 1 11
101 2 10
101 3 10
141 199 132
142 1 11
49 171 54
183 1 44
29 89 272
70 86 523
19 51 45
90 192 11
60 49 195
111 95 18
111 96 21
131 199 13
39 168 66
132 1 11
39 169 68
173 1 17
19 83 24
91 26 36
60 86 21
121 175 11
9 51 15
50 51 96
29 156 457
101 93 11
80 195 16
9 73 30
9 74 28
9 75 26
9 76 25
9 77 24
9 78 24
122 1 13
163 1 13
81 26 16
50 86 10
111 177 11
91 82 10
19 152 17
19 153 20
40 51 84
70 195 265
112 1 12
152 199 43
153 1 11
194 1 10
71 26 11
194 2 10
194 3 11
40 89 21
81 84 12
81 85 13
81 86 14
101 180 12
30 51 115
60 195 53
102 1 10
142 199 129
143 1 11
50 171 54
50 172 60
184 1 45
30 89 328
71 86 521
20 51 55
91 188 10
91 189 10
91 190 10
91 191 10
91 192 10
61 49 170
91 187 11
112 96 25
132 199 13
133 1 12
40 169 65
174 1 21
20 83 36
20 84 28
20 85 25
20 86 23
20 87 21
20 88 19
20 89 17
92 26 33
61 86 26
122 175 11
