148 115 16
163 189 172
112 150 14
112 149 13
51 73 12
143 116 19
158 189 45
179 94 18
179 95 16
46 73 11
138 116 29
153 190 14
41 73 10
174 102 11
174 103 10
133 115 26
133 116 28
148 191 11
31 47 10
31 48 11
36 73 10
179 154 48
128 115 21
26 39 11
143 192 11
169 114 11
123 115 12
179 181 11
179 182 10
138 192 12
138 193 11
164 114 14
118 115 10
159 114 52
133 194 11
174 188 13
174 189 14
174 187 13
174 186 14
154 114 49
169 189 94
149 114 19
149 115 17
164 189 178
113 149 12
52 73 13
144 116 17
159 189 67
180 94 21
47 73 11
139 116 27
154 189 17
154 190 15
42 73 10
175 102 10
134 116 28
149 191 11
32 48 10
32 49 11
37 73 10
180 154 59
129 115 23
180 155 74
170 109 11
170 110 10
27 39 10
27 40 10
27 41 10
27 42 10
27 43 11
170 111 10
170 112 10
170 113 10
170 114 10
144 192 11
22 35 19
22 36 15
124 115 13
180 180 11
180 181 10
139 192 11
165 114 12
119 115 10
160 114 39
134 194 11
175 186 12
155 114 61
170 189 64
150 114 21
114 147 11
114 148 11
165 189 179
114 149 11
114 146 12
53 73 14
145 116 16
160 189 97
109 152 67
181 94 28
48 73 11
140 116 26
155 189 20
43 73 10
176 98 11
176 99 11
176 100 11
176 101 11
176 102 10
135 116 29
150 190 12
150 191 11
33 49 10
33 50 10
38 73 10
171 107 11
171 108 10
171 109 10
130 115 24
145 191 12
145 192 11
181 155 92
181 156 113
28 43 10
28 44 11
181 157 133
181 158 147
181 159 151
181 160 144
181 161 128
181 178 11
125 115 15
23 36 13
23 37 12
23 38 12
181 179 10
181 180 10
140 192 11
166 114 12
120 115 10
161 114 29
135 194 11
176 186 11
115 115 10
115 116 10
115 117 11
115 118 11
115 119 12
115 120 13
115 121 15
156 114 70
130 194 12
115 124 25
171 189 40
115 126 49
115 127 74
115 128 106
115 129 136
115 130 152
115 131 147
115 132 126
115 133 98
115 134 72
115 135 52
115 136 38
115 137 30
115 138 25
115 139 22
115 140 19
115 141 17
115 142 15
115 143 13
115 144 12
115 145 11
151 114 25
115 146 11
115 125 34
166 189 172
115 123 20
115 122 17
146 116 15
161 189 131
110 151 30
110 152 43
49 73 11
141 116 23
156 189 24
44 73 11
177 97 12
177 98 11
177 99 11
177 100 11
177 101 11
177 102 11
177 103 10
177 104 10
177 105 10
177 106 10
177 107 10
136 116 30
177 108 10
151 190 12
177 109 10
177 110 10
177 111 10
177 112 10
177 113 10
177 114 10
177 115 10
177 116 10
177 117 10
39 73 10
34 50 10
34 51 11
177 118 11
177 119 11
177 120 12
177 121 14
177 122 18
177 123 23
177 124 31
177 125 40
172 104 11
172 105 10
172 106 10
172 107 10
131 115 24
177 126 49
177 127 55
146 191 11
29 44 10
29 45 10
29 46 11
177 128 61
177 129 68
177 130 77
177 131 89
177 132 103
177 133 115
177 134 122
177 135 120
177 136 108
177 137 87
177 138 64
177 139 44
177 140 31
177 141 24
177 142 20
24 38 11
24 39 11
177 143 19
177 144 19
177 145 19
177 146 21
126 115 17
177 147 23
177 148 24
177 149 25
177 150 25
141 192 11
177 151 25
167 114 11
177 152 26
177 153 28
177 154 34
182 161 104
182 162 81
182 163 62
182 164 46
182 165 35
182 166 28
182 167 23
182 168 21
182 169 19
182 170 17
182 171 16
182 172 15
182 173 14
121 115 10
182 174 13
182 175 12
182 176 11
182 177 11
182 178 10
136 193 12
162 114 21
136 194 11
177 184 11
177 185 10
177 186 10
116 115 10
157 114 72
131 194 11
172 189 25
152 114 30
167 189 154
147 115 16
147 116 15
162 189 158
111 150 17
111 151 22
50 73 12
142 116 21
157 189 31
178 95 15
178 96 13
45 73 11
178 97 12
137 116 30
152 190 13
40 73 10
35 51 10
35 52 11
35 53 11
35 54 11
35 55 11
35 56 11
35 57 11
35 58 10
35 59 10
35 60 10
35 61 10
35 62 10
35 63 10
35 64 10
35 65 10
35 66 10
35 67 10
35 68 10
35 69 10
30 46 10
30 47 11
35 70 10
35 71 10
35 72 10
35 73 10
173 103 11
173 104 10
132 115 25
147 191 11
178 154 40
127 115 19
25 39 11
142 192 11
168 114 11
122 115 11
178 182 11
178 183 10
178 184 10
137 193 11
163 114 17
117 115 10
158 114 65
132 194 11
173 189 17
153 114 38
168 189 126
