41 0 2205
20 105 37
163 179 20
163 180 22
122 188 12
122 189 12
30 161 54
30 162 49
82 17 91
133 79 51
31 0 2973
153 181 58
164 30 332
164 31 318
20 174 20
20 175 19
72 17 385
51 123 18
123 79 64
21 0 333
143 184 163
184 178 143
51 158 348
154 42 24
41 115 16
41 116 15
154 43 22
62 17 586
113 79 17
52 0 656
133 185 43
174 178 29
31 107 24
41 158 162
93 6 27
93 7 25
93 8 23
93 9 21
93 10 20
93 11 20
93 12 19
93 13 19
93 14 19
93 15 19
93 16 19
93 17 20
144 58 106
93 19 19
93 20 19
93 21 19
93 22 19
93 23 19
93 24 20
93 25 21
93 26 22
93 27 23
93 28 24
103 77 10
93 30 26
93 31 28
93 32 30
93 33 33
93 34 37
93 35 43
93 36 51
93 37 60
93 38 70
93 39 80
93 40 88
21 105 29
164 178 17
164 179 18
123 188 12
93 41 96
93 42 103
93 43 111
93 44 119
31 161 59
93 45 124
93 46 125
93 52 51
93 53 42
93 54 34
93 55 29
93 56 26
93 57 23
93 58 22
93 51 64
93 50 79
93 49 95
93 48 110
93 47 120
93 29 25
93 18 19
175 15 208
83 17 73
42 0 1942
134 79 52
32 0 3099
154 181 56
165 29 354
165 30 341
21 172 22
21 173 21
21 174 20
73 17 363
52 123 19
124 79 62
22 0 479
144 184 153
185 178 175
52 158 320
155 42 26
42 116 15
42 117 14
63 17 562
114 79 20
12 1 39
12 2 35
12 3 34
12 4 33
12 5 34
12 6 36
53 0 639
134 185 54
175 178 36
32 107 25
42 158 198
145 46 14
145 47 14
145 48 14
145 49 15
145 50 16
145 51 19
145 52 22
145 53 28
145 54 36
145 55 48
145 56 64
145 57 86
145 58 114
104 77 10
176 15 173
43 0 1690
22 105 24
165 178 16
124 188 12
32 161 63
94 58 22
94 59 21
84 17 58
135 69 209
135 70 205
135 71 198
135 72 185
135 73 166
135 74 143
135 75 119
135 76 98
135 77 80
135 78 66
135 79 55
166 24 473
166 25 449
166 26 426
166 27 404
166 28 383
155 181 54
166 29 367
166 23 494
166 22 507
166 21 510
166 20 502
166 19 483
166 18 459
166 17 432
166 16 405
33 0 3177
22 169 25
22 170 24
22 171 23
22 172 22
74 17 337
53 123 20
53 124 21
125 79 59
23 0 681
145 183 144
145 184 151
53 158 299
156 40 33
156 41 30
156 42 27
43 117 14
64 17 543
115 79 25
13 0 48
13 1 43
135 184 85
135 185 68
176 178 43
33 107 25
33 108 25
54 0 634
43 158 242
146 46 14
105 77 10
177 15 137
44 0 1461
23 105 21
166 178 15
125 188 12
33 161 67
95 59 21
95 60 20
95 61 21
95 62 22
95 63 23
95 64 24
95 65 25
95 66 25
95 67 25
95 68 24
95 69 23
95 70 21
95 71 19
85 17 48
136 67 215
136 68 212
136 69 214
167 15 347
167 16 375
34 0 3212
156 181 51
23 168 26
23 169 25
75 17 308
54 124 23
54 125 24
54 126 27
54 127 32
54 128 39
54 129 51
54 130 68
54 131 90
54 132 121
54 133 158
54 134 202
54 135 248
54 136 295
54 137 336
54 138 371
54 139 398
54 140 418
54 141 434
54 142 449
54 143 466
54 144 486
54 145 510
54 146 535
54 147 555
54 148 564
54 149 557
54 150 535
146 183 139
54 152 460
54 153 416
54 154 375
54 155 339
54 156 311
54 157 293
54 158 286
54 151 502
126 79 57
24 0 943
157 39 41
157 40 36
44 117 14
65 17 526
116 79 32
14 0 53
136 184 100
55 0 643
177 178 52
34 108 25
44 158 290
147 45 15
147 46 14
106 77 10
178 15 104
45 0 1261
24 105 19
167 178 14
126 188 12
34 161 70
86 17 40
96 71 18
96 72 17
137 66 217
137 67 216
168 15 323
35 0 3204
157 181 47
24 166 28
24 167 27
24 168 27
76 17 276
127 79 55
25 0 1257
147 183 131
158 38 53
158 39 45
45 117 15
45 118 14
66 17 506
117 79 40
15 0 61
137 184 116
56 0 672
178 178 61
35 108 26
35 109 25
45 158 338
35 111 24
35 110 25
148 45 15
107 77 11
107 78 10
107 79 10
179 15 77
46 0 1095
25 105 18
168 178 14
127 186 14
127 187 13
127 188 12
35 160 76
35 161 73
87 17 34
138 64 225
138 65 221
138 66 222
97 73 15
97 72 16
169 15 307
36 0 3148
158 180 40
158 181 43
25 165 29
25 166 28
77 17 242
128 79 52
26 0 1603
148 182 110
148 183 120
159 37 73
159 38 61
46 118 15
46 119 14
46 120 14
67 17 485
118 79 49
16 0 72
138 184 130
57 0 724
179 178 70
46 158 379
36 111 24
149 45 16
108 79 11
47 0 960
26 105 18
169 178 15
128 186 15
36 159 84
36 160 79
88 17 30
139 63 221
139 64 223
98 73 14
98 74 13
98 75 12
170 15 295
37 0 3043
159 180 36
26 163 34
26 164 31
26 165 30
78 17 207
129 79 49
27 0 1953
149 182 99
160 35 131
160 36 107
160 37 89
47 120 15
68 17 463
16 184 11
16 185 11
16 186 11
16 187 11
16 188 11
16 189 11
16 190 11
16 191 11
16 192 12
16 193 12
16 194 13
119 79 57
17 0 91
139 184 143
58 0 806
180 178 80
47 158 405
37 111 23
37 112 22
37 113 21
150 44 17
150 45 16
109 79 11
48 0 856
129 185 19
170 178 16
129 186 16
27 105 19
37 158 94
37 159 88
89 17 26
140 58 143
140 59 166
140 60 185
140 61 199
140 62 209
140 63 217
99 75 12
99 76 11
171 15 284
38 0 2890
160 180 32
27 163 35
79 17 174
130 79 47
28 0 2280
150 182 88
161 34 184
161 35 155
48 120 15
48 121 15
69 17 443
17 183 12
17 184 11
120 79 63
18 0 120
140 184 154
59 0 920
181 178 91
59 1 1081
59 2 1264
59 3 1455
48 158 413
59 4 1637
59 5 1790
38 113 20
59 6 1896
59 7 1941
59 8 1921
59 9 1847
59 10 1738
59 11 1604
151 44 18
59 12 1445
59 13 1273
59 14 1100
59 15 943
59 16 809
59 17 704
110 79 12
49 0 777
130 185 22
171 178 17
28 105 20
28 106 20
38 158 102
90 17 24
141 58 123
100 76 11
172 15 272
39 0 2693
18 105 69
161 180 28
28 162 41
28 163 38
80 17 143
131 79 49
29 0 2564
151 181 70
151 182 79
162 33 239
162 34 212
49 121 16
18 178 17
18 179 16
18 180 15
18 181 14
18 182 13
18 183 12
49 122 16
70 17 424
121 79 66
19 0 164
141 184 162
182 178 104
49 158 402
39 113 19
39 114 18
39 115 17
152 43 20
152 44 19
60 17 656
111 79 13
50 0 721
131 185 27
172 178 20
29 106 21
39 158 115
91 6 34
91 7 31
91 8 28
91 9 26
91 10 25
91 11 24
91 12 23
91 13 22
91 14 22
91 15 22
91 16 22
91 17 22
142 58 111
101 76 11
101 77 10
173 15 257
40 0 2460
19 105 50
162 180 25
121 189 13
121 190 13
121 191 13
121 192 14
29 162 45
81 17 115
132 79 50
30 0 2796
152 181 61
163 31 306
163 32 286
163 33 266
19 175 19
19 176 18
19 177 18
19 178 17
50 123 17
50 122 17
71 17 405
122 79 66
20 0 232
142 184 166
183 178 121
50 158 378
40 115 16
153 43 21
61 17 617
112 79 14
51 0 683
132 185 34
173 178 24
30 107 23
30 106 22
40 158 135
92 6 30
143 58 105
102 77 10
174 15 236
