56 72 54
56 73 63
143 83 11
143 84 10
97 71 19
179 57 10
112 148 24
174 37 15
143 94 10
138 80 11
138 81 10
92 71 23
51 80 51
174 57 11
174 58 10
169 36 40
133 76 10
107 161 11
107 162 10
87 71 35
46 80 75
164 36 116
169 62 11
169 63 10
169 64 10
169 65 10
128 76 10
138 131 11
138 132 10
138 133 10
102 167 11
102 168 10
82 71 18
41 80 24
159 36 34
123 76 10
164 69 18
164 70 22
77 71 10
36 80 13
154 34 10
97 170 14
133 140 12
133 141 13
133 142 14
118 71 10
159 72 62
159 73 59
72 71 10
31 80 12
149 34 10
92 170 26
113 71 10
128 144 22
128 145 23
154 76 36
154 77 34
67 71 10
87 169 52
144 34 10
87 170 41
108 71 13
123 147 64
185 37 10
185 38 10
185 39 10
185 40 10
185 41 10
185 42 10
185 43 10
185 44 10
185 45 10
185 46 10
185 47 10
185 48 10
185 49 10
185 50 10
185 51 10
185 52 10
185 53 10
185 54 10
185 55 10
185 56 10
185 57 10
139 34 10
149 81 16
118 147 42
180 37 10
103 71 25
62 71 12
57 71 32
57 72 43
144 82 11
144 83 11
144 84 11
144 85 10
144 86 10
144 87 10
144 88 10
180 57 10
144 89 10
144 90 10
144 91 10
175 37 14
144 92 10
144 93 10
144 94 10
113 148 25
98 71 20
139 81 10
52 78 47
93 71 22
52 79 47
175 57 10
52 80 48
170 36 31
134 76 11
134 77 10
108 161 10
88 71 31
47 80 75
165 36 107
170 60 11
170 61 10
170 62 10
129 76 10
139 130 11
139 131 10
103 166 11
103 167 10
83 71 24
42 80 33
160 36 48
124 76 10
165 69 15
78 71 11
37 80 13
155 34 11
98 170 12
134 140 11
119 71 10
160 71 59
160 72 61
73 71 10
32 80 12
150 34 10
93 170 23
129 142 19
129 143 20
129 144 21
114 71 10
155 75 41
155 76 38
68 71 10
145 34 10
88 170 36
109 71 12
124 147 53
63 71 12
150 80 20
150 81 17
140 34 10
104 71 24
119 147 51
181 37 10
58 71 24
145 82 12
99 71 21
181 57 10
114 148 26
176 37 13
140 81 11
140 82 10
53 77 47
53 78 46
94 71 21
176 57 10
171 36 25
135 77 11
135 78 10
109 161 10
89 71 27
48 80 73
171 59 11
166 36 88
171 60 10
130 76 10
140 127 11
140 128 10
140 129 10
140 130 10
104 165 11
104 166 10
84 71 30
43 80 45
161 36 67
166 67 12
166 68 12
166 69 13
125 76 10
79 71 11
38 80 14
156 34 12
156 35 13
135 140 11
99 170 11
120 71 10
120 72 10
120 73 10
120 74 10
161 71 53
74 71 10
33 80 12
151 34 10
94 170 21
130 142 18
115 71 10
156 74 48
156 75 44
28 78 11
69 71 10
28 80 10
28 79 11
146 34 10
89 170 34
110 71 11
125 147 42
151 79 24
151 80 21
64 71 11
141 34 10
105 71 21
120 147 60
182 37 10
59 71 19
146 82 12
100 71 24
182 57 10
115 147 29
115 148 27
177 37 12
141 82 11
141 83 10
54 75 60
54 76 54
54 77 50
95 71 19
177 57 10
172 36 21
136 78 11
136 79 10
110 161 10
90 71 25
49 80 66
172 59 10
167 36 68
141 119 11
141 120 10
141 121 10
141 122 10
141 123 10
141 124 10
141 125 10
141 126 10
141 127 10
131 76 10
105 164 11
105 165 10
85 71 36
44 80 58
162 36 91
167 65 11
167 66 11
167 67 11
126 76 10
136 134 11
136 135 10
136 136 10
136 137 10
136 138 10
157 35 15
136 139 10
136 140 10
100 169 11
100 170 10
80 71 12
39 80 16
121 74 11
121 75 10
162 71 45
75 71 10
34 80 12
152 34 10
95 170 19
131 142 17
116 71 10
157 74 51
70 71 10
29 80 11
147 34 10
90 170 32
111 71 11
126 147 34
152 78 28
152 79 25
65 71 11
142 34 10
106 71 18
121 147 68
183 37 10
60 71 15
147 81 14
137 34 10
147 82 13
101 71 26
183 57 10
116 147 31
178 37 11
55 73 70
55 74 69
142 83 10
55 75 65
96 71 19
178 57 10
173 36 18
173 37 16
142 94 10
142 95 10
142 96 10
142 97 10
142 98 10
142 99 10
142 100 10
142 101 10
142 102 10
142 103 10
142 104 10
142 105 10
142 106 10
142 107 10
142 108 10
142 109 10
142 110 10
142 111 10
142 112 10
142 113 10
173 58 11
173 59 10
168 36 52
142 114 10
142 115 10
142 116 10
142 117 10
142 118 10
142 119 10
111 148 22
111 149 21
111 150 21
111 151 21
111 152 21
111 153 20
111 154 19
111 155 17
111 156 15
111 157 14
111 158 12
111 159 11
111 160 11
111 161 10
106 162 11
106 163 10
106 164 10
163 36 110
137 80 10
137 79 11
132 76 10
91 71 24
168 65 11
86 71 38
50 80 58
127 76 10
45 80 69
137 133 11
137 134 10
81 71 14
101 168 11
101 169 10
40 80 19
158 35 19
158 36 25
122 75 11
122 76 10
163 70 29
163 71 36
76 71 10
35 80 13
153 34 10
96 170 17
132 142 16
117 71 10
158 73 58
158 74 54
71 71 10
30 80 11
148 34 10
91 170 29
112 71 10
127 145 26
127 146 27
127 147 30
153 77 32
153 78 30
66 71 11
86 169 66
143 34 10
107 71 15
122 147 69
184 37 10
61 71 14
148 81 15
138 34 10
102 71 26
184 57 10
117 147 35
179 37 11
