25 120 122
133 25 159
133 26 177
133 27 206
168 193 60
168 194 65
25 121 123
25 122 131
25 123 150
25 116 105
25 117 116
143 86 92
143 87 113
143 88 138
61 106 550
61 107 509
61 108 467
102 104 52
128 25 116
163 192 44
20 127 892
20 128 1001
56 109 341
153 166 363
153 167 381
97 104 50
123 25 69
158 192 48
138 101 227
15 128 841
148 160 112
148 161 123
51 109 367
92 104 24
138 123 34
138 124 29
133 101 237
138 125 24
10 129 194
143 157 41
143 158 49
46 109 379
87 103 20
87 104 21
128 101 396
138 154 17
159 51 430
159 52 398
138 155 18
5 130 33
5 131 27
82 101 13
82 102 14
41 109 162
184 188 53
123 101 178
184 190 29
184 191 24
184 192 21
184 193 20
154 50 502
184 195 22
184 194 21
159 77 27
159 78 29
184 189 38
77 101 13
36 109 31
149 40 129
149 41 136
149 42 150
118 101 71
179 195 99
154 79 34
144 33 214
144 34 199
144 35 186
144 36 175
72 101 46
31 109 14
113 101 101
174 195 124
139 29 521
149 79 19
67 101 273
67 102 313
67 103 349
67 104 385
67 105 431
67 106 493
26 109 16
108 101 107
169 194 69
134 27 237
134 28 284
169 195 74
144 84 43
144 85 55
144 86 72
62 106 592
103 104 55
129 25 124
164 192 45
21 125 523
21 126 640
21 127 765
57 109 356
154 167 392
98 104 52
124 25 84
159 192 49
139 101 251
16 128 973
149 161 138
149 162 151
149 163 171
52 109 345
139 118 36
139 119 39
93 104 28
139 120 42
139 121 43
139 122 42
139 123 38
134 101 210
11 129 263
144 158 57
144 159 67
47 109 401
88 104 21
129 101 383
6 130 40
139 155 19
160 52 354
160 53 316
139 156 22
42 109 215
83 102 15
124 101 235
155 50 515
160 77 25
78 101 13
37 109 40
150 42 167
150 43 185
150 44 207
119 101 74
150 45 233
180 195 82
155 79 36
145 36 158
73 101 32
145 37 146
32 109 15
114 101 90
175 195 129
140 29 500
140 30 451
150 79 22
68 101 191
27 109 14
109 101 114
170 195 79
135 28 332
145 83 26
145 84 33
63 106 628
104 102 77
104 103 68
104 104 62
130 25 131
165 192 47
22 123 261
22 124 324
22 125 413
140 90 282
140 91 317
140 92 367
140 93 426
140 94 482
140 95 515
99 104 52
140 97 486
140 98 435
140 99 376
140 100 321
140 101 276
140 96 516
125 25 95
155 167 394
160 192 47
58 109 370
17 128 1067
150 163 191
150 164 215
140 117 29
140 118 32
150 165 246
94 104 33
53 109 330
135 101 197
12 129 342
145 159 76
48 109 414
89 104 21
130 101 357
7 129 70
7 130 52
140 156 23
161 53 273
161 54 238
43 109 267
84 102 16
84 103 18
125 101 298
156 50 515
161 76 23
161 77 24
2 132 19
2 133 18
2 134 17
2 135 16
2 136 16
79 101 12
38 109 56
120 101 84
151 45 261
151 46 288
151 47 320
151 48 352
181 195 62
156 79 37
74 101 23
146 37 137
146 38 128
146 39 125
33 109 17
115 101 81
176 195 127
141 30 398
141 31 354
151 79 25
69 101 133
28 109 13
110 101 117
171 195 87
136 28 392
136 29 446
146 80 17
146 81 18
146 82 19
146 83 22
64 106 643
105 101 92
105 102 83
166 192 49
131 25 137
23 123 210
141 89 217
141 90 245
141 91 285
141 92 340
141 93 407
141 94 471
141 95 515
100 104 51
126 25 103
141 96 526
141 97 505
141 98 460
141 99 404
141 100 349
141 101 303
141 102 268
141 103 243
141 104 223
141 105 202
141 106 174
141 107 140
141 108 106
141 109 77
141 110 56
141 111 41
141 112 32
141 113 27
141 114 25
141 115 24
141 116 25
141 117 26
95 104 40
151 165 271
151 166 304
156 167 388
156 168 384
136 101 196
156 169 400
156 170 439
156 171 500
156 172 577
156 173 653
156 174 713
156 175 750
156 176 763
156 177 748
146 159 84
146 160 95
156 178 704
156 179 635
156 180 551
156 181 463
156 182 383
156 183 314
156 184 257
90 104 21
156 185 210
156 186 172
156 187 141
156 188 113
131 101 319
156 189 89
156 190 69
156 191 54
156 192 44
161 192 45
59 109 383
141 156 26
141 157 30
162 54 206
162 55 179
162 56 162
162 57 151
162 58 140
162 59 126
162 60 108
162 61 89
162 62 71
85 103 19
162 63 55
162 64 43
162 65 35
162 66 29
162 67 26
126 101 353
162 68 24
162 69 23
162 70 23
162 71 23
157 50 505
162 72 22
162 73 22
162 74 21
162 75 21
162 76 22
54 109 325
49 109 410
44 109 313
18 128 1103
13 129 439
80 101 12
39 109 80
8 129 97
3 132 20
121 101 103
152 48 383
152 49 411
182 195 44
157 78 34
157 79 36
75 101 18
34 109 20
147 39 120
116 101 74
177 195 122
142 31 305
142 32 276
152 79 28
70 101 93
29 109 13
111 101 117
172 195 99
137 29 491
147 79 17
147 80 16
65 106 625
106 101 96
167 192 52
132 25 145
167 193 56
24 123 176
142 88 161
142 89 187
60 108 430
60 109 402
101 104 51
127 25 109
162 192 44
19 128 1075
55 109 330
152 166 331
96 104 46
122 25 53
157 192 47
137 101 207
14 128 699
14 129 564
147 160 102
50 109 391
91 104 22
132 101 276
137 125 21
137 126 18
137 127 16
137 128 15
137 129 14
137 130 14
137 131 14
137 132 14
137 133 16
137 134 18
137 135 19
137 136 21
137 137 22
137 138 22
137 139 20
137 140 19
137 141 18
86 103 20
137 142 18
137 143 18
137 144 18
137 145 18
137 146 19
127 101 387
137 147 19
137 148 19
137 149 19
137 150 18
158 50 487
158 51 465
137 151 17
137 152 16
137 153 16
137 154 16
142 157 34
45 109 350
9 129 138
4 131 24
4 132 21
81 101 13
40 109 115
122 101 133
153 49 447
153 50 478
183 195 31
158 78 31
76 101 15
35 109 25
148 39 121
148 40 122
117 101 71
178 195 113
153 79 31
143 32 245
143 33 228
71 101 66
30 109 13
112 101 111
173 195 113
138 29 519
148 79 18
25 109 19
25 110 24
25 111 33
25 112 45
25 113 61
66 106 572
25 114 77
25 115 92
107 101 101
25 118 122
25 119 123
