112 134 15
112 135 14
112 136 14
153 136 40
30 162 20
61 108 32
107 126 16
107 127 16
107 128 16
102 116 12
102 117 11
148 136 45
25 162 60
56 110 32
56 111 32
56 112 31
56 113 31
56 114 30
56 115 29
56 116 26
56 117 23
184 118 11
184 119 11
56 118 20
56 119 18
97 114 12
56 120 16
56 121 14
56 122 13
56 123 12
56 124 12
143 136 208
56 125 11
56 126 11
56 127 11
56 128 11
56 129 11
56 130 11
56 131 12
56 132 12
56 133 13
20 162 181
92 111 15
92 112 14
179 127 12
179 128 11
179 129 11
179 130 11
179 131 11
179 132 11
179 133 11
179 134 10
138 141 308
138 142 237
15 162 87
56 163 10
87 108 21
10 162 35
133 142 46
174 135 11
174 136 10
82 108 73
51 164 12
5 162 12
128 142 13
169 137 13
77 108 326
46 164 16
123 140 12
123 141 12
123 142 11
164 137 42
72 108 340
41 164 14
118 138 15
159 137 94
36 163 14
67 108 114
113 136 15
154 136 45
31 162 18
62 108 36
108 128 17
108 129 16
108 130 16
108 131 16
108 132 15
103 117 11
149 136 38
26 162 44
57 109 30
57 110 31
185 118 11
98 114 12
98 115 11
144 136 153
21 162 166
57 133 14
57 134 15
93 112 14
180 125 12
180 126 11
180 127 11
16 162 110
139 140 436
139 141 371
57 163 10
88 108 20
11 162 42
134 142 65
175 135 10
83 108 50
52 164 11
6 162 14
129 142 15
170 137 12
78 108 274
47 164 15
124 142 11
165 137 31
73 108 371
42 164 14
119 138 15
160 137 91
37 163 14
68 108 150
37 164 13
114 136 15
155 136 53
32 162 17
63 108 43
109 132 15
104 117 12
104 118 11
104 119 11
150 136 35
104 121 11
104 120 11
27 162 33
58 108 29
58 109 29
186 118 11
99 115 12
99 116 11
145 136 110
22 162 141
58 134 17
58 135 21
58 136 29
58 137 42
58 138 64
58 139 94
58 140 132
58 141 172
58 142 210
58 143 241
94 112 14
94 113 13
181 122 12
181 123 11
181 124 11
181 125 11
58 144 265
58 145 279
58 146 280
58 147 266
58 148 244
140 139 490
140 140 471
58 149 217
58 158 26
58 159 18
58 160 13
58 161 11
58 162 11
58 163 10
58 150 191
89 108 19
89 109 18
58 151 165
58 152 140
58 153 117
58 154 96
58 155 76
58 156 56
58 157 38
17 162 138
12 162 50
176 134 11
176 135 10
135 142 93
84 108 36
53 164 11
7 162 18
130 142 18
171 137 11
79 108 215
48 164 15
2 161 10
125 142 11
166 137 23
74 108 384
43 164 15
120 138 14
161 137 82
69 108 193
38 164 13
115 136 16
115 137 15
115 138 15
156 136 62
33 162 16
64 108 53
110 132 15
151 136 34
105 121 12
105 122 12
105 123 12
59 108 29
28 162 26
187 118 11
100 116 11
146 136 78
23 162 111
182 121 12
182 122 11
95 114 12
95 113 13
141 137 398
141 138 445
141 139 481
18 162 163
90 109 17
90 110 16
13 162 59
177 134 10
136 142 130
85 108 28
54 164 11
8 162 22
131 142 24
172 137 11
80 108 157
49 164 14
3 161 10
126 142 12
167 137 18
75 108 382
44 164 15
121 138 14
121 139 13
162 137 70
70 108 242
39 164 13
116 138 16
157 136 72
34 162 16
34 163 15
65 108 67
111 132 15
111 133 15
111 134 14
152 136 36
29 162 22
106 123 13
106 124 14
106 125 14
106 126 15
60 108 30
188 118 11
101 116 11
147 136 57
24 162 83
183 119 12
183 120 11
183 121 11
96 114 12
142 136 272
142 137 332
19 162 180
91 110 16
91 111 15
14 162 70
178 134 10
137 142 178
55 163 11
86 108 24
55 164 10
9 162 28
132 142 32
173 136 11
173 137 10
81 108 108
50 164 13
4 161 11
4 162 11
127 142 12
168 137 15
76 108 363
45 164 16
122 139 13
122 140 12
163 137 55
71 108 294
40 164 13
117 138 15
158 136 83
158 137 92
35 163 15
66 108 87
