102 81 198
61 95 93
81 193 183
122 195 15
133 44 266
133 45 253
102 107 22
102 108 23
102 109 24
174 57 10
10 91 21
10 92 22
133 77 486
123 30 39
133 78 425
71 193 147
102 138 28
102 139 28
102 140 27
51 101 229
92 95 11
112 193 42
153 195 18
164 57 10
164 60 10
61 193 21
61 194 19
61 195 17
123 81 60
41 101 572
82 95 25
102 193 147
143 195 14
92 157 40
92 158 45
154 52 20
154 53 17
154 59 13
195 61 12
195 62 12
113 81 490
92 189 35
92 190 38
72 95 50
31 101 152
92 193 64
133 195 16
144 52 225
144 61 117
185 57 23
21 95 32
103 81 248
62 95 98
82 193 153
123 195 14
134 45 248
134 46 241
103 109 25
103 110 25
103 111 25
103 112 24
103 113 23
103 114 21
103 115 19
103 116 17
175 57 10
11 92 24
134 77 549
124 30 39
72 193 184
103 137 27
103 138 27
52 101 191
93 95 11
113 193 36
154 194 21
154 195 19
165 57 10
165 60 10
165 61 11
165 62 12
165 63 13
165 64 16
165 65 20
165 66 28
165 67 41
165 68 62
165 69 96
165 70 142
165 71 200
165 72 262
62 193 22
165 73 320
165 74 368
165 75 406
165 76 436
165 77 461
165 78 481
165 79 496
103 193 147
165 80 499
165 81 482
165 82 438
165 83 374
165 84 300
165 85 231
165 86 173
165 87 133
165 88 108
144 195 14
165 89 85
165 90 66
165 91 51
165 92 40
165 93 34
165 94 29
165 95 25
165 96 23
165 97 21
155 53 15
93 156 33
93 157 36
83 95 23
42 101 588
155 58 12
155 59 12
124 81 62
196 62 12
114 81 407
32 101 186
93 190 39
73 95 44
93 193 65
134 195 16
145 52 201
145 61 103
186 57 22
22 95 35
22 96 36
104 81 313
63 95 103
83 193 127
124 195 14
135 46 239
135 47 240
104 116 16
104 117 15
104 118 14
104 119 13
104 120 13
176 57 11
104 122 12
104 123 12
104 124 12
104 125 12
104 126 13
104 127 13
104 128 14
104 129 15
104 130 16
104 131 17
104 132 18
104 133 20
104 134 22
104 135 23
104 136 24
104 137 26
104 121 12
73 193 223
125 32 50
125 31 45
125 30 42
94 95 11
53 101 162
114 193 31
12 92 26
135 67 672
135 68 733
135 69 796
135 70 851
135 71 887
135 72 896
135 73 875
155 194 22
135 74 827
135 75 760
135 76 685
135 77 615
166 57 10
125 80 78
63 193 25
125 81 68
43 101 592
84 95 21
104 193 141
94 152 27
94 153 28
94 154 29
145 195 14
94 155 30
94 156 31
166 97 19
166 98 18
166 99 17
166 100 17
156 53 14
156 58 11
197 62 11
197 63 11
197 64 11
197 65 12
115 81 322
53 197 15
94 190 42
94 191 45
74 95 39
94 193 66
33 101 228
135 195 16
146 52 171
146 61 87
187 57 22
23 96 39
105 81 390
23 97 42
64 95 105
84 193 104
125 195 14
136 47 242
136 48 249
177 57 11
136 66 550
136 67 613
13 92 28
126 32 57
74 193 257
126 34 76
126 33 65
54 101 142
95 95 11
115 193 27
156 194 23
167 57 10
126 80 89
64 193 29
44 101 581
85 95 19
105 193 130
95 148 23
95 149 24
95 150 24
95 151 25
95 152 26
146 195 14
167 100 16
167 101 16
167 102 16
167 103 15
167 104 15
167 105 15
167 106 14
167 107 15
157 53 13
157 58 11
198 65 11
198 66 11
116 81 243
54 197 14
34 101 279
95 191 52
95 192 58
95 193 71
75 95 35
136 195 15
147 52 137
147 61 70
188 57 20
188 58 19
24 97 45
106 81 475
65 95 103
85 193 84
126 195 14
137 48 256
137 49 265
178 57 12
137 65 435
137 66 492
14 92 30
75 193 283
127 34 89
127 35 106
55 98 98
55 99 106
55 100 116
96 95 12
96 96 11
116 193 24
96 98 11
96 97 11
55 101 129
157 192 25
157 193 24
157 194 23
168 57 10
127 79 122
127 80 104
65 193 34
45 101 553
86 95 17
106 193 115
96 147 22
96 148 22
147 195 14
158 53 13
158 58 11
168 107 14
117 81 179
55 197 13
35 101 335
76 95 33
96 192 68
96 193 82
137 195 15
148 52 105
148 61 55
189 58 18
25 97 50
25 98 53
107 81 556
66 95 99
86 193 77
127 195 14
138 49 273
138 50 280
138 63 292
138 64 333
179 57 13
138 65 384
15 92 31
76 193 294
56 97 85
128 35 127
128 36 151
128 37 177
128 38 204
128 39 228
128 40 249
117 193 21
128 41 265
97 99 11
97 100 11
97 101 11
97 98 12
158 191 25
158 192 24
56 98 90
169 57 10
128 78 176
128 79 146
66 193 42
46 101 510
87 95 16
97 144 22
107 193 99
97 145 21
97 146 21
97 147 21
148 195 15
159 53 12
159 58 11
169 107 14
169 108 15
169 109 15
169 110 16
169 111 17
169 112 18
169 113 19
118 81 131
56 197 13
36 101 391
77 95 31
97 192 78
97 193 93
138 195 14
149 52 78
149 61 42
190 58 17
108 81 621
26 98 57
67 95 92
87 193 72
128 195 14
139 50 287
139 51 286
139 52 282
139 62 222
139 63 251
180 57 15
16 92 31
57 96 80
77 193 291
57 97 82
118 193 20
129 42 287
129 41 281
98 101 12
98 102 12
159 191 24
98 103 12
170 57 10
129 78 213
67 193 53
47 101 455
88 95 14
98 144 21
108 193 83
149 195 15
160 53 12
160 56 10
160 57 10
160 58 10
170 113 20
170 114 22
119 81 99
57 197 12
37 101 441
78 95 30
98 192 90
98 193 106
139 195 14
150 52 57
150 61 32
191 58 16
191 59 16
191 60 15
109 81 659
27 98 63
27 99 68
68 95 84
88 193 68
129 195 14
140 52 276
140 62 194
181 57 17
17 92 31
17 93 31
99 81 118
99 82 105
99 83 94
99 84 85
99 85 76
99 86 67
99 87 57
99 88 48
99 89 39
99 90 32
99 91 26
99 92 22
99 93 19
99 94 17
99 95 16
99 96 15
99 97 14
99 98 14
99 99 13
99 100 13
99 101 13
99 102 13
99 103 13
160 186 49
160 187 38
160 188 31
160 189 27
160 190 25
160 191 24
119 193 18
78 193 274
130 43 292
130 42 294
58 95 81
58 96 80
171 57 10
130 78 258
68 193 68
48 101 394
99 143 22
99 144 21
109 193 69
89 95 13
150 195 15
161 53 12
161 54 11
161 55 11
161 56 10
161 57 10
161 58 10
161 59 11
171 114 24
171 115 27
171 116 31
171 117 39
120 81 78
58 197 13
38 101 482
79 95 29
99 192 103
99 193 119
140 195 14
151 52 41
151 61 25
192 60 14
110 81 661
28 99 75
28 100 84
69 95 76
89 193 66
130 195 15
141 52 268
141 61 156
141 62 174
182 57 19
18 93 30
100 81 136
59 95 83
79 193 247
120 193 17
120 194 17
131 43 289
131 44 282
120 195 16
100 103 14
100 104 15
100 105 16
100 106 17
172 57 10
131 78 309
69 193 88
100 141 24
100 142 23
100 143 22
90 95 12
110 193 58
49 101 332
151 195 16
162 57 10
162 59 10
121 81 67
59 195 15
59 196 14
59 197 13
39 101 517
80 95 28
100 192 118
100 193 131
141 195 14
152 52 31
152 61 20
193 60 13
193 61 13
111 81 628
29 100 95
70 95 67
90 193 64
131 195 15
142 52 257
142 61 141
183 57 21
19 93 30
19 94 30
101 81 161
60 95 87
80 193 215
121 193 17
121 194 16
121 195 15
132 44 272
101 106 19
101 107 20
9 79 100
9 80 87
9 81 75
9 82 64
9 83 53
9 84 44
9 85 36
9 86 30
9 87 26
9 88 23
173 57 10
9 90 20
9 91 20
9 89 21
132 78 365
70 193 115
101 140 26
101 141 25
50 101 276
91 95 12
111 193 49
152 195 17
163 57 10
163 59 10
163 60 11
122 81 61
60 195 16
40 101 547
81 95 27
101 193 141
142 195 14
91 158 50
91 159 58
91 160 69
91 161 87
91 162 113
91 163 150
153 52 25
91 164 200
91 165 262
91 166 333
91 167 406
91 168 470
91 169 516
91 170 543
91 171 554
91 172 551
91 173 537
91 174 509
91 175 468
91 176 415
91 177 354
91 178 290
91 179 229
194 61 13
91 180 175
91 181 131
91 182 98
91 183 75
91 184 59
91 185 49
91 186 42
91 187 37
91 188 33
91 189 35
71 95 58
91 193 64
30 101 128
30 100 110
153 59 14
153 60 15
153 61 17
112 81 566
132 195 16
143 52 242
143 61 129
184 57 22
20 94 31
20 95 31
