92 39 13
41 0 101
112 148 11
133 44 46
153 147 29
61 119 28
71 174 20
30 185 144
133 72 79
133 73 74
174 71 12
31 0 52
82 39 21
102 143 75
123 44 125
143 147 16
51 119 14
20 185 12
102 174 13
61 184 10
164 71 11
21 0 16
72 39 20
92 138 25
123 83 16
92 139 29
62 4 11
113 44 39
133 148 14
41 119 10
10 177 11
10 178 10
174 147 11
82 123 80
82 124 89
82 125 104
92 174 218
51 185 18
154 66 10
154 67 11
62 39 33
11 0 10
52 0 13
103 44 21
123 148 10
144 44 16
31 119 10
164 147 12
72 119 95
82 174 149
41 185 58
144 70 198
93 39 13
42 0 74
113 148 11
134 44 36
154 147 29
62 119 29
72 174 24
31 185 193
134 72 85
83 39 19
32 0 68
103 143 65
124 44 147
144 147 16
52 119 17
21 185 13
103 173 13
103 174 12
62 183 11
62 184 10
165 71 11
22 0 17
73 39 21
124 83 17
93 139 35
63 4 11
63 5 12
114 44 41
134 148 15
42 119 10
11 178 11
175 147 11
11 179 10
83 125 117
83 126 131
83 127 144
83 128 150
83 129 146
83 130 131
155 67 10
155 68 11
83 131 111
83 132 91
63 39 26
12 0 11
93 174 178
52 185 17
53 0 13
104 44 24
124 148 10
145 44 15
32 119 10
165 147 11
73 119 88
83 174 158
42 185 47
145 70 168
2 0 10
2 1 10
2 2 10
2 3 10
2 4 10
2 5 10
2 6 10
2 7 10
43 0 52
94 39 13
114 141 11
114 142 10
114 143 10
114 144 10
114 145 10
114 146 10
114 147 10
114 148 10
135 44 29
155 147 30
63 119 31
73 174 32
32 185 234
135 72 96
84 39 18
33 0 87
104 143 55
125 44 163
145 147 16
53 119 20
22 185 13
104 172 13
104 173 12
63 183 10
166 71 11
23 0 17
74 39 23
125 83 18
94 139 45
94 140 56
115 44 42
64 5 11
64 6 12
64 7 13
64 8 15
64 9 18
64 10 23
64 11 30
135 148 15
64 12 40
64 13 50
64 14 60
64 15 68
64 16 75
64 17 80
176 147 11
64 18 84
64 19 85
64 20 79
64 21 69
64 22 57
64 23 47
64 24 39
64 25 33
64 26 30
64 27 29
64 28 28
64 29 28
64 30 28
64 31 28
64 32 28
64 33 29
156 68 10
64 34 30
64 35 30
64 36 29
64 37 27
64 38 24
64 39 21
13 0 11
43 119 10
84 132 72
84 133 57
94 174 133
54 0 12
53 185 16
12 180 10
12 179 11
105 44 27
125 148 10
146 44 14
33 119 10
166 147 11
74 119 81
84 174 171
43 185 39
146 70 131
3 0 10
95 39 13
44 0 37
115 140 11
115 141 10
115 148 10
136 44 25
156 147 29
64 119 34
74 174 45
33 185 256
136 72 111
85 39 17
34 0 107
105 143 45
126 44 173
146 147 18
54 119 23
23 185 14
105 171 12
105 172 12
64 183 10
167 71 11
24 0 18
75 39 24
126 82 21
126 83 19
95 140 70
95 141 85
116 44 43
136 148 15
44 119 10
177 147 11
13 180 11
13 181 10
95 174 93
54 185 15
157 68 10
157 69 11
85 133 46
65 39 18
14 0 11
85 134 38
85 135 33
116 87 11
55 0 12
116 89 11
116 90 11
116 91 11
106 44 30
116 93 11
116 94 11
116 95 12
116 96 13
116 97 14
116 98 17
116 99 22
126 148 10
147 44 13
116 102 64
116 103 86
116 104 110
116 105 133
116 106 158
167 147 11
116 108 216
116 109 252
116 110 285
116 111 308
116 112 319
116 113 323
116 114 325
116 115 328
116 116 336
116 117 349
116 118 363
116 119 374
116 120 376
116 121 365
116 122 343
116 123 317
116 124 290
116 125 262
147 70 95
116 127 193
4 0 10
116 129 115
116 130 82
116 131 56
116 132 39
116 133 27
116 134 21
96 39 14
45 0 28
96 41 13
96 40 13
116 139 11
116 140 10
116 138 11
116 137 12
116 136 14
116 135 16
116 128 154
116 126 230
116 107 184
116 148 10
137 44 22
116 101 45
116 100 31
116 92 11
116 88 11
34 119 10
157 147 27
75 119 72
85 174 188
44 185 34
65 119 40
75 174 62
34 185 257
137 72 127
86 39 16
35 0 127
106 143 36
127 44 174
147 147 19
55 119 25
24 185 16
106 171 12
65 181 11
65 182 11
65 183 10
168 71 12
25 0 19
76 39 26
127 82 23
96 141 97
117 44 45
137 148 16
45 119 10
178 147 11
14 181 11
14 182 10
96 174 63
55 185 14
158 69 10
66 39 17
15 0 12
86 135 28
117 87 11
56 0 11
56 1 12
56 2 13
56 3 16
56 4 20
107 44 32
127 148 10
148 45 12
148 46 12
148 47 11
148 48 12
148 49 12
148 50 12
168 147 11
148 52 13
148 53 14
148 54 14
148 55 14
148 56 14
148 57 14
148 58 14
148 59 14
148 60 13
148 61 13
148 62 13
148 63 14
148 64 15
148 65 17
148 66 20
148 67 25
148 68 33
148 69 46
148 70 65
148 51 13
5 0 10
148 44 12
35 119 10
76 119 63
86 174 208
45 185 30
46 0 23
97 41 14
117 148 10
138 44 21
158 147 24
66 119 48
76 174 81
35 185 245
138 72 141
87 39 15
36 0 146
107 143 28
128 44 161
148 147 22
56 119 27
107 168 12
107 169 11
107 170 11
107 171 11
25 185 20
66 181 11
169 71 12
26 0 20
128 81 30
128 82 26
77 39 27
97 141 109
97 142 114
118 44 48
138 148 16
46 119 10
179 147 11
15 182 11
15 183 10
15 184 10
15 185 10
97 174 42
56 185 13
159 69 10
67 39 16
16 0 12
87 135 25
87 136 23
118 87 11
57 4 19
108 44 32
128 148 11
36 119 10
169 147 11
149 53 13
77 119 55
87 174 225
46 185 27
6 0 10
47 0 19
98 41 14
118 148 10
139 44 19
159 147 21
67 119 59
77 174 101
36 185 217
139 71 170
139 72 155
88 39 15
37 0 159
108 143 22
129 44 138
149 147 24
57 119 27
108 166 12
108 167 11
108 168 11
26 185 27
67 181 11
170 71 12
27 0 22
129 79 52
129 80 43
129 81 36
78 39 28
98 142 115
119 44 55
139 148 17
47 119 10
180 147 11
16 185 11
98 174 29
57 185 12
160 69 10
160 70 11
160 71 11
17 0 13
68 39 16
88 136 21
119 87 11
58 4 16
109 44 33
129 148 11
37 119 10
170 147 11
150 53 12
78 119 50
88 174 240
47 185 24
7 0 10
48 0 17
99 41 14
119 148 10
140 44 18
160 147 17
68 119 72
78 174 117
37 185 177
140 70 201
140 71 184
89 39 14
38 0 162
109 143 17
109 144 17
109 145 17
109 146 17
109 147 17
109 148 18
130 44 110
109 149 18
109 150 19
109 151 21
109 152 24
109 153 26
150 147 26
109 154 27
109 155 26
109 156 26
58 119 27
109 157 23
109 158 20
109 159 18
109 160 16
109 161 15
109 162 14
109 163 13
109 164 12
109 165 11
109 166 11
27 185 40
68 179 12
68 180 12
68 181 11
130 76 80
130 77 76
130 78 69
171 71 12
28 0 26
130 79 60
79 39 27
99 142 114
99 143 107
120 44 65
140 148 17
48 119 11
181 147 11
17 185 11
99 174 22
58 185 11
161 71 11
18 0 14
69 39 17
89 136 20
89 137 20
120 87 12
59 4 15
110 44 33
130 148 11
38 119 10
171 147 11
151 53 11
151 54 11
151 55 11
151 56 11
151 57 11
151 58 11
151 59 11
79 119 47
89 174 251
48 185 21
8 0 10
49 0 15
100 41 15
100 42 15
100 43 15
120 148 10
141 44 18
161 147 15
69 119 84
79 174 129
38 185 136
141 70 210
90 39 13
39 0 151
110 148 15
131 44 83
151 147 27
59 119 27
69 174 16
69 175 15
69 176 15
69 177 14
69 178 13
69 179 12
28 185 63
131 75 78
131 76 80
172 71 12
29 0 31
80 39 25
100 143 97
121 44 81
141 148 17
49 119 11
182 147 11
18 185 11
100 174 17
59 185 11
162 71 11
19 0 15
70 39 18
90 137 20
90 138 21
121 87 12
60 4 13
111 44 34
131 148 12
8 173 11
8 174 11
39 119 10
8 176 11
8 177 10
8 175 11
172 147 11
80 119 47
80 120 50
152 59 10
152 60 10
152 61 10
152 62 10
152 63 10
152 64 10
152 65 11
90 174 255
49 185 19
60 39 60
9 0 10
50 0 14
101 43 16
101 44 17
121 148 10
142 44 17
162 147 13
70 119 94
80 174 137
39 185 101
142 70 217
91 39 13
40 0 129
111 148 13
132 44 61
152 147 28
60 119 27
70 174 17
29 185 98
132 73 74
132 74 74
132 75 77
173 71 12
30 0 40
81 39 23
101 143 86
122 44 101
142 147 16
142 148 17
142 149 19
142 150 22
142 151 27
142 152 33
50 119 12
19 185 12
101 174 15
60 184 11
60 185 10
163 71 11
20 0 15
71 39 19
91 138 22
122 83 15
122 84 14
122 85 13
122 86 13
122 87 13
61 4 12
112 44 36
132 148 13
40 119 10
9 177 10
173 147 11
81 120 54
81 121 59
81 122 64
81 123 71
91 174 244
153 65 10
153 66 11
50 185 18
61 39 44
10 0 10
51 0 14
102 44 19
122 148 10
143 44 17
30 119 10
30 120 10
30 121 10
30 122 10
163 147 12
30 124 10
30 125 10
30 123 10
71 119 97
81 174 143
40 185 75
143 70 214
