143 77 241
102 99 11
30 177 10
71 172 87
71 173 92
51 82 88
51 83 84
174 62 10
174 63 10
102 133 11
102 134 10
133 77 512
92 99 40
20 181 11
61 176 94
41 80 41
123 77 102
123 78 88
174 124 12
164 76 12
92 145 13
82 99 246
10 183 10
51 176 12
113 82 12
113 83 11
154 76 18
72 99 355
82 154 13
82 155 13
41 177 10
62 85 40
62 86 41
144 77 189
103 99 11
103 100 11
103 101 11
103 102 11
103 103 11
103 104 11
103 105 11
103 106 11
103 107 11
103 108 11
103 109 11
31 177 10
72 171 82
72 172 84
52 83 79
175 62 10
103 133 10
134 77 550
93 99 30
21 181 11
62 176 107
42 81 51
42 80 46
124 77 115
175 124 12
175 125 12
175 126 11
165 76 11
93 145 13
83 99 211
11 183 10
52 176 12
114 82 13
155 76 17
73 99 408
83 154 13
42 177 10
63 86 43
63 87 44
145 77 142
104 93 12
104 94 12
104 95 12
104 96 12
104 97 12
104 98 12
104 99 12
104 100 12
104 101 12
104 102 11
104 103 11
104 104 11
104 105 11
104 106 11
104 107 11
104 108 12
104 109 12
104 110 12
104 111 12
104 112 12
32 177 10
73 170 80
73 171 80
104 113 12
104 114 13
104 115 13
104 116 13
104 117 14
104 118 15
104 119 17
104 123 20
104 124 19
104 125 18
176 62 10
104 127 16
104 128 15
104 129 13
104 130 12
104 131 11
104 132 11
104 133 10
104 126 17
135 77 564
104 120 18
104 121 19
104 122 20
53 83 74
94 99 23
22 181 11
63 176 116
43 81 57
125 77 132
166 76 11
176 126 12
176 127 11
94 144 12
94 145 12
84 99 181
12 183 10
53 176 14
115 82 14
156 76 16
74 99 451
84 154 13
43 177 10
64 87 47
64 88 50
64 89 53
64 90 55
64 91 58
146 77 104
105 93 12
74 165 70
74 166 75
74 167 78
74 168 80
33 177 10
74 170 81
74 169 80
54 83 70
54 84 64
177 62 10
136 77 553
95 99 18
23 181 11
64 176 123
44 81 65
126 77 153
167 76 11
177 127 11
95 144 12
85 99 157
13 183 10
54 176 16
116 81 18
116 82 15
157 76 14
75 99 477
85 151 13
85 152 12
85 153 12
85 154 12
44 177 10
65 91 61
65 92 62
147 77 76
65 94 65
106 87 11
106 88 11
106 89 11
106 90 11
106 91 11
106 92 11
106 93 11
65 93 63
75 162 42
75 163 48
75 164 55
75 165 63
34 177 10
55 84 59
178 62 10
137 77 523
96 99 15
24 177 11
24 178 10
24 179 10
24 180 10
24 181 10
65 176 129
45 81 74
45 82 81
127 77 180
168 73 11
168 74 10
168 75 10
168 76 10
96 142 11
178 127 11
178 128 11
178 129 11
178 130 11
178 131 11
178 132 11
178 133 10
178 134 10
178 135 11
178 136 11
178 137 11
178 138 11
178 139 11
178 140 11
178 141 11
178 142 10
178 143 10
178 144 10
178 145 10
178 146 10
96 144 11
96 143 11
14 181 11
14 182 11
14 183 10
55 176 20
86 99 135
117 81 21
158 76 14
76 99 483
86 150 13
86 151 12
45 177 10
148 77 57
66 94 68
107 87 11
66 96 78
66 95 71
76 160 27
76 161 31
76 162 36
35 177 10
56 84 55
179 62 10
138 77 480
97 99 13
25 177 10
66 175 132
66 176 133
46 82 88
128 77 216
169 71 11
169 72 10
169 73 10
97 142 11
87 99 116
15 181 11
56 176 26
118 80 31
118 81 25
159 76 13
77 99 467
87 150 12
5 185 10
5 186 10
5 187 10
46 177 10
149 77 44
108 85 10
108 86 10
108 87 10
67 97 100
67 96 86
77 159 21
77 160 23
36 177 10
57 84 51
180 62 10
139 77 433
98 99 12
26 177 10
67 175 129
47 82 93
129 77 264
170 70 11
170 71 10
170 72 10
170 73 10
170 74 10
170 75 10
170 76 10
170 77 10
170 78 10
170 79 10
170 80 10
170 81 10
170 82 10
170 83 11
170 84 11
170 85 12
170 86 14
170 87 16
170 88 19
170 89 24
170 90 29
170 91 34
170 92 39
170 93 45
170 94 50
170 95 55
170 96 59
170 97 62
170 98 64
170 99 66
170 100 69
170 101 72
170 102 77
170 103 83
170 104 89
170 105 93
170 106 95
170 107 92
170 108 86
170 109 79
170 110 71
170 111 65
170 112 59
170 113 54
170 114 48
170 115 41
170 116 35
170 117 29
170 118 24
170 119 20
170 120 17
170 121 15
170 122 14
16 181 11
57 176 35
98 142 10
98 141 10
98 140 10
98 139 10
98 138 10
98 137 10
98 136 11
160 76 13
88 149 13
88 150 12
119 80 37
88 99 98
78 99 433
6 185 10
47 177 10
150 77 35
109 85 10
68 97 116
68 98 140
78 157 17
78 158 18
78 159 19
37 177 10
58 84 47
181 62 10
140 77 386
99 99 11
27 177 10
68 174 119
68 175 125
48 82 94
171 68 11
171 69 10
171 70 10
99 135 11
99 136 10
130 77 322
38 44 77
89 99 82
17 181 11
58 176 48
120 79 51
120 80 43
171 122 14
161 76 12
79 99 388
89 149 12
7 184 11
7 185 10
48 177 10
151 76 26
151 77 30
110 85 10
69 98 169
69 99 208
79 157 16
38 177 10
59 84 45
182 62 10
141 77 340
100 99 11
28 177 10
69 174 111
49 82 93
172 66 11
172 67 10
172 68 10
131 77 389
100 134 11
100 135 10
39 48 43
39 49 39
39 50 35
39 51 31
39 52 29
39 53 27
39 54 26
39 55 26
39 56 27
39 57 29
39 58 33
90 99 67
39 60 45
39 61 54
39 62 63
39 63 72
39 64 80
39 65 85
39 66 86
39 67 83
39 68 77
39 69 68
39 70 59
39 71 50
39 72 43
39 73 37
39 74 33
39 75 31
39 76 30
18 181 11
39 78 30
39 77 30
59 176 63
39 59 38
39 47 46
39 46 49
39 45 52
39 44 58
121 79 59
172 122 13
172 123 13
172 124 12
162 76 12
90 146 14
90 147 13
90 148 13
90 149 12
80 99 337
8 184 10
49 177 10
49 176 11
152 76 23
111 85 10
70 99 250
80 156 15
80 157 15
39 177 10
60 84 42
183 62 10
142 77 293
101 99 11
29 177 10
70 173 97
70 174 105
50 82 90
173 63 11
173 64 10
173 65 10
173 66 10
132 77 455
101 134 10
91 99 52
19 181 11
40 78 33
40 79 34
60 176 79
40 80 37
122 78 78
122 79 67
173 124 12
163 76 12
91 145 14
91 146 13
81 99 289
9 183 11
9 184 10
50 176 11
112 83 11
153 76 20
112 84 11
112 85 10
71 99 300
81 155 14
81 156 14
40 177 10
61 84 41
61 85 40
184 62 10
