81 184 23
81 185 25
81 186 26
81 187 27
81 188 27
81 189 26
81 190 25
81 191 23
81 192 21
81 193 19
81 194 17
81 195 15
81 196 14
81 197 13
81 198 12
81 199 11
51 38 41
81 182 21
46 38 29
112 151 14
112 152 14
112 153 14
112 154 14
76 199 11
82 25 85
82 26 82
41 38 22
107 154 15
71 199 11
143 140 26
36 38 25
102 154 16
77 38 26
169 75 15
169 76 15
169 77 16
169 78 16
169 79 17
169 80 18
169 81 18
169 82 19
169 83 19
138 140 24
169 84 19
31 38 17
169 85 20
169 86 20
169 87 21
169 88 21
97 155 15
97 156 14
169 89 21
72 38 34
169 90 21
169 91 21
169 92 21
169 93 20
169 94 19
169 95 18
169 96 18
169 97 17
26 36 13
133 140 16
67 38 45
21 25 15
92 162 18
164 102 15
164 103 15
164 104 15
128 140 13
16 21 15
16 22 14
16 23 14
16 24 14
62 38 39
87 164 18
123 140 13
123 141 13
123 142 13
123 143 13
57 38 33
82 164 19
118 149 15
52 38 40
118 150 14
47 38 32
113 151 14
83 10 545
83 11 545
83 12 529
83 13 495
83 14 445
83 15 386
83 16 326
83 17 270
83 18 223
83 19 185
83 20 156
83 21 132
83 22 113
83 23 100
83 24 91
83 25 86
77 199 11
42 38 22
108 154 15
72 199 11
144 140 25
144 141 30
37 38 24
144 142 37
144 143 46
144 144 56
144 145 69
103 154 16
78 38 27
170 75 16
139 140 25
32 38 19
98 155 14
73 38 32
27 36 14
27 37 13
27 38 13
134 140 17
68 38 44
22 25 15
93 161 17
93 162 17
165 102 15
129 140 13
63 38 42
17 24 15
88 163 19
88 164 18
124 140 13
58 38 34
83 164 18
119 148 15
119 149 14
53 38 39
48 38 35
114 151 14
78 199 11
43 38 23
109 154 14
73 199 11
38 38 24
104 154 16
79 37 32
79 38 29
171 75 17
140 140 26
33 38 21
99 154 15
99 155 14
74 38 29
135 140 18
28 38 14
69 38 42
94 160 16
23 25 15
94 161 16
166 99 15
166 100 15
166 101 14
166 102 14
130 140 14
64 38 44
18 24 15
89 163 19
125 140 12
120 118 72
120 119 71
120 120 69
120 121 64
120 122 58
120 123 50
120 124 42
120 125 35
59 38 34
120 126 29
120 127 25
120 128 22
120 129 19
120 130 17
84 164 18
120 131 16
120 132 15
120 133 14
120 134 14
120 135 14
120 136 14
120 137 14
120 138 15
120 139 15
120 140 15
120 141 15
120 142 15
120 143 15
120 146 15
120 147 14
120 148 14
120 144 15
54 38 37
120 145 15
49 38 38
115 150 15
115 151 14
79 199 11
44 38 24
110 154 14
74 199 11
80 28 75
80 29 73
39 38 23
80 31 66
80 32 61
80 33 56
80 34 50
80 35 45
80 36 39
80 37 35
80 30 70
105 154 16
172 75 19
69 199 11
141 140 27
34 38 23
100 154 15
75 38 28
136 140 20
29 38 15
70 38 39
95 158 15
95 159 15
24 25 15
24 26 15
24 27 15
24 28 15
24 29 16
24 30 16
24 31 16
24 32 16
24 33 15
24 34 15
24 35 14
24 36 13
95 160 15
131 140 15
167 98 16
167 99 15
65 38 45
19 24 15
90 163 19
162 104 16
162 105 17
162 106 17
162 107 17
126 140 12
162 108 18
162 109 18
162 110 18
60 38 36
85 164 18
121 143 15
121 144 14
121 145 14
121 146 14
55 38 35
50 38 40
116 150 14
80 199 11
45 38 26
111 154 14
75 199 11
81 26 81
81 27 78
81 28 77
40 38 22
106 154 16
70 199 11
142 140 27
35 38 24
101 154 15
76 38 27
137 140 22
30 38 16
96 156 15
96 157 14
71 38 37
96 158 14
168 97 17
168 98 16
25 36 13
132 140 15
66 38 45
20 24 16
20 25 15
91 162 19
91 163 18
163 104 16
127 140 13
15 18 15
15 19 15
15 20 14
15 21 14
61 38 37
86 164 18
122 143 14
56 38 34
81 164 20
81 165 20
81 166 21
81 167 22
81 168 24
81 169 26
81 170 27
81 171 28
81 172 29
81 173 28
81 174 27
81 175 25
81 176 23
81 177 21
81 178 20
81 179 19
81 180 19
81 181 20
117 150 14
81 183 22
