61 88 560
61 89 600
61 90 625
30 147 15
30 148 15
61 93 638
61 94 643
122 183 175
61 96 670
61 97 697
61 95 655
61 92 638
61 91 636
61 86 449
71 154 18
30 164 30
123 10 426
112 182 272
112 183 290
61 152 11
20 168 68
20 169 77
82 62 89
113 10 389
102 180 446
51 152 11
154 38 101
103 10 372
72 73 101
72 74 101
92 173 130
144 19 195
144 20 171
41 150 10
41 152 11
93 15 275
93 16 294
82 173 104
62 78 183
134 15 365
62 79 184
62 77 200
31 148 14
31 149 14
123 183 152
72 154 18
72 155 18
72 156 19
72 157 20
72 158 20
72 159 21
72 160 21
72 161 21
72 162 21
72 163 20
72 164 19
72 165 19
72 166 19
72 167 19
72 168 19
72 169 20
31 164 25
124 10 404
113 183 311
62 152 11
21 167 58
21 168 62
83 62 82
114 10 348
103 180 467
52 152 11
155 38 88
73 65 97
104 10 427
73 66 102
73 67 107
73 68 112
73 69 115
73 70 114
73 71 110
73 72 105
73 73 102
93 173 129
145 20 152
145 21 131
42 150 10
42 152 11
94 14 249
94 15 255
83 173 122
63 77 205
135 15 339
32 149 13
32 150 13
124 183 141
32 164 21
73 169 22
73 170 24
125 10 370
114 183 335
63 152 11
22 165 53
22 166 54
22 167 55
84 62 75
115 10 319
104 180 469
53 152 11
156 38 78
74 64 85
74 65 90
105 10 493
94 173 137
94 174 157
146 21 118
146 22 106
146 23 103
146 24 108
146 25 116
146 26 129
146 27 147
146 28 171
146 29 195
43 150 10
146 30 212
43 152 11
146 31 218
146 32 211
146 33 195
146 34 176
146 35 160
146 36 149
146 37 142
146 38 140
95 13 239
95 14 239
84 173 142
64 77 207
136 15 303
33 150 12
33 164 18
74 170 27
126 10 338
115 183 357
64 152 11
23 164 50
23 165 51
85 62 70
116 10 305
105 180 447
54 152 12
157 38 72
157 39 76
157 40 87
157 41 107
157 42 137
157 43 178
157 44 224
157 45 266
157 46 296
75 63 77
75 64 80
157 49 295
106 10 559
157 51 310
157 52 338
157 53 380
157 54 435
157 55 498
157 56 560
157 57 613
157 58 647
157 59 662
157 60 663
157 61 656
95 174 175
95 175 194
95 176 216
157 65 555
157 66 605
157 67 660
157 68 727
157 69 863
157 70 1025
157 71 1194
157 72 1361
157 73 1546
157 74 1764
157 75 2002
157 76 2225
157 77 2393
44 150 10
157 79 2478
44 152 11
157 81 2262
157 82 2106
157 83 1954
157 84 1809
157 80 2397
157 78 2480
157 64 567
157 63 598
157 62 633
157 50 297
157 48 302
157 47 306
147 38 133
96 11 239
96 12 236
96 13 239
85 173 160
65 77 203
137 15 266
34 150 12
34 164 16
75 170 31
75 171 35
127 10 321
127 11 317
116 183 369
86 42 143
86 43 132
86 44 122
86 45 110
86 46 98
86 47 85
65 152 11
86 48 72
86 49 63
86 50 57
24 164 48
86 51 55
86 52 57
86 53 62
86 54 69
86 55 77
86 56 84
86 57 87
86 58 85
86 59 79
86 60 72
86 61 67
86 62 67
117 10 307
106 180 408
55 152 12
76 62 75
76 63 75
107 10 606
96 176 234
96 177 246
96 178 260
45 150 10
45 151 11
45 152 11
148 38 134
97 10 238
97 11 236
86 173 171
66 77 193
138 15 235
35 150 11
35 163 13
35 164 14
76 171 40
76 172 48
76 173 61
128 11 316
128 12 328
117 183 365
87 40 160
87 41 152
87 42 148
66 152 12
66 153 12
66 154 13
25 164 47
118 10 323
107 180 362
56 152 13
77 62 77
108 10 622
97 178 274
97 179 283
46 152 11
149 38 138
98 10 238
87 173 175
67 77 183
139 15 218
139 16 212
36 150 11
36 152 11
36 153 11
36 154 11
36 155 12
36 156 12
36 157 12
36 158 13
36 159 12
36 160 12
36 161 12
36 162 12
36 163 12
129 12 341
129 13 356
129 14 375
77 173 65
88 27 321
88 28 313
88 29 318
88 30 333
88 31 352
88 32 367
88 33 369
88 34 352
88 35 317
88 36 272
88 37 228
88 38 195
118 183 341
88 39 174
88 40 163
67 154 14
26 164 46
119 10 349
108 180 319
57 152 13
78 62 83
109 10 602
98 179 304
98 180 322
47 152 11
150 38 142
99 10 251
68 76 161
88 173 171
68 77 172
140 16 209
140 17 216
37 150 10
37 152 10
89 17 446
89 18 473
89 19 507
89 20 538
78 173 68
130 14 382
130 15 393
89 21 555
89 22 549
89 23 519
89 24 469
89 25 414
89 26 369
89 27 342
119 183 301
68 154 16
27 164 44
120 10 381
109 180 286
58 152 12
79 62 90
110 10 555
99 180 349
48 152 11
151 38 139
100 10 274
69 76 145
89 173 161
141 17 220
141 18 229
38 150 10
38 152 10
90 17 416
79 173 72
131 15 391
120 183 254
69 154 17
28 164 40
59 115 117
59 116 124
59 117 132
59 118 139
59 119 143
59 120 145
59 121 146
59 122 141
59 123 129
59 124 109
59 125 87
59 126 66
59 127 49
59 128 37
59 129 30
59 130 25
59 131 22
59 132 19
59 133 17
59 134 15
59 135 14
59 136 13
59 137 12
59 138 12
59 139 12
59 140 11
59 141 11
59 142 11
59 143 11
59 144 11
59 145 11
59 146 11
59 147 11
59 148 12
59 149 12
59 150 12
59 151 12
59 152 12
121 10 410
110 180 266
110 181 258
80 62 94
111 10 495
100 180 382
49 152 11
152 38 130
101 10 302
70 75 122
70 76 131
90 173 150
142 18 227
142 19 226
39 150 10
39 152 10
29 122 300
29 123 280
29 124 269
29 125 261
29 126 252
29 127 236
29 128 210
29 129 177
29 130 142
29 131 110
29 132 87
29 133 72
29 134 63
29 135 58
29 136 56
29 137 54
29 138 53
29 139 49
29 140 44
29 141 38
29 142 32
29 143 26
29 144 22
29 145 19
29 146 17
29 147 16
132 15 389
80 173 78
91 16 357
121 183 210
91 17 387
60 97 702
60 98 721
60 99 752
60 100 785
60 101 806
60 102 802
60 103 769
60 104 709
60 105 629
70 154 18
60 107 461
29 164 35
60 109 312
60 110 246
60 111 196
60 112 162
60 113 142
60 114 135
60 115 137
60 108 385
60 106 544
122 10 428
111 181 254
111 182 261
60 152 11
19 169 86
19 170 102
19 171 126
19 172 161
81 62 94
112 10 437
101 180 415
50 152 11
153 38 117
102 10 332
71 74 107
71 75 111
91 173 139
143 19 210
40 150 10
40 152 11
92 16 322
81 173 89
61 79 195
133 15 382
61 80 202
61 81 213
61 83 291
61 84 337
61 82 248
61 85 390
61 87 507
