71 128 11
71 132 11
153 123 11
51 45 10
133 30 11
133 31 10
133 32 10
133 33 10
163 174 35
163 178 44
30 151 18
153 133 11
122 189 57
20 113 210
92 54 16
184 93 10
61 124 12
61 125 12
10 91 19
10 92 20
10 93 22
10 94 23
10 95 24
10 96 24
10 97 24
41 42 10
41 43 10
41 44 10
41 45 10
10 98 24
10 99 24
10 100 25
10 101 25
10 102 26
10 103 27
143 132 12
143 133 11
153 180 170
112 189 142
123 40 10
10 104 28
10 105 29
174 83 31
174 84 26
174 85 22
174 86 19
174 87 17
174 88 15
82 57 27
174 89 14
174 90 14
174 91 13
174 92 13
174 93 13
174 94 13
174 95 13
174 96 13
174 97 13
174 98 13
174 99 13
154 5 10
174 100 12
174 101 12
174 102 11
174 103 11
174 106 10
174 107 10
174 108 10
174 109 10
174 104 11
174 105 11
10 106 30
10 107 32
20 162 14
20 163 14
20 164 14
20 165 14
61 147 120
61 146 102
61 145 87
51 119 14
143 180 128
102 188 249
51 150 811
164 81 79
113 46 11
10 167 25
10 168 24
72 57 137
41 113 37
10 170 22
10 171 23
10 172 25
10 169 23
144 7 11
144 8 10
164 119 11
164 120 10
133 182 102
41 150 96
154 80 75
62 56 25
62 57 27
31 113 133
103 53 10
195 93 11
72 128 11
72 132 11
144 71 46
144 72 40
144 73 35
154 122 12
154 123 11
134 28 11
134 29 10
134 30 10
52 45 10
164 175 35
164 174 36
144 74 31
144 75 28
164 178 42
154 133 11
123 189 47
31 150 18
31 151 17
21 113 242
93 54 15
185 93 10
62 125 12
42 45 10
62 142 46
62 143 53
62 144 62
62 145 74
11 107 34
144 132 12
144 133 11
154 180 153
124 39 11
124 40 10
113 189 144
11 108 37
21 158 14
21 159 14
21 160 14
21 161 13
21 162 13
21 157 14
83 57 22
21 156 15
52 119 14
52 120 15
52 121 16
155 5 10
175 106 10
144 180 147
103 188 250
52 150 804
165 81 76
165 82 74
114 46 11
11 167 26
73 57 144
42 113 29
145 5 10
145 6 10
145 7 10
165 119 10
134 181 104
134 182 103
42 150 129
155 80 86
63 57 29
32 113 119
104 53 10
196 93 11
73 128 11
73 132 11
155 122 11
135 27 11
135 28 10
53 45 10
145 75 25
165 175 35
145 76 23
145 77 22
165 178 40
32 150 17
155 133 11
124 189 40
22 113 272
94 54 14
186 93 10
63 125 11
63 126 11
63 127 11
63 128 11
63 140 27
43 45 10
63 141 32
63 142 37
155 179 122
145 132 12
145 133 11
155 180 137
84 47 350
84 48 277
84 49 208
84 50 148
84 51 101
84 52 67
84 53 46
84 54 33
125 39 10
84 56 21
84 57 19
84 55 25
114 189 144
12 108 40
12 109 45
22 156 16
53 121 15
156 5 10
176 106 10
145 180 166
104 188 243
53 150 756
166 82 72
166 83 72
115 46 11
12 167 27
74 57 144
43 113 24
146 5 10
94 173 67
94 174 53
94 175 45
94 176 39
94 177 34
94 178 31
166 115 12
166 116 11
166 117 11
166 118 11
166 119 10
94 184 34
94 185 39
94 186 48
94 187 60
94 183 30
135 181 99
94 182 28
94 181 27
156 80 94
94 180 28
94 179 29
43 150 169
64 57 33
33 113 109
105 52 11
105 53 10
197 93 11
74 128 11
74 132 11
136 25 11
156 122 11
136 27 10
136 26 10
54 45 10
146 77 21
166 175 35
166 176 34
146 78 21
166 178 37
33 150 17
156 133 11
156 134 11
156 135 12
156 136 13
156 137 14
156 138 16
156 139 20
156 140 25
156 141 34
95 54 13
156 143 60
156 144 76
156 145 92
156 146 109
156 147 128
156 148 145
187 93 10
156 150 169
156 151 176
156 152 181
156 153 186
156 154 194
156 155 206
156 156 221
156 157 240
156 158 259
156 159 277
156 160 290
156 161 296
156 162 297
156 163 291
156 164 277
156 165 254
156 166 224
156 167 191
156 168 158
156 169 129
156 149 159
156 142 45
125 189 35
44 45 10
23 113 293
64 128 11
64 139 19
64 140 22
156 178 89
156 179 104
146 132 11
146 133 11
115 189 141
126 39 10
23 156 16
13 109 48
23 155 17
85 54 28
54 121 15
54 122 16
157 5 10
177 106 10
34 41 21
146 180 182
105 188 229
54 150 679
167 83 70
116 46 11
13 167 27
75 57 135
44 113 20
95 161 1084
95 162 999
95 163 897
95 164 777
147 5 10
95 166 522
95 167 407
95 168 309
95 169 231
95 170 173
95 171 131
95 172 102
95 173 81
95 165 649
167 114 12
167 115 11
95 187 77
95 188 96
136 181 95
44 150 221
157 80 99
65 57 38
34 113 100
106 52 10
75 128 11
75 132 12
137 24 11
157 121 12
157 122 11
137 25 10
55 45 10
147 78 21
34 150 18
167 176 33
167 178 34
126 189 32
24 113 302
96 54 12
188 93 10
65 128 11
157 169 105
157 170 84
157 171 69
65 137 13
45 45 10
65 138 15
65 139 16
157 178 74
24 155 18
147 132 11
147 133 11
116 189 133
127 39 10
14 109 53
14 110 60
86 54 25
55 122 16
158 5 11
178 106 10
35 41 16
147 180 196
106 188 211
55 150 588
168 83 69
117 45 11
117 46 10
14 167 27
76 57 118
45 113 18
148 5 10
168 113 12
168 114 11
137 180 89
137 181 92
96 188 122
45 150 289
158 80 101
66 57 46
35 113 93
107 52 10
76 128 11
76 132 12
138 22 11
138 23 10
138 24 10
158 121 11
56 45 10
148 78 22
148 79 24
148 80 27
56 46 11
56 47 11
168 177 31
168 178 32
168 176 33
127 189 31
35 150 20
25 113 295
97 54 11
189 93 10
66 128 11
66 132 11
66 133 11
66 134 11
66 135 11
66 136 12
66 137 12
158 171 58
158 172 49
46 45 10
158 178 63
25 155 19
148 132 11
148 133 11
117 189 122
128 39 10
15 110 66
15 111 77
87 54 23
179 93 10
179 94 10
179 95 11
179 96 11
179 97 11
179 98 11
179 99 11
179 100 11
179 101 11
179 102 11
179 103 11
179 104 11
179 105 11
179 106 10
56 122 16
36 41 13
148 180 205
107 189 176
107 188 193
56 150 497
169 83 67
118 44 11
118 45 10
15 167 26
77 57 97
46 113 16
46 114 15
149 5 10
169 112 12
169 113 11
138 180 86
97 188 151
46 150 377
159 80 101
67 57 57
36 113 85
108 52 10
139 13 11
139 14 10
139 15 10
139 16 10
139 17 10
139 18 10
139 19 10
139 20 10
139 21 10
139 22 10
139 23 10
139 24 10
159 121 11
139 25 10
139 26 10
139 27 10
139 28 10
139 29 10
57 47 11
57 48 12
57 49 13
57 50 13
57 51 14
57 52 15
57 53 15
57 54 16
57 55 17
57 56 18
139 30 10
139 31 10
139 32 10
139 33 10
139 34 10
98 54 11
139 35 10
139 36 11
139 37 11
139 38 12
139 39 13
139 40 14
190 93 10
139 41 15
139 42 17
139 43 19
139 44 21
139 45 23
139 46 26
139 47 28
139 48 31
139 49 34
139 50 38
139 51 44
139 52 52
149 80 30
128 189 31
77 128 11
77 129 12
77 132 12
36 150 23
26 113 273
67 128 11
67 132 11
159 172 44
47 45 10
159 173 39
129 33 11
129 34 11
149 131 12
149 132 11
129 37 11
129 38 11
129 39 10
129 36 11
129 35 11
149 133 11
159 178 55
118 189 110
26 154 20
88 54 21
26 155 19
16 111 86
180 93 10
57 122 15
57 123 15
37 41 12
149 180 209
108 189 160
57 150 414
119 43 11
119 44 10
170 83 64
16 167 24
78 57 75
47 114 14
47 115 14
150 5 10
170 112 11
139 180 87
98 188 182
47 150 482
160 80 99
68 57 72
37 113 77
109 52 10
140 11 11
140 12 10
140 13 10
78 129 11
78 132 12
160 121 11
37 150 28
150 80 35
129 189 34
58 56 20
27 113 242
99 54 11
140 52 61
191 93 10
140 53 70
68 128 11
68 132 11
48 45 10
160 174 35
160 173 37
130 33 11
150 130 12
150 131 11
160 178 50
150 133 11
119 189 96
27 154 19
27 153 20
17 111 101
17 112 115
89 54 19
181 93 10
58 123 15
38 41 11
38 42 11
150 180 206
109 189 149
58 150 341
120 42 11
120 43 10
171 83 58
17 167 21
79 57 57
48 115 14
151 5 10
171 112 11
140 180 91
99 188 210
48 150 594
161 80 96
69 57 89
38 113 67
110 52 10
141 10 11
141 11 10
79 129 11
79 130 12
79 131 12
79 132 13
161 121 11
38 150 36
151 80 42
130 185 73
130 186 64
130 187 55
130 188 47
130 189 39
59 56 21
28 113 208
100 54 11
192 93 10
141 53 81
141 54 91
141 55 103
69 128 11
69 132 11
49 45 10
161 174 34
28 152 19
151 129 12
151 130 11
131 33 11
161 178 47
151 133 11
120 189 82
28 153 19
18 112 135
18 113 157
90 54 18
182 93 10
59 123 14
39 42 11
151 180 198
110 189 143
59 150 282
121 41 11
121 42 10
172 83 50
18 167 19
80 57 44
49 115 13
49 116 14
152 5 10
172 112 11
141 180 100
100 188 231
49 150 697
162 80 92
111 47 12
111 48 11
111 49 11
111 50 11
111 51 11
111 52 10
70 57 108
39 113 57
142 9 11
142 10 10
162 121 11
39 150 50
131 183 92
152 80 51
131 184 86
131 185 80
60 56 22
29 113 177
101 54 10
193 93 10
142 55 112
142 56 124
70 128 11
70 132 11
152 123 12
152 124 11
152 125 11
152 126 11
152 127 11
152 128 11
152 129 11
132 33 11
50 45 10
162 174 35
152 133 11
162 178 46
121 189 69
29 152 18
29 151 19
19 113 181
91 54 17
183 93 10
60 123 13
60 124 13
40 42 11
60 147 143
152 180 185
111 189 141
60 148 167
60 149 198
122 40 11
122 41 10
60 150 237
173 83 41
19 165 15
19 166 16
19 167 17
81 57 34
50 116 13
50 117 14
50 118 14
50 119 15
153 5 10
173 109 10
173 110 10
173 111 10
173 112 10
142 180 112
101 188 244
50 150 774
163 80 87
163 81 84
112 46 12
112 47 11
71 57 125
40 113 46
143 8 11
143 9 10
163 120 11
163 121 10
132 182 101
132 183 96
153 80 63
40 150 69
61 56 24
30 113 152
102 53 11
102 54 10
194 93 11
143 56 135
143 57 145
143 58 154
143 59 165
143 60 176
143 61 187
143 62 195
143 63 195
143 64 186
143 65 169
143 66 146
143 67 120
143 68 97
143 69 78
143 70 64
143 71 54
