112 128 11
92 35 31
148 117 62
87 35 15
143 117 59
82 35 11
128 67 11
128 68 12
138 117 47
107 177 113
77 35 10
123 64 11
123 65 11
123 66 12
133 113 64
133 114 65
133 117 118
102 177 110
72 35 10
118 60 11
128 117 174
97 177 136
97 178 125
113 50 15
113 51 14
113 52 14
108 35 97
92 178 70
164 117 11
123 126 91
123 127 74
103 35 63
87 178 35
159 117 10
118 128 17
98 35 43
82 178 18
154 117 14
113 128 12
93 35 42
149 117 55
88 35 16
144 117 58
83 35 12
129 68 11
139 117 46
129 69 12
108 177 143
78 35 10
124 66 11
134 114 65
134 115 68
134 117 98
103 177 99
73 35 10
119 60 11
129 117 173
98 177 137
114 52 13
109 35 101
109 36 105
109 37 102
109 38 96
93 178 77
124 125 138
124 126 113
104 35 76
88 178 41
160 117 10
119 127 25
119 128 20
99 35 39
83 178 20
155 117 12
114 128 13
94 35 53
78 178 13
78 179 14
78 180 15
150 117 43
89 35 17
145 117 58
84 35 13
140 117 48
109 174 282
109 175 267
109 176 230
109 177 185
130 69 11
79 35 10
130 70 11
130 71 11
130 72 11
130 73 11
130 74 11
130 75 11
125 66 11
125 67 12
135 115 64
135 117 79
104 177 91
74 35 10
120 60 11
130 117 170
99 177 135
115 52 12
115 53 12
69 43 11
110 38 85
110 39 77
125 119 233
125 120 249
125 121 254
94 178 85
125 123 220
125 124 192
125 125 166
125 122 244
105 35 86
89 178 48
161 117 10
120 127 32
100 35 38
84 178 22
156 117 11
115 128 13
95 35 58
79 178 15
151 117 31
90 35 19
146 117 60
85 35 14
110 172 181
110 173 227
110 174 267
141 117 53
80 35 10
131 75 11
131 76 12
131 77 13
131 78 15
131 79 17
131 80 20
131 81 22
131 82 22
131 83 22
131 84 21
131 85 20
131 86 20
131 87 20
131 88 22
131 89 24
126 67 11
131 90 26
136 117 63
131 91 27
131 92 27
131 93 26
105 177 89
131 94 25
75 35 10
131 95 24
131 96 24
131 97 25
131 98 28
131 99 33
131 100 40
131 101 50
131 102 61
121 60 11
121 61 12
131 103 71
131 104 76
131 105 75
131 106 70
131 107 65
131 108 63
131 109 64
131 117 159
131 110 65
131 111 64
131 112 63
100 177 129
131 113 64
136 115 63
70 36 11
70 37 10
70 38 10
70 39 10
70 40 10
70 41 10
70 42 10
70 43 10
116 53 11
116 54 11
116 55 11
111 39 73
111 40 68
111 41 66
111 42 66
111 43 64
111 44 60
126 117 191
126 118 198
126 119 216
111 45 52
111 46 41
95 178 96
111 47 31
111 48 24
111 49 20
111 50 18
116 56 11
116 57 11
116 58 11
116 59 11
106 35 92
116 60 11
136 116 59
90 178 55
162 117 10
121 127 43
101 35 41
85 178 25
157 117 10
116 128 14
96 35 56
80 178 16
152 117 22
111 128 11
111 129 11
111 130 11
111 131 11
111 132 11
111 133 12
111 134 12
111 135 13
111 136 13
111 137 13
111 138 14
111 139 14
111 140 15
111 141 15
111 142 17
111 143 19
111 144 22
111 145 27
111 146 33
111 147 39
111 148 43
111 149 43
111 150 40
111 151 36
111 152 31
111 153 26
111 154 22
111 155 20
111 156 20
111 157 21
111 158 23
111 159 25
111 160 28
111 161 31
111 162 35
111 163 37
111 164 38
111 165 39
111 166 39
111 167 41
111 168 45
111 169 54
111 170 70
111 171 96
111 172 133
142 117 57
147 117 63
86 35 14
91 35 23
81 35 11
127 67 11
137 116 54
137 117 52
106 177 96
76 35 10
122 61 11
122 62 11
122 63 11
122 64 12
132 113 61
132 117 141
101 177 120
71 35 10
71 36 10
117 60 11
127 117 178
96 178 110
112 50 16
107 35 95
91 178 63
163 117 10
122 127 57
102 35 50
86 178 29
158 117 10
117 128 15
97 35 50
81 178 17
153 117 17
