81 184 14
81 185 14
81 186 15
81 187 16
81 188 17
81 189 19
122 176 126
61 99 10
71 153 34
71 154 35
51 57 201
133 52 13
164 0 99
184 106 14
112 176 158
41 51 37
41 52 40
174 77 11
51 115 11
154 2 97
195 0 171
102 176 197
164 72 13
31 49 65
41 116 15
144 2 230
185 0 654
92 176 146
154 66 11
154 67 11
154 68 11
154 69 11
154 70 12
133 176 19
21 57 594
21 58 578
62 57 68
31 116 320
175 0 236
144 62 15
82 176 19
123 176 116
62 99 10
52 57 209
72 154 37
72 155 37
134 52 12
165 0 106
185 106 14
185 107 15
113 176 165
42 52 43
175 77 11
175 78 12
175 79 12
175 80 12
175 81 12
175 82 12
52 115 11
155 2 91
196 0 158
103 176 195
165 72 13
32 49 58
42 116 13
145 2 224
186 0 607
93 176 167
155 70 11
134 176 18
22 54 515
22 55 556
22 56 583
22 57 597
63 57 56
32 116 219
176 0 292
145 62 15
145 63 16
83 176 21
124 176 104
63 99 10
53 57 212
73 155 39
73 156 39
135 52 12
166 0 111
186 107 14
186 108 15
114 176 172
43 52 46
43 53 51
43 54 57
176 82 12
176 83 13
176 84 13
176 85 13
176 86 13
176 87 12
53 112 11
53 113 10
53 114 10
53 115 10
176 88 12
176 89 12
176 90 12
176 91 11
176 92 11
176 93 11
176 94 11
176 95 11
176 96 12
156 0 58
156 1 70
156 2 88
197 0 148
104 176 189
166 72 13
33 49 52
43 115 12
43 116 12
146 2 217
187 0 551
94 176 181
156 70 11
156 71 12
135 176 16
135 177 19
135 178 22
135 179 28
23 54 463
64 57 47
64 58 40
64 59 34
33 116 150
177 0 360
146 63 15
84 176 25
125 176 91
64 99 10
54 57 209
74 156 40
74 157 40
136 52 11
136 53 11
136 54 11
136 55 11
136 56 12
167 0 115
187 108 15
115 176 177
44 54 60
44 55 67
44 56 76
54 111 11
54 112 10
177 96 11
157 0 58
198 0 141
105 176 180
167 72 12
34 49 47
167 73 12
167 74 12
167 75 12
44 115 12
147 2 207
188 0 487
95 176 190
157 71 11
157 72 12
24 54 408
65 59 29
34 116 104
65 60 25
178 0 439
147 63 15
85 176 30
65 87 11
65 88 11
65 89 11
65 90 11
65 91 11
65 92 11
65 93 11
65 94 11
65 95 11
65 96 11
65 97 11
65 98 11
65 99 11
65 100 10
126 176 77
55 57 199
75 157 39
137 52 11
137 56 11
168 0 117
188 108 15
116 176 178
45 56 85
45 57 97
55 110 11
55 111 10
127 52 17
178 96 11
158 0 60
199 0 135
199 1 142
199 2 148
106 176 170
35 49 43
168 75 12
45 115 11
148 2 193
189 0 420
96 176 193
158 72 12
25 54 350
35 116 73
66 60 22
66 61 20
66 62 18
66 63 17
179 0 522
148 63 15
86 176 37
66 86 12
66 87 11
127 176 63
66 100 11
66 101 10
56 57 184
76 157 39
76 158 38
76 159 37
76 160 37
76 161 37
76 162 37
76 163 37
76 164 37
76 165 36
76 166 35
76 167 33
76 168 31
76 169 28
76 170 25
76 171 23
76 172 20
76 173 18
76 174 17
76 175 16
76 176 15
138 52 11
138 56 11
138 57 12
169 0 119
189 108 16
117 176 174
46 57 112
56 109 11
56 110 10
128 52 16
179 96 11
179 97 12
179 98 12
179 99 12
179 100 12
179 101 13
179 102 13
179 103 14
159 0 64
107 176 160
36 49 39
169 75 12
46 115 11
149 2 176
190 0 356
97 176 193
159 72 12
26 54 294
36 116 53
67 63 15
180 0 601
149 63 14
87 176 47
67 85 12
67 86 11
128 176 50
67 101 11
67 102 10
16 61 284
16 62 247
57 57 164
16 63 215
16 64 184
16 65 157
16 66 133
16 67 113
16 68 99
16 69 90
139 48 14
139 49 13
139 50 12
139 51 12
139 52 11
170 0 123
139 57 11
139 58 12
139 59 12
77 176 15
77 177 14
190 108 16
190 109 17
118 176 165
47 57 130
57 108 11
57 109 10
129 52 16
160 0 69
180 103 13
108 176 153
37 49 37
170 75 12
47 115 11
150 2 157
191 0 300
98 176 192
160 72 12
27 54 241
37 116 38
68 63 14
140 6 294
140 7 301
181 0 664
140 9 333
140 10 360
140 11 392
140 12 428
140 13 468
140 14 513
150 63 14
88 176 60
140 16 620
140 17 672
140 18 714
68 84 12
68 85 11
140 19 739
140 20 741
129 176 40
140 21 718
140 22 670
140 23 605
140 24 529
140 25 451
140 26 377
140 27 312
140 28 256
140 29 208
140 30 168
140 31 137
140 33 96
17 61 322
68 102 11
68 103 10
140 34 83
58 57 142
140 35 74
140 36 67
140 37 61
140 40 46
140 41 40
140 42 35
140 43 30
140 44 25
140 45 21
140 46 18
140 47 16
140 48 15
140 39 51
140 38 56
140 32 113
140 15 565
140 8 314
171 0 131
140 59 12
140 60 13
78 177 15
78 178 14
191 109 18
191 110 19
191 111 21
119 176 155
191 112 23
191 113 27
191 114 30
191 115 34
191 116 37
191 117 39
191 118 41
191 119 42
191 120 42
191 121 43
191 122 46
191 123 50
191 124 57
191 125 69
191 126 86
58 104 11
58 105 10
58 106 10
58 107 10
58 108 10
48 57 151
191 127 113
130 52 15
161 0 75
181 103 13
181 104 14
181 105 14
181 106 15
109 176 149
38 49 35
171 75 11
171 76 12
48 115 11
151 2 138
192 0 254
99 176 191
161 72 12
28 54 194
38 116 28
69 63 14
141 4 275
141 5 280
141 6 287
182 0 702
151 63 13
89 176 78
69 83 12
69 84 11
130 176 32
18 60 401
18 61 361
69 103 11
69 104 10
59 57 121
172 0 144
141 60 13
79 178 14
79 179 14
79 180 14
79 181 14
79 182 13
79 183 13
120 176 145
59 100 11
59 101 10
59 102 10
59 103 10
59 104 10
49 57 172
131 52 14
162 0 83
182 106 14
110 176 149
39 49 34
39 50 34
39 51 34
172 76 11
172 77 12
49 115 11
152 2 120
193 0 218
100 176 192
162 72 12
29 54 155
39 116 22
70 63 13
142 2 252
142 3 259
142 4 268
183 0 711
152 63 13
90 176 99
70 83 11
131 176 26
19 59 481
19 60 439
70 104 11
70 105 10
70 106 10
70 107 10
70 108 10
70 109 10
70 110 10
70 111 10
70 112 10
70 113 10
70 114 11
70 115 11
70 116 11
70 117 11
70 118 11
70 119 11
70 120 11
70 121 11
70 122 11
70 123 11
70 124 10
70 125 10
70 126 10
70 127 10
70 128 10
70 129 10
70 130 10
70 131 11
70 132 11
70 133 11
70 134 11
80 183 14
70 136 13
70 137 14
70 138 16
70 139 18
70 140 21
70 141 24
70 142 27
70 143 30
70 144 32
70 145 33
70 146 34
60 99 10
60 100 10
70 149 34
70 150 34
70 151 33
70 152 33
70 153 33
70 148 35
70 147 35
70 135 12
50 57 189
60 57 100
121 176 135
173 0 164
142 60 13
142 61 14
132 52 13
163 0 91
183 106 14
111 176 152
40 51 34
173 77 11
50 115 11
153 2 107
194 0 191
101 176 195
163 72 13
30 49 74
30 50 76
30 51 81
30 52 90
30 53 104
30 54 124
40 116 18
71 63 12
71 64 12
71 65 12
71 66 12
71 67 12
71 68 12
71 69 12
71 70 12
71 71 12
71 72 12
71 73 13
71 74 13
71 75 13
71 76 13
71 77 13
71 78 12
71 79 12
71 80 12
71 81 12
71 82 12
71 83 11
91 176 123
143 2 239
184 0 693
153 63 12
132 176 22
153 64 12
153 65 12
153 66 12
20 58 552
20 59 517
61 57 83
30 116 460
174 0 195
143 61 14
143 62 15
81 176 17
81 177 16
81 178 15
81 179 15
81 180 15
81 181 14
81 182 14
81 183 14
