1 23 23
1 26 26
1 27 24
1 27 22
1 24 21
1 28 23
1 21 23
1 22 28
1 20 26
1 30 27
1 18 25
1 19 21
1 18 26
1 31 26
1 23 18
1 23 31
1 32 24
1 25 17
1 24 32
1 32 23
1 30 30
1 18 29
1 32 21
1 30 18
1 16 26
1 16 27
1 18 31
1 18 18
1 34 25
1 15 24
1 26 15
1 27 34
1 22 34
1 27 15
1 15 28
1 14 24
1 14 25
1 24 35
1 17 17
1 22 14
1 15 30
1 14 21
1 21 14
1 33 32
1 17 16
1 35 29
1 13 24
1 26 36
1 22 36
1 29 13
1 25 37
1 19 36
1 30 13
1 17 35
1 37 29
1 15 34
1 26 11
1 26 38
1 12 19
1 30 12
1 24 10
1 17 37
1 37 17
1 37 32
1 36 15
1 11 31
1 33 12
1 9 24
1 24 9
1 19 10
1 30 10
1 9 27
1 40 22
1 22 40
1 22 9
1 12 34
1 39 31
1 28 9
1 10 31
1 33 11
1 13 13
1 17 39
1 27 41
1 22 8
1 10 16
1 39 33
1 9 18
1 15 10
1 24 42
1 9 33
1 27 7
1 33 40
1 41 17
1 30 7
1 30 42
1 42 30
1 12 11
1 39 36
1 24 43
1 6 24
1 43 25
1 43 26
1 41 16
1 6 23
1 31 42
1 40 14
1 9 14
1 28 6
1 6 21
1 11 11
1 30 6
1 13 9
1 40 36
1 6 30
1 16 7
1 42 16
1 33 42
1 33 7
1 5 24
1 5 23
1 23 44
1 31 43
1 43 31
1 5 22
1 38 10
1 11 39
1 32 6
1 44 20
1 7 14
1 5 18
1 4 27
1 43 34
1 13 42
1 4 29
1 20 4
1 19 4
1 8 11
1 11 8
1 31 4
1 18 4
1 7 12
1 3 23
1 22 3
1 34 44
1 5 34
1 15 44
1 6 13
1 9 40
1 19 46
1 16 45
1 46 19
1 3 19
1 30 3
1 46 18
1 2 24
1 25 47
1 26 2
1 15 45
1 11 43
1 29 2
1 47 18
1 18 47
1 31 2
1 45 13
1 10 6
1 6 10
1 1 24
1 34 46
1 15 46
1 48 22
1 22 48
1 27 1
1 17 47
1 2 17
1 46 35
1 37 4
1 4 12
1 8 7
1 41 7
1 47 33
1 13 3
1 36 46
1 26 49
1 49 26
1 8 43
1 49 20
1 33 48
1 48 16
1 30 49
1 0 30
1 46 11
1 42 43
1 44 8
1 49 32
1 32 49
1 0 17
1 4 9
1 40 45
1 35 1
1 47 37
1 16 0
1 1 36
1 13 48
1 38 2
1 41 45
1 45 41
1 3 40
1 46 40
1 6 5
1 11 1
1 3 8
1 9 47
1 49 37
1 10 1
1 48 39
1 45 6
1 40 1
1 9 48
1 43 3
1 7 47
1 48 41
1 8 1
1 41 48
1 4 45
1 0 9
1 46 44
1 47 43
1 2 43
1 48 42
1 8 0
1 49 41
1 49 8
1 46 4
1 45 46
1 5 47
1 44 2
1 5 2
1 7 49
1 49 42
1 3 3
1 45 47
1 1 5
1 1 45
1 48 45
1 49 5
1 5 0
1 3 0
1 48 1
1 47 49
1 0 48
1 25 25
1 24 25
1 24 26
1 23 23
1 26 26
1 26 23
1 22 24
1 27 24
1 24 22
1 23 22
1 22 23
1 27 22
1 24 21
1 21 24
1 28 26
1 28 23
1 21 26
1 21 23
1 22 28
1 20 26
1 23 29
1 29 22
1 20 22
1 19 24
1 24 19
1 30 25
1 28 20
1 19 23
1 19 26
1 28 29
1 30 27
1 27 19
1 18 25
1 21 19
1 19 21
1 18 26
1 31 26
1 23 18
1 23 31
1 30 20
1 31 28
1 31 21
1 32 24
1 17 24
1 25 17
1 24 32
1 26 17
1 32 23
1 26 32
1 23 17
1 30 30
1 19 19
1 18 29
1 17 22
1 28 32
1 32 21
1 16 25
1 18 30
1 30 18
1 25 16
1 16 26
1 33 26
1 33 23
1 20 17
1 29 32
1 16 27
1 18 31
1 18 18
1 33 28
1 33 21
1 32 19
1 30 17
1 17 30
1 34 25
1 15 24
1 34 24
1 26 15
1 27 34
1 22 34
1 27 15
1 28 34
1 33 19
1 15 28
1 25 35
1 14 24
1 14 25
1 24 35
1 17 32
1 17 17
1 14 23
1 32 32
1 27 14
1 22 14
1 15 30
1 14 21
1 21 14
1 33 17
1 33 32
1 17 16
1 35 29
1 34 31
1 13 24
1 36 26
1 26 36
1 22 36
1 36 27
1 35 19
1 35 30
1 19 35
1 14 30
1 13 21
1 28 36
1 32 15
1 29 13
1 13 29
1 20 36
1 14 18
1 25 37
1 27 37
1 30 36
1 22 37
1 37 27
1 12 27
1 19 36
1 12 22
1 30 13
1 17 35
1 37 29
1 15 34
1 24 11
1 35 16
1 16 35
1 14 33
1 11 26
1 26 11
1 26 38
1 23 11
1 12 19
1 30 12
1 37 19
1 19 12
1 19 37
1 38 22
1 13 17
1 17 36
1 28 11
1 12 18
1 37 31
1 18 37
1 34 35
1 15 35
1 35 34
1 36 33
1 33 36
1 24 10
1 32 37
1 17 37
1 37 17
1 37 32
1 22 39
1 34 13
1 21 10
1 36 15
1 11 31
1 12 16
1 33 12
1 9 24
1 24 9
1 19 10
1 30 10
1 10 30
1 30 39
1 9 27
1 40 22
1 22 40
1 22 9
1 12 34
1 31 39
1 39 31
1 39 18
1 28 9
1 10 31
1 28 40
1 18 39
1 33 11
1 13 13
1 37 14
1 14 37
1 17 39
1 24 8
1 34 11
1 26 8
1 41 26
1 8 23
1 27 41
1 41 22
1 27 8
1 8 27
1 22 8
1 10 16
1 39 33
1 9 18
1 8 28
1 36 12
1 12 13
1 14 11
1 17 9
1 15 10
1 24 42
1 37 12
1 9 33
1 27 7
1 33 40
1 41 31
1 28 7
1 35 39
1 14 10
1 41 17
1 42 19
1 30 7
1 30 42
1 42 30
1 12 11
1 39 36
1 36 39
1 13 39
1 24 43
1 6 24
1 43 25
1 25 43
1 43 26
1 43 23
1 41 16
1 6 23
1 33 41
1 22 6
1 27 6
1 31 42
1 40 14
1 9 14
1 28 6
1 6 21
1 8 34
1 34 8
1 20 43
1 6 29
1 11 11
1 10 37
1 30 6
1 13 9
1 40 36
1 6 30
1 16 42
1 16 7
1 42 16
1 33 42
1 33 7
1 5 24
1 14 41
1 5 23
1 23 44
1 31 43
1 43 31
1 5 22
1 38 10
1 28 44
1 11 39
1 12 40
1 32 6
1 29 44
1 44 20
1 5 19
1 7 14
1 7 35
1 45 25
1 4 23
1 5 18
1 23 45
1 45 26
1 18 44
1 4 27
1 45 22
1 41 12
1 37 8
1 43 34
1 45 21
1 21 45
1 36 7
1 13 42
1 4 29
1 20 4
1 19 4
1 4 19
1 35 6
1 43 14
1 8 11
1 11 8
1 31 4
1 24 46
1 18 4
1 25 46
1 42 12
1 3 25
1 7 37
1 7 12
1 45 31
1 3 23
1 3 27
1 22 3
1 27 46
1 34 44
1 44 15
1 5 34
1 15 44
1 44 34
1 46 28
1 3 21
1 36 43
1 6 13
1 17 4
1 9 40
1 20 3
1 10 41
1 42 38
1 38 7
1 11 7
1 14 44
1 19 46
1 16 45
1 19 3
1 46 19
1 3 19
1 30 3
1 4 33
1 30 46
1 6 37
1 12 6
1 12 43
1 46 18
1 47 24
1 2 24
1 25 47
1 23 2
1 26 2
1 15 45
1 45 15
1 36 44
1 22 2
1 2 22
1 27 47
1 47 22
1 46 17
1 21 2
1 11 43
1 2 29
1 29 2
1 4 14
1 33 46
1 16 46
1 12 44
1 47 30
1 2 19
1 47 18
1 18 47
1 31 2
1 45 13
1 10 6
1 6 10
1 1 24
1 34 46
1 25 48
1 3 15
1 15 46
1 48 22
1 22 48
1 27 1
1 27 48
1 5 38
1 38 44
1 17 47
1 32 47
1 47 32
1 2 17
1 17 2
1 28 1
1 28 48
1 46 35
1 29 1
1 1 20
1 37 4
1 45 37
1 4 12
1 8 7
1 41 7
1 33 47
1 47 33
1 6 40
1 5 39
1 48 18
1 13 3
1 36 46
1 34 2
1 49 25
1 0 24
1 26 49
1 49 26
1 38 4
1 4 38
1 48 32
1 28 49
1 42 7
1 49 21
1 21 0
1 8 43
1 43 41
1 43 8
1 2 14
1 9 5
1 49 20
1 33 48
1 48 16
1 30 49
1 0 30
1 49 19
1 10 45
1 2 36
1 0 18
1 46 11
1 42 43
1 44 8
1 49 32
1 32 49
1 0 17
1 4 9
1 4 40
1 40 4
1 40 45
1 9 45
1 35 1
1 14 1
1 48 14
1 48 35
1 47 37
1 3 10
1 49 33
1 16 0
1 16 49
1 1 36
1 48 13
1 13 48
1 43 6
1 7 44
1 42 44
1 5 42
1 2 38
1 38 2
1 4 8
1 41 45
1 45 8
1 8 4
1 45 41
1 3 40
1 40 46
1 40 3
1 46 40
1 37 1
1 1 12
1 12 48
1 44 43
1 43 44
1 5 6
1 6 5
1 45 42
1 45 7
1 49 13
1 11 1
1 3 8
1 9 47
1 49 37
1 12 49
1 44 44
1 5 44
1 10 1
1 48 39
1 4 6
1 45 6
1 42 3
1 42 46
1 2 41
1 41 47
1 40 1
1 9 48
1 43 3
1 0 39
1 7 2
1 7 47
1 48 41
1 8 1
1 41 48
1 4 45
1 0 9
1 3 44
1 46 44
1 47 43
1 2 43
1 48 42
1 8 49
1 41 49
1 8 0
1 0 41
1 49 41
1 49 8
1 46 4
1 45 46
1 5 47
1 44 2
1 5 2
1 48 43
1 7 49
1 49 42
1 3 3
1 2 4
1 45 47
1 2 45
1 1 5
1 2 46
1 2 3
1 1 45
1 48 45
1 49 5
1 5 0
1 47 2
1 2 47
1 46 48
1 3 1
1 4 0
1 0 4
1 0 3
1 3 0
1 48 1
1 0 2
1 2 0
1 47 49
1 49 1
1 0 48
1 25 25
1 24 25
1 26 25
1 24 26
1 23 23
1 26 26
1 26 23
1 22 24
1 27 24
1 24 22
1 23 22
1 22 23
1 27 22
1 24 21
1 28 25
1 21 24
1 28 26
1 28 23
1 21 26
1 21 23
1 22 28
1 27 21
1 27 28
1 25 20
1 24 20
1 20 26
1 23 29
1 29 26
1 29 22
1 20 22
1 29 27
1 19 24
1 25 30
1 24 19
1 24 30
1 30 25
1 30 23
1 28 20
1 19 23
1 19 26
1 28 29
1 20 21
1 26 19
1 22 30
1 30 27
1 27 19
1 25 31
1 18 25
1 21 19
1 19 21
1 18 26
1 31 26
1 23 18
1 23 31
1 31 27
1 22 18
1 30 20
1 30 29
1 31 28
1 31 21
1 32 24
1 17 25
1 17 24
1 25 17
1 24 32
1 17 26
1 17 23
1 26 17
1 32 23
1 26 32
1 23 17
1 30 30
1 19 19
1 18 29
1 20 18
1 17 22
1 28 32
1 17 21
1 32 21
1 16 25
1 31 19
1 18 30
1 30 18
1 25 16
1 24 33
1 23 16
1 16 26
1 33 26
1 33 23
1 20 17
1 29 32
1 17 20
1 16 27
1 18 31
1 18 18
1 21 16
1 33 28
1 16 28
1 33 21
1 17 19
1 32 19
1 30 17
1 17 30
1 24 34
1 34 25
1 15 24
1 34 24
1 29 16
1 20 16
1 26 15
1 23 34
1 27 34
1 22 34
1 27 15
1 18 32
1 28 34
1 33 30
1 16 30
1 33 19
1 15 28
1 25 35
1 14 24
1 14 25
1 24 35
1 35 23
1 26 35
1 17 32
1 17 17
1 14 23
1 32 32
1 27 14
1 22 14
1 35 22
1 15 30
1 14 21
1 21 14
1 33 17
1 33 32
1 17 16
1 35 20
1 14 20
1 29 35
1 35 29
1 34 31
1 36 25
1 13 24
1 13 25
1 36 26
1 26 36
1 22 36
1 36 27
1 35 19
1 35 30
1 19 35
1 14 30
1 13 21
1 28 36
1 16 16
1 34 17
1 32 15
1 35 18
1 29 13
1 13 29
1 20 36
1 14 18
1 25 37
1 26 12
1 12 26
1 37 23
1 37 26
1 27 37
1 30 36
1 15 33
1 36 30
1 22 37
1 37 27
1 12 27
1 19 36
1 13 19
1 13 30
1 12 22
1 30 13
1 16 34
1 33 15
1 35 17
1 17 35
1 14 32
1 21 37
1 37 29
1 20 37
1 15 34
1 24 11
1 35 16
1 16 35
1 35 33
1 14 33
1 11 26
1 26 11
1 26 38
1 23 11
1 12 19
1 30 12
1 37 19
1 19 12
1 19 37
1 38 22
1 13 17
1 17 36
1 28 11
1 28 38
1 21 38
1 12 18
1 37 31
1 18 37
1 34 35
1 15 14
1 15 35
1 35 34
1 11 20
1 36 33
1 33 36
1 10 25
1 24 10
1 39 24
1 39 26
1 32 37
1 17 37
1 37 17
1 12 17
1 37 32
1 22 39
1 35 14
1 34 13
1 21 10
1 36 15
1 39 21
1 11 31
1 12 16
1 33 12
1 33 37
1 9 24
1 24 9
1 19 10
1 30 10
1 10 30
1 10 19
1 39 19
1 39 30
1 30 39
1 35 13
1 36 35
1 23 40
1 26 9
1 9 27
1 40 27
1 40 22
1 22 40
1 22 9
1 9 22
1 12 34
1 15 12
1 31 39
1 39 31
1 39 18
1 28 9
1 10 31
1 28 40
1 18 39
1 16 38
1 33 11
1 20 9
1 13 13
1 10 17
1 37 14
1 39 32
1 14 37
1 12 14
1 32 39
1 17 39
1 25 41
1 24 41
1 24 8
1 34 11
1 26 8
1 41 26
1 8 23
1 27 41
1 41 22
1 27 8
1 8 27
1 22 8
1 10 16
1 39 33
1 9 18
1 31 40
1 8 28
1 36 12
1 36 37
1 12 13
1 8 29
1 38 14
1 14 11
1 17 9
1 15 10
1 8 30
1 30 8
1 7 25
1 24 42
1 23 42
1 37 37
1 37 12
1 9 33
1 12 37
1 27 7
1 33 40
1 38 13
1 41 31
1 7 21
1 28 7
1 21 42
1 35 39
1 14 10
1 42 29
1 8 17
1 41 17
1 17 41
1 40 34
1 42 19
1 30 7
1 30 42
1 42 30
1 12 11
1 39 36
1 36 39
1 13 39
1 24 43
1 6 24
1 43 25
1 25 43
1 43 26
1 43 23
1 16 41
1 41 16
1 6 23
1 33 41
1 22 6
1 27 6
1 6 27
1 22 43
1 31 42
1 40 14
1 9 35
1 9 14
1 28 6
1 6 21
1 21 43
1 41 15
1 8 34
1 34 8
1 32 42
1 20 43
1 6 29
1 29 43
1 38 38
1 11 11
1 38 11
1 39 37
1 37 10
1 12 10
1 10 37
1 12 39
1 30 43
1 30 6
1 13 9
1 40 36
1 6 30
1 16 42
1 16 7
1 42 16
1 33 42
1 33 7
1 24 44
1 5 24
1 24 5
1 5 26
1 14 41
1 14 8
1 35 8
1 5 23
1 23 5
1 23 44
1 31 43
1 43 31
1 18 6
1 5 22
1 44 27
1 38 10
1 28 44
1 44 28
1 39 11
1 11 39
1 42 34
1 9 12
1 12 40
1 37 9
1 42 15
1 32 43
1 32 6
1 29 44
1 44 20
1 13 41
1 19 44
1 5 19
1 7 14
1 7 35
1 24 4
1 25 45
1 45 25
1 39 39
1 4 23
1 5 18
1 31 5
1 5 31
1 23 45
1 45 26
1 18 44
1 11 40
1 40 38
1 4 27
1 45 22
1 41 12
1 37 8
1 43 34
1 45 21
1 34 43
1 21 45
1 36 7
1 7 13
1 13 42
1 36 42
1 4 29
1 4 20
1 20 4
1 19 4
1 4 30
1 4 19
1 30 45
1 40 10
1 35 6
1 43 14
1 16 5
1 5 33
1 8 38
1 8 11
1 11 8
1 31 4
1 24 46
1 18 4
1 25 46
1 42 12
1 3 24
1 3 25
1 7 37
1 24 3
1 7 12
1 4 18
1 45 31
1 3 23
1 3 26
1 26 46
1 3 27
1 22 3
1 27 46
1 34 44
1 44 15
1 5 34
1 15 44
1 44 34
1 46 28
1 3 21
1 36 43
1 6 13
1 4 32
1 17 4
1 17 45
1 4 17
1 9 40
1 40 9
1 29 3
1 20 3
1 46 29
1 8 39
1 10 41
1 42 38
1 38 7
1 11 7
1 7 38
1 14 44
1 5 14
1 19 46
1 16 45
1 46 30
1 19 3
1 33 4
1 46 19
1 3 19
1 30 3
1 4 33
1 30 46
1 6 37
1 12 6
1 12 43
1 46 18
1 47 24
1 2 24
1 25 47
1 23 2
1 26 2
1 4 15
1 15 45
1 45 15
1 45 34
1 13 5
1 5 13
1 36 44
1 22 2
1 2 22
1 9 41
1 27 2
1 27 47
1 47 22
1 10 7
1 39 7
1 17 46
1 46 17
1 21 2
1 28 47
1 32 3
1 11 43
1 2 29
1 29 47
1 29 2
1 4 14
1 33 46
1 16 46
1 5 12
1 12 44
1 47 30
1 2 19
1 41 8
1 9 7
1 47 18
1 2 31
1 18 47
1 31 2
1 43 39
1 45 13
1 10 6
1 45 36
1 6 10
1 1 24
1 48 24
1 15 3
1 34 46
1 25 48
1 3 15
1 3 34
1 15 46
1 48 26
1 48 22
1 22 48
1 1 27
1 27 1
1 27 48
1 38 5
1 5 38
1 38 44
1 17 47
1 32 47
1 47 32
1 2 17
1 17 2
1 48 28
1 28 1
1 28 48
1 20 48
1 3 35
1 46 35
1 29 1
1 1 20
1 37 4
1 45 37
1 4 12
1 8 7
1 41 7
1 33 2
1 33 47
1 47 33
1 9 43
1 6 40
1 48 19
1 5 39
1 5 10
1 44 10
1 48 18
1 18 48
1 1 31
1 13 3
1 36 46
1 15 47
1 34 2
1 49 25
1 0 24
1 26 49
1 49 26
1 0 23
1 38 4
1 4 38
1 0 22
1 49 27
1 48 32
1 28 49
1 42 7
1 49 21
1 21 0
1 0 21
1 8 43
1 41 43
1 43 41
1 43 8
1 2 14
1 46 37
1 9 5
1 49 20
1 0 20
1 29 0
1 1 16
1 16 1
1 33 48
1 48 16
1 30 49
1 0 30
1 49 19
1 4 10
1 10 45
1 2 36
1 13 2
1 0 18
1 49 31
1 3 11
1 46 38
1 46 11
1 11 46
1 38 3
1 43 7
1 42 43
1 44 8
1 44 41
1 8 44
1 49 32
1 32 49
1 0 17
1 4 9
1 4 40
1 40 4
1 40 45
1 9 45
1 35 1
1 14 1
1 1 14
1 48 14
1 48 35
1 47 37
1 3 39
1 46 10
1 3 10
1 49 33
1 16 0
1 16 49
1 1 36
1 48 13
1 13 48
1 43 6
1 7 44
1 42 44
1 5 42
1 47 11
1 2 38
1 38 2
1 0 15
1 4 8
1 41 45
1 4 41
1 45 8
1 8 4
1 45 41
1 3 40
1 40 46
1 9 3
1 40 3
1 46 40
1 37 1
1 1 12
1 12 48
1 0 14
1 49 35
1 14 0
1 39 2
1 44 43
1 43 44
1 5 6
1 6 5
1 45 42
1 45 7
1 4 7
1 13 49
1 49 36
1 49 13
1 41 3
1 11 1
1 38 48
1 48 38
1 3 8
1 9 47
1 49 37
1 12 49
1 0 12
1 44 44
1 5 44
1 10 1
1 48 39
1 4 6
1 45 6
1 43 4
1 46 42
1 42 3
1 42 46
1 2 41
1 41 47
1 47 41
1 0 11
1 38 49
1 40 1
1 1 9
1 9 48
1 1 40
1 5 4
1 4 5
1 4 44
1 44 45
1 6 3
1 43 3
1 0 39
1 7 2
1 7 47
1 48 41
1 8 1
1 41 48
1 4 4
1 4 45
1 0 9
1 46 5
1 3 44
1 46 44
1 47 43
1 2 43
1 6 47
1 47 6
1 48 42
1 8 49
1 41 0
1 41 49
1 8 0
1 0 8
1 0 41
1 49 41
1 49 8
1 46 4
1 45 46
1 44 47
1 5 47
1 44 2
1 5 2
1 48 43
1 7 49
1 49 42
1 0 42
1 3 3
1 2 4
1 45 47
1 4 2
1 2 45
1 48 5
1 44 1
1 1 5
1 48 44
1 2 46
1 2 3
1 47 3
1 46 2
1 1 45
1 48 45
1 49 5
1 5 0
1 47 2
1 2 47
1 46 48
1 3 1
1 4 0
1 49 4
1 0 4
1 2 1
1 0 3
1 3 0
1 46 0
1 48 1
1 0 2
1 2 0
1 47 49
1 49 1
1 48 49
1 1 0
1 0 48
1 25 25
1 24 25
1 26 25
1 25 23
1 25 26
1 24 26
1 23 23
1 26 26
1 26 23
1 23 26
1 22 24
1 27 24
1 24 27
1 24 22
1 23 22
1 22 23
1 22 27
1 27 22
1 24 21
1 28 25
1 21 24
1 28 26
1 28 23
1 23 28
1 21 26
1 21 23
1 22 28
1 27 21
1 27 28
1 29 24
1 25 20
1 25 29
1 24 20
1 20 24
1 23 20
1 29 23
1 20 26
1 23 29
1 29 26
1 29 22
1 20 22
1 29 27
1 19 24
1 25 30
1 24 19
1 24 30
1 30 25
1 26 30
1 30 23
1 28 20
1 19 23
1 19 26
1 29 28
1 28 29
1 20 21
1 26 19
1 22 30
1 30 27
1 27 19
1 29 29
1 31 25
1 25 31
1 18 25
1 21 19
1 19 28
1 19 21
1 28 19
1 18 26
1 26 18
1 31 26
1 23 18
1 23 31
1 31 27
1 22 18
1 27 18
1 20 30
1 19 20
1 30 20
1 20 19
1 30 29
1 31 28
1 31 21
1 32 24
1 17 25
1 17 24
1 25 17
1 24 32
1 17 26
1 23 32
1 17 23
1 26 17
1 32 23
1 26 32
1 23 17
1 30 30
1 19 19
1 18 29
1 20 18
1 22 17
1 17 22
1 28 32
1 17 21
1 32 21
1 16 25
1 31 19
1 18 30
1 30 31
1 30 18
1 33 25
1 25 16
1 24 33
1 25 33
1 23 16
1 16 26
1 23 33
1 33 26
1 26 16
1 33 23
1 20 17
1 29 32
1 17 20
1 16 27
1 18 31
1 18 18
1 31 18
1 21 16
1 28 33
1 33 28
1 16 28
1 33 21
1 17 19
1 32 19
1 30 17
1 19 32
1 17 30
1 24 34
1 34 25
1 15 24
1 34 24
1 29 16
1 20 16
1 23 15
1 26 34
1 26 15
1 23 34
1 27 34
1 22 34
1 15 22
1 27 15
1 18 32
1 17 31
1 15 21
1 28 34
1 16 19
1 33 30
1 16 30
1 33 19
1 34 28
1 30 33
1 19 16
1 15 28
1 25 35
1 14 24
1 14 25
1 24 14
1 24 35
1 34 20
1 35 23
1 26 35
1 17 32
1 17 17
1 35 26
1 14 23
1 32 32
1 31 33
1 27 14
1 22 14
1 35 22
1 15 19
1 15 30
1 28 14
1 14 21
1 21 14
1 33 17
1 33 32
1 17 16
1 35 20
1 14 20
1 29 35
1 35 29
1 24 36
1 34 31
1 36 25
1 18 15
1 31 34
1 13 24
1 13 25
1 36 26
1 26 13
1 26 36
1 13 26
1 22 36
1 36 27
1 27 36
1 35 19
1 35 30
1 19 35
1 14 30
1 13 21
1 28 36
1 16 16
1 34 17
1 32 15
1 35 18
1 29 13
1 13 29
1 20 36
1 14 18
1 37 25
1 25 37
1 26 12
1 12 26
1 37 23
1 37 26
1 27 12
1 27 37
1 30 36
1 15 33
1 36 30
1 22 37
1 37 27
1 12 27
1 19 36
1 13 19
1 13 30
1 12 22
1 30 13
1 16 34
1 33 15
1 35 17
1 17 35
1 14 32
1 21 37
1 37 28
1 18 13
1 37 29
1 20 37
1 29 37
1 15 15
1 15 34
1 24 11
1 35 16
1 16 35
1 35 33
1 14 33
1 16 14
1 11 23
1 11 26
1 38 26
1 26 11
1 26 38
1 23 11
1 12 19
1 30 12
1 37 19
1 19 12
1 19 37
1 38 27
1 38 22
1 13 17
1 17 36
1 22 11
1 11 22
1 28 11
1 28 38
1 21 38
1 12 18
1 37 31
1 37 18
1 18 37
1 34 35
1 15 14
1 15 35
1 14 15
1 35 15
1 35 34
1 14 34
1 20 11
1 11 20
1 16 13
1 36 16
1 36 33
1 33 36
1 10 25
1 10 24
1 24 10
1 39 24
1 23 10
1 39 26
1 10 26
1 32 37
1 17 37
1 37 17
1 12 17
1 37 32
1 10 22
1 22 10
1 22 39
1 35 14
1 10 28
1 34 13
1 10 21
1 21 10
1 36 15
1 39 21
1 21 39
1 13 34
1 11 31
1 12 16
1 33 12
1 33 37
1 20 39
1 9 24
1 24 9
1 19 10
1 30 10
1 10 30
1 10 19
1 39 19
1 39 30
1 30 39
1 35 36
1 35 13
1 36 35
1 13 35
1 23 40
1 26 9
1 9 27
1 40 27
1 40 22
1 22 40
1 22 9
1 9 22
1 12 34
1 15 12
1 15 37
1 31 39
1 39 31
1 39 18
1 28 9
1 10 31
1 28 40
1 18 39
1 16 11
1 16 38
1 11 33
1 33 38
1 33 11
1 38 16
1 11 16
1 20 9
1 9 29
1 13 13
1 36 13
1 36 36
1 10 17
1 37 14
1 37 35
1 39 32
1 14 37
1 12 14
1 32 39
1 17 39
1 9 30
1 30 9
1 11 34
1 25 41
1 24 41
1 38 15
1 24 8
1 34 11
1 26 8
1 23 41
1 41 26
1 8 23
1 27 41
1 41 22
1 27 8
1 8 27
1 22 8
1 10 16
1 39 16
1 39 33
1 9 18
1 18 40
1 31 40
1 8 28
1 21 8
1 36 12
1 36 37
1 12 13
1 41 20
1 8 29
1 14 38
1 38 14
1 14 11
1 17 9
1 40 32
1 40 17
1 39 34
1 15 10
1 10 15
1 39 15
1 8 30
1 30 8
1 7 25
1 24 42
1 23 42
1 26 42
1 7 26
1 37 37
1 37 12
1 9 33
1 12 37
1 16 9
1 27 7
1 33 40
1 42 27
1 38 13
1 41 31
1 36 38
1 7 21
1 28 7
1 42 28
1 21 42
1 35 39
1 14 10
1 20 7
1 42 29
1 7 29
1 8 17
1 17 8
1 41 17
1 32 41
1 8 32
1 17 41
1 34 9
1 40 34
1 42 19
1 30 7
1 30 42
1 42 30
1 12 11
1 39 36
1 36 39
1 13 39
1 24 43
1 6 24
1 43 25
1 25 43
1 43 26
1 43 23
1 16 8
1 16 41
1 41 16
1 6 23
1 6 26
1 8 16
1 33 41
1 22 6
1 7 31
1 27 6
1 6 27
1 22 43
1 31 42
1 14 9
1 40 14
1 9 35
1 9 14
1 28 43
1 28 6
1 6 21
1 21 43
1 41 15
1 8 34
1 34 8
1 32 42
1 32 7
1 20 43
1 6 20
1 6 29
1 29 43
1 38 38
1 11 11
1 38 11
1 39 37
1 37 10
1 12 10
1 10 37
1 12 39
1 40 13
1 30 43
1 36 40
1 30 6
1 13 40
1 13 9
1 9 36
1 40 36
1 6 30
1 43 19
1 16 42
1 16 7
1 42 16
1 33 42
1 33 7
1 24 44
1 5 24
1 24 5
1 44 24
1 5 26
1 14 41
1 14 8
1 44 23
1 35 8
1 5 23
1 23 5
1 23 44
1 31 43
1 43 31
1 6 31
1 6 18
1 18 43
1 18 6
1 5 22
1 5 27
1 27 44
1 44 27
1 38 10
1 28 44
1 10 38
1 44 28
1 39 11
1 11 39
1 42 34
1 9 12
1 12 40
1 37 9
1 42 15
1 32 43
1 32 6
1 6 17
1 29 44
1 44 20
1 29 5
1 41 13
1 13 41
1 44 30
1 19 44
1 5 19
1 33 43
1 33 6
1 6 16
1 43 16
1 7 14
1 7 35
1 25 4
1 24 4
1 25 45
1 45 25
1 39 39
1 4 23
1 5 18
1 31 5
1 5 31
1 23 45
1 45 26
1 18 44
1 11 40
1 40 38
1 11 9
1 45 27
1 4 27
1 22 4
1 4 22
1 45 22
1 8 12
1 12 41
1 41 12
1 41 37
1 37 8
1 4 28
1 28 45
1 43 34
1 45 21
1 34 43
1 21 45
1 32 44
1 17 5
1 36 7
1 7 13
1 13 42
1 36 42
1 4 29
1 4 20
1 20 45
1 20 4
1 19 45
1 19 4
1 4 30
1 4 19
1 30 45
1 40 10
1 9 39
1 10 40
1 35 6
1 43 14
1 16 5
1 5 33
1 8 38
1 38 41
1 8 11
1 11 8
1 31 4
1 24 46
1 18 4
1 25 46
1 42 12
1 3 24
1 3 25
1 7 37
1 24 3
1 7 12
1 4 18
1 25 3
1 45 31
1 3 23
1 3 26
1 23 46
1 26 46
1 3 27
1 22 3
1 27 46
1 34 44
1 44 15
1 5 34
1 15 44
1 44 34
1 46 28
1 3 21
1 36 43
1 6 36
1 6 13
1 4 32
1 17 4
1 32 4
1 17 45
1 4 17
1 40 40
1 9 40
1 40 9
1 46 20
1 3 20
1 29 3
1 20 3
1 46 29
1 8 39
1 10 41
1 42 38
1 38 7
1 11 7
1 7 38
1 14 44
1 5 14
1 19 46
1 16 45
1 46 30
1 19 3
1 33 4
1 46 19
1 3 19
1 30 3
1 4 33
1 30 46
1 6 37
1 12 6
1 12 43
1 46 18
1 47 24
1 2 24
1 25 47
1 2 23
1 2 26
1 23 2
1 26 2
1 26 47
1 4 15
1 15 45
1 45 15
1 45 34
1 13 5
1 5 13
1 36 44
1 22 2
1 40 8
1 47 27
1 2 22
1 9 41
1 27 2
1 27 47
1 41 40
1 22 47
1 47 22
1 10 7
1 42 10
1 39 7
1 17 46
1 46 17
1 21 2
1 47 28
1 28 47
1 32 3
1 11 43
1 2 29
1 29 47
1 29 2
1 45 14
1 45 35
1 4 14
1 33 46
1 46 33
1 16 3
1 16 46
1 12 5
1 5 37
1 5 12
1 37 5
1 12 44
1 37 44
1 47 30
1 2 19
1 41 8
1 42 9
1 9 7
1 47 18
1 31 47
1 18 2
1 2 18
1 2 31
1 18 47
1 31 2
1 43 39
1 45 13
1 10 6
1 10 43
1 36 45
1 4 36
1 45 36
1 6 10
1 1 24
1 48 24
1 15 3
1 34 46
1 25 48
1 3 15
1 3 34
1 46 34
1 15 46
1 48 26
1 23 1
1 48 27
1 48 22
1 22 48
1 1 27
1 27 1
1 27 48
1 5 11
1 44 11
1 44 38
1 38 5
1 5 38
1 38 44
1 17 47
1 32 47
1 47 32
1 2 17
1 17 2
1 48 28
1 28 1
1 28 48
1 48 21
1 14 3
1 20 48
1 3 35
1 46 35
1 35 3
1 29 1
1 1 20
1 48 29
1 37 4
1 37 45
1 45 37
1 4 12
1 8 7
1 41 7
1 42 41
1 16 2
1 33 2
1 33 47
1 47 33
1 9 43
1 6 40
1 40 43
1 48 19
1 30 48
1 19 48
1 30 1
1 5 39
1 5 10
1 44 10
1 39 44
1 48 18
1 18 48
1 1 31
1 13 3
1 36 46
1 3 13
1 2 34
1 15 47
1 2 15
1 34 2
1 47 34
1 49 25
2 28 25
2 25 25
2 35 33
2 34 20
2 13 39
2 30 10
2 42 27
2 18 43
2 42 42
2 42 7
2 17 5
2 25 6
2 24 11
2 15 17
2 35 26
2 28 20
2 18 29
2 37 42
2 4 10
2 23 18
2 18 39
2 5 44
2 45 18
2 40 14
2 29 18
2 47 41
2 44 15
2 40 22
2 2 31
2 44 2
2 5 0
2 40 10
2 11 9
2 4 40
2 0 24
2 38 11
2 15 15
2 14 11
2 38 4
2 28 23
2 17 9
2 9 32
2 14 47
2 11 1
2 2 36
2 48 32
2 41 47
2 14 2
2 1 40
2 48 35
