15 27 12
20 51 8
20 139 6
23 58 5
17 31 14
15 67 10
25 215 10
24 186 9
30 274 8
25 64 15
21 46 14
17 73 10
25 219 11
21 215 13
24 102 10
23 103 15
29 408 15
15 42 11
19 162 14
19 120 7
17 47 9
22 206 5
19 45 14
21 193 8
18 159 11
25 88 13
20 41 15
19 46 8
19 79 13
16 77 13
24 227 11
26 170 6
15 95 5
16 80 11
17 104 5
24 178 8
15 76 8
20 52 7
15 32 6
16 104 15
24 217 8
28 240 12
24 144 12
24 279 10
20 181 10
15 93 11
22 55 8
22 197 10
19 171 10
18 58 10
27 244 7
17 130 15
24 252 11
26 100 10
26 145 9
25 284 8
19 124 5
30 233 5
16 82 11
22 155 7
27 231 15
29 349 10
15 74 8
25 242 14
20 173 11
26 152 8
23 140 5
16 62 9
24 187 13
26 204 10
18 125 11
15 86 6
28 183 13
15 64 15
23 124 15
21 143 11
18 105 5
18 75 12
15 89 8
22 190 5
17 130 11
25 229 13
25 112 15
28 328 9
16 114 7
15 96 6
21 206 15
24 271 9
18 95 8
25 108 11
26 227 9
15 77 6
20 76 14
24 62 6
26 130 13
17 112 14
23 147 8
19 92 8
26 222 12
16 66 11
24 61 11
20 171 12
21 63 15
19 59 11
22 173 13
17 62 8
17 88 13
20 198 11
29 238 11
20 108 7
17 37 8
23 161 6
28 200 13
30 273 13
28 246 9
22 90 6
16 120 9
24 112 7
28 182 7
21 140 11
19 78 15
15 79 12
22 78 7
21 99 6
27 139 9
26 323 11
23 121 7
15 102 12
29 259 7
24 88 15
23 167 9
23 170 7
28 245 12
25 233 13
24 100 8
20 62 14
18 78 9
16 113 11
27 160 10
27 360 9
28 296 13
23 160 5
25 87 6
24 183 11
26 263 11
18 51 9
28 94 14
28 87 14
15 85 14
17 75 15
22 92 11
15 64 14
20 102 14
28 349 12
19 74 12
29 285 6
18 43 6
21 72 11
21 177 9
22 194 11
22 76 10
30 445 7
28 207 5
28 145 10
26 130 14
22 93 15
25 165 11
18 49 12
29 198 9
18 123 6
21 152 14
27 228 5
25 70 10
16 81 15
25 168 14
21 47 11
17 76 9
25 127 11
26 291 13
15 40 11
19 80 8
24 94 15
21 53 12
19 97 8
22 125 15
19 177 15
18 118 14
26 135 8
21 138 13
19 68 14
24 278 8
17 36 13
26 132 8
17 79 15
16 70 5
27 173 9
25 236 8
22 197 7
28 181 6
15 89 7
26 128 10
22 101 8
30 440 14
23 239 5
25 173 13
23 210 15
18 125 5
20 57 13
17 122 14
15 100 12
23 81 10
23 186 5
25 251 6
22 119 8
21 90 5
23 257 9
23 242 11
30 183 12
29 325 8
15 105 13
29 373 7
16 54 13
26 261 13
28 272 9
15 75 8
17 52 11
21 88 14
26 128 15
23 116 11
27 264 11
22 115 11
26 98 14
16 128 12
24 249 11
30 327 15
21 96 7
23 119 9
28 283 5
28 340 10
17 76 12
27 241 11
23 251 15
25 212 6
23 64 9
17 124 11
26 174 7
20 56 5
16 31 7
19 93 6
20 100 12
17 95 6
27 318 14
15 110 6
24 256 15
30 206 7
24 194 9
18 154 9
19 88 13
28 358 5
23 255 9
23 53 6
20 147 10
30 225 9
19 49 11
17 52 8
16 89 12
23 129 7
29 401 7
28 167 6
25 204 6
24 136 6
24 100 8
22 199 9
22 236 14
28 106 8
16 86 11
29 100 9
22 226 14
15 91 10
15 102 9
19 178 11
21 187 8
30 263 11
30 195 6
18 124 8
28 289 8
19 103 14
18 110 6
16 99 5
20 114 15
26 328 9
28 174 10
24 131 13
29 318 14
19 37 7
17 33 8
20 125 7
29 162 7
15 104 10
28 155 5
29 212 11
16 45 6
23 234 6
16 27 11
18 161 10
28 170 11
24 266 15
30 371 8
19 111 9
19 169 15
17 140 8
15 47 10
24 91 8
21 130 5
22 49 11
24 130 6
30 397 5
23 215 12
27 262 5
30 119 12
24 84 11
21 48 15
18 109 15
22 180 11
15 43 7
21 147 9
18 135 7
17 104 10
16 51 15
15 102 11
28 207 13
22 161 12
22 125 12
23 108 8
15 57 5
21 93 11
22 74 13
28 153 12
22 167 9
21 50 12
20 174 6
23 59 6
17 91 8
17 93 9
24 255 5
15 30 9
22 88 9
27 202 8
21 159 10
30 142 8
29 111 6
22 135 15
18 91 12
22 236 8
22 118 8
29 258 15
16 119 11
26 221 7
24 121 14
18 142 12
27 363 8
21 157 9
25 169 12
15 50 8
20 174 8
22 97 7
27 100 6
22 137 7
16 89 9
26 326 7
30 240 14
19 68 13
18 65 7
26 149 15
22 69 7
27 309 5
17 96 14
17 36 13
27 295 12
30 175 5
26 127 9
15 103 11
16 66 12
17 77 12
22 72 12
16 119 10
27 281 15
29 236 14
18 100 8
26 167 15
22 219 10
15 100 12
26 306 6
24 125 12
26 313 15
17 64 6
15 94 7
16 119 15
25 220 15
30 123 12
21 46 6
16 44 15
21 202 15
25 253 8
29 205 12
16 125 11
28 392 6
19 82 9
20 108 11
25 289 14
24 73 8
20 104 10
20 157 11
16 29 8
23 260 13
23 83 5
29 202 6
25 85 11
27 100 15
26 248 7
19 57 5
17 137 12
29 321 15
16 64 10
23 88 15
19 124 5
15 59 10
17 32 7
23 101 14
20 93 8
22 184 11
30 254 10
23 211 12
26 253 13
20 88 10
21 68 9
19 158 11
26 302 5
18 115 12
18 128 13
27 101 11
19 140 14
26 171 14
20 164 12
17 117 7
17 71 10
24 201 14
16 58 12
27 137 12
29 379 13
30 393 7
27 307 5
22 79 9
25 75 9
30 138 13
22 234 5
21 192 13
17 128 10
16 72 6
24 272 6
18 119 9
20 62 15
15 49 10
27 275 11
17 52 13
19 176 15
27 224 15
17 122 8
24 172 14
25 163 8
20 160 7
27 75 12
19 69 13
19 133 5
24 253 8
23 96 7
15 37 10
18 34 8
17 37 7
24 215 10
27 313 8
26 203 12
25 159 15
28 316 14
30 174 14
23 168 10
22 213 5
17 47 10
21 61 13
16 35 8
28 290 13
21 192 12
16 42 5
29 87 7
19 54 9
27 138 9
22 133 6
28 171 5
24 173 15
25 141 5
29 145 10
21 167 15
16 66 11
29 327 15
23 216 7
18 131 5
25 253 8
24 152 13
25 234 10
22 101 11
28 279 14
29 281 9
23 57 12
30 351 9
25 83 5
15 74 11
30 201 7
19 172 7
16 83 15
15 35 8
29 300 14
28 342 10
26 77 6
21 120 10
28 372 10
25 237 5
20 169 6
29 369 15
18 51 10
20 152 6
23 216 12
22 142 12
15 99 9
26 72 11
25 302 8
25 204 14
16 66 10
28 267 6
22 87 11
25 143 14
21 170 13
30 265 10
15 110 15
21 202 13
23 138 13
25 134 5
20 186 7
15 48 7
29 286 13
23 77 11
22 72 9
22 160 6
20 137 10
23 164 15
19 155 15
22 157 15
17 108 9
21 169 7
26 208 14
29 209 5
18 76 15
22 78 13
18 74 5
21 117 9
21 130 5
28 304 5
29 365 7
22 129 9
29 315 12
26 335 12
22 222 7
28 160 15
23 216 8
18 139 9
16 93 11
28 123 14
19 102 10
17 82 11
29 375 7
30 240 15
22 139 13
20 97 8
16 93 12
23 217 11
18 51 12
22 108 10
21 136 5
17 72 10
20 65 13
25 125 8
20 40 15
17 65 5
18 117 10
16 120 14
23 155 6
19 86 9
17 82 15
27 77 12
17 105 15
16 87 13
21 110 12
29 176 11
15 27 11
19 44 10
29 371 15
29 131 12
26 276 11
19 68 9
22 141 6
29 361 13
23 205 8
27 112 15
30 165 9
21 192 8
23 111 14
29 404 14
22 119 13
23 142 7
23 92 9
18 49 14
21 143 13
17 129 13
19 69 7
17 137 10
18 60 6
27 186 8
27 218 5
29 103 9
18 112 10
16 118 9
24 87 14
18 91 13
20 60 8
25 217 15
15 67 9
17 127 9
21 81 9
22 124 6
19 180 12
27 109 11
18 83 15
16 86 9
29 401 14
23 120 10
15 45 5
16 110 6
26 312 6
30 252 7
17 90 7
25 91 15
19 100 6
30 161 6
23 165 12
27 245 8
15 54 8
28 167 8
16 28 12
23 87 14
18 117 13
24 246 6
17 39 9
22 102 14
28 176 14
20 67 11
15 41 5
16 94 15
19 171 9
16 116 15
22 121 12
20 132 7
19 172 15
20 164 13
15 87 8
18 160 13
16 98 12
30 233 15
22 69 7
17 123 9
27 76 6
22 81 14
21 176 9
22 122 11
29 403 6
21 171 13
23 64 15
24 224 7
22 104 9
27 106 11
23 122 9
21 93 13
18 72 8
22 229 12
25 301 9
26 232 12
22 105 12
27 295 13
20 75 10
23 69 8
18 156 6
20 195 13
17 61 7
30 197 8
22 144 14
16 94 15
17 142 15
25 67 5
19 108 7
21 98 6
20 158 9
30 183 11
15 100 12
17 97 15
27 316 13
18 147 8
20 161 13
27 172 5
23 197 15
24 140 14
17 91 10
18 122 5
23 226 12
20 149 6
20 53 12
28 238 10
30 404 15
27 208 10
22 120 9
16 96 9
28 185 10
28 315 12
19 123 15
24 188 9
21 165 6
30 136 10
19 59 12
18 91 8
24 211 14
25 101 9
18 35 9
24 69 10
29 343 14
29 342 14
27 154 7
16 79 6
18 49 9
25 84 6
16 40 7
22 161 8
18 149 7
29 300 5
18 105 10
18 37 10
30 380 13
15 82 7
17 30 14
21 126 11
29 381 12
19 72 5
24 64 5
16 123 7
28 180 15
18 158 14
20 132 5
18 105 15
17 137 14
23 161 10
18 71 9
18 95 5
29 138 15
28 159 14
24 73 8
17 104 15
29 381 13
17 101 5
15 108 13
23 212 14
17 97 15
26 115 15
21 99 8
23 214 6
22 235 15
24 168 8
17 47 9
18 60 5
21 71 5
16 52 11
15 103 5
22 168 5
15 104 15
16 128 12
22 212 5
15 82 14
22 102 7
18 57 10
23 226 9
23 113 11
15 50 8
29 409 7
20 136 12
15 63 11
18 49 14
20 59 11
19 162 10
28 302 15
23 63 6
20 145 11
20 153 15
16 38 11
17 41 13
17 115 7
17 44 14
22 111 15
23 72 12
30 211 13
26 308 8
27 219 8
16 103 8
17 56 14
24 239 13
17 94 6
17 39 5
15 83 14
26 164 6
21 87 15
21 149 6
18 104 7
23 130 14
15 42 6
17 141 6
27 265 14
16 117 5
21 109 15
22 229 13
18 96 14
29 190 7
16 55 10
30 388 8
15 54 5
23 156 7
26 157 7
23 210 15
23 199 6
28 363 12
25 113 9
25 258 10
25 242 13
16 108 5
17 59 13
21 187 11
27 340 12
21 49 6
30 347 9
19 74 11
27 155 10
16 26 11
15 107 14
29 361 8
25 178 5
22 154 6
24 261 5
15 65 6
19 65 11
29 263 9
27 187 7
30 271 9
30 307 8
19 66 6
21 63 15
19 163 14
22 61 12
29 161 5
16 116 5
18 61 8
25 287 6
25 312 12
23 132 8
24 229 5
18 162 7
30 261 12
30 114 10
15 57 5
24 282 9
15 110 14
15 96 13
27 238 5
29 123 14
25 191 7
29 399 5
23 210 9
20 180 5
17 101 11
30 194 8
30 386 15
28 208 10
20 115 15
30 372 6
29 133 10
30 356 7
18 116 7
16 59 14
17 129 15
21 63 9
23 247 12
25 223 12
25 163 6
21 71 13
20 124 5
23 76 10
17 36 15
30 435 7
18 91 10
18 55 11
16 98 7
30 115 11
18 100 5
19 156 11
26 243 10
22 180 11
17 55 12
16 50 14
20 148 10
21 182 7
21 201 14
20 118 11
19 144 7
19 118 10
21 159 12
17 82 9
17 143 10
21 103 14
16 66 8
21 220 6
15 73 7
29 137 13
26 93 7
19 54 15
24 253 9
24 196 8
26 235 11
30 256 8
29 144 13
27 286 13
18 131 13
25 304 6
28 159 11
21 151 13
26 309 13
20 163 10
15 78 13
27 242 6
19 129 8
28 297 13
23 239 12
21 64 7
16 103 14
23 215 12
21 215 6
20 183 15
28 262 14
26 89 13
15 40 8
22 162 6
16 71 14
26 290 6
25 70 6
22 74 5
28 351 10
30 437 15
30 310 12
21 191 13
30 416 10
28 384 9
24 58 15
21 49 7
26 128 9
20 53 15
24 164 5
18 80 7
30 120 14
28 339 15
17 38 7
23 221 15
19 97 11
24 271 12
17 44 9
20 82 12
30 173 15
25 153 14
24 99 15
30 398 9
21 79 13
15 49 10
24 224 13
29 283 8
23 255 15
28 383 10
30 243 13
24 186 13
20 200 6
21 160 5
