ave	123383.247
sum50	6169162.350000001
0000	349628
0001	48316
0002	261205
0003	51609
0004	133277
0005	121004
0006	280747
0007	152062
0008	48322
0009	58838
0010	256452
0011	61950
0012	164570
0013	260126
0014	211469
0015	99070
0016	43364
0017	134782
0018	72290
0019	121171
0020	47026
0021	77046
0022	182427
0023	103106
0024	85501
0025	128849
0026	45437
0027	97890
0028	88020
0029	365466
0030	141740
0031	141611
0032	110679
0033	88941
0034	141606
0035	70901
0036	160330
0037	206593
0038	177777
0039	39801
0040	129851
0041	57483
0042	47580
0043	87076
0044	301800
0045	306404
0046	162560
0047	44499
0048	104260
0049	95156
0050	152505
0051	60486
0052	95800
0053	188907
0054	53189
0055	71729
0056	143138
0057	57555
0058	90633
0059	126719
0060	85975
0061	214125
0062	38860
0063	225260
0064	146839
0065	111029
0066	70497
0067	235344
0068	293539
0069	118229
0070	112688
0071	136403
0072	71428
0073	154572
0074	115732
0075	188224
0076	213157
0077	176584
0078	100404
0079	276299
0080	83031
0081	77749
0082	186282
0083	107703
0084	131999
0085	64375
0086	51342
0087	337625
0088	137485
0089	51133
0090	169918
0091	75240
0092	123430
0093	80052
0094	74755
0095	169203
0096	111823
0097	102248
0098	108638
0099	80409
0100	100440
0101	90056
0102	45137
0103	72693
0104	123870
0105	163200
0106	46658
0107	256251
0108	127319
0109	213124
0110	127232
0111	93360
0112	131215
0113	103744
0114	85673
0115	95478
0116	99099
0117	53780
0118	188734
0119	130727
0120	95814
0121	81986
0122	134172
0123	93661
0124	189842
0125	120493
0126	97266
0127	60146
0128	168738
0129	71396
0130	102880
0131	73910
0132	65803
0133	174066
0134	48274
0135	61553
0136	122917
0137	122584
0138	74357
0139	118567
0140	232644
0141	65818
0142	251549
0143	264985
0144	132120
0145	76980
0146	83837
0147	146700
0148	154290
0149	160877
0150	120906
0151	71967
0152	194065
0153	82475
0154	56687
0155	148897
0156	51317
0157	125942
0158	142704
0159	30500
0160	71252
0161	133174
0162	119912
0163	125517
0164	33855
0165	76594
0166	68474
0167	81241
0168	34242
0169	124932
0170	108479
0171	67150
0172	198245
0173	75757
0174	98749
0175	67231
0176	144901
0177	53054
0178	103603
0179	120802
0180	138424
0181	124899
0182	134161
0183	83605
0184	207836
0185	103758
0186	39141
0187	267570
0188	76491
0189	61303
0190	106846
0191	185809
0192	238202
0193	302859
0194	94101
0195	96662
0196	63646
0197	96109
0198	76982
0199	276295
0200	181947
0201	214291
0202	241378
0203	78588
0204	167771
0205	132951
0206	140504
0207	124281
0208	25928
0209	123625
0210	345451
0211	59327
0212	157491
0213	210903
0214	148294
0215	67664
0216	343189
0217	69332
0218	120447
0219	221466
0220	107466
0221	71549
0222	101978
0223	179773
0224	109917
0225	77822
0226	173123
0227	61801
0228	51002
0229	143402
0230	284739
0231	63993
0232	114657
0233	63646
0234	215276
0235	87378
0236	65954
0237	188923
0238	288920
0239	108971
0240	270421
0241	150389
0242	134321
0243	92222
0244	47840
0245	79574
0246	48406
0247	88342
0248	67542
0249	63225
0250	94014
0251	87815
0252	152901
0253	218768
0254	149252
0255	200628
0256	84473
0257	190609
0258	67402
0259	216687
0260	66931
0261	168852
0262	61084
0263	59637
0264	238414
0265	55150
0266	101574
0267	80952
0268	62023
0269	116607
0270	58399
0271	31394
0272	82412
0273	82078
0274	196623
0275	143783
0276	209133
0277	261648
0278	67525
0279	107441
0280	108348
0281	53172
0282	231526
0283	151353
0284	111312
0285	144064
0286	149406
0287	101851
0288	59041
0289	57221
0290	63669
0291	108604
0292	227604
0293	284194
0294	286462
0295	64939
0296	109149
0297	214015
0298	53375
0299	97828
0300	31076
0301	118010
0302	77839
0303	42003
0304	175167
0305	172276
0306	110620
0307	110086
0308	75434
0309	130628
0310	76421
0311	31598
0312	151003
0313	120553
0314	82917
0315	175735
0316	65175
0317	47083
0318	101935
0319	176020
0320	59709
0321	174350
0322	148933
0323	129309
0324	70014
0325	73870
0326	64439
0327	58884
0328	146545
0329	102819
0330	113790
0331	131082
0332	28088
0333	159863
0334	78163
0335	84389
0336	131287
0337	209658
0338	91019
0339	46672
0340	105454
0341	195429
0342	77456
0343	82309
0344	123942
0345	283945
0346	262930
0347	23778
0348	169026
0349	91301
0350	72576
0351	77286
0352	108919
0353	112042
0354	61454
0355	506855
0356	142326
0357	104974
0358	231257
0359	132562
0360	46597
0361	143938
0362	194713
0363	61179
0364	126433
0365	102600
0366	78668
0367	237097
0368	66912
0369	115682
0370	129461
0371	135688
0372	26328
0373	67787
0374	183449
0375	60380
0376	104561
0377	48601
0378	72915
0379	315769
0380	192718
0381	147491
0382	69109
0383	93107
0384	88024
0385	340120
0386	53533
0387	96343
0388	33224
0389	200094
0390	66570
0391	77320
0392	221214
0393	89460
0394	195943
0395	76074
0396	81880
0397	64292
0398	98916
0399	132547
0400	33959
0401	73217
0402	64204
0403	69027
0404	125988
0405	98542
0406	218885
0407	287479
0408	62057
0409	118409
0410	73429
0411	75079
0412	53370
0413	102811
0414	141890
0415	260628
0416	151737
0417	205789
0418	78885
0419	27223
0420	79193
0421	330203
0422	102587
0423	33444
0424	80878
0425	116948
0426	104334
0427	144512
0428	90647
0429	249951
0430	132379
0431	66060
0432	119409
0433	84018
0434	219640
0435	53009
0436	83633
0437	167578
0438	208824
0439	87841
0440	61582
0441	64573
0442	99713
0443	81997
0444	89519
0445	52547
0446	288809
0447	224045
0448	134431
0449	521578
0450	123160
0451	106953
0452	115613
0453	97149
0454	106390
0455	95168
0456	81329
0457	188494
0458	174488
0459	311058
0460	338405
0461	84488
0462	102118
0463	162861
0464	82745
0465	88141
0466	290099
0467	34414
0468	192891
0469	53980
0470	207078
0471	73343
0472	204358
0473	176543
0474	47211
0475	111065
0476	85576
0477	104607
0478	48394
0479	215225
0480	67519
0481	50864
0482	69056
0483	220020
0484	53267
0485	122258
0486	197726
0487	96382
0488	131138
0489	86115
0490	74693
0491	97030
0492	59036
0493	90910
0494	62891
0495	129230
0496	148513
0497	150863
0498	68197
0499	130246
0500	83417
0501	383514
0502	38339
0503	159307
0504	65800
0505	79518
0506	36829
0507	132353
0508	62176
0509	78360
0510	75319
0511	127571
0512	143666
0513	84212
0514	204656
0515	135803
0516	204220
0517	24091
0518	77032
0519	144635
0520	117235
0521	170077
0522	164327
0523	87447
0524	97354
0525	61688
0526	63499
0527	141430
0528	126080
0529	63960
0530	94763
0531	66575
0532	99745
0533	295949
0534	97253
0535	78356
0536	134627
0537	56167
0538	253427
0539	34612
0540	148508
0541	139609
0542	68525
0543	114223
0544	160030
0545	60750
0546	38319
0547	282574
0548	132766
0549	85943
0550	67652
0551	64073
0552	96623
0553	111515
0554	65651
0555	53517
0556	294582
0557	85441
0558	116912
0559	72936
0560	305501
0561	122003
0562	73097
0563	64400
0564	70690
0565	153429
0566	99445
0567	56050
0568	143250
0569	66451
0570	71879
0571	76722
0572	163094
0573	151150
0574	89536
0575	71322
0576	86412
0577	43611
0578	103070
0579	148896
0580	230306
0581	110240
0582	225557
0583	89912
0584	172283
0585	87946
0586	186516
0587	86513
0588	102558
0589	82092
0590	61365
0591	68168
0592	77328
0593	50935
0594	245520
0595	73371
0596	114981
0597	72031
0598	108040
0599	46758
0600	157208
0601	156597
0602	194769
0603	206036
0604	152547
0605	51641
0606	71020
0607	116194
0608	147320
0609	55105
0610	241476
0611	267190
0612	215322
0613	38479
0614	113539
0615	91294
0616	81286
0617	149249
0618	208919
0619	236025
0620	79977
0621	99792
0622	54098
0623	72592
0624	211755
0625	93154
0626	176957
0627	129655
0628	177995
0629	77152
0630	185344
0631	148862
0632	114602
0633	74531
0634	110942
0635	72212
0636	113170
0637	69458
0638	136515
0639	72701
0640	101819
0641	37765
0642	64502
0643	37876
0644	91171
0645	81029
0646	101253
0647	86654
0648	116851
0649	102017
0650	234224
0651	210892
0652	47220
0653	96006
0654	103612
0655	50933
0656	123407
0657	55379
0658	77674
0659	325309
0660	132304
0661	52960
0662	250354
0663	84752
0664	68314
0665	118907
0666	127750
0667	108053
0668	53739
0669	116690
0670	117253
0671	56842
0672	37931
0673	157571
0674	67943
0675	95010
0676	267298
0677	163070
0678	60797
0679	170990
0680	91032
0681	172528
0682	142261
0683	108051
0684	200233
0685	73787
0686	129692
0687	112622
0688	160818
0689	115882
0690	66807
0691	128096
0692	74571
0693	194231
0694	87408
0695	155798
0696	77542
0697	220903
0698	66728
0699	83307
0700	104101
0701	24630
0702	60129
0703	185836
0704	89817
0705	101388
0706	193454
0707	77070
0708	77607
0709	79332
0710	65732
0711	97581
0712	77850
0713	151406
0714	97358
0715	74984
0716	110248
0717	244029
0718	99510
0719	60462
0720	57256
0721	200785
0722	107577
0723	67186
0724	90516
0725	152423
0726	189622
0727	129652
0728	91279
0729	154668
0730	313535
0731	90782
0732	98918
0733	92842
0734	72813
0735	164603
0736	131002
0737	251998
0738	92460
0739	101058
0740	224254
0741	54629
0742	85229
0743	124526
0744	186285
0745	159666
0746	59513
0747	119677
0748	205234
0749	63591
0750	47746
0751	54475
0752	119183
0753	144913
0754	60153
0755	126949
0756	71153
0757	95177
0758	242212
0759	71430
0760	48495
0761	26872
0762	183669
0763	139938
0764	173896
0765	116551
0766	79335
0767	65330
0768	59830
0769	207983
0770	195939
0771	159472
0772	173404
0773	216815
0774	32018
0775	136550
0776	73820
0777	169759
0778	205736
0779	44760
0780	121861
0781	70612
0782	97200
0783	76093
0784	95853
0785	174574
0786	128979
0787	35055
0788	76923
0789	124121
0790	43977
0791	207398
0792	81361
0793	43479
0794	119518
0795	86455
0796	190321
0797	99167
0798	155971
0799	77303
0800	255897
0801	150307
0802	66506
0803	295729
0804	83281
0805	118313
0806	48432
0807	46315
0808	69159
0809	67994
0810	101099
0811	66462
0812	87218
0813	185121
0814	98730
0815	57220
0816	113643
0817	138486
0818	287878
0819	179320
0820	202016
0821	328462
0822	146756
0823	104554
0824	57819
0825	82120
0826	174527
0827	116181
0828	164528
0829	91757
0830	130886
0831	176361
0832	159346
0833	152109
0834	186828
0835	81051
0836	141400
0837	83110
0838	116818
0839	120895
0840	47816
0841	80580
0842	121636
0843	188490
0844	237394
0845	326855
0846	89805
0847	114855
0848	136108
0849	214098
0850	116609
0851	65883
0852	200948
0853	58373
0854	87957
0855	87818
0856	93269
0857	170027
0858	84121
0859	406512
0860	94250
0861	68206
0862	228617
0863	66546
0864	39489
0865	177561
0866	85618
0867	75051
0868	45475
0869	43531
0870	170565
0871	148695
0872	147980
0873	64307
0874	24746
0875	72663
0876	185220
0877	68060
0878	113075
0879	109638
0880	142433
0881	41906
0882	145041
0883	70397
0884	160086
0885	107251
0886	40749
0887	83705
0888	192146
0889	71003
0890	91349
0891	143749
0892	35303
0893	62737
0894	75518
0895	53790
0896	55629
0897	174837
0898	101865
0899	158276
0900	69246
0901	123143
0902	46762
0903	95179
0904	43210
0905	68041
0906	84717
0907	130118
0908	172167
0909	119906
0910	85325
0911	76347
0912	84733
0913	271593
0914	260400
0915	110216
0916	200435
0917	136934
0918	70646
0919	93516
0920	195209
0921	122199
0922	175584
0923	83250
0924	75836
0925	147523
0926	193587
0927	179492
0928	85999
0929	134019
0930	57787
0931	94195
0932	64180
0933	172292
0934	237207
0935	85334
0936	135251
0937	218778
0938	87135
0939	91311
0940	128485
0941	54563
0942	309599
0943	74829
0944	64844
0945	79934
0946	83095
0947	213067
0948	146588
0949	182805
0950	373110
0951	31764
0952	56325
0953	90240
0954	393709
0955	35767
0956	76955
0957	83380
0958	227556
0959	271001
0960	42262
0961	95325
0962	89893
0963	77759
0964	205334
0965	148725
0966	192017
0967	105282
0968	183123
0969	79999
0970	93679
0971	206578
0972	198943
0973	215794
0974	118709
0975	186699
0976	212577
0977	75434
0978	84062
0979	135410
0980	209431
0981	415097
0982	82525
0983	138009
0984	40762
0985	128502
0986	50084
0987	96568
0988	74756
0989	236088
0990	59287
0991	82263
0992	91523
0993	127903
0994	59086
0995	106974
0996	117347
0997	198831
0998	86077
0999	151465
