ave	166557.2
sum50	8327860.000000001
0000	298248
0001	70857
0002	327733
0003	49853
0004	166681
0005	191050
0006	390782
0007	170664
0008	69987
0009	71921
0010	320081
0011	96776
0012	187513
0013	275043
0014	325442
0015	175041
0016	74106
0017	332403
0018	85159
0019	220924
0020	77411
0021	116973
0022	350097
0023	133705
0024	174487
0025	112919
0026	98411
0027	146241
0028	168531
0029	403936
0030	183930
0031	163588
0032	80091
0033	148520
0034	183204
0035	83514
0036	157703
0037	268065
0038	199093
0039	46877
0040	179210
0041	95293
0042	103118
0043	122061
0044	313670
0045	451309
0046	194361
0047	78687
0048	174643
0049	126180
0050	186695
0051	91949
0052	138006
0053	277014
0054	77698
0055	85762
0056	182576
0057	86494
0058	89612
0059	196468
0060	144820
0061	358153
0062	74218
0063	284871
0064	165735
0065	144110
0066	117623
0067	227679
0068	369116
0069	200263
0070	136412
0071	176435
0072	98491
0073	195921
0074	172159
0075	330498
0076	302474
0077	266138
0078	168682
0079	273758
0080	168871
0081	118725
0082	358810
0083	134186
0084	189465
0085	107311
0086	68372
0087	409017
0088	173653
0089	72818
0090	237274
0091	123705
0092	148832
0093	125129
0094	139667
0095	217259
0096	197906
0097	164893
0098	149012
0099	109761
0100	146900
0101	113471
0102	62703
0103	91243
0104	218715
0105	142234
0106	72000
0107	331327
0108	134937
0109	353358
0110	215416
0111	157082
0112	124456
0113	146256
0114	116050
0115	127269
0116	144788
0117	91266
0118	248388
0119	154445
0120	151561
0121	99721
0122	170638
0123	108892
0124	217340
0125	149754
0126	148785
0127	77279
0128	200058
0129	95908
0130	160753
0131	73987
0132	77337
0133	317202
0134	76604
0135	78892
0136	155976
0137	184701
0138	111586
0139	203090
0140	294994
0141	86186
0142	276471
0143	331453
0144	185507
0145	88150
0146	113577
0147	180926
0148	189850
0149	197156
0150	147771
0151	104878
0152	244291
0153	126831
0154	66337
0155	213727
0156	82035
0157	124232
0158	172468
0159	47657
0160	105320
0161	260894
0162	136902
0163	168239
0164	43958
0165	152146
0166	87578
0167	113872
0168	45234
0169	171624
0170	126101
0171	92390
0172	263849
0173	139676
0174	121960
0175	89773
0176	181531
0177	63374
0178	155632
0179	173598
0180	186035
0181	152203
0182	186200
0183	110191
0184	265314
0185	203458
0186	51199
0187	255131
0188	105611
0189	88590
0190	128285
0191	193858
0192	280457
0193	412369
0194	139309
0195	168540
0196	109196
0197	145835
0198	118194
0199	459803
0200	282121
0201	261470
0202	327624
0203	106810
0204	222094
0205	167238
0206	290663
0207	148569
0208	34390
0209	173351
0210	406562
0211	70610
0212	166604
0213	414777
0214	166885
0215	100326
0216	418462
0217	94256
0218	183073
0219	298606
0220	148536
0221	96788
0222	124981
0223	283208
0224	151842
0225	126710
0226	223547
0227	108559
0228	73424
0229	219316
0230	310785
0231	87800
0232	161115
0233	79464
0234	252974
0235	99201
0236	118979
0237	190880
0238	423150
0239	149613
0240	356439
0241	207631
0242	177821
0243	128482
0244	67605
0245	101275
0246	67863
0247	97620
0248	105311
0249	72807
0250	134247
0251	126926
0252	186798
0253	294292
0254	224655
0255	305783
0256	129703
0257	276397
0258	105006
0259	268436
0260	118696
0261	229759
0262	101615
0263	129676
0264	287917
0265	92315
0266	95758
0267	150401
0268	98399
0269	144509
0270	67299
0271	40667
0272	123889
0273	107127
0274	389528
0275	192172
0276	210617
0277	345240
0278	135924
0279	141435
0280	230462
0281	71373
0282	368006
0283	205775
0284	132298
0285	201004
0286	199003
0287	143197
0288	83079
0289	86415
0290	130515
0291	285033
0292	241755
0293	337092
0294	409107
0295	89814
0296	167071
0297	209466
0298	68241
0299	157667
0300	47358
0301	148623
0302	98732
0303	57658
0304	198734
0305	209334
0306	139881
0307	160481
0308	94478
0309	160648
0310	128831
0311	47506
0312	154861
0313	176499
0314	91684
0315	144857
0316	79670
0317	56491
0318	190063
0319	224831
0320	130949
0321	207717
0322	224130
0323	234618
0324	98881
0325	110498
0326	106349
0327	77945
0328	154350
0329	113977
0330	130733
0331	168143
0332	40065
0333	260559
0334	106881
0335	132080
0336	91041
0337	271493
0338	124679
0339	62495
0340	159542
0341	252670
0342	87876
0343	76245
0344	190203
0345	353499
0346	269008
0347	29556
0348	300152
0349	125764
0350	102326
0351	96923
0352	132451
0353	122474
0354	117655
0355	535118
0356	165923
0357	150395
0358	205854
0359	194909
0360	63113
0361	203205
0362	209750
0363	90909
0364	124992
0365	169101
0366	106963
0367	387178
0368	86388
0369	194062
0370	174699
0371	188711
0372	37967
0373	84855
0374	242026
0375	88067
0376	147868
0377	88464
0378	104366
0379	350652
0380	204680
0381	187349
0382	113016
0383	132905
0384	124697
0385	371114
0386	72513
0387	145911
0388	42280
0389	218258
0390	111584
0391	79863
0392	265068
0393	113850
0394	244367
0395	111231
0396	142672
0397	90106
0398	133905
0399	156364
0400	51793
0401	140157
0402	187860
0403	99361
0404	164514
0405	125278
0406	279409
0407	389891
0408	89578
0409	155072
0410	157449
0411	113377
0412	96322
0413	204838
0414	181353
0415	291279
0416	171658
0417	310367
0418	130147
0419	49351
0420	122652
0421	402182
0422	174732
0423	46756
0424	90629
0425	144547
0426	152305
0427	188086
0428	117311
0429	257258
0430	179123
0431	107873
0432	141286
0433	121698
0434	220264
0435	80266
0436	135467
0437	223899
0438	206668
0439	126346
0440	84226
0441	98851
0442	159753
0443	116144
0444	125952
0445	74545
0446	395980
0447	171014
0448	234209
0449	562726
0450	282152
0451	121931
0452	145053
0453	184444
0454	111397
0455	115638
0456	180233
0457	246699
0458	300167
0459	351024
0460	445025
0461	110401
0462	154292
0463	224094
0464	102470
0465	82800
0466	265759
0467	44052
0468	216296
0469	88274
0470	160364
0471	119774
0472	249047
0473	219606
0474	110049
0475	138460
0476	134087
0477	124890
0478	64780
0479	299860
0480	104195
0481	78771
0482	88572
0483	321632
0484	71957
0485	80988
0486	244319
0487	131652
0488	164157
0489	120702
0490	119610
0491	121488
0492	96574
0493	140650
0494	89293
0495	196892
0496	204246
0497	203797
0498	111983
0499	163211
0500	105562
0501	421865
0502	54344
0503	235051
0504	107467
0505	129390
0506	76087
0507	187375
0508	89067
0509	124754
0510	137298
0511	218619
0512	210199
0513	110612
0514	318436
0515	160988
0516	229752
0517	34478
0518	101417
0519	184893
0520	163227
0521	186603
0522	207802
0523	116939
0524	155785
0525	76176
0526	178602
0527	166082
0528	149782
0529	70002
0530	120517
0531	93595
0532	139131
0533	300604
0534	162884
0535	120422
0536	179081
0537	69956
0538	266687
0539	54860
0540	208009
0541	156889
0542	107729
0543	154927
0544	193580
0545	89941
0546	56707
0547	386324
0548	190596
0549	97914
0550	114248
0551	100263
0552	154404
0553	211224
0554	115286
0555	89404
0556	339426
0557	117902
0558	139685
0559	111842
0560	402374
0561	203680
0562	101014
0563	92088
0564	113042
0565	159091
0566	210886
0567	73589
0568	201347
0569	77589
0570	69698
0571	133000
0572	217107
0573	202262
0574	102319
0575	100031
0576	114199
0577	71419
0578	176482
0579	186817
0580	243376
0581	238327
0582	261082
0583	151563
0584	214506
0585	112132
0586	242964
0587	122578
0588	104170
0589	121132
0590	82755
0591	108342
0592	135075
0593	94246
0594	267307
0595	96297
0596	145537
0597	121392
0598	199979
0599	74431
0600	182795
0601	189397
0602	249663
0603	252515
0604	182128
0605	56979
0606	109619
0607	197128
0608	193230
0609	72769
0610	354314
0611	319491
0612	303986
0613	72303
0614	141613
0615	187377
0616	120132
0617	178567
0618	265936
0619	268307
0620	110300
0621	137455
0622	79562
0623	103604
0624	259028
0625	170992
0626	217486
0627	184835
0628	264696
0629	96521
0630	289648
0631	167391
0632	158487
0633	148655
0634	141822
0635	108728
0636	148647
0637	153508
0638	177792
0639	55530
0640	126779
0641	52849
0642	119154
0643	58757
0644	160470
0645	114516
0646	154569
0647	101044
0648	153353
0649	174074
0650	279652
0651	321541
0652	71562
0653	225410
0654	132925
0655	100230
0656	142960
0657	90986
0658	136227
0659	421640
0660	226978
0661	89660
0662	338945
0663	116476
0664	115533
0665	138610
0666	195437
0667	136697
0668	84026
0669	179022
0670	138658
0671	84218
0672	45423
0673	226382
0674	92934
0675	134176
0676	266860
0677	207611
0678	81566
0679	189987
0680	120940
0681	219243
0682	185867
0683	174413
0684	238419
0685	108360
0686	199874
0687	153935
0688	189172
0689	150256
0690	97624
0691	151460
0692	98995
0693	231433
0694	200597
0695	191258
0696	83355
0697	233040
0698	136072
0699	106083
0700	163523
0701	37579
0702	80667
0703	289723
0704	107997
0705	160332
0706	245103
0707	84390
0708	122019
0709	157169
0710	140430
0711	132272
0712	108612
0713	273701
0714	156370
0715	113638
0716	159990
0717	273408
0718	131579
0719	103830
0720	81639
0721	243497
0722	101263
0723	132347
0724	130099
0725	239119
0726	213155
0727	172794
0728	141240
0729	241405
0730	324527
0731	143125
0732	184539
0733	129897
0734	96536
0735	236437
0736	168179
0737	286676
0738	119686
0739	149382
0740	377843
0741	94772
0742	108569
0743	130972
0744	416160
0745	186860
0746	94997
0747	167291
0748	250751
0749	82525
0750	94592
0751	79246
0752	214795
0753	210482
0754	86552
0755	112048
0756	102218
0757	116116
0758	291676
0759	102951
0760	66143
0761	35651
0762	252643
0763	192331
0764	191924
0765	189561
0766	108467
0767	78044
0768	79123
0769	375830
0770	232298
0771	232194
0772	333701
0773	252244
0774	63306
0775	192508
0776	87116
0777	286501
0778	301527
0779	64650
0780	158160
0781	98135
0782	110536
0783	110114
0784	149358
0785	216764
0786	155206
0787	49575
0788	111989
0789	168269
0790	69983
0791	289212
0792	118235
0793	85104
0794	152519
0795	129061
0796	314578
0797	132764
0798	223310
0799	100481
0800	258052
0801	208940
0802	72744
0803	330987
0804	107736
0805	123532
0806	63144
0807	73712
0808	107885
0809	88969
0810	156482
0811	92189
0812	100373
0813	215168
0814	115368
0815	71629
0816	108872
0817	203516
0818	293561
0819	213658
0820	342878
0821	270974
0822	173137
0823	133835
0824	94245
0825	117242
0826	223145
0827	112697
0828	151106
0829	105999
0830	141677
0831	205661
0832	218210
0833	190132
0834	223986
0835	118190
0836	176014
0837	264341
0838	145974
0839	153843
0840	66460
0841	124393
0842	176118
0843	293064
0844	208370
0845	397477
0846	132507
0847	149515
0848	191605
0849	271160
0850	109598
0851	87862
0852	261671
0853	62306
0854	148684
0855	104866
0856	169687
0857	202327
0858	134612
0859	518934
0860	139901
0861	109819
0862	295357
0863	91009
0864	54618
0865	234138
0866	117131
0867	98587
0868	59950
0869	47264
0870	221346
0871	226034
0872	203649
0873	86807
0874	39568
0875	97110
0876	212514
0877	104527
0878	152439
0879	135967
0880	185337
0881	69932
0882	178100
0883	75562
0884	210242
0885	154007
0886	46450
0887	113912
0888	259084
0889	98221
0890	120931
0891	195312
0892	43843
0893	103175
0894	102620
0895	74789
0896	81076
0897	312185
0898	144290
0899	185083
0900	106211
0901	178875
0902	83255
0903	122045
0904	71336
0905	107718
0906	139584
0907	146563
0908	237795
0909	152781
0910	132064
0911	114136
0912	118473
0913	295151
0914	312908
0915	200513
0916	115256
0917	151681
0918	107917
0919	124760
0920	208260
0921	159623
0922	199173
0923	138293
0924	118625
0925	170852
0926	242192
0927	237770
0928	148842
0929	176053
0930	90132
0931	138977
0932	115919
0933	221022
0934	281949
0935	121508
0936	184210
0937	338539
0938	161131
0939	137084
0940	181666
0941	88259
0942	519124
0943	96484
0944	87023
0945	123927
0946	127884
0947	283855
0948	178682
0949	231736
0950	435741
0951	53306
0952	88136
0953	104130
0954	457073
0955	52939
0956	75650
0957	134059
0958	279894
0959	304075
0960	53942
0961	137894
0962	117899
0963	105702
0964	330747
0965	207568
0966	262611
0967	230973
0968	189657
0969	115829
0970	121886
0971	190286
0972	311723
0973	284603
0974	199754
0975	249968
0976	223234
0977	110265
0978	220707
0979	142092
0980	204800
0981	608080
0982	118302
0983	174928
0984	55306
0985	147278
0986	79119
0987	146351
0988	96307
0989	364832
0990	96856
0991	135423
0992	132034
0993	151202
0994	106500
0995	147701
0996	146541
0997	384635
0998	101855
0999	145854
