31 2 128
56 6 1120
94 5 2009
80 6 2288
43 9 435
42 10 202
65 2 346
79 5 294
39 7 197
55 12 885
65 10 1690
59 13 340
77 13 1193
52 13 954
50 11 568
44 11 270
45 4 221
43 6 97
68 9 1028
82 10 1182
96 20 2071
89 17 2707
40 2 378
59 6 1069
91 12 1079
99 23 999
96 2 1344
43 8 395
80 7 226
72 17 1423
74 3 410
59 2 254
71 8 301
90 18 253
32 8 418
72 6 354
81 6 516
86 21 382
89 8 670
61 4 214
42 5 410
36 9 117
87 9 2486
88 17 199
98 13 1536
57 11 355
45 3 860
59 12 328
54 7 1183
93 12 476
66 4 1200
36 6 428
46 6 145
61 5 162
54 9 435
39 6 331
92 12 1757
96 3 200
49 8 1467
34 8 107
57 6 396
69 10 342
36 5 185
96 12 933
86 3 1312
52 5 235
80 9 482
70 11 2101
37 2 194
45 8 1001
49 6 235
54 3 1483
62 13 318
100 5 612
38 7 214
42 2 279
32 7 117
99 22 2574
49 8 168
51 4 1344
83 4 485
86 18 1620
47 7 253
71 5 292
51 5 1101
91 22 1274
39 5 309
58 2 125
30 5 227
89 13 2489
69 11 403
74 12 2358
53 9 960
74 12 161
66 2 2009
52 9 159
59 13 448
83 12 455
74 14 204
64 2 956
78 17 469
41 7 115
68 9 623
46 7 469
99 13 1130
72 3 234
74 17 376
60 5 265
44 9 368
50 4 208
50 3 1400
55 11 192
42 2 733
63 12 446
60 8 401
32 4 595
66 11 133
70 13 494
98 2 2623
37 5 89
35 3 803
90 3 929
96 19 264
87 2 386
67 10 805
51 2 896
96 7 815
41 9 510
85 6 1315
47 9 251
97 14 230
75 14 409
48 9 881
38 6 901
31 2 275
75 15 324
37 4 122
83 19 231
43 6 292
49 2 522
30 7 334
87 19 1729
32 5 71
78 11 610
95 13 981
76 16 291
53 3 568
80 2 1659
61 5 1435
37 9 195
85 16 1953
97 24 1397
63 15 149
79 13 309
34 2 176
88 15 1155
39 5 344
79 10 305
54 6 1123
37 5 118
71 17 199
31 5 427
70 11 337
97 9 335
72 7 890
48 11 236
71 15 572
40 7 87
79 9 1572
86 18 853
33 4 595
54 5 122
67 16 961
83 17 651
57 11 206
72 17 1808
76 8 791
67 6 582
41 10 512
69 15 743
86 18 892
36 8 369
95 12 423
98 16 463
74 12 910
67 6 805
60 3 1358
51 8 1007
44 9 1330
30 5 62
79 19 1517
90 10 2381
58 4 490
44 9 139
34 5 184
83 9 250
34 6 96
57 13 583
74 17 218
48 9 285
51 12 918
31 6 641
30 7 334
62 5 653
100 6 1457
96 7 1417
89 2 699
59 12 515
30 2 108
79 15 401
69 11 664
99 16 285
36 6 262
45 5 258
84 9 1466
83 11 1280
81 16 390
76 5 155
82 18 240
70 6 1669
91 14 2640
68 16 230
38 6 130
67 10 352
82 13 2504
41 10 122
47 3 811
70 17 1380
43 4 784
35 4 248
80 4 211
32 6 115
71 17 934
68 6 341
55 7 151
86 15 1537
99 15 2429
90 6 556
43 7 527
33 6 203
68 17 512
32 5 283
41 5 386
75 9 158
44 3 109
93 19 1188
95 8 2247
42 7 177
73 14 1038
94 8 355
68 5 883
72 13 166
45 8 866
43 6 127
88 6 209
83 2 191
40 9 262
58 10 930
98 19 1091
94 9 478
96 2 569
73 10 1586
57 7 258
62 4 400
32 2 109
89 4 739
69 4 359
39 6 391
98 7 238
31 6 85
58 2 178
35 6 436
66 5 248
81 12 260
49 8 149
95 14 1320
92 14 589
36 6 926
71 7 1482
43 9 732
85 13 2574
72 2 1791
77 10 351
30 5 117
31 6 462
70 11 1733
86 15 1350
64 3 1695
37 2 418
79 7 730
40 8 254
47 10 120
41 4 98
99 5 1865
97 7 215
85 17 2633
82 15 378
45 4 1321
83 17 610
62 3 1438
32 7 457
35 6 201
45 5 124
59 4 1157
46 6 174
52 3 248
46 3 327
85 6 220
75 15 256
61 12 868
73 12 154
38 7 479
74 3 987
36 9 192
97 10 1310
49 11 112
92 23 2165
92 11 320
98 21 2340
63 14 271
68 15 326
43 8 591
43 7 870
39 3 252
87 8 2624
48 2 506
60 3 160
37 7 1044
63 14 245
93 17 1990
99 2 603
31 6 370
32 2 233
61 5 686
68 3 167
82 17 255
74 4 560
88 5 253
70 2 188
54 3 372
99 24 486
44 5 109
44 2 432
67 7 428
54 9 508
30 6 91
48 8 1268
55 6 286
55 11 340
38 9 159
34 3 275
62 14 165
78 11 1026
98 21 2587
59 14 805
38 8 85
57 8 122
71 4 1931
65 10 172
41 6 387
48 12 1325
64 5 258
30 4 251
48 5 561
88 11 1658
81 14 632
50 5 1521
90 8 886
36 3 95
43 8 933
36 2 439
66 14 1601
93 7 304
53 8 377
47 2 623
30 7 223
46 6 1066
52 6 157
39 2 97
82 18 300
53 7 1584
93 6 257
42 6 115
98 2 308
56 8 134
32 3 80
82 9 805
35 3 126
60 5 768
80 16 522
44 5 545
72 16 339
58 13 122
71 15 2161
84 2 2203
53 9 334
49 12 412
44 5 855
39 8 621
95 3 216
48 12 131
68 5 393
46 7 186
86 5 829
40 10 294
64 2 1298
85 15 1423
35 5 98
75 8 170
60 4 357
62 14 936
41 3 820
59 13 141
55 4 927
83 5 2634
35 5 453
49 8 297
61 4 432
71 3 428
88 15 683
44 7 89
78 11 269
59 6 244
56 3 922
79 19 1161
60 7 1468
81 16 857
51 6 407
81 7 599
86 11 580
59 6 281
41 7 1196
92 2 2139
41 2 194
84 17 1301
100 23 2289
86 8 965
78 8 364
51 6 1034
46 10 590
41 3 350
90 6 331
90 20 264
90 5 1900
65 11 177
37 4 608
88 20 306
77 14 1951
35 2 173
52 10 179
40 2 227
67 16 1398
75 17 1631
33 4 608
95 9 689
71 3 223
99 16 923
33 2 288
49 6 173
99 4 590
60 7 659
30 3 833
84 7 235
93 23 2688
56 10 121
30 3 74
36 9 129
74 18 220
59 14 773
92 21 229
69 3 203
79 18 2299
81 15 1472
56 4 939
32 8 429
37 9 290
94 13 251
79 14 255
94 21 1991
85 16 1257
68 4 165
40 7 104
35 4 478
96 17 1071
48 3 583
84 13 2028
36 4 234
57 12 124
74 4 842
49 11 367
44 9 380
75 13 1724
79 8 800
67 13 715
58 2 333
53 5 470
53 5 1336
46 10 203
64 16 474
56 13 208
34 4 961
63 6 515
77 6 2276
58 8 728
40 10 530
69 6 1638
56 13 569
88 13 279
75 11 1092
33 2 173
80 7 2237
83 19 541
64 3 188
91 11 795
49 12 1003
80 13 577
93 14 1167
56 11 544
33 5 72
32 2 88
85 2 1114
97 19 564
35 6 142
37 3 1070
56 9 643
43 6 184
54 7 791
64 9 572
49 9 123
52 9 1277
37 3 77
56 2 279
62 6 448
100 5 249
81 9 2548
91 16 413
54 6 301
100 13 1105
67 13 969
76 15 197
62 11 127
48 7 745
59 14 155
91 6 1180
61 7 178
56 5 154
42 4 376
49 9 266
76 13 1320
39 3 145
90 16 2202
41 2 264
77 3 432
45 8 324
82 7 920
70 4 1599
54 7 462
51 4 740
59 2 433
83 11 1113
40 5 101
34 6 128
64 16 1700
46 4 1100
55 7 460
57 6 880
91 8 507
77 10 257
32 2 185
75 5 711
50 4 112
77 3 1949
33 8 520
68 9 202
84 16 2155
51 11 112
98 13 1644
77 19 461
57 10 917
78 2 2311
49 12 129
51 6 300
75 7 198
44 7 187
50 4 1574
30 7 156
76 12 1646
59 10 299
50 9 689
54 4 410
64 12 207
78 15 204
31 4 491
89 21 757
99 10 2348
87 4 587
88 9 702
93 16 291
57 7 636
78 15 1080
78 4 187
51 12 240
32 4 262
69 2 169
98 18 577
96 10 455
78 2 737
76 3 152
45 10 247
51 7 116
88 13 1936
74 12 239
42 8 1294
93 17 1668
56 12 1012
51 10 144
96 21 633
49 12 975
59 7 122
56 3 1131
68 9 1179
45 5 1130
58 7 255
55 4 129
58 11 201
57 4 1474
52 6 1469
79 11 2420
52 8 440
47 6 241
98 24 659
48 11 960
67 3 437
92 20 970
63 10 185
92 17 247
43 8 190
84 21 466
43 5 238
94 18 631
39 6 143
78 5 1392
52 5 411
41 10 1128
47 10 596
65 14 457
70 8 162
48 8 235
81 16 664
69 17 314
69 3 982
61 4 404
78 4 629
67 14 625
94 8 690
53 2 648
55 7 218
52 2 685
32 3 752
68 2 781
36 2 194
84 20 296
85 2 362
54 6 963
97 15 1154
56 6 910
39 8 1083
31 3 406
44 2 213
99 12 255
57 4 159
48 7 118
67 9 528
50 12 146
55 4 413
43 8 114
98 21 648
88 11 1206
44 7 1201
60 6 123
47 2 477
93 21 2145
64 3 243
32 8 68
32 6 903
87 20 1517
70 9 957
78 4 1089
75 6 184
93 23 1416
44 2 180
44 7 447
36 3 650
44 3 253
63 10 365
91 3 2152
33 7 799
36 2 831
59 3 170
84 7 440
71 15 271
70 15 174
72 10 367
34 3 287
41 10 171
80 9 534
100 21 303
96 6 1746
64 12 145
90 2 185
100 4 2713
55 5 181
75 16 607
47 7 138
69 7 678
100 9 366
41 9 269
42 2 234
71 15 519
45 8 354
84 14 935
67 12 328
88 5 946
30 7 148
38 3 203
43 2 228
98 21 1144
48 8 135
38 3 272
82 10 323
60 10 128
37 3 511
55 2 341
82 5 2361
65 10 548
78 7 192
63 15 375
44 10 284
99 13 2063
61 14 1047
67 3 318
53 4 410
98 19 728
44 10 118
39 6 288
75 18 1152
84 17 323
62 6 828
58 5 313
66 6 1830
89 21 2538
69 5 773
81 8 453
66 2 1943
32 8 415
50 6 415
60 8 342
58 11 694
74 14 243
82 19 215
40 9 155
50 3 506
64 13 251
51 10 144
45 9 342
30 6 633
98 11 2520
36 4 209
49 4 726
30 5 90
85 12 1335
94 18 527
95 18 979
88 7 2142
70 16 163
61 7 159
52 10 378
77 16 292
52 2 1404
95 8 194
84 20 850
57 3 309
69 15 175
58 2 1271
75 14 1310
78 13 600
93 18 912
96 3 855
34 7 135
65 15 162
44 9 276
81 3 1997
96 2 505
69 15 1829
53 4 431
94 7 241
68 17 647
33 5 102
50 7 456
52 4 438
59 7 482
88 11 2249
79 16 186
64 6 470
31 7 926
47 7 1391
98 8 737
60 4 675
50 9 1265
37 8 355
43 10 790
75 2 998
47 10 1394
31 7 304
30 7 92
31 7 575
90 13 2839
72 2 2156
78 19 660
75 10 226
37 6 126
44 4 958
56 7 873
86 5 319
83 9 598
42 3 554
47 10 107
68 15 192
94 15 1000
70 2 1743
55 6 488
44 4 620
93 23 287
96 3 207
31 4 75
54 9 923
43 6 1151
61 5 222
50 8 196
74 17 637
100 8 1323
69 2 1952
99 19 1230
36 2 323
35 3 100
57 3 182
69 4 1234
56 2 118
56 14 422
98 24 2599
42 7 108
81 4 642
94 16 1351
74 4 167
65 9 174
47 5 238
74 6 592
94 21 2187
100 19 1606
54 13 1587
88 7 898
78 4 1342
39 7 1005
70 3 458
83 10 1789
82 4 218
55 2 340
80 18 181
46 8 1269
72 14 214
31 3 63
91 16 601
74 2 948
36 2 782
47 9 146
69 13 370
75 6 1747
83 8 357
40 7 112
47 8 770
96 24 1447
96 21 1750
83 11 307
79 17 1848
40 5 96
52 8 572
38 3 978
39 3 193
54 12 549
81 4 558
69 11 368
64 7 1673
38 8 106
44 3 857
62 11 1598
49 7 1151
99 11 335
71 17 205
41 2 186
59 14 172
53 5 656
51 8 193
75 8 231
46 11 381
86 20 1401
56 13 880
100 24 1301
86 15 551
44 2 242
70 9 1809
59 12 177
89 22 401
58 2 1534
71 2 1955
52 8 131
92 3 291
58 10 182
65 16 272
58 11 270
97 23 2373
39 2 176
38 7 83
98 3 2826
89 20 688
61 10 1429
31 5 107
69 13 476
38 5 797
57 8 1498
97 10 2129
99 4 1620
35 2 134
70 5 971
39 4 648
43 10 196
93 23 2918
54 2 1551
80 16 1368
54 12 156
40 8 312
73 11 1150
94 7 728
52 6 1052
83 5 798
80 8 208
48 6 1197
99 8 1607
39 3 314
42 4 1241
92 16 265
98 5 1750
85 7 188
70 7 486
60 12 144
46 6 94
31 2 326
93 9 317
56 9 900
88 11 677
95 23 601
49 8 946
49 10 479
35 3 203
99 17 2230
61 4 140
53 10 518
42 6 423
48 11 1169
62 11 241
80 18 961
32 2 123
95 7 739
98 12 912
86 4 1199
49 11 494
30 4 96
83 20 316
91 3 2689
42 7 233
44 6 333
57 6 145
76 9 503
67 3 155
54 8 363
83 5 210
61 4 1355
76 13 339
67 15 905
78 15 755
82 5 245
53 12 132
43 4 163
42 8 991
58 14 600
46 9 114
69 15 1384
58 8 206
85 19 994
67 13 910
35 7 175
84 13 245
82 16 907
89 16 210
50 9 236
73 15 1766
48 8 1279
84 3 1206
79 19 1860
74 11 1188
54 12 883
75 18 212
45 3 1380
84 11 469
86 14 353
38 7 1033
47 9 657
90 5 1453
31 5 635
38 2 380
44 9 134
50 6 1230
39 9 278
53 9 287
35 8 162
95 2 800
34 2 1055
40 10 327
40 2 172
86 3 542
83 15 336
81 5 204
51 6 142
75 9 201
38 4 77
82 8 183
82 4 462
38 5 208
65 14 604
72 14 1623
85 7 293
77 8 468
59 9 1332
95 19 2314
78 14 787
70 5 351
83 8 977
99 4 1317
57 13 215
56 5 1720
80 14 355
56 9 115
73 8 1158
42 10 275
75 13 244
57 12 170
46 10 145
60 15 748
54 2 751
32 7 188
45 2 251
72 17 935
32 3 121
97 21 194
92 20 229
60 11 1139
62 12 719
84 7 242
77 4 401
57 3 169
49 11 249
95 18 1305
87 17 239
61 7 414
45 8 423
99 10 212
62 15 273
57 11 258
96 2 1970
67 4 216
49 5 502
39 9 764
71 3 2002
50 7 132
33 8 357
41 6 816
60 6 1092
41 5 200
38 6 159
74 7 442
48 3 1065
51 7 1303
64 6 206
96 9 665
45 6 1037
48 6 236
71 9 544
90 16 494
75 11 1596
53 3 517
35 4 277
75 2 161
74 4 266
39 6 1179
68 9 1995
50 11 852
81 6 2574
99 12 449
75 13 537
48 3 1061
45 4 129
57 13 227
49 8 119
77 4 1583
40 2 1069
69 3 1466
76 12 193
30 7 76
87 6 2447
50 5 218
98 5 889
42 5 488
95 7 744
44 5 846
83 17 1364
81 19 185
41 2 133
54 4 1667
44 2 376
47 6 249
47 2 177
64 3 216
69 5 622
93 6 537
78 8 813
57 2 1107
63 2 818
97 3 1086
73 8 929
38 4 93
65 6 1809
64 14 191
92 7 860
54 6 308
34 7 79
34 8 182
56 14 330
92 10 404
70 15 675
100 2 533
61 8 1834
63 7 476
43 9 285
68 12 793
58 10 674
32 8 239
63 9 974
98 24 343
82 12 215
99 13 275
41 8 187
74 13 159
73 18 221
65 3 132
96 7 549
30 2 608
68 12 261
58 10 237
43 4 234
65 10 199
84 6 225
88 12 667
40 6 235
63 10 203
44 5 655
53 13 142
64 4 1761
84 2 803
69 7 573
83 14 283
56 9 1219
41 7 1254
81 2 689
41 2 149
48 8 979
74 16 281
62 14 412
34 6 419
60 9 309
41 4 349
31 6 224
88 6 1897
76 14 1509
31 4 541
31 3 311
44 5 113
74 2 162
54 9 850
99 24 850
47 4 1392
38 6 81
34 6 94
87 18 382
75 13 787
62 11 389
79 13 555
39 9 826
45 6 144
60 13 1622
97 19 1488
37 6 175
82 11 729
76 16 744
46 7 624
57 2 196
32 7 210
84 21 470
91 4 1014
70 15 2150
38 5 604
72 14 171
85 5 435
88 3 1047
88 21 618
45 6 272
66 12 206
41 8 197
37 8 304
47 5 193
70 17 585
72 4 452
53 4 1270
99 13 2065
82 18 334
93 5 712
52 2 177
60 11 379
69 5 533
71 4 327
96 22 443
69 5 149
87 5 188
67 7 245
98 6 843
83 10 562
55 10 308
46 9 1117
95 23 1965
87 12 891
67 3 214
81 17 187
71 9 207
85 5 1002
72 3 198
84 13 1645
55 3 1538
32 8 219
59 11 837
91 13 221
42 8 670
70 2 191
57 6 518
61 12 1019
37 7 147
83 12 2320
62 6 1800
83 8 212
31 4 97
34 6 437
46 7 415
89 19 2177
84 11 2146
45 11 627
46 3 150
62 10 279
90 4 1425
98 17 1514
94 3 886
77 4 1754
52 3 418
71 3 311
40 3 443
64 2 185
47 6 1284
87 2 956
55 2 1429
37 8 1037
98 6 1049
60 15 447
69 8 1563
63 12 950
31 7 289
35 4 482
90 21 644
32 4 263
56 13 410
79 10 514
83 20 1337
96 24 697
65 5 742
81 6 453
74 15 178
34 3 719
32 5 174
74 14 465
63 11 137
53 2 342
73 16 183
62 11 169
54 12 541
46 2 1128
32 7 666
94 12 349
73 13 430
72 14 599
37 5 887
42 4 270
93 4 2396
49 8 242
35 8 433
31 6 244
45 6 936
35 3 199
58 6 270
70 16 265
78 8 233
73 3 473
98 17 1205
42 3 754
56 7 467
79 15 210
34 6 830
81 2 1844
95 8 1510
80 16 401
60 8 134
88 13 2196
38 7 737
43 6 1260
40 8 102
68 10 502
34 3 107
40 6 121
83 12 430
70 15 178
58 12 189
52 2 264
38 3 880
52 11 347
87 4 846
32 5 145
90 19 231
53 6 145
73 8 148
52 5 447
98 14 1917
62 4 442
35 4 159
76 7 197
83 15 1271
83 16 541
55 7 977
60 3 173
56 6 1049
62 10 163
86 15 301
40 10 140
32 8 292
86 11 1364
43 7 132
84 3 622
62 4 266
50 5 359
86 16 188
83 3 2539
62 7 1135
42 4 764
49 5 975
98 24 978
88 12 902
53 13 669
42 9 271
97 4 1207
63 13 212
62 3 1419
79 7 2384
88 8 617
54 5 244
33 8 319
74 6 212
36 7 165
69 6 200
68 2 1118
96 3 1739
100 9 1912
75 18 478
35 5 874
37 3 289
87 5 674
95 20 368
61 13 266
34 5 154
43 10 142
51 10 165
36 7 266
88 3 189
72 9 891
37 4 174
83 7 2473
89 20 950
79 9 1807
70 2 252
87 6 1121
69 4 303
69 9 147
46 6 585
62 5 399
44 9 119
91 9 651
89 2 415
90 21 640
97 22 258
78 14 722
47 10 321
41 3 1223
91 21 211
30 5 225
93 2 1789
41 5 86
46 2 1070
59 8 215
69 9 419
96 24 615
47 3 98
88 4 622
95 4 2941
98 2 1308
81 3 1467
34 8 101
89 21 619
40 7 804
79 15 1907
90 7 212
41 6 755
88 8 245
50 2 952
95 4 2436
32 6 135
49 11 498
62 10 544
36 2 967
97 23 1144
60 8 783
78 4 590
48 11 239
50 10 400
64 10 207
96 12 602
79 8 224
88 13 263
51 2 128
69 10 787
47 9 301
65 9 311
43 9 161
94 8 371
59 13 1206
70 3 323
32 7 249
89 17 2045
61 9 254
34 7 133
63 14 938
76 6 352
71 5 142
59 8 1723
98 18 449
62 7 163
43 8 586
88 14 1157
63 9 486
30 2 310
73 12 698
95 16 537
83 4 744
57 7 261
99 9 1412
83 20 312
59 7 841
37 4 200
61 5 1918
83 2 1185
52 2 1510
57 9 260
37 8 202
41 9 462
30 7 95
78 13 760
79 4 1122
93 6 803
45 7 150
58 12 596
79 10 186
93 21 779
70 6 350
43 4 496
88 15 2150
63 12 1101
79 7 471
38 2 200
34 7 263
42 3 138
90 10 438
99 22 272
49 2 329
66 14 1352
38 5 713
88 21 213
78 13 678
73 12 350
95 15 1805
79 11 284
40 2 594
39 9 480
81 11 1194
51 5 1621
93 16 1281
93 13 259
55 4 1650
51 4 1274
45 9 533
30 3 159
99 3 551
46 9 167
49 3 1544
92 17 185
90 17 432
78 2 313
98 13 546
66 4 1509
56 10 179
61 9 1831
88 11 336
97 4 2513
50 3 840
98 16 210
56 11 306
71 2 2134
67 5 680
89 8 1813
34 2 330
83 2 266
82 15 241
60 11 1027
92 16 1998
92 2 537
34 6 100
35 5 131
72 6 805
46 8 971
80 16 255
34 3 348
48 7 271
98 9 236
73 4 342
72 10 227
89 19 2415
38 9 372
58 5 386
38 6 531
100 9 203
79 6 372
65 7 809
58 10 951
36 8 660
33 7 226
32 7 191
42 8 794
94 6 1884
67 5 454
78 16 240
76 15 830
74 10 1960
71 9 1658
79 11 1791
85 9 1597
72 8 1073
85 17 294
90 9 2343
58 14 213
65 11 516
98 4 1059
32 6 110
53 13 389
55 13 1597
42 5 365
32 5 585
49 12 143
67 3 1222
44 4 1034
49 8 1142
36 3 807
49 5 451
60 14 547
85 15 952
39 8 79
96 19 400
45 6 189
44 3 112
78 9 1384
78 6 214
65 10 188
63 14 1714
78 14 355
46 6 153
52 4 1259
93 16 2375
77 12 896
37 8 102
54 8 764
66 12 419
91 11 193
45 2 128
37 4 960
70 15 609
87 5 1386
40 6 386
89 2 488
43 2 570
94 21 697
40 7 355
52 8 104
77 9 167
43 8 274
39 3 128
87 20 210
38 6 169
72 4 159
35 7 70
88 7 631
62 11 1319
66 12 1727
77 5 570
67 6 139
68 15 1783
44 9 536
81 8 453
49 9 948
89 11 1714
66 13 576
84 10 1448
37 4 1047
84 7 486
72 7 978
90 6 674
56 8 569
41 7 512
65 5 898
62 3 170
40 2 427
32 3 83
36 8 86
94 12 1076
35 4 159
51 11 335
37 3 170
47 10 507
35 5 851
74 8 231
37 3 101
33 4 135
88 21 2751
99 24 390
45 2 539
77 4 2078
35 5 1076
76 13 1584
68 3 715
79 15 2516
75 16 1206
71 10 621
33 8 907
100 23 700
56 8 506
98 24 1913
45 7 884
61 4 309
59 10 1473
83 6 1448
88 9 380
80 9 659
55 4 767
67 15 1351
92 9 1793
72 14 220
60 10 964
70 10 1973
58 6 126
93 10 1336
66 16 757
51 10 523
52 12 244
73 6 1297
33 6 395
43 7 185
49 4 388
60 15 134
97 15 481
66 10 341
48 5 606
62 12 473
42 4 942
47 9 237
62 2 1268
67 11 1016
49 6 1342
47 10 140
70 7 257
45 7 269
62 12 263
55 5 464
89 21 283
94 21 942
52 3 550
63 3 1341
61 3 310
100 13 722
69 16 154
58 4 1119
65 10 132
38 7 183
87 19 288
32 2 214
78 11 248
47 2 711
51 11 1300
88 8 679
95 15 1769
47 9 1202
92 12 1252
78 14 441
100 3 2603
54 13 762
99 11 1685
86 14 1120
56 9 1038
74 5 819
30 5 240
59 11 193
48 10 216
59 11 549
71 11 520
98 21 448
79 3 1614
40 3 181
40 10 1018
85 11 501
53 8 272
80 17 870
68 5 556
76 4 1744
60 15 172
85 5 246
87 20 1159
84 18 479
42 5 397
55 11 1501
96 4 1933
61 14 547
47 2 650
83 14 286
59 4 1096
65 14 646
95 19 2668
56 13 213
85 12 1493
72 15 1090
32 5 100
30 4 615
66 11 307
33 5 538
59 12 182
64 16 292
44 10 328
69 7 196
37 4 138
79 15 716
62 2 729
80 13 182
38 5 635
85 17 1100
69 5 1472
56 5 686
91 14 776
60 5 275
40 3 248
37 3 942
37 6 76
35 3 833
54 3 610
30 4 132
47 8 177
48 5 143
70 8 819
50 6 425
61 14 1014
50 11 139
92 7 968
72 12 1429
94 20 2003
51 6 978
88 14 273
79 2 2342
62 12 879
55 6 1600
47 10 125
39 8 213
89 22 2125
64 11 189
57 2 582
72 7 1311
44 7 625
71 5 658
65 6 590
69 16 276
89 11 496
40 5 223
65 2 998
96 12 371
66 14 1965
97 23 752
80 4 200
36 6 892
61 12 757
57 14 1711
34 4 248
100 4 2725
76 5 1754
100 18 1160
49 7 1495
69 3 865
32 2 701
82 8 833
74 15 1209
84 3 1259
67 3 993
58 7 244
48 2 299
56 10 256
52 13 309
68 15 704
78 9 161
61 8 274
35 3 114
45 8 387
87 18 1576
64 2 348
64 4 935
67 13 641
47 9 408
96 14 290
92 20 2476
47 8 188
73 7 886
83 12 436
94 23 2040
82 10 954
76 7 1438
34 2 728
32 7 173
39 8 133
38 3 851
65 12 174
49 5 149
89 8 199
52 5 1379
46 7 347
62 5 469
38 7 651
98 10 1669
47 4 648
75 15 954
99 23 584
64 10 160
65 9 406
100 17 268
79 9 2212
86 21 1881
87 5 473
66 4 592
50 3 211
39 5 757
31 6 928
88 7 1981
42 5 698
40 5 148
40 6 438
81 6 307
30 4 724
50 2 111
39 7 105
45 11 336
32 5 310
33 3 241
76 12 502
36 7 612
78 6 1195
39 3 497
71 10 163
83 20 230
77 14 1852
47 6 341
36 8 124
73 15 1447
31 4 807
86 16 1147
52 4 936
71 8 171
39 7 109
61 14 508
56 7 556
54 3 1468
44 5 235
94 3 550
38 7 694
59 9 967
71 16 1132
30 5 94
71 11 329
60 8 136
47 2 102
38 2 715
55 4 198
96 20 736
70 16 263
92 2 804
85 5 547
63 10 166
71 17 366
31 4 900
58 4 325
98 15 2241
70 8 1169
80 17 396
86 2 1713
54 10 729
86 20 1029
93 11 1572
55 8 173
30 2 94
64 11 622
93 14 1104
92 17 228
86 6 202
45 4 99
52 3 1074
63 12 690
81 17 912
58 3 1790
94 22 935
64 8 629
34 6 1023
39 6 110
92 9 376
93 6 231
76 15 1062
31 5 988
40 2 309
68 6 138
75 13 1680
97 3 2162
34 7 717
87 16 1002
65 9 739
94 19 565
93 20 1332
50 11 311
66 7 224
60 10 179
39 8 152
100 23 513
30 7 254
44 5 193
74 16 441
84 19 2166
56 9 828
94 20 669
92 21 510
74 9 487
73 9 1152
36 8 1083
44 7 187
38 2 177
96 10 2466
36 4 103
62 9 625
33 2 635
67 4 483
79 8 550
83 4 258
90 4 195
43 3 196
84 11 2393
76 6 387
68 11 306
48 3 1239
99 5 206
68 14 190
33 3 342
32 5 184
41 10 257
58 9 253
60 5 705
79 9 1196
71 10 204
38 2 132
38 9 955
73 17 338
79 19 247
92 13 233
67 8 989
62 14 240
71 2 175
51 6 127
64 8 1318
50 3 116
46 3 122
96 18 202
41 4 216
37 9 164
34 6 76
66 11 620
95 19 1082
69 9 198
31 3 122
43 4 256
45 10 702
43 4 546
38 3 427
74 7 1288
61 15 1037
40 2 148
78 4 2495
93 11 820
64 16 363
71 17 238
37 8 407
94 20 888
87 16 2092
92 5 773
98 2 1609
64 6 644
91 19 2902
86 4 338
63 15 371
49 2 438
89 7 514
87 13 1567
96 4 470
52 9 408
85 8 235
92 2 213
81 20 438
50 11 159
32 3 73
65 11 1500
97 15 1892
89 13 1028
69 6 1764
54 11 604
75 10 780
31 5 157
58 6 1342
78 10 643
79 18 308
75 13 2038
93 3 964
86 11 1362
52 4 523
36 7 91
51 3 128
89 14 2703
48 8 1275
40 7 864
63 8 356
75 6 2316
58 3 1450
63 6 1720
69 4 396
52 3 1136
93 14 2943
61 8 539
92 2 580
48 11 455
81 7 1606
67 11 623
90 9 926
36 3 301
89 16 253
57 2 132
34 8 642
71 14 1966
63 7 384
90 18 2010
43 9 440
89 2 364
87 11 387
78 9 172
59 12 122
32 8 92
33 8 149
60 4 303
84 11 217
52 12 984
78 8 568
82 6 384
44 8 323
88 13 2352
47 11 479
92 22 511
89 7 180
67 16 316
53 7 558
72 17 859
80 9 1566
89 6 1437
77 8 253
47 9 1088
85 6 423
56 4 269
71 15 1024
83 7 2166
83 19 892
77 5 182
93 7 271
82 10 313
50 3 177
70 2 1667
42 10 220
42 3 322
37 8 156
88 6 385
34 8 695
93 17 444
75 3 893
48 11 169
65 9 143
62 9 832
45 7 96
62 14 832
33 4 743
70 16 327
47 5 172
72 4 235
89 12 2146
39 8 465
38 4 121
31 5 756
73 12 168
30 3 569
53 4 257
93 6 251
54 6 834
54 8 636
97 13 2958
64 16 326
32 6 267
86 3 836
61 5 143
50 8 1122
34 5 79
40 7 663
87 21 1553
87 13 816
71 10 387
70 15 851
43 7 556
31 2 321
65 3 230
37 3 285
98 4 2651
55 2 366
53 4 585
78 15 202
35 3 581
30 3 100
30 7 281
98 22 352
39 8 447
55 12 888
38 5 93
97 10 884
94 22 1549
57 12 812
79 14 308
44 5 242
55 8 1529
88 15 1197
88 17 453
80 20 716
31 4 397
78 13 1345
68 5 386
84 6 279
36 3 92
95 9 1151
65 11 781
55 7 1280
86 3 256
32 7 803
50 6 263
46 11 913
33 7 715
98 5 427
45 8 526
42 2 484
86 10 2171
86 7 517
67 2 1803
40 4 295
55 7 171
70 4 1171
96 15 836
62 15 257
69 15 1084
58 6 980
77 3 1753
77 4 1063
74 18 888
43 8 507
87 14 1496
68 3 332
55 5 909
96 19 703
79 6 2150
52 9 403
92 22 297
52 12 474
68 3 1336
38 4 1187
59 12 1620
48 10 163
73 2 426
45 6 126
83 5 409
92 16 1885
45 9 120
94 10 492
91 5 1156
70 10 259
45 2 1153
54 7 253
55 12 1651
37 2 860
89 20 316
32 8 126
30 4 64
71 11 880
88 13 2758
70 11 417
90 22 1368
62 4 990
54 11 119
51 10 1413
45 4 329
75 8 962
49 7 567
30 4 956
70 16 403
31 2 384
69 3 632
58 8 1505
94 17 262
51 7 120
81 18 829
51 3 160
73 14 538
90 4 2670
73 17 550
31 2 219
31 6 83
37 5 474
80 10 190
56 2 667
47 5 598
79 5 204
84 4 2250
100 2 968
54 9 118
65 6 169
97 15 230
50 8 503
31 5 869
35 7 886
73 9 1840
83 2 220
100 5 2142
51 3 502
94 5 210
71 8 930
56 4 1747
78 6 510
32 6 416
79 9 172
87 10 1857
65 10 635
43 4 265
30 2 109
87 21 2124
31 2 174
54 7 1457
81 19 339
62 9 765
98 21 563
100 11 527
61 3 622
40 6 80
35 7 78
77 19 927
79 16 1083
72 6 220
54 6 1505
94 22 554
93 14 340
31 6 69
69 7 232
75 18 931
88 5 686
71 3 149
77 8 221
84 21 950
36 9 785
46 8 197
73 2 568
98 14 454
70 15 195
81 5 1635
97 8 775
69 3 203
89 12 650
54 5 346
81 3 894
67 7 1389
74 2 434
100 22 1885
48 11 611
78 11 391
55 9 159
69 2 644
44 9 171
31 2 728
75 18 284
54 2 203
49 10 662
92 22 1005
41 3 234
91 18 1404
87 10 246
77 12 499
41 6 576
30 6 178
57 7 1202
90 3 211
80 7 461
36 8 111
90 15 308
66 10 1083
76 14 2207
92 14 2490
71 6 1207
49 11 1063
81 9 2111
39 6 132
66 6 702
54 10 226
62 13 1961
93 3 2080
96 12 2200
99 19 473
59 11 769
67 4 1561
66 15 532
59 12 1155
89 5 2656
82 4 363
50 8 271
74 16 148
84 21 236
58 5 499
62 14 146
73 8 186
75 2 749
53 2 530
60 4 513
88 6 421
82 4 290
68 15 364
80 15 807
93 20 451
33 7 436
34 3 492
48 10 1236
46 10 155
54 6 625
75 5 1354
42 5 117
88 5 471
90 21 548
79 13 1909
66 5 209
86 21 1689
31 4 143
100 11 274
44 9 170
38 6 509
73 8 1549
65 7 506
71 8 300
55 13 226
81 19 1220
56 12 133
99 12 284
91 11 432
53 9 541
36 2 554
88 6 724
40 3 129
43 5 161
83 20 225
64 15 563
86 12 803
86 9 434
85 3 487
43 3 598
55 3 882
94 17 1537
97 24 1217
70 7 1976
34 3 301
59 6 483
98 8 309
58 5 1184
51 10 1075
59 11 190
58 13 980
67 15 606
55 2 1185
81 18 1777
48 7 412
94 19 1488
51 7 172
75 3 190
61 13 837
96 13 400
50 4 659
98 22 1169
70 11 165
83 13 1341
73 5 312
52 11 655
54 10 315
34 3 801
39 7 838
84 9 1118
95 18 581
99 12 2560
97 5 583
58 13 362
52 10 1168
55 4 729
61 11 568
51 7 730
70 15 1859
79 19 884
59 13 122
47 3 559
78 6 472
83 7 467
54 4 742
44 10 302
34 2 729
86 9 512
43 7 716
98 13 851
80 12 254
55 11 324
98 9 320
74 9 1514
60 2 483
87 4 877
72 9 250
67 10 1755
67 15 206
30 6 342
73 6 2163
80 8 1125
88 5 2674
88 5 645
70 8 1240
32 3 90
39 9 1155
39 9 512
96 2 632
51 11 268
82 16 468
49 6 465
51 3 109
55 7 283
89 4 1262
56 3 184
82 4 1821
52 5 156
59 9 164
61 8 182
98 20 971
50 12 1128
30 6 568
36 9 78
50 7 1572
83 19 953
70 5 762
63 7 297
60 2 265
36 4 557
64 10 143
41 7 457
75 10 994
50 10 100
33 5 214
51 4 144
98 23 426
56 7 719
30 7 199
50 7 131
96 19 889
62 8 675
43 3 1150
40 2 138
54 9 153
97 18 206
51 2 323
88 14 1487
44 7 1403
34 8 376
31 7 195
45 2 127
86 6 1502
99 11 2147
96 7 312
73 2 251
97 24 399
34 5 424
94 14 1411
34 7 675
89 9 2637
31 6 220
95 12 298
62 11 498
94 6 898
87 19 1824
57 8 188
51 11 1373
47 5 287
95 2 199
88 4 546
59 12 211
84 11 2144
99 9 790
66 8 1797
60 9 1690
66 3 771
79 11 1249
85 7 710
66 14 727
96 17 2350
97 20 1367
82 18 235
78 13 242
65 2 1177
81 7 698
79 15 481
78 17 428
48 4 1382
69 2 747
35 7 112
92 3 404
90 17 1711
88 13 237
47 3 732
42 2 216
76 4 1436
34 7 282
52 3 202
62 8 678
64 8 364
83 17 287
35 3 710
65 15 393
77 8 1014
43 4 199
83 14 1132
68 13 1359
49 10 1483
59 12 192
45 9 1121
63 6 378
54 4 244
54 13 145
45 5 361
30 2 782
91 2 350
78 15 876
34 3 72
89 14 1387
47 10 687
83 15 424
34 7 250
42 7 399
67 16 218
93 16 2794
55 6 137
83 20 672
53 5 481
40 6 151
76 13 198
37 8 122
91 9 927
76 6 549
78 12 1010
85 4 383
69 14 610
47 7 865
58 2 124
84 4 1294
75 13 644
63 13 211
40 6 716
30 2 250
66 2 653
83 8 1986
45 8 373
75 15 1715
59 13 1394
45 8 92
33 4 96
95 18 234
54 10 115
57 4 1065
73 8 254
57 11 796
83 13 679
94 12 311
98 17 1297
58 13 711
47 11 177
64 8 721
92 23 422
72 17 1624
87 6 298
66 15 2050
97 5 2592
54 6 123
54 5 378
42 8 552
55 3 1656
46 6 408
92 9 2930
89 14 327
88 17 2540
74 14 313
43 5 984
49 2 437
35 3 77
73 15 229
34 4 334
71 8 888
50 3 342
83 19 1077
62 6 275
39 6 172
90 15 214
72 6 1051
60 3 1720
50 7 1029
73 11 1257
32 7 935
38 7 943
83 5 1946
51 5 452
95 18 389
52 10 1214
66 4 138
61 4 163
66 11 153
83 17 732
67 10 187
77 18 533
56 3 117
31 2 734
79 2 667
30 4 208
65 13 421
66 13 1355
42 4 120
50 10 471
39 4 349
84 6 182
89 16 1085
94 11 198
47 5 350
88 13 1584
48 5 1164
34 7 150
42 10 596
93 22 1994
97 15 488
41 6 106
99 22 366
51 12 182
51 10 1124
81 17 317
93 5 1998
65 6 185
60 15 586
94 20 732
83 12 1174
81 13 278
60 6 135
97 14 2522
70 15 1002
81 8 896
63 10 199
54 6 732
98 9 755
56 4 223
57 8 925
89 3 259
99 8 417
72 16 193
92 9 2233
51 2 115
92 5 308
50 9 142
75 10 440
94 6 2187
83 14 974
52 12 968
67 2 1066
99 21 2043
55 13 148
98 12 1275
59 7 472
38 3 674
51 10 203
74 8 222
33 8 503
79 19 329
46 6 266
86 16 464
94 16 1614
100 10 250
62 8 954
38 9 276
96 23 1730
63 9 171
95 17 1447
30 5 656
99 13 223
75 6 669
64 10 519
59 10 349
62 11 148
83 6 822
92 19 505
57 7 923
77 12 1931
88 2 223
49 5 128
74 7 222
97 13 2110
69 17 883
52 3 409
46 5 1448
97 3 1169
78 7 165
80 11 1770
59 5 589
71 17 1077
37 7 748
43 2 148
70 8 1173
62 9 411
38 4 278
78 3 192
43 3 329
50 8 356
38 4 442
92 10 247
47 4 1427
89 17 728
93 7 272
39 3 175
96 20 1528
40 4 441
57 11 351
35 5 546
51 3 598
31 6 142
95 12 1016
61 14 677
81 14 694
83 14 387
76 9 365
74 13 290
74 5 230
84 7 264
39 5 109
55 11 219
53 9 220
43 9 454
77 16 848
79 15 275
40 2 414
80 3 217
54 9 1297
98 4 296
69 2 374
37 8 107
78 8 159
49 9 539
63 2 1029
44 4 965
92 7 754
89 13 554
83 17 2303
74 15 2355
93 21 209
38 3 303
69 13 144
38 7 1140
72 12 2100
50 4 1557
72 12 667
40 5 163
87 21 373
67 2 209
57 8 124
66 11 520
43 5 528
31 2 447
93 10 1079
67 11 915
47 6 1267
79 9 2509
48 7 1008
72 12 146
57 2 611
60 15 1240
87 21 853
97 3 375
63 10 1009
97 20 1073
62 9 313
48 4 281
84 14 290
39 5 403
83 2 186
39 4 155
34 2 89
61 7 123
66 2 821
75 18 1060
67 5 635
74 7 365
63 7 148
38 6 111
76 4 276
47 2 95
91 22 229
84 20 567
81 14 2010
57 11 508
42 5 1210
59 6 189
68 7 274
30 6 300
91 13 539
77 17 2250
44 4 165
68 17 641
43 8 292
93 22 199
72 13 1843
78 19 239
69 15 196
64 5 458
46 7 461
60 2 328
92 17 1061
69 14 427
62 7 1302
57 13 797
87 2 362
79 8 543
61 7 390
87 13 961
37 7 289
94 3 465
62 3 341
96 8 2214
61 14 545
42 4 832
72 17 1319
61 2 765
60 14 397
53 10 225
50 12 310
78 15 849
72 11 273
68 3 599
95 13 2991
57 10 907
58 4 353
34 3 485
74 7 508
87 12 448
65 14 462
34 6 190
34 3 82
38 6 295
55 11 826
98 23 943
86 12 205
89 15 317
55 3 914
65 13 321
98 24 1893
87 7 388
87 5 281
99 19 1694
85 11 791
77 19 965
74 15 456
83 7 228
87 2 265
64 7 716
45 5 626
97 13 341
64 15 218
41 6 981
71 17 808
44 10 90
81 13 514
39 3 256
37 2 105
39 6 708
58 9 958
47 2 1143
35 7 165
96 12 508
56 4 402
84 3 1820
62 14 619
89 22 564
52 5 893
57 9 593
83 12 480
66 2 155
49 10 508
32 6 198
31 2 109
91 15 1206
36 6 799
79 2 1303
38 4 138
89 16 207
77 16 296
64 8 390
34 5 579
69 14 157
61 2 198
96 9 1753
35 8 111
67 4 1060
92 12 1166
42 3 480
88 20 541
83 5 810
95 2 2632
39 3 85
78 9 484
83 12 1054
96 12 496
32 6 167
81 19 2206
56 8 458
93 2 1105
51 2 522
57 12 726
41 3 716
56 11 1418
66 5 636
98 16 2004
81 10 176
30 6 82
44 6 263
91 12 1546
98 4 242
63 12 408
66 13 394
61 5 124
98 13 360
94 23 298
68 15 221
66 9 675
82 9 923
33 4 308
43 2 222
37 5 117
89 3 962
49 3 150
65 2 242
77 13 232
68 6 151
55 3 933
50 3 543
66 13 687
93 3 966
98 3 383
69 16 679
68 10 457
91 12 411
92 5 909
34 5 357
87 4 356
83 3 753
31 6 150
59 3 223
82 16 1470
36 8 770
88 9 1871
50 11 800
87 6 459
54 5 170
39 5 744
89 7 698
49 7 287
35 2 147
41 3 188
49 8 380
90 19 1070
58 8 365
85 11 547
64 16 923
41 5 757
53 10 382
94 5 1576
60 3 272
87 20 544
53 10 282
31 5 315
37 4 416
91 18 2784
92 16 270
82 14 582
97 18 353
58 6 1052
95 8 1461
96 5 2682
65 11 651
67 12 667
76 5 426
95 14 222
86 13 1125
50 2 942
77 6 2277
55 4 406
40 9 723
89 12 576
76 4 195
64 5 1880
72 6 189
95 11 246
31 7 514
30 7 67
93 11 1279
52 7 130
98 10 2663
55 10 149
78 18 1695
42 8 122
98 9 417
72 10 459
76 13 1420
59 8 234
62 4 1422
84 20 445
30 5 410
34 8 198
85 3 323
32 5 105
96 13 215
92 17 1152
77 4 1330
47 6 435
67 16 673
48 7 132
40 10 186
83 9 856
61 7 353
73 14 423
45 5 1144
47 11 734
55 5 379
80 16 226
37 2 908
46 11 93
77 17 904
82 17 268
51 4 1620
57 11 1194
57 12 660
57 9 289
79 13 1003
90 21 1903
47 7 415
75 6 1996
54 6 734
33 3 400
62 15 155
45 9 752
73 14 848
73 2 204
83 15 444
83 8 1104
94 20 447
57 12 973
68 13 433
100 3 1103
54 8 154
64 4 135
94 4 429
89 12 199
79 11 1346
71 9 494
73 14 1635
87 8 904
83 10 1045
66 13 262
57 9 1658
47 4 271
42 4 606
67 15 1298
77 19 2336
69 4 524
46 9 191
93 5 232
33 4 615
76 18 970
58 11 1035
72 3 715
66 13 1153
79 14 786
95 20 1534
76 4 378
55 12 193
88 20 420
78 7 2195
34 3 937
80 18 964
43 2 343
84 7 1623
95 13 238
35 2 166
68 15 1186
89 11 370
60 5 1298
79 6 1644
36 9 97
82 20 217
30 2 107
33 8 510
97 13 316
45 3 383
77 17 1037
42 2 105
78 13 172
55 6 425
92 19 1075
30 3 715
99 21 282
81 7 478
57 9 1238
35 7 569
65 14 1035
40 6 174
52 2 233
76 19 288
46 5 759
96 5 540
61 11 858
40 4 182
34 7 920
55 9 338
85 11 1121
50 12 1521
62 2 369
99 19 908
75 11 254
49 7 343
70 7 518
75 5 222
89 10 704
80 6 1951
79 12 1101
33 3 585
35 6 88
46 11 1334
43 5 144
45 11 555
85 15 1061
41 2 473
89 2 221
31 5 612
61 3 1254
53 7 348
93 17 610
68 14 197
39 8 125
91 4 1880
76 18 1866
66 16 370
70 4 528
99 16 287
45 7 914
32 2 133
56 8 1690
68 6 481
64 6 792
43 5 1031
92 13 2563
59 6 166
48 5 118
33 6 462
76 19 166
39 4 699
64 5 1859
53 2 307
54 13 258
64 16 1048
90 15 1655
49 9 772
92 17 242
33 5 150
58 7 231
61 2 219
94 5 2252
80 10 681
93 15 2122
95 2 416
57 12 776
97 12 1290
82 15 1279
47 2 336
36 9 257
96 9 300
44 3 163
81 10 175
58 11 182
34 5 447
35 4 85
35 2 218
91 21 185
42 9 594
54 5 504
51 6 835
47 8 455
59 3 851
37 2 90
43 8 119
84 19 1031
40 5 87
100 14 2403
43 2 782
73 7 437
94 7 234
40 4 300
86 8 969
33 5 331
61 15 1299
56 4 197
65 6 2053
63 2 1429
67 5 683
40 5 499
47 3 1194
41 7 345
91 15 295
42 6 713
92 19 1286
46 4 604
80 12 542
97 20 486
77 5 241
56 4 206
69 9 180
99 7 1196
39 6 1006
60 12 322
66 4 1365
56 12 183
73 10 854
43 2 105
89 21 1989
93 23 1125
85 5 1155
54 7 514
57 11 1283
83 6 2268
45 10 460
43 10 127
53 10 158
87 12 2359
48 3 162
60 12 522
87 5 2271
89 11 1764
42 8 160
85 6 592
33 4 706
81 5 1053
92 8 1532
85 2 176
52 3 1268
57 8 411
54 8 1077
83 18 1734
60 4 357
64 8 1067
85 12 2271
89 19 678
57 2 662
79 5 900
71 10 2189
63 15 228
97 23 1465
86 9 937
89 8 1276
46 6 1058
89 16 586
59 7 581
86 12 508
92 18 461
89 7 2070
53 6 480
99 20 494
92 9 383
41 8 495
37 3 217
87 20 1127
60 15 180
86 3 1818
89 8 605
82 3 362
69 6 189
63 10 276
53 12 1291
89 5 377
79 18 798
30 5 849
64 9 216
61 4 252
37 7 91
79 8 1203
98 8 2803
30 7 587
77 3 277
66 14 1027
43 6 444
43 3 883
38 3 112
78 15 173
35 5 245
34 5 716
77 13 164
87 3 1083
96 11 738
76 14 431
66 7 783
91 4 1068
79 7 496
79 6 694
77 18 191
84 6 851
81 6 409
36 9 152
58 14 1646
43 6 866
47 6 506
80 11 253
55 9 202
65 10 421
53 4 525
62 2 425
32 6 213
64 3 518
49 5 922
43 2 185
42 5 1132
80 4 1651
91 21 249
81 14 737
86 5 1121
36 7 395
90 2 247
53 2 340
78 9 203
63 10 136
89 2 288
70 8 215
45 10 339
87 21 440
99 6 1571
66 16 686
44 9 1314
55 3 887
71 12 313
30 5 114
72 10 473
39 7 896
41 3 603
30 6 184
86 14 869
89 6 662
52 6 1432
79 6 193
62 7 1020
84 8 586
65 3 2025
74 18 1003
74 11 496
77 9 632
65 9 211
30 7 128
36 8 920
72 17 1521
71 13 877
55 4 245
60 5 211
86 13 1590
74 11 2217
63 12 202
87 2 706
62 13 1299
45 9 880
37 4 207
82 5 1082
82 6 1365
60 7 155
90 6 1367
34 3 154
80 18 205
46 5 300
93 2 332
60 6 160
44 11 412
75 18 626
85 3 1077
87 16 256
93 3 234
46 11 866
99 12 613
49 4 119
33 4 240
83 4 190
67 15 927
63 11 288
76 16 2161
91 21 254
32 4 323
86 8 1247
48 3 126
51 11 1495
31 3 80
41 4 784
52 10 145
71 10 584
68 2 490
91 2 2210
72 9 224
53 11 1134
48 12 101
63 6 313
54 2 225
72 16 427
93 20 2208
30 2 736
84 6 339
78 18 906
59 3 567
94 2 1287
54 10 1665
68 4 612
78 11 268
38 5 620
100 17 321
90 19 1222
42 9 100
85 19 512
89 19 1033
46 5 947
91 5 183
49 10 988
72 13 226
55 2 126
66 3 1669
56 7 386
37 3 474
66 16 1907
94 9 253
74 10 1545
45 6 592
96 7 246
93 7 251
85 17 320
37 3 995
93 4 2002
35 2 81
50 10 1173
36 8 463
63 4 407
81 5 1614
36 6 191
75 2 216
84 15 317
63 8 455
75 11 341
43 7 148
75 10 534
45 9 761
81 19 871
37 5 935
63 2 1434
50 9 376
46 8 138
83 11 679
47 10 1256
55 12 139
90 22 1337
96 8 840
31 5 636
86 11 1154
33 5 787
83 13 1124
75 14 252
54 9 446
100 7 2441
58 9 611
61 6 1517
78 17 373
67 7 1787
47 6 1362
43 2 295
37 3 347
67 13 1920
69 3 159
82 13 415
44 3 913
54 4 141
75 12 170
72 17 416
51 5 151
35 8 79
90 5 1114
39 6 709
53 7 454
51 2 817
31 3 86
88 2 545
61 11 916
63 4 839
35 8 155
86 7 709
72 15 479
53 5 1251
83 13 2338
34 4 184
85 11 322
32 6 114
73 12 194
91 13 2157
58 7 214
65 3 242
84 18 230
39 7 135
34 4 108
51 6 1010
30 5 77
58 10 395
79 10 1616
96 7 228
88 19 435
38 5 129
83 16 2527
62 12 602
86 17 733
74 10 372
41 10 986
81 18 297
49 5 341
75 15 201
86 13 555
100 4 725
39 8 314
86 11 381
37 6 643
88 20 2302
38 8 157
41 6 137
52 6 355
98 5 452
63 6 129
30 4 172
87 10 176
98 15 510
44 4 103
64 13 1036
74 8 1115
84 11 492
97 8 317
45 9 300
49 12 716
97 2 1624
82 14 673
42 2 128
31 7 90
82 20 173
71 6 1296
64 5 410
38 8 156
55 10 225
94 6 290
73 15 578
45 5 163
61 3 716
70 9 550
65 2 252
64 6 1215
92 6 837
81 11 648
93 10 2271
39 5 883
96 3 236
79 15 301
76 6 380
54 11 816
31 5 838
58 6 147
46 7 474
93 23 740
36 6 119
50 9 135
66 12 1513
48 7 969
69 11 478
55 9 713
31 6 764
76 17 432
36 9 107
53 13 113
67 7 1785
38 6 147
32 2 534
56 4 387
31 6 829
80 14 427
72 13 1537
46 5 350
38 2 689
46 4 142
57 6 499
82 10 2051
94 3 1593
80 5 185
56 9 517
43 5 89
66 10 862
82 18 783
60 6 450
68 13 1175
74 5 1244
57 4 138
33 4 646
65 16 136
90 17 751
80 14 1655
55 9 690
34 5 692
50 12 237
46 7 231
41 2 91
84 9 247
86 12 1254
87 3 2346
97 8 1898
57 3 411
87 13 573
71 3 149
50 10 686
77 2 1966
67 10 1710
43 4 135
93 14 326
45 4 109
48 10 1270
98 12 1636
93 9 951
66 4 1818
37 6 281
50 2 488
78 13 383
34 5 406
75 9 429
35 2 107
48 6 107
69 5 697
44 5 115
73 14 2038
67 11 1009
64 9 327
66 12 993
32 4 436
96 8 1079
44 7 132
57 13 175
76 17 258
44 9 765
96 5 198
36 9 112
82 18 739
33 2 312
66 13 269
93 18 974
82 12 1006
34 6 819
57 6 425
62 14 1118
44 11 705
53 13 368
94 21 2912
43 2 529
33 3 327
93 18 408
79 6 645
71 16 185
45 5 192
83 5 1126
35 3 510
99 13 215
38 2 91
79 3 2199
67 5 181
79 3 1179
69 2 1050
78 14 260
53 4 1547
37 2 996
42 8 115
55 3 124
80 18 251
51 3 718
98 10 514
88 22 1920
46 3 107
88 3 1402
73 6 973
40 7 380
81 3 2355
82 5 1358
69 5 381
62 8 1447
82 16 1016
99 3 1607
57 8 200
58 14 815
38 6 165
59 13 344
75 5 551
77 3 213
55 5 497
93 2 2790
30 2 619
70 17 557
64 14 1558
34 6 474
80 20 544
78 7 1783
35 8 401
100 2 531
34 6 82
58 4 1130
53 9 505
85 16 1742
79 7 419
58 11 220
31 6 69
67 13 1769
41 9 486
65 7 1698
64 11 1090
78 5 170
44 11 1050
54 7 287
67 7 530
86 16 257
71 3 204
75 10 193
94 12 1601
53 11 187
51 4 398
80 5 775
49 6 762
87 10 2293
79 9 230
39 8 95
47 2 913
88 2 245
99 8 2358
33 4 81
54 3 363
48 11 615
42 9 350
94 5 460
74 12 731
46 2 384
99 6 674
42 5 1177
58 14 450
96 22 896
78 15 812
57 4 758
51 10 302
84 15 2077
33 4 96
100 10 2790
97 9 774
61 15 725
73 14 2147
70 7 622
93 10 366
63 13 1182
75 5 763
87 18 437
30 4 346
33 8 143
83 5 1066
55 4 1371
83 9 410
49 10 349
97 12 242
35 5 838
30 3 813
34 7 91
47 6 195
65 11 354
71 7 1370
64 15 395
97 5 359
50 6 569
90 17 779
48 3 158
87 8 722
51 8 844
67 4 461
49 7 666
38 8 149
30 4 711
53 9 213
76 19 464
36 5 416
49 9 1038
83 10 1088
42 9 352
38 2 274
100 13 1866
82 4 218
31 2 349
58 3 254
79 4 1597
81 6 1973
33 3 275
47 3 486
84 19 702
59 6 1036
97 7 266
54 12 633
35 4 157
81 10 1480
76 18 1405
40 5 119
81 7 1623
43 6 143
51 12 1060
49 4 1056
81 9 1702
79 8 194
91 8 1924
85 17 265
56 9 477
83 20 274
87 9 340
85 20 587
57 7 577
78 7 1552
78 8 311
84 15 632
30 4 322
60 3 174
67 8 157
80 10 198
37 2 523
48 8 122
62 2 294
61 11 1035
69 17 505
37 5 453
43 10 1079
100 21 1181
51 10 404
79 15 178
86 15 819
64 4 370
80 3 170
42 4 128
62 12 386
40 7 292
89 18 2578
41 4 439
90 17 2288
40 3 265
70 2 496
39 3 86
35 6 872
85 21 305
49 12 975
56 12 1021
54 4 679
36 2 90
99 18 309
75 7 263
40 4 119
79 12 323
58 3 971
60 8 182
62 14 311
49 5 100
42 2 346
64 5 517
85 17 590
56 3 1292
93 3 1555
36 7 816
66 9 155
48 8 218
81 18 287
48 6 140
71 14 799
76 4 543
70 2 667
84 4 317
93 6 1391
90 6 2704
45 2 139
78 8 2476
38 5 811
57 6 645
95 17 204
39 8 279
42 2 266
30 4 120
75 11 1431
82 19 166
99 2 600
67 5 437
32 5 233
62 12 169
96 23 823
75 5 153
73 3 702
100 11 303
62 5 327
54 6 1549
83 15 314
45 9 124
72 12 1544
75 4 201
39 4 451
64 14 831
88 2 807
55 13 1548
98 18 698
57 3 741
99 5 2560
39 7 154
39 4 294
92 7 255
87 20 521
92 9 1036
62 15 412
70 15 332
95 2 1021
64 9 795
55 10 221
96 24 416
51 5 281
98 8 969
41 10 1255
98 8 348
63 6 185
69 10 996
82 4 699
46 7 343
98 23 1392
99 8 3149
43 6 665
56 5 335
83 11 275
61 9 1015
77 5 389
86 17 376
48 12 1085
34 2 702
48 12 182
95 10 410
100 10 845
97 6 554
92 21 2315
93 15 247
79 11 1004
34 6 228
71 11 985
62 5 448
88 21 1317
49 6 862
88 16 411
40 4 961
62 12 178
95 4 1916
39 9 116
34 7 78
74 8 878
96 11 2348
67 6 1466
67 3 294
58 6 1786
60 12 140
54 7 571
51 6 401
54 4 317
53 11 242
98 12 200
65 12 390
72 9 655
35 3 523
40 5 118
35 6 130
78 19 311
54 9 119
86 7 339
38 4 1177
42 6 585
91 22 677
38 5 143
52 4 212
77 4 743
83 14 1062
79 12 727
41 6 100
72 10 714
46 3 849
95 17 1349
85 17 1544
31 4 171
51 12 1347
94 12 423
100 10 550
56 7 179
54 4 1267
78 10 849
49 11 559
99 4 286
65 4 1310
40 10 136
50 8 441
49 12 918
44 2 306
75 8 160
44 2 107
54 11 437
87 19 2096
44 6 811
61 11 129
82 6 812
66 7 1391
98 5 607
67 14 1762
51 6 1537
43 10 293
43 2 790
33 5 185
79 4 473
33 3 402
55 13 138
39 6 258
59 9 135
39 3 679
90 22 2092
33 4 634
54 8 136
95 15 2721
84 20 2018
58 3 356
58 9 1151
36 2 152
96 7 1268
98 7 991
81 7 392
32 6 351
59 5 450
100 10 2012
85 2 1982
78 10 451
41 6 416
73 5 965
93 13 970
40 5 1013
44 5 184
42 8 136
49 4 612
67 16 705
92 8 1493
94 9 335
76 19 419
35 3 104
59 8 1301
67 12 1824
97 12 1976
71 2 737
59 6 627
36 4 222
55 3 319
51 10 664
93 18 358
62 5 411
66 16 1873
85 8 735
58 8 369
61 3 1562
93 4 2949
100 4 331
59 2 880
69 6 935
74 8 651
43 2 1008
74 17 1917
40 4 97
60 7 1039
47 8 673
61 11 443
62 12 468
67 6 855
36 4 145
68 12 251
31 6 466
54 3 619
99 5 1067
83 10 862
62 11 173
41 4 111
91 7 2582
57 9 652
47 7 1439
38 8 238
85 16 235
35 3 128
95 21 2119
32 5 90
95 7 322
37 9 607
75 7 322
85 13 549
90 5 349
71 6 251
87 11 530
98 23 664
94 2 745
66 11 1965
36 8 146
93 16 2695
39 6 82
43 5 171
46 7 1090
73 4 326
81 18 939
39 4 355
71 12 162
86 9 676
40 2 1209
95 23 2848
74 10 1346
56 5 719
40 6 932
76 13 1783
65 3 279
59 6 1672
95 9 516
78 4 1936
100 25 2193
63 15 137
86 3 372
88 6 1427
64 9 401
58 8 532
96 11 606
89 3 1613
91 15 1728
77 2 382
44 3 233
50 10 501
71 4 926
56 14 499
87 3 1814
30 7 362
90 12 1925
71 12 379
62 2 1268
62 9 414
97 3 411
94 20 1062
80 16 391
56 12 971
95 18 2736
88 5 511
44 8 263
58 12 186
31 7 812
84 7 192
45 8 1048
39 2 893
63 10 144
82 13 399
69 9 1492
89 19 401
68 3 383
74 11 859
38 2 81
87 7 2770
72 5 446
48 12 527
70 6 171
88 13 179
40 5 780
94 13 1299
52 4 444
41 2 196
84 5 926
100 15 2817
60 6 128
62 4 1792
72 5 715
94 16 761
56 10 250
83 19 223
83 7 1276
50 7 170
70 16 842
42 8 1135
77 19 455
85 7 1911
80 7 861
71 10 465
69 12 2156
93 6 524
89 2 1977
81 20 351
39 4 189
97 4 602
39 9 103
72 11 607
32 3 690
37 4 94
71 15 304
92 12 2800
93 9 2909
52 2 984
34 5 636
81 6 442
84 18 920
43 5 1196
62 4 1373
87 7 233
45 5 697
84 17 1124
94 9 539
79 4 2473
58 12 151
93 4 380
51 5 911
93 7 512
93 21 292
75 18 2195
86 10 1958
36 6 87
56 14 869
90 3 570
61 15 446
60 14 162
72 5 1626
30 3 533
38 8 454
50 3 144
60 5 205
71 8 1000
59 14 748
91 14 1019
34 6 939
96 16 218
71 8 380
35 2 693
96 21 1515
34 2 96
96 9 516
93 13 712
59 6 630
84 10 1027
75 9 215
95 9 307
59 5 1357
51 7 320
84 2 169
99 15 1628
34 7 1005
72 17 177
88 4 1821
60 12 1103
99 15 1044
87 16 674
63 4 228
32 5 985
80 3 1055
39 9 708
53 8 568
73 5 154
41 9 237
97 16 840
88 7 1802
36 8 179
42 6 1083
93 4 211
33 8 870
49 5 172
37 4 1060
44 11 391
86 16 190
90 22 1861
82 15 534
45 4 323
99 16 505
79 12 297
44 3 250
86 19 1302
87 6 935
80 5 850
55 8 298
68 4 143
42 6 354
78 17 324
43 6 1223
41 7 370
87 14 186
52 11 651
98 22 588
44 8 336
61 14 182
32 4 201
81 19 1698
98 7 414
51 6 1557
39 2 868
68 10 1773
99 18 239
67 3 417
35 2 91
41 3 340
65 9 926
56 12 480
65 14 1494
31 6 903
38 8 318
66 8 1357
30 4 205
57 14 698
92 17 1144
61 12 1468
54 7 506
74 13 1274
84 2 686
97 17 256
55 12 111
86 13 2138
67 7 594
92 21 1428
52 13 948
91 22 296
38 7 131
67 12 329
59 12 319
54 6 589
58 14 682
70 8 1703
46 3 131
57 6 598
49 12 637
60 3 787
66 9 887
50 8 150
38 9 131
77 17 264
40 6 83
44 8 88
57 12 183
69 14 152
63 7 795
55 6 157
73 7 599
100 10 204
75 5 301
67 5 452
72 11 788
39 9 987
32 7 460
75 10 1269
81 15 821
92 5 2828
38 2 79
71 2 460
73 12 294
58 14 235
59 12 242
78 7 727
30 5 300
100 14 708
65 7 1131
43 7 156
69 4 852
32 2 637
95 10 567
74 4 1304
57 5 327
35 8 79
67 8 192
93 16 340
58 3 1435
62 9 128
37 4 349
60 14 342
77 11 836
47 5 219
67 11 339
54 2 1061
92 21 268
34 7 198
47 5 622
50 7 423
42 6 153
51 12 599
77 18 370
99 11 429
34 8 808
100 19 245
83 5 375
44 10 353
94 17 1733
64 6 205
94 10 1182
48 7 743
78 12 790
65 15 666
90 3 834
79 17 364
64 12 1222
94 2 365
100 9 2636
75 10 164
56 6 226
71 13 153
99 14 580
39 3 88
71 8 779
31 6 92
57 9 672
71 11 431
80 2 468
46 7 906
90 20 1311
89 22 1508
45 9 1325
98 8 1790
69 16 406
95 18 1497
30 4 183
54 8 304
81 17 208
43 2 401
66 12 1151
74 12 409
68 10 1448
95 8 477
65 13 1715
93 6 597
91 21 310
35 2 339
76 19 218
63 13 244
39 8 138
37 3 1099
70 9 145
42 3 320
59 3 1761
59 5 358
51 4 118
81 9 2184
65 7 1635
48 12 161
76 18 549
97 7 236
33 3 208
82 13 518
67 8 267
86 18 223
34 2 368
97 17 1826
37 3 573
58 6 292
100 14 725
69 15 397
49 5 583
66 10 247
55 4 332
34 2 175
32 4 235
81 19 181
68 5 195
100 21 743
59 2 760
41 6 364
59 9 1103
74 7 271
61 10 208
44 5 188
67 12 156
66 7 211
89 15 460
62 12 1101
73 11 178
45 7 525
51 11 160
90 14 684
90 14 371
61 14 153
80 19 165
42 5 588
95 17 2295
42 9 1133
67 7 155
33 8 215
30 3 785
69 5 430
35 6 303
54 5 1711
97 10 998
42 8 241
51 3 1268
89 17 1152
100 16 1467
65 8 434
43 7 634
59 7 1726
58 9 303
30 4 207
35 5 358
82 7 301
62 3 1720
73 10 259
59 2 641
97 23 867
60 2 520
96 13 750
49 3 244
37 4 612
73 14 1039
77 6 175
52 8 118
73 12 259
94 12 2052
63 9 1972
95 14 193
89 16 1005
35 6 84
84 8 169
90 17 385
85 6 355
38 4 201
63 13 242
68 11 1553
67 10 590
52 9 660
55 8 1744
52 12 167
61 14 145
90 8 755
74 18 1387
89 2 179
61 2 858
37 7 303
94 10 1515
85 8 999
93 11 1914
52 8 519
53 2 238
95 5 287
78 4 784
57 4 257
83 9 358
75 7 1281
94 17 313
60 7 1686
88 2 826
73 11 835
51 2 195
66 11 987
80 20 890
88 5 330
51 4 1087
44 2 144
34 2 790
86 13 721
43 4 263
64 9 1409
65 8 1238
63 10 171
82 9 1012
44 6 1029
63 9 660
62 10 190
43 4 111
63 5 1295
91 6 234
94 23 2109
36 6 347
98 19 1200
73 15 1443
40 10 552
99 15 224
62 6 414
74 17 1703
70 5 279
67 11 297
91 14 219
52 3 202
98 13 791
43 8 120
74 13 373
37 5 982
49 5 205
53 10 804
98 19 439
57 3 212
39 7 132
55 5 282
41 8 296
96 6 435
75 2 1349
43 5 131
95 14 518
93 16 468
35 2 127
91 5 515
45 8 102
46 8 517
67 13 1366
88 15 229
100 7 214
77 11 561
47 3 131
31 7 88
43 7 156
83 6 804
100 10 1096
79 6 292
80 6 2505
47 8 1019
81 5 1759
31 6 135
97 21 801
70 12 515
99 18 236
50 8 1274
68 10 270
69 9 1329
60 4 1447
74 18 179
96 19 1727
82 13 984
95 17 586
55 4 566
64 4 267
43 7 145
72 10 595
83 19 315
94 12 2605
90 7 677
85 12 226
30 2 471
89 2 1413
98 18 1577
69 16 813
91 8 218
50 8 174
86 17 2514
53 2 200
90 2 1438
38 9 148
83 3 416
97 16 871
76 18 212
64 8 382
42 7 138
44 3 635
71 4 808
77 5 971
43 9 178
99 5 1878
72 6 349
58 7 1053
81 12 1318
40 9 249
100 25 2641
68 3 214
74 18 656
65 15 1381
45 4 431
87 17 2530
69 13 1354
36 7 375
68 6 678
44 3 699
86 4 344
54 2 208
92 7 778
86 11 873
60 9 1029
76 13 2336
72 5 169
90 11 319
83 17 527
60 14 135
66 7 308
35 7 174
71 12 366
70 4 280
67 12 262
43 3 878
36 3 91
95 19 827
92 11 1042
82 20 364
57 8 243
88 3 980
58 14 575
92 16 604
59 12 707
92 15 263
39 5 115
81 19 207
99 5 1763
75 15 317
48 10 1308
32 2 289
53 2 164
69 6 551
76 3 628
50 12 112
93 23 2410
86 9 618
39 7 1037
62 15 363
58 3 138
85 7 900
61 15 367
73 10 270
66 14 380
74 5 331
82 2 1128
95 19 1301
34 4 155
45 10 1267
60 8 1620
72 15 1045
96 6 669
95 23 1855
72 11 777
85 17 330
47 3 917
30 2 402
82 2 1456
82 8 282
30 7 522
46 9 198
37 8 530
45 7 569
54 11 121
40 2 108
43 8 714
55 10 188
36 4 627
51 9 249
66 6 1483
71 2 904
54 4 589
92 20 1893
54 12 416
86 14 635
81 7 1701
89 10 445
37 7 133
77 12 544
71 3 285
47 10 207
87 16 233
43 7 103
91 15 370
61 13 485
84 17 214
79 11 596
38 2 612
96 18 2371
79 12 188
73 10 643
68 13 1020
85 7 1379
89 9 565
78 18 646
79 5 337
90 16 260
39 4 308
64 4 468
50 6 267
83 19 745
70 16 670
93 15 2253
45 3 307
55 2 689
89 2 1282
56 2 1685
38 3 864
92 23 1472
84 8 563
86 3 735
58 14 286
81 12 647
67 10 1400
67 9 137
54 13 250
40 8 616
54 7 621
52 11 116
71 10 170
77 16 729
90 16 1255
39 3 283
67 12 1619
75 12 624
44 8 191
66 6 643
92 18 516
62 12 1874
48 6 684
76 6 708
76 15 2091
94 16 838
71 6 1815
45 4 168
87 7 898
75 4 1509
61 7 1312
62 2 252
82 10 1419
42 3 556
99 11 591
40 7 187
37 3 746
97 18 979
79 17 1842
45 7 492
37 5 99
80 20 1003
33 3 817
91 11 312
89 9 1075
68 4 1673
72 12 195
50 7 249
57 4 871
43 6 152
60 5 385
64 8 752
34 7 399
33 4 715
34 3 75
58 7 1316
60 13 729
68 15 1298
66 5 511
41 7 1303
40 2 1126
55 4 330
99 12 1505
40 10 80
79 17 276
89 16 289
55 13 1708
30 3 568
82 9 1263
60 7 191
95 17 2383
45 2 1119
33 6 1025
66 2 322
30 3 135
33 7 888
99 14 290
67 9 538
79 8 319
67 3 1186
78 13 1026
68 6 954
62 5 145
84 3 622
31 3 68
45 7 354
73 18 162
91 2 2516
72 18 332
41 2 350
46 2 133
37 6 820
30 6 77
30 4 131
98 15 529
78 16 1062
38 7 92
75 16 201
36 2 863
88 4 1527
92 12 819
87 4 2059
93 11 2735
58 3 180
96 6 353
72 8 345
99 24 222
69 6 1454
33 7 389
51 12 120
67 12 1599
72 12 493
85 9 1298
100 7 388
56 5 720
45 5 184
77 15 685
37 4 547
98 21 1189
97 22 1421
90 11 1449
80 9 253
71 6 340
32 2 708
73 10 1977
66 3 758
36 9 590
96 11 210
96 10 425
85 2 1375
47 10 1188
41 4 902
78 19 272
70 13 278
75 6 1784
54 7 701
