31 2 128 111
56 6 1120 879
94 5 2009 1745
80 6 2288 1904
43 9 435 286
42 10 202 113
65 2 346 313
79 5 294 98
39 7 197 111
55 12 885 471
65 10 1690 1276
59 13 340 168
77 13 1193 695
52 13 954 430
50 11 568 388
44 11 270 145
45 4 221 119
43 6 97 0
68 9 1028 682
82 10 1182 755
96 20 2071 1059
89 17 2707 1649
40 2 378 357
59 6 1069 804
91 12 1079 657
99 23 999 515
96 2 1344 1295
43 8 395 269
80 7 226 0
72 17 1423 657
74 3 410 311
59 2 254 224
71 8 301 100
90 18 253 0
32 8 418 264
72 6 354 164
81 6 516 227
86 21 382 127
89 8 670 324
61 4 214 71
42 5 410 318
36 9 117 0
87 9 2486 2061
88 17 199 0
98 13 1536 1080
57 11 355 173
45 3 860 766
59 12 328 164
54 7 1183 928
93 12 476 204
66 4 1200 1026
36 6 428 262
46 6 145 13
61 5 162 0
54 9 435 246
39 6 331 211
92 12 1757 1130
96 3 200 75
49 8 1467 1246
34 8 107 0
57 6 396 207
69 10 342 160
36 5 185 107
96 12 933 493
86 3 1312 1211
52 5 235 124
80 9 482 215
70 11 2101 1606
37 2 194 174
45 8 1001 811
49 6 235 124
54 3 1483 1409
62 13 318 152
100 5 612 308
38 7 214 126
42 2 279 257
32 7 117 39
99 22 2574 1011
49 8 168 0
51 4 1344 1218
83 4 485 282
86 18 1620 847
47 7 253 130
71 5 292 97
51 5 1101 917
91 22 1274 873
39 5 309 204
58 2 125 95
30 5 227 176
89 13 2489 1731
69 11 403 189
74 12 2358 1700
53 9 960 512
74 12 161 0
66 2 2009 1975
52 9 159 0
59 13 448 250
83 12 455 197
74 14 204 0
64 2 956 923
78 17 469 211
41 7 115 0
68 9 623 345
46 7 469 338
99 13 1130 612
72 3 234 93
74 17 376 171
60 5 265 111
44 9 368 223
50 4 208 95
50 3 1400 1331
55 11 192 0
42 2 733 711
63 12 446 223
60 8 401 208
32 4 595 528
66 11 133 0
70 13 494 239
98 2 2623 2573
37 5 89 0
35 3 803 757
90 3 929 837
96 19 264 0
87 2 386 342
67 10 805 566
51 2 896 869
96 7 815 372
41 9 510 295
85 6 1315 991
47 9 251 129
97 14 230 0
75 14 409 182
48 9 881 624
38 6 901 760
31 2 275 258
75 15 324 108
37 4 122 47
83 19 231 0
43 6 292 172
49 2 522 496
30 7 334 201
87 19 1729 854
32 5 71 0
78 11 610 304
95 13 981 509
76 16 291 97
53 3 568 498
80 2 1659 1618
61 5 1435 1230
37 9 195 111
85 16 1953 1214
97 24 1397 914
63 15 149 0
79 13 309 103
34 2 176 158
88 15 1155 755
39 5 344 246
79 10 305 101
54 6 1123 963
37 5 118 0
71 17 199 0
31 5 427 311
70 11 337 158
97 9 335 0
72 7 890 594
48 11 236 124
71 15 572 291
40 7 87 0
79 9 1572 1094
86 18 853 466
33 4 595 539
54 5 122 0
67 16 961 583
83 17 651 318
57 11 206 68
72 17 1808 1166
76 8 791 445
67 6 582 354
41 10 512 283
69 15 743 483
86 18 892 479
36 8 369 226
95 12 423 141
98 16 463 200
74 12 910 601
67 6 805 566
60 3 1358 1297
51 8 1007 756
44 9 1330 1076
30 5 62 0
79 19 1517 801
90 10 2381 1801
58 4 490 356
44 9 139 0
34 5 184 108
83 9 250 0
34 6 96 0
57 13 583 376
74 17 218 0
48 9 285 150
51 12 918 445
31 6 641 555
30 7 334 194
62 5 653 453
100 6 1457 1083
96 7 1417 947
89 2 699 653
59 12 515 309
30 2 108 92
79 15 401 179
69 11 664 403
99 16 285 0
36 6 262 162
45 5 258 141
84 9 1466 935
83 11 1280 791
81 16 390 176
76 5 155 0
82 18 240 0
70 6 1669 1371
91 14 2640 1905
68 16 230 0
38 6 130 0
67 10 352 163
82 13 2504 1589
41 10 122 0
47 3 811 737
70 17 1380 679
43 4 784 668
35 4 248 157
80 4 211 0
32 6 115 38
71 17 934 644
68 6 341 159
55 7 151 0
86 15 1537 856
99 15 2429 1566
90 6 556 240
43 7 527 302
33 6 203 122
68 17 512 271
32 5 283 197
41 5 386 255
75 9 158 0
44 3 109 42
93 19 1188 766
95 8 2247 1734
42 7 177 59
73 14 1038 647
94 8 355 118
68 5 883 732
72 13 166 0
45 8 866 574
43 6 127 0
88 6 209 0
83 2 191 148
40 9 262 162
58 10 930 474
98 19 1091 599
94 9 478 205
96 2 569 520
73 10 1586 1202
57 7 258 132
62 4 400 238
32 2 109 92
89 4 739 486
69 4 359 165
39 6 391 292
98 7 238 0
31 6 85 3
58 2 178 148
35 6 436 316
66 5 248 82
81 12 260 0
49 8 149 0
95 14 1320 889
92 14 589 251
36 6 926 759
71 7 1482 1072
43 9 732 529
85 13 2574 1925
72 2 1791 1754
77 10 351 163
30 5 117 39
31 6 462 345
70 11 1733 1179
86 15 1350 830
64 3 1695 1609
37 2 418 398
79 7 730 381
40 8 254 139
47 10 120 0
41 4 98 0
99 5 1865 1579
97 7 215 0
85 17 2633 1609
82 15 378 172
45 4 1321 1187
83 17 610 278
62 3 1438 1336
32 7 457 320
35 6 201 122
45 5 124 6
59 4 1157 1028
46 6 174 58
52 3 248 151
46 3 327 281
85 6 220 0
75 15 256 0
61 12 868 526
73 12 154 0
38 7 479 324
74 3 987 887
36 9 192 110
97 10 1310 885
49 11 112 0
92 23 2165 950
92 11 320 0
98 21 2340 968
63 14 271 90
68 15 326 154
43 8 591 323
43 7 870 679
39 3 252 187
87 8 2624 2106
48 2 506 481
60 3 160 63
37 7 1044 889
63 14 245 81
93 17 1990 872
99 2 603 553
31 6 370 282
32 2 233 216
61 5 686 480
68 3 167 76
82 17 255 0
74 4 560 429
88 5 253 8
70 2 188 152
54 3 372 293
99 24 486 208
44 5 109 0
44 2 432 409
67 7 428 197
54 9 508 307
30 6 91 0
48 8 1268 979
55 6 286 141
55 11 340 168
38 9 159 53
34 3 275 220
62 14 165 0
78 11 1026 673
98 21 2587 1172
59 14 805 534
38 8 85 0
57 8 122 0
71 4 1931 1745
65 10 172 0
41 6 387 279
48 12 1325 941
64 5 258 86
30 4 251 176
48 5 561 404
88 11 1658 1108
81 14 632 311
50 5 1521 1360
90 8 886 477
36 3 95 46
43 8 933 749
36 2 439 420
66 14 1601 989
93 7 304 0
53 8 377 200
47 2 623 598
30 7 223 149
46 6 1066 912
52 6 157 8
39 2 97 77
82 18 300 100
53 7 1584 1376
93 6 257 0
42 6 115 0
98 2 308 258
56 8 134 0
32 3 80 33
82 9 805 450
35 3 126 75
60 5 768 638
80 16 522 249
44 5 545 390
72 16 339 159
58 13 122 0
71 15 2161 1413
84 2 2203 2160
53 9 334 166
49 12 412 238
44 5 855 701
39 8 621 374
95 3 216 0
48 12 131 0
68 5 393 206
46 7 186 62
86 5 829 458
40 10 294 173
64 2 1298 1265
85 15 1423 944
35 5 98 0
75 8 170 0
60 4 357 179
62 14 936 523
41 3 820 756
59 13 141 0
55 4 927 792
83 5 2634 2402
35 5 453 350
49 8 297 154
61 4 432 320
71 3 428 320
88 15 683 328
44 7 89 0
78 11 269 0
59 6 244 81
56 3 922 818
79 19 1161 693
60 7 1468 1204
81 16 857 521
51 6 407 249
81 7 599 274
86 11 580 268
59 6 281 139
41 7 1196 1042
92 2 2139 2092
41 2 194 172
84 17 1301 805
100 23 2289 1234
86 8 965 557
78 8 364 167
51 6 1034 855
46 10 590 327
41 3 350 294
90 6 331 110
90 20 264 0
90 5 1900 1621
65 11 177 0
37 4 608 523
88 20 306 0
77 14 1951 1185
35 2 173 154
52 10 179 0
40 2 227 206
67 16 1398 659
75 17 1631 750
33 4 608 540
95 9 689 304
71 3 223 116
99 16 923 445
33 2 288 271
49 6 173 57
99 4 590 251
60 7 659 455
30 3 833 789
84 7 235 0
93 23 2688 1126
56 10 121 0
30 3 74 23
36 9 129 43
74 18 220 0
59 14 773 506
92 21 229 0
69 3 203 25
79 18 2299 1369
81 15 1472 843
56 4 939 805
32 8 429 248
37 9 290 197
94 13 251 0
79 14 255 0
94 21 1991 1130
85 16 1257 785
68 4 165 0
40 7 104 0
35 4 478 377
96 17 1071 593
48 3 583 519
84 13 2028 1225
36 4 234 159
57 12 124 0
74 4 842 681
49 11 367 197
44 9 380 264
75 13 1724 1027
79 8 800 448
67 13 715 474
58 2 333 303
53 5 470 294
53 5 1336 1150
46 10 203 67
64 16 474 233
56 13 208 69
34 4 961 885
63 6 515 284
77 6 2276 1918
58 8 728 546
40 10 530 293
69 6 1638 1361
56 13 569 371
88 13 279 0
75 11 1092 708
33 2 173 155
80 7 2237 1858
83 19 541 255
64 3 188 78
91 11 795 403
49 12 1003 532
80 13 577 267
93 14 1167 759
56 11 544 363
33 5 72 0
32 2 88 71
85 2 1114 1070
97 19 564 243
35 6 142 47
37 3 1070 1010
56 9 643 450
43 6 184 61
54 7 791 537
64 9 572 328
49 9 123 0
52 9 1277 899
37 3 77 38
56 2 279 250
62 6 448 224
100 5 249 0
81 9 2548 2107
91 16 413 183
54 6 301 155
100 13 1105 604
67 13 969 609
76 15 197 0
62 11 127 0
48 7 745 515
59 14 155 0
91 6 1180 803
61 7 178 0
56 5 154 0
42 4 376 288
49 9 266 134
76 13 1320 709
39 3 145 89
90 16 2202 1300
41 2 264 242
77 3 432 288
45 8 324 183
82 7 920 542
70 4 1599 1422
54 7 462 292
51 4 740 648
59 2 433 402
83 11 1113 739
40 5 101 1
34 6 128 42
64 16 1700 1030
46 4 1100 964
55 7 460 254
57 6 880 653
91 8 507 224
77 10 257 0
32 2 185 168
75 5 711 418
50 4 112 0
77 3 1949 1870
33 8 520 359
68 9 202 0
84 16 2155 1340
51 11 112 0
98 13 1644 1098
77 19 461 208
57 10 917 549
78 2 2311 2271
49 12 129 0
51 6 300 155
75 7 198 0
44 7 187 62
50 4 1574 1460
30 7 156 98
76 12 1646 1055
59 10 299 145
50 9 689 413
54 4 410 278
64 12 207 0
78 15 204 0
31 4 491 435
89 21 757 390
99 10 2348 1580
87 4 587 361
88 9 702 335
93 16 291 0
57 7 636 448
78 15 1080 797
78 4 187 0
51 12 240 126
32 4 262 204
69 2 169 133
98 18 577 247
96 10 455 197
78 2 737 697
76 3 152 46
45 10 247 128
51 7 116 0
88 13 1936 1266
74 12 239 0
42 8 1294 1102
93 17 1668 912
56 12 1012 599
51 10 144 0
96 21 633 286
49 12 975 658
59 7 122 0
56 3 1131 1072
68 9 1179 795
45 5 1130 1031
58 7 255 85
55 4 129 23
58 11 201 0
57 4 1474 1317
52 6 1469 1290
79 11 2420 1793
52 8 440 247
47 6 241 126
98 24 659 294
48 11 960 645
67 3 437 318
92 20 970 559
63 10 185 0
92 17 247 0
43 8 190 63
84 21 466 210
43 5 238 134
94 18 631 285
39 6 143 47
78 5 1392 1201
52 5 411 245
41 10 1128 801
47 10 596 386
65 14 457 227
70 8 162 0
48 8 235 124
81 16 664 322
69 17 314 150
69 3 982 863
61 4 404 209
78 4 629 429
67 14 625 346
94 8 690 305
53 2 648 620
55 7 218 72
52 2 685 658
32 3 752 717
68 2 781 746
36 2 194 175
84 20 296 98
85 2 362 318
54 6 963 760
97 15 1154 682
56 6 910 713
39 8 1083 912
31 3 406 371
44 2 213 190
99 12 255 0
57 4 159 0
48 7 118 0
67 9 528 277
50 12 146 0
55 4 413 287
43 8 114 0
98 21 648 291
88 11 1206 851
44 7 1201 1013
60 6 123 0
47 2 477 452
93 21 2145 991
64 3 243 144
32 8 68 0
32 6 903 799
87 20 1517 747
70 9 957 604
78 4 1089 830
75 6 184 0
93 23 1416 1010
44 2 180 157
44 7 447 311
36 3 650 576
44 3 253 208
63 10 365 176
91 3 2152 2026
33 7 799 602
36 2 831 812
59 3 170 77
84 7 440 192
71 15 271 90
70 15 174 0
72 10 367 168
34 3 287 249
41 10 171 57
80 9 534 253
100 21 303 0
96 6 1746 1394
64 12 145 0
90 2 185 139
100 4 2713 2422
55 5 181 17
75 16 607 303
47 7 138 0
69 7 678 408
100 9 366 122
41 9 269 164
42 2 234 212
71 15 519 248
45 8 354 219
84 14 935 547
67 12 328 155
88 5 946 636
30 7 148 95
38 3 203 131
43 2 228 206
98 21 1144 679
48 8 135 0
38 3 272 233
82 10 323 107
60 10 128 0
37 3 511 460
55 2 341 312
82 5 2361 1993
65 10 548 283
78 7 192 0
63 15 375 180
44 10 284 149
99 13 2063 1181
61 14 1047 577
67 3 318 210
53 4 410 294
98 19 728 317
44 10 118 0
39 6 288 171
75 18 1152 720
84 17 323 107
62 6 828 659
58 5 313 150
66 6 1830 1555
89 21 2538 1129
69 5 773 546
81 8 453 206
66 2 1943 1909
32 8 415 269
50 6 415 258
60 8 342 169
58 11 694 452
74 14 243 0
82 19 215 0
40 9 155 51
50 3 506 440
64 13 251 83
51 10 144 0
45 9 342 215
30 6 633 523
98 11 2520 1718
36 4 209 139
49 4 726 636
30 5 90 16
85 12 1335 895
94 18 527 230
95 18 979 508
88 7 2142 1662
70 16 163 0
61 7 159 0
52 10 378 201
77 16 292 97
52 2 1404 1377
95 8 194 0
84 20 850 465
57 3 309 209
69 15 175 0
58 2 1271 1241
75 14 1310 734
78 13 600 301
93 18 912 486
96 3 855 691
34 7 135 45
65 15 162 0
44 9 276 147
81 3 1997 1849
96 2 505 456
69 15 1829 865
53 4 431 302
94 7 241 0
68 17 647 397
33 5 102 6
50 7 456 290
52 4 438 261
59 7 482 261
88 11 2249 1718
79 16 186 0
64 6 470 231
31 7 926 795
47 7 1391 1180
98 8 737 346
60 4 675 560
50 9 1265 940
37 8 355 267
43 10 790 570
75 2 998 959
47 10 1394 1042
31 7 304 166
30 7 92 0
31 7 575 459
90 13 2839 2115
72 2 2156 2119
78 19 660 321
75 10 226 0
37 6 126 0
44 4 958 879
56 7 873 648
86 5 319 106
83 9 598 274
42 3 554 498
47 10 107 0
68 15 192 0
94 15 1000 569
70 2 1743 1707
55 6 488 300
44 4 620 519
93 23 287 0
96 3 207 12
31 4 75 22
54 9 923 642
43 6 1151 1006
61 5 222 74
50 8 196 65
74 17 637 350
100 8 1323 811
69 2 1952 1917
99 19 1230 708
36 2 323 304
35 3 100 64
57 3 182 65
69 4 1234 1050
56 2 118 89
56 14 422 241
98 24 2599 1374
42 7 108 0
81 4 642 436
94 16 1351 899
74 4 167 0
65 9 174 0
47 5 238 125
74 6 592 314
94 21 2187 1043
100 19 1606 1169
54 13 1587 1052
88 7 898 481
78 4 1342 1160
39 7 1005 853
70 3 458 350
83 10 1789 1240
82 4 218 48
55 2 340 311
80 18 181 0
46 8 1269 1059
72 14 214 0
31 3 63 31
91 16 601 275
74 2 948 910
36 2 782 763
47 9 146 0
69 13 370 169
75 6 1747 1438
83 8 357 119
40 7 112 0
47 8 770 546
96 24 1447 1020
96 21 1750 1188
83 11 307 102
79 17 1848 776
40 5 96 10
52 8 572 426
38 3 978 914
39 3 193 123
54 12 549 365
81 4 558 323
69 11 368 168
64 7 1673 1445
38 8 106 0
44 3 857 812
62 11 1598 1211
49 7 1151 887
99 11 335 0
71 17 205 0
41 2 186 164
59 14 172 0
53 5 656 473
51 8 193 64
75 8 231 0
46 11 381 228
86 20 1401 812
56 13 880 477
100 24 1301 803
86 15 551 238
44 2 242 219
70 9 1809 1290
59 12 177 0
89 22 401 179
58 2 1534 1504
71 2 1955 1919
52 8 131 0
92 3 291 189
58 10 182 0
65 16 272 90
58 11 270 136
97 23 2373 1135
39 2 176 155
38 7 83 0
98 3 2826 2643
89 20 688 330
61 10 1429 1075
31 5 107 20
69 13 476 233
38 5 797 711
57 8 1498 1236
97 10 2129 1473
99 4 1620 1426
35 2 134 116
70 5 971 745
39 4 648 570
43 10 196 111
93 23 2918 1374
54 2 1551 1523
80 16 1368 823
54 12 156 0
40 8 312 205
73 11 1150 690
94 7 728 343
52 6 1052 843
83 5 798 480
80 8 208 0
48 6 1197 989
99 8 1607 1093
39 3 314 258
42 4 1241 1163
92 16 265 0
98 5 1750 1478
85 7 188 0
70 7 486 237
60 12 144 0
46 6 94 0
31 2 326 310
93 9 317 0
56 9 900 554
88 11 677 326
95 23 601 255
49 8 946 735
49 10 479 341
35 3 203 149
99 17 2230 1202
61 4 140 8
53 10 518 354
42 6 423 299
48 11 1169 785
62 11 241 80
80 18 961 618
32 2 123 106
95 7 739 347
98 12 912 442
86 4 1199 1010
49 11 494 346
30 4 96 46
83 20 316 105
91 3 2689 2543
42 7 233 132
44 6 333 212
57 6 145 0
76 9 503 242
67 3 155 80
54 8 363 196
83 5 210 0
61 4 1355 1150
76 13 339 113
67 15 905 639
78 15 755 433
82 5 245 0
53 12 132 0
43 4 163 54
42 8 991 840
58 14 600 382
46 9 114 0
69 15 1384 776
58 8 206 68
85 19 994 629
67 13 910 602
35 7 175 104
84 13 245 0
82 16 907 538
89 16 210 0
50 9 236 124
73 15 1766 1126
48 8 1279 974
84 3 1206 1093
79 19 1860 719
74 11 1188 724
54 12 883 408
75 18 212 0
45 3 1380 1333
84 11 469 211
86 14 353 117
38 7 1033 876
47 9 657 383
90 5 1453 1111
31 5 635 546
38 2 380 360
44 9 134 0
50 6 1230 1034
39 9 278 167
53 9 287 141
35 8 162 100
95 2 800 752
34 2 1055 1037
40 10 327 210
40 2 172 151
86 3 542 455
83 15 336 112
81 5 204 0
51 6 142 0
75 9 201 0
38 4 77 0
82 8 183 0
82 4 462 209
38 5 208 115
65 14 604 339
72 14 1623 892
85 7 293 0
77 8 468 211
59 9 1332 959
95 19 2314 1318
78 14 787 444
70 5 351 163
83 8 977 623
99 4 1317 1053
57 13 215 71
56 5 1720 1527
80 14 355 118
56 9 115 0
73 8 1158 704
42 10 275 166
75 13 244 0
57 12 170 0
46 10 145 0
60 15 748 527
54 2 751 723
32 7 188 117
45 2 251 227
72 17 935 628
32 3 121 77
97 21 194 0
92 20 229 0
60 11 1139 694
62 12 719 450
84 7 242 0
77 4 401 243
57 3 169 105
49 11 249 129
95 18 1305 884
87 17 239 0
61 7 414 213
45 8 423 279
99 10 212 0
62 15 273 91
57 11 258 132
96 2 1970 1921
67 4 216 38
49 5 502 368
39 9 764 513
71 3 2002 1891
50 7 132 0
33 8 357 205
41 6 816 676
60 6 1092 870
41 5 200 112
38 6 159 53
74 7 442 202
48 3 1065 975
51 7 1303 1010
64 6 206 25
96 9 665 296
45 6 1037 843
48 6 236 124
71 9 544 282
90 16 494 210
75 11 1596 1064
53 3 517 429
35 4 277 193
75 2 161 123
74 4 266 131
39 6 1179 1014
68 9 1995 1525
50 11 852 583
81 6 2574 2232
99 12 449 195
75 13 537 254
48 3 1061 995
45 4 129 27
57 13 227 75
49 8 119 0
77 4 1583 1409
40 2 1069 1048
69 3 1466 1364
76 12 193 0
30 7 76 0
87 6 2447 2142
50 5 218 86
98 5 889 601
42 5 488 391
95 7 744 360
44 5 846 714
83 17 1364 819
81 19 185 0
41 2 133 111
54 4 1667 1516
44 2 376 353
47 6 249 129
47 2 177 152
64 3 216 134
69 5 622 345
93 6 537 234
78 8 813 453
57 2 1107 1078
63 2 818 785
97 3 1086 956
73 8 929 679
38 4 93 0
65 6 1809 1543
64 14 191 0
92 7 860 424
54 6 308 157
34 7 79 0
34 8 182 106
56 14 330 165
92 10 404 134
70 15 675 407
100 2 533 482
61 8 1834 1506
63 7 476 259
43 9 285 170
68 12 793 562
58 10 674 463
32 8 239 154
63 9 974 623
98 24 343 114
82 12 215 0
99 13 275 0
41 8 187 108
74 13 159 0
73 18 221 0
65 3 132 49
96 7 549 238
30 2 608 592
68 12 261 87
58 10 237 79
43 4 234 129
65 10 199 0
84 6 225 0
88 12 667 323
40 6 235 133
63 10 203 0
44 5 655 505
53 13 142 0
64 4 1761 1590
84 2 803 760
69 7 573 292
83 14 283 0
56 9 1219 944
41 7 1254 1068
81 2 689 648
41 2 149 127
48 8 979 702
74 16 281 93
62 14 412 212
34 6 419 330
60 9 309 149
41 4 349 254
31 6 224 149
88 6 1897 1540
76 14 1509 821
31 4 541 487
31 3 311 279
44 5 113 0
74 2 162 124
54 9 850 534
99 24 850 421
47 4 1392 1269
38 6 81 0
34 6 94 0
87 18 382 127
75 13 787 444
62 11 389 184
79 13 555 260
39 9 826 647
45 6 144 0
60 13 1622 946
97 19 1488 1034
37 6 175 104
82 11 729 381
76 16 744 430
46 7 624 442
57 2 196 166
32 7 210 145
84 21 470 211
91 4 1014 811
70 15 2150 1490
38 5 604 469
72 14 171 0
85 5 435 191
88 3 1047 869
88 21 618 281
45 6 272 145
66 12 206 0
41 8 197 111
37 8 304 202
47 5 193 64
70 17 585 296
72 4 452 292
53 4 1270 1136
99 13 2065 1191
82 18 334 111
93 5 712 370
52 2 177 150
60 11 379 181
69 5 533 278
71 4 327 155
96 22 443 193
69 5 149 0
87 5 188 0
67 7 245 81
98 6 843 419
83 10 562 262
55 10 308 157
46 9 1117 875
95 23 1965 1109
87 12 891 479
67 3 214 137
81 17 187 0
71 9 207 0
85 5 1002 636
72 3 198 76
84 13 1645 825
55 3 1538 1449
32 8 219 148
59 11 837 449
91 13 221 0
42 8 670 411
70 2 191 155
57 6 518 310
61 12 1019 536
37 7 147 49
83 12 2320 1810
62 6 1800 1575
83 8 212 0
31 4 97 24
34 6 437 317
46 7 415 276
89 19 2177 1018
84 11 2146 1359
45 11 627 364
46 3 150 78
62 10 279 139
90 4 1425 1184
98 17 1514 1042
94 3 886 733
77 4 1754 1550
52 3 418 346
71 3 311 195
40 3 443 392
64 2 185 152
47 6 1284 1115
87 2 956 912
55 2 1429 1401
37 8 1037 842
98 6 1049 651
60 15 447 224
69 8 1563 1223
63 12 950 521
31 7 289 200
35 4 482 392
90 21 644 289
32 4 263 208
56 13 410 211
79 10 514 246
83 20 1337 867
96 24 697 307
65 5 742 537
81 6 453 206
74 15 178 0
34 3 719 685
32 5 174 104
74 14 465 210
63 11 137 0
53 2 342 314
73 16 183 0
62 11 169 0
54 12 541 362
46 2 1128 1104
32 7 666 529
94 12 349 116
73 13 430 198
72 14 599 300
37 5 887 739
42 4 270 172
93 4 2396 2231
49 8 242 126
35 8 433 234
31 6 244 182
45 6 936 733
35 3 199 141
58 6 270 136
70 16 265 88
78 8 233 0
73 3 473 368
98 17 1205 699
42 3 754 710
56 7 467 257
79 15 210 0
34 6 830 691
81 2 1844 1803
95 8 1510 1001
80 16 401 179
60 8 134 0
88 13 2196 1518
38 7 737 595
43 6 1260 1100
40 8 102 0
68 10 502 242
34 3 107 50
40 6 121 3
83 12 430 189
70 15 178 0
58 12 189 0
52 2 264 237
38 3 880 818
52 11 347 190
87 4 846 637
32 5 145 94
90 19 231 0
53 6 145 0
73 8 148 0
52 5 447 287
98 14 1917 1110
62 4 442 230
35 4 159 99
76 7 197 0
83 15 1271 835
83 16 541 255
55 7 977 686
60 3 173 110
56 6 1049 885
62 10 163 0
86 15 301 100
40 10 140 46
32 8 292 194
86 11 1364 906
43 7 132 0
84 3 622 487
62 4 266 88
50 5 359 233
86 16 188 0
83 3 2539 2395
62 7 1135 792
42 4 764 666
49 5 975 831
98 24 978 508
88 12 902 482
53 13 669 398
42 9 271 145
97 4 1207 987
63 13 212 0
62 3 1419 1339
79 7 2384 1971
88 8 617 280
54 5 244 127
33 8 319 205
74 6 212 0
36 7 165 101
69 6 200 0
68 2 1118 1083
96 3 1739 1611
100 9 1912 1254
75 18 478 214
35 5 874 775
37 3 289 240
87 5 674 377
95 20 368 122
61 13 266 88
34 5 154 97
43 10 142 0
51 10 165 0
36 7 266 163
88 3 189 82
72 9 891 595
37 4 174 104
83 7 2473 2130
89 20 950 552
79 9 1807 1327
70 2 252 216
87 6 1121 802
69 4 303 142
69 9 147 0
46 6 585 371
62 5 399 191
44 9 119 0
91 9 651 292
89 2 415 369
90 21 640 288
97 22 258 0
78 14 722 378
47 10 321 182
41 3 1223 1160
91 21 211 0
30 5 225 176
93 2 1789 1741
41 5 86 0
46 2 1070 1046
59 8 215 71
69 9 419 194
96 24 615 260
47 3 98 39
88 4 622 425
95 4 2941 2568
98 2 1308 1258
81 3 1467 1358
34 8 101 0
89 21 619 281
40 7 804 618
79 15 1907 1111
90 7 212 0
41 6 755 640
88 8 245 0
50 2 952 926
95 4 2436 2155
32 6 135 45
49 11 498 348
62 10 544 319
36 2 967 948
97 23 1144 679
60 8 783 506
78 4 590 415
48 11 239 125
50 10 400 234
64 10 207 0
96 12 602 255
79 8 224 0
88 13 263 0
51 2 128 102
69 10 787 498
47 9 301 155
65 9 311 149
43 9 161 53
94 8 371 123
59 13 1206 662
70 3 323 251
32 7 249 184
89 17 2045 1137
61 9 254 84
34 7 133 44
63 14 938 535
76 6 352 163
71 5 142 0
59 8 1723 1488
98 18 449 195
62 7 163 0
43 8 586 313
88 14 1157 755
63 9 486 263
30 2 310 294
73 12 698 414
95 16 537 234
83 4 744 536
57 7 261 133
99 9 1412 919
83 20 312 104
59 7 841 566
37 4 200 121
61 5 1918 1748
83 2 1185 1142
52 2 1510 1483
57 9 260 132
37 8 202 113
41 9 462 302
30 7 95 0
78 13 760 435
79 4 1122 946
93 6 803 446
45 7 150 0
58 12 596 380
79 10 186 0
93 21 779 360
70 6 350 162
43 4 496 375
88 15 2150 1444
63 12 1101 564
79 7 471 212
38 2 200 180
34 7 263 188
42 3 138 89
90 10 438 192
99 22 272 0
49 2 329 303
66 14 1352 606
38 5 713 604
88 21 213 0
78 13 678 364
73 12 350 162
95 15 1805 1089
79 11 284 94
40 2 594 573
39 9 480 278
81 11 1194 747
51 5 1621 1492
93 16 1281 791
93 13 259 0
55 4 1650 1554
51 4 1274 1135
45 9 533 333
30 3 159 110
99 3 551 385
46 9 167 55
49 3 1544 1491
92 17 185 0
90 17 432 190
78 2 313 273
98 13 546 237
66 4 1509 1280
56 10 179 0
61 9 1831 1471
88 11 336 112
97 4 2513 2263
50 3 840 764
98 16 210 0
56 11 306 148
71 2 2134 2098
67 5 680 502
89 8 1813 1284
34 2 330 312
83 2 266 223
82 15 241 0
60 11 1027 634
92 16 1998 1178
92 2 537 490
34 6 100 0
35 5 131 45
72 6 805 504
46 8 971 739
80 16 255 0
34 3 348 301
48 7 271 145
98 9 236 0
73 4 342 178
72 10 227 0
89 19 2415 1263
38 9 372 230
58 5 386 203
38 6 531 308
100 9 203 0
79 6 372 170
65 7 809 557
58 10 951 544
36 8 660 452
33 7 226 150
32 7 191 118
42 8 794 576
94 6 1884 1583
67 5 454 226
78 16 240 0
76 15 830 512
74 10 1960 1335
71 9 1658 1192
79 11 1791 1247
85 9 1597 1078
72 8 1073 764
85 17 294 0
90 9 2343 1711
58 14 213 71
65 11 516 273
98 4 1059 767
32 6 110 7
53 13 389 204
55 13 1597 1120
42 5 365 259
32 5 585 508
49 12 143 0
67 3 1222 1133
44 4 1034 965
49 8 1142 911
36 3 807 770
49 5 451 288
60 14 547 320
85 15 952 553
39 8 79 0
96 19 400 133
45 6 189 63
44 3 112 59
78 9 1384 892
78 6 214 0
65 10 188 0
63 14 1714 1013
78 14 355 164
46 6 153 2
52 4 1259 1138
93 16 2375 1239
77 12 896 596
37 8 102 0
54 8 764 551
66 12 419 194
91 11 193 0
45 2 128 104
37 4 960 862
70 15 609 341
87 5 1386 1157
40 6 386 273
89 2 488 442
43 2 570 547
94 21 697 307
40 7 355 256
52 8 104 0
77 9 167 0
43 8 274 146
39 3 128 70
87 20 210 0
38 6 169 69
72 4 159 25
35 7 70 0
88 7 631 285
62 11 1319 742
66 12 1727 1323
77 5 570 265
67 6 139 0
68 15 1783 1124
44 9 536 344
81 8 453 206
49 9 948 677
89 11 1714 1125
66 13 576 330
84 10 1448 954
37 4 1047 959
84 7 486 217
72 7 978 684
90 6 674 299
56 8 569 371
41 7 512 353
65 5 898 709
62 3 170 89
40 2 427 406
32 3 83 39
36 8 86 0
94 12 1076 594
35 4 159 99
51 11 335 186
37 3 170 122
47 10 507 348
35 5 851 777
74 8 231 0
37 3 101 53
33 4 135 69
88 21 2751 1500
99 24 390 130
45 2 539 516
77 4 2078 1904
35 5 1076 997
76 13 1584 1017
68 3 715 598
79 15 2516 1735
75 16 1206 700
71 10 621 345
33 8 907 713
100 23 700 308
56 8 506 306
98 24 1913 1086
45 7 884 677
61 4 309 149
59 10 1473 1028
83 6 1448 1116
88 9 380 126
80 9 659 320
55 4 767 611
67 15 1351 688
92 9 1793 1011
72 14 220 0
60 10 964 557
70 10 1973 1535
58 6 126 0
93 10 1336 894
66 16 757 488
51 10 523 356
52 12 244 127
73 6 1297 969
33 6 395 295
43 7 185 61
49 4 388 281
60 15 134 0
97 15 481 206
66 10 341 159
48 5 606 459
62 12 473 258
42 4 942 847
47 9 237 125
62 2 1268 1236
67 11 1016 501
49 6 1342 1145
47 10 140 0
70 7 257 85
45 7 269 144
62 12 263 87
55 5 464 283
89 21 283 0
94 21 942 496
52 3 550 443
63 3 1341 1257
61 3 310 185
100 13 722 315
69 16 154 0
58 4 1119 1032
65 10 132 0
38 7 183 107
87 19 288 0
32 2 214 197
78 11 248 0
47 2 711 686
51 11 1300 901
88 8 679 327
95 15 1769 977
47 9 1202 916
92 12 1252 866
78 14 441 202
100 3 2603 2405
54 13 762 449
99 11 1685 1073
86 14 1120 743
56 9 1038 771
74 5 819 643
30 5 240 181
59 11 193 0
48 10 216 118
59 11 549 321
71 11 520 248
98 21 448 195
79 3 1614 1476
40 3 181 136
40 10 1018 720
85 11 501 222
53 8 272 136
80 17 870 526
68 5 556 292
76 4 1744 1608
60 15 172 0
85 5 246 0
87 20 1159 756
84 18 479 214
42 5 397 297
55 11 1501 1140
96 4 1933 1669
61 14 547 320
47 2 650 626
83 14 286 0
59 4 1096 940
65 14 646 397
95 19 2668 1514
56 13 213 71
85 12 1493 872
72 15 1090 651
32 5 100 5
30 4 615 544
66 11 307 148
33 5 538 464
59 12 182 0
64 16 292 143
44 10 328 184
69 7 196 0
37 4 138 46
79 15 716 376
62 2 729 697
80 13 182 0
38 5 635 518
85 17 1100 736
69 5 1472 1277
56 5 686 464
91 14 776 396
60 5 275 137
40 3 248 197
37 3 942 894
37 6 76 0
35 3 833 790
54 3 610 537
30 4 132 67
47 8 177 59
48 5 143 0
70 8 819 571
50 6 425 279
61 14 1014 510
50 11 139 0
92 7 968 558
72 12 1429 843
94 20 2003 945
51 6 978 821
88 14 273 0
79 2 2342 2301
62 12 879 561
55 6 1600 1383
47 10 125 0
39 8 213 117
89 22 2125 1017
64 11 189 0
57 2 582 552
72 7 1311 1064
44 7 625 418
71 5 658 357
65 6 590 334
69 16 276 92
89 11 496 220
40 5 223 129
65 2 998 964
96 12 371 123
66 14 1965 1269
97 23 752 351
80 4 200 28
36 6 892 741
61 12 757 527
57 14 1711 1172
34 4 248 197
100 4 2725 2490
76 5 1754 1513
100 18 1160 684
49 7 1495 1177
69 3 865 743
32 2 701 684
82 8 833 459
74 15 1209 757
84 3 1259 1146
67 3 993 903
58 7 244 81
48 2 299 274
56 10 256 131
52 13 309 158
68 15 704 416
78 9 161 0
61 8 274 91
35 3 114 70
45 8 387 267
87 18 1576 835
64 2 348 315
64 4 935 775
67 13 641 395
47 9 408 274
96 14 290 0
92 20 2476 1495
47 8 188 62
73 7 886 593
83 12 436 191
94 23 2040 921
82 10 954 616
76 7 1438 1090
34 2 728 710
32 7 173 103
39 8 133 0
38 3 851 798
65 12 174 0
49 5 149 0
89 8 199 0
52 5 1379 1207
46 7 347 216
62 5 469 270
38 7 651 516
98 10 1669 1146
47 4 648 489
75 15 954 679
99 23 584 249
64 10 160 0
65 9 406 190
100 17 268 0
79 9 2212 1674
86 21 1881 820
87 5 473 203
66 4 592 430
50 3 211 128
39 5 757 654
31 6 928 791
88 7 1981 1568
42 5 698 560
40 5 148 49
40 6 438 283
81 6 307 102
30 4 724 660
50 2 111 85
39 7 105 0
45 11 336 187
32 5 310 204
33 3 241 198
76 12 502 242
36 7 612 410
78 6 1195 909
39 3 497 442
71 10 163 0
83 20 230 0
77 14 1852 1038
47 6 341 188
36 8 124 0
73 15 1447 694
31 4 807 751
86 16 1147 752
52 4 936 841
71 8 171 0
39 7 109 0
61 14 508 270
56 7 556 367
54 3 1468 1396
44 5 235 124
94 3 550 397
38 7 694 523
59 9 967 621
71 16 1132 613
30 5 94 18
71 11 329 155
60 8 136 0
47 2 102 77
38 2 715 695
55 4 198 71
96 20 736 346
70 16 263 87
92 2 804 757
85 5 547 237
63 10 166 0
71 17 366 168
31 4 900 844
58 4 325 202
98 15 2241 1351
70 8 1169 852
80 17 396 178
86 2 1713 1669
54 10 729 479
86 20 1029 641
93 11 1572 992
55 8 173 0
30 2 94 78
64 11 622 389
93 14 1104 666
92 17 228 0
86 6 202 0
45 4 99 8
52 3 1074 1003
63 12 690 466
81 17 912 540
58 3 1790 1710
94 22 935 493
64 8 629 391
34 6 1023 863
39 6 110 0
92 9 376 125
93 6 231 0
76 15 1062 755
31 5 988 884
40 2 309 288
68 6 138 0
75 13 1680 916
97 3 2162 2063
34 7 717 618
87 16 1002 632
65 9 739 482
94 19 565 243
93 20 1332 893
50 11 311 158
66 7 224 0
60 10 179 0
39 8 152 50
100 23 513 217
30 7 254 169
44 5 193 65
74 16 441 202
84 19 2166 1220
56 9 828 531
94 20 669 298
92 21 510 225
74 9 487 237
73 9 1152 735
36 8 1083 929
44 7 187 62
38 2 177 157
96 10 2466 1873
36 4 103 33
62 9 625 390
33 2 635 618
67 4 483 279
79 8 550 258
83 4 258 11
90 4 195 37
43 3 196 121
84 11 2393 1701
76 6 387 175
68 11 306 148
48 3 1239 1171
99 5 206 0
68 14 190 0
33 3 342 291
32 5 184 116
41 10 257 140
58 9 253 84
60 5 705 512
79 9 1196 742
71 10 204 0
38 2 132 112
38 9 955 704
73 17 338 158
79 19 247 0
92 13 233 0
67 8 989 645
62 14 240 80
71 2 175 139
51 6 127 0
64 8 1318 1026
50 3 116 48
46 3 122 60
96 18 202 0
41 4 216 118
37 9 164 54
34 6 76 0
66 11 620 344
95 19 1082 596
69 9 198 0
31 3 122 71
43 4 256 166
45 10 702 403
43 4 546 468
38 3 427 365
74 7 1288 888
61 15 1037 508
40 2 148 127
78 4 2495 2290
93 11 820 411
64 16 363 176
71 17 238 0
37 8 407 257
94 20 888 434
87 16 2092 1114
92 5 773 399
98 2 1609 1559
64 6 644 396
91 19 2902 1740
86 4 338 148
63 15 371 178
49 2 438 412
89 7 514 226
87 13 1567 910
96 4 470 246
52 9 408 237
85 8 235 0
92 2 213 166
81 20 438 192
50 11 159 0
32 3 73 17
65 11 1500 1028
97 15 1892 1022
89 13 1028 640
69 6 1764 1437
54 11 604 426
75 10 780 442
31 5 157 98
58 6 1342 1045
78 10 643 315
79 18 308 102
75 13 2038 1385
93 3 964 839
86 11 1362 810
52 4 523 430
36 7 91 0
51 3 128 28
89 14 2703 1913
48 8 1275 936
40 7 864 724
63 8 356 173
75 6 2316 1966
58 3 1450 1372
63 6 1720 1430
69 4 396 193
52 3 1136 1084
93 14 2943 2111
61 8 539 317
92 2 580 533
48 11 455 289
81 7 1606 1131
67 11 623 345
90 9 926 490
36 3 301 238
89 16 253 0
57 2 132 103
34 8 642 450
71 14 1966 1353
63 7 384 183
90 18 2010 1073
43 9 440 280
89 2 364 318
87 11 387 129
78 9 172 0
59 12 122 0
32 8 92 0
33 8 149 95
60 4 303 147
84 11 217 0
52 12 984 498
78 8 568 264
82 6 384 174
44 8 323 182
88 13 2352 1649
47 11 479 341
92 22 511 225
89 7 180 0
67 16 316 151
53 7 558 367
72 17 859 584
80 9 1566 1087
89 6 1437 978
77 8 253 0
47 9 1088 801
85 6 423 187
56 4 269 145
71 15 1024 612
83 7 2166 1659
83 19 892 533
77 5 182 0
93 7 271 0
82 10 313 104
50 3 177 96
70 2 1667 1631
42 10 220 119
42 3 322 258
37 8 156 52
88 6 385 128
34 8 695 522
93 17 444 194
75 3 893 779
48 11 169 56
65 9 143 0
62 9 832 529
45 7 96 0
62 14 832 554
33 4 743 664
70 16 327 155
47 5 172 57
72 4 235 0
89 12 2146 1488
39 8 465 304
38 4 121 37
31 5 756 672
73 12 168 0
30 3 569 498
53 4 257 133
93 6 251 0
54 6 834 689
54 8 636 409
97 13 2958 2142
64 16 326 154
32 6 267 190
86 3 836 723
61 5 143 0
50 8 1122 883
34 5 79 0
40 7 663 517
87 21 1553 895
87 13 816 410
71 10 387 175
70 15 851 581
43 7 556 387
31 2 321 304
65 3 230 117
37 3 285 222
98 4 2651 2402
55 2 366 338
53 4 585 465
78 15 202 0
35 3 581 543
30 3 100 60
30 7 281 199
98 22 352 117
39 8 447 257
55 12 888 541
38 5 93 0
97 10 884 432
94 22 1549 929
57 12 812 476
79 14 308 102
44 5 242 135
55 8 1529 1284
88 15 1197 848
88 17 453 197
80 20 716 376
31 4 397 341
78 13 1345 749
68 5 386 183
84 6 279 0
36 3 92 43
95 9 1151 681
65 11 781 558
55 7 1280 935
86 3 256 72
32 7 803 674
50 6 263 133
46 11 913 591
33 7 715 540
98 5 427 148
45 8 526 346
42 2 484 462
86 10 2171 1639
86 7 517 227
67 2 1803 1768
40 4 295 211
55 7 171 0
70 4 1171 1064
96 15 836 416
62 15 257 85
69 15 1084 703
58 6 980 746
77 3 1753 1633
77 4 1063 910
74 18 888 594
43 8 507 307
87 14 1496 903
68 3 332 243
55 5 909 727
96 19 703 309
79 6 2150 1736
52 9 403 235
92 22 297 0
52 12 474 296
68 3 1336 1242
38 4 1187 1119
59 12 1620 1150
48 10 163 0
73 2 426 388
45 6 126 0
83 5 409 182
92 16 1885 983
45 9 120 0
94 10 492 210
91 5 1156 812
70 10 259 86
45 2 1153 1130
54 7 253 130
55 12 1651 1235
37 2 860 840
89 20 316 105
32 8 126 42
30 4 64 6
71 11 880 591
88 13 2758 1915
70 11 417 194
90 22 1368 892
62 4 990 817
54 11 119 0
51 10 1413 1155
45 4 329 235
75 8 962 690
49 7 567 389
30 4 956 899
70 16 403 189
31 2 384 368
69 3 632 519
58 8 1505 1169
94 17 262 0
51 7 120 0
81 18 829 458
51 3 160 106
73 14 538 254
90 4 2670 2441
73 17 550 284
31 2 219 202
31 6 83 0
37 5 474 318
80 10 190 0
56 2 667 638
47 5 598 407
79 5 204 0
84 4 2250 2012
100 2 968 917
54 9 118 0
65 6 169 0
97 15 230 0
50 8 503 349
31 5 869 784
35 7 886 745
73 9 1840 1374
83 2 220 177
100 5 2142 1783
51 3 502 435
94 5 210 0
71 8 930 680
56 4 1747 1653
78 6 510 245
32 6 416 284
79 9 172 0
87 10 1857 1317
65 10 635 393
43 4 265 180
30 2 109 93
87 21 2124 896
31 2 174 158
54 7 1457 1179
81 19 339 113
62 9 765 506
98 21 563 242
100 11 527 221
61 3 622 523
40 6 80 0
35 7 78 0
77 19 927 607
79 16 1083 800
72 6 220 0
54 6 1505 1336
94 22 554 239
93 14 340 113
31 6 69 0
69 7 232 0
75 18 931 608
88 5 686 329
71 3 149 0
77 8 221 0
84 21 950 552
36 9 785 558
46 8 197 65
73 2 568 530
98 14 454 197
70 15 195 0
81 5 1635 1350
97 8 775 359
69 3 203 13
89 12 650 291
54 5 346 170
81 3 894 787
67 7 1389 1100
74 2 434 396
100 22 1885 1085
48 11 611 357
78 11 391 176
55 9 159 0
69 2 644 608
44 9 171 57
31 2 728 711
75 18 284 94
54 2 203 175
49 10 662 359
92 22 1005 571
41 3 234 161
91 18 1404 927
87 10 246 0
77 12 499 221
41 6 576 385
30 6 178 114
57 7 1202 968
90 3 211 65
80 7 461 208
36 8 111 0
90 15 308 0
66 10 1083 699
76 14 2207 1550
92 14 2490 1585
71 6 1207 929
49 11 1063 664
81 9 2111 1482
39 6 132 7
66 6 702 471
54 10 226 75
62 13 1961 1436
93 3 2080 1956
96 12 2200 1499
99 19 473 203
59 11 769 482
67 4 1561 1428
66 15 532 278
59 12 1155 612
89 5 2656 2272
82 4 363 148
50 8 271 136
74 16 148 0
84 21 236 0
58 5 499 329
62 14 146 0
73 8 186 0
75 2 749 711
53 2 530 502
60 4 513 386
88 6 421 186
82 4 290 96
68 15 364 167
80 15 807 451
93 20 451 196
33 7 436 267
34 3 492 443
48 10 1236 916
46 10 155 0
54 6 625 416
75 5 1354 1127
42 5 117 15
88 5 471 203
90 21 548 237
79 13 1909 1158
66 5 209 0
86 21 1689 843
31 4 143 93
100 11 274 0
44 9 170 56
38 6 509 331
73 8 1549 1127
65 7 506 269
71 8 300 100
55 13 226 75
81 19 1220 816
56 12 133 0
99 12 284 0
91 11 432 190
53 9 541 362
36 2 554 535
88 6 724 342
40 3 129 77
43 5 161 53
83 20 225 0
64 15 563 325
86 12 803 405
86 9 434 190
85 3 487 303
43 3 598 541
55 3 882 825
94 17 1537 931
97 24 1217 775
70 7 1976 1623
34 3 301 256
59 6 483 282
98 8 309 0
58 5 1184 1021
51 10 1075 782
59 11 190 0
58 13 980 596
67 15 606 340
55 2 1185 1156
81 18 1777 894
48 7 412 275
94 19 1488 962
51 7 172 0
75 3 190 72
61 13 837 521
96 13 400 133
50 4 659 536
98 22 1169 687
70 11 165 0
83 13 1341 813
73 5 312 104
52 11 655 414
54 10 315 160
34 3 801 753
39 7 838 674
84 9 1118 742
95 18 581 248
99 12 2560 1690
97 5 583 284
58 13 362 175
52 10 1168 788
55 4 729 598
61 11 568 327
51 7 730 546
70 15 1859 1161
79 19 884 530
59 13 122 0
47 3 559 495
78 6 472 231
83 7 467 210
54 4 742 561
44 10 302 175
34 2 729 711
86 9 512 225
43 7 716 524
98 13 851 421
80 12 254 0
55 11 324 163
98 9 320 0
74 9 1514 1156
60 2 483 452
87 4 877 649
72 9 250 0
67 10 1755 1344
67 15 206 0
30 6 342 249
73 6 2163 1905
80 8 1125 800
88 5 2674 2359
88 5 645 336
70 8 1240 919
32 3 90 48
39 9 1155 968
39 9 512 310
96 2 632 583
51 11 268 135
82 16 468 211
49 6 465 323
51 3 109 39
55 7 283 140
89 4 1262 981
56 3 184 89
82 4 1821 1511
52 5 156 38
59 9 164 0
61 8 182 0
98 20 971 505
50 12 1128 750
30 6 568 475
36 9 78 0
50 7 1572 1370
83 19 953 553
70 5 762 540
63 7 297 145
60 2 265 234
36 4 557 478
64 10 143 0
41 7 457 283
75 10 994 701
50 10 100 0
33 5 214 126
51 4 144 0
98 23 426 142
56 7 719 472
30 7 199 141
50 7 131 0
96 19 889 434
62 8 675 461
43 3 1150 1095
40 2 138 117
54 9 153 0
97 18 206 0
51 2 323 296
88 14 1487 812
44 7 1403 1215
34 8 376 216
31 7 195 120
45 2 127 103
86 6 1502 1145
99 11 2147 1513
96 7 312 0
73 2 251 214
97 24 399 133
34 5 424 323
94 14 1411 1008
34 7 675 537
89 9 2637 2033
31 6 220 148
95 12 298 0
62 11 498 267
94 6 898 481
87 19 1824 857
57 8 188 0
51 11 1373 1035
47 5 287 150
95 2 199 150
88 4 546 237
59 12 211 70
84 11 2144 1541
99 9 790 364
66 8 1797 1456
60 9 1690 1287
66 3 771 703
79 11 1249 751
85 7 710 337
66 14 727 478
96 17 2350 1446
97 20 1367 904
82 18 235 0
78 13 242 0
65 2 1177 1144
81 7 698 370
79 15 481 215
78 17 428 188
48 4 1382 1231
69 2 747 711
35 7 112 0
92 3 404 194
90 17 1711 961
88 13 237 0
47 3 732 658
42 2 216 194
76 4 1436 1256
34 7 282 195
52 3 202 132
62 8 678 462
64 8 364 176
83 17 287 0
35 3 710 650
65 15 393 186
77 8 1014 702
43 4 199 112
83 14 1132 826
68 13 1359 839
49 10 1483 1144
59 12 192 0
45 9 1121 922
63 6 378 181
54 4 244 127
54 13 145 0
45 5 361 221
30 2 782 766
91 2 350 303
78 15 876 528
34 3 72 3
89 14 1387 827
47 10 687 337
83 15 424 187
34 7 250 158
42 7 399 277
67 16 218 0
93 16 2794 1852
55 6 137 0
83 20 672 325
53 5 481 335
40 6 151 50
76 13 198 0
37 8 122 0
91 9 927 491
76 6 549 258
78 12 1010 706
85 4 383 173
69 14 610 341
47 7 865 635
58 2 124 94
84 4 1294 1109
75 13 644 352
63 13 211 0
40 6 716 600
30 2 250 234
66 2 653 619
83 8 1986 1557
45 8 373 225
75 15 1715 1016
59 13 1394 1016
45 8 92 0
33 4 96 1
95 18 234 0
54 10 115 0
57 4 1065 913
73 8 254 0
57 11 796 457
83 13 679 327
94 12 311 0
98 17 1297 802
58 13 711 480
47 11 177 59
64 8 721 476
92 23 422 186
72 17 1624 734
87 6 298 0
66 15 2050 1431
97 5 2592 2209
54 6 123 0
54 5 378 201
42 8 552 352
55 3 1656 1584
46 6 408 274
92 9 2930 2323
89 14 327 109
88 17 2540 1584
74 14 313 104
43 5 984 891
49 2 437 411
35 3 77 5
73 15 229 0
34 4 334 269
71 8 888 615
50 3 342 280
83 19 1077 729
62 6 275 91
39 6 172 57
90 15 214 0
72 6 1051 765
60 3 1720 1618
50 7 1029 831
73 11 1257 756
32 7 935 793
38 7 943 759
83 5 1946 1574
51 5 452 288
95 18 389 129
52 10 1214 874
66 4 138 0
61 4 163 37
66 11 153 0
83 17 732 382
67 10 187 0
77 18 533 252
56 3 117 0
31 2 734 717
79 2 667 626
30 4 208 144
65 13 421 195
66 13 1355 765
42 4 120 10
50 10 471 295
39 4 349 262
84 6 182 0
89 16 1085 659
94 11 198 0
47 5 350 218
88 13 1584 835
48 5 1164 1044
34 7 150 50
42 10 596 341
93 22 1994 977
97 15 488 208
41 6 106 0
99 22 366 122
51 12 182 60
51 10 1124 801
81 17 317 105
93 5 1998 1668
65 6 185 0
60 15 586 377
94 20 732 345
83 12 1174 741
81 13 278 0
60 6 135 0
97 14 2522 1634
70 15 1002 680
81 8 896 534
63 10 199 0
54 6 732 567
98 9 755 352
56 4 223 74
57 8 925 663
89 3 259 107
99 8 417 139
72 16 193 0
92 9 2233 1786
51 2 115 88
92 5 308 0
50 9 142 0
75 10 440 201
94 6 2187 1813
83 14 974 622
52 12 968 555
67 2 1066 1031
99 21 2043 983
55 13 148 0
98 12 1275 795
59 7 472 258
38 3 674 585
51 10 203 67
74 8 222 0
33 8 503 341
79 19 329 109
46 6 266 143
86 16 464 200
94 16 1614 903
100 10 250 0
62 8 954 664
38 9 276 167
96 23 1730 930
63 9 171 0
95 17 1447 972
30 5 656 587
99 13 223 0
75 6 669 361
64 10 519 274
59 10 349 171
62 11 148 0
83 6 822 465
92 19 505 214
57 7 923 674
77 12 1931 1364
88 2 223 178
49 5 128 17
74 7 222 0
97 13 2110 1120
69 17 883 608
52 3 409 316
46 5 1448 1321
97 3 1169 1008
78 7 165 0
80 11 1770 1184
59 5 589 465
71 17 1077 623
37 7 748 597
43 2 148 125
70 8 1173 818
62 9 411 212
38 4 278 180
78 3 192 89
43 3 329 266
50 8 356 193
38 4 442 383
92 10 247 0
47 4 1427 1316
89 17 728 343
93 7 272 0
39 3 175 132
96 20 1528 1076
40 4 441 357
57 11 351 172
35 5 546 461
51 3 598 529
31 6 142 93
95 12 1016 574
61 14 677 461
81 14 694 369
83 14 387 175
76 9 365 167
74 13 290 96
74 5 230 2
84 7 264 0
39 5 109 9
55 11 219 73
53 9 220 73
43 9 454 284
77 16 848 518
79 15 275 0
40 2 414 393
80 3 217 81
54 9 1297 968
98 4 296 72
69 2 374 338
37 8 107 0
78 8 159 0
49 9 539 386
63 2 1029 997
44 4 965 884
92 7 754 352
89 13 554 239
83 17 2303 1138
74 15 2355 1589
93 21 209 0
38 3 303 260
69 13 144 0
38 7 1140 991
72 12 2100 1607
50 4 1557 1422
72 12 667 360
40 5 163 54
87 21 373 124
67 2 209 174
57 8 124 0
66 11 520 274
43 5 528 400
31 2 447 430
93 10 1079 657
67 11 915 578
47 6 1267 1091
79 9 2509 1932
48 7 1008 785
72 12 146 0
57 2 611 581
60 15 1240 631
87 21 853 466
97 3 375 232
63 10 1009 677
97 20 1073 593
62 9 313 150
48 4 281 148
84 14 290 0
39 5 403 299
83 2 186 144
39 4 155 76
34 2 89 71
61 7 123 0
66 2 821 787
75 18 1060 691
67 5 635 399
74 7 365 167
63 7 148 0
38 6 111 0
76 4 276 92
47 2 95 71
91 22 229 0
84 20 567 264
81 14 2010 1406
57 11 508 307
42 5 1210 1096
59 6 189 0
68 7 274 91
30 6 300 228
91 13 539 234
77 17 2250 1200
44 4 165 55
68 17 641 351
43 8 292 172
93 22 199 0
72 13 1843 1284
78 19 239 0
69 15 196 0
64 5 458 269
46 7 461 335
60 2 328 297
92 17 1061 651
69 14 427 197
62 7 1302 980
57 13 797 456
87 2 362 317
79 8 543 256
61 7 390 185
87 13 961 556
37 7 289 197
94 3 465 339
62 3 341 260
96 8 2214 1634
61 14 545 319
42 4 832 732
72 17 1319 661
61 2 765 733
60 14 397 207
53 10 225 75
50 12 310 158
78 15 849 519
72 11 273 91
68 3 599 456
95 13 2991 2152
57 10 907 613
58 4 353 207
34 3 485 448
74 7 508 244
87 12 448 195
65 14 462 229
34 6 190 118
34 3 82 34
38 6 295 199
55 11 826 444
98 23 943 496
86 12 205 0
89 15 317 105
55 3 914 856
65 13 321 153
98 24 1893 1039
87 7 388 129
87 5 281 0
99 19 1694 1134
85 11 791 401
77 19 965 691
74 15 456 207
83 7 228 0
87 2 265 220
64 7 716 474
45 5 626 504
97 13 341 113
64 15 218 0
41 6 981 858
71 17 808 505
44 10 90 0
81 13 514 226
39 3 256 181
37 2 105 86
39 6 708 594
58 9 958 681
47 2 1143 1118
35 7 165 101
96 12 508 215
56 4 402 314
84 3 1820 1708
62 14 619 388
89 22 564 243
52 5 893 672
57 9 593 379
83 12 480 215
66 2 155 121
49 10 508 348
32 6 198 121
31 2 109 92
91 15 1206 772
36 6 799 670
79 2 1303 1263
38 4 138 51
89 16 207 0
77 16 296 98
64 8 390 185
34 5 579 486
69 14 157 0
61 2 198 166
96 9 1753 1187
35 8 111 0
67 4 1060 906
92 12 1166 758
42 3 480 436
88 20 541 235
83 5 810 576
95 2 2632 2583
39 3 85 36
78 9 484 216
83 12 1054 721
96 12 496 211
32 6 167 101
81 19 2206 1214
56 8 458 253
93 2 1105 1057
51 2 522 495
57 12 726 474
41 3 716 674
56 11 1418 915
66 5 636 489
98 16 2004 1041
81 10 176 0
30 6 82 0
44 6 263 142
91 12 1546 1030
98 4 242 0
63 12 408 191
66 13 394 186
61 5 124 0
98 13 360 120
94 23 298 0
68 15 221 0
66 9 675 407
82 9 923 543
33 4 308 238
43 2 222 199
37 5 117 20
89 3 962 815
49 3 150 85
65 2 242 208
77 13 232 0
68 6 151 0
55 3 933 860
50 3 543 490
66 13 687 411
93 3 966 763
98 3 383 189
69 16 679 408
68 10 457 227
91 12 411 183
92 5 909 573
34 5 357 253
87 4 356 176
83 3 753 653
31 6 150 96
59 3 223 115
82 16 1470 829
36 8 770 572
88 9 1871 1177
50 11 800 445
87 6 459 199
54 5 170 20
39 5 744 634
89 7 698 333
49 7 287 150
35 2 147 128
41 3 188 119
49 8 380 227
90 19 1070 654
58 8 365 176
85 11 547 237
64 16 923 555
41 5 757 633
53 10 382 202
94 5 1576 1252
60 3 272 159
87 20 544 236
53 10 282 140
31 5 315 250
37 4 416 338
91 18 2784 1605
92 16 270 0
82 14 582 269
97 18 353 117
58 6 1052 786
95 8 1461 1025
96 5 2682 2280
65 11 651 399
67 12 667 404
76 5 426 197
95 14 222 0
86 13 1125 745
50 2 942 916
77 6 2277 1967
55 4 406 302
40 9 723 497
89 12 576 247
76 4 195 40
64 5 1880 1707
72 6 189 0
95 11 246 0
31 7 514 390
30 7 67 0
93 11 1279 875
52 7 130 0
98 10 2663 1988
55 10 149 0
78 18 1695 740
42 8 122 0
98 9 417 139
72 10 459 208
76 13 1420 758
59 8 234 78
62 4 1422 1274
84 20 445 194
30 5 410 337
34 8 198 121
85 3 323 211
32 5 105 12
96 13 215 0
92 17 1152 754
77 4 1330 1118
47 6 435 283
67 16 673 406
48 7 132 0
40 10 186 108
83 9 856 467
61 7 353 172
73 14 423 196
45 5 1144 970
47 11 734 339
55 5 379 209
80 16 226 0
37 2 908 889
46 11 93 0
77 17 904 599
82 17 268 0
51 4 1620 1517
57 11 1194 799
57 12 660 446
57 9 289 142
79 13 1003 704
90 21 1903 953
47 7 415 276
75 6 1996 1767
54 6 734 553
33 3 400 346
62 15 155 0
45 9 752 501
73 14 848 580
73 2 204 167
83 15 444 194
83 8 1104 738
94 20 447 195
57 12 973 485
68 13 433 199
100 3 1103 972
54 8 154 0
64 4 135 0
94 4 429 189
89 12 199 0
79 11 1346 786
71 9 494 239
73 14 1635 1001
87 8 904 489
83 10 1045 718
66 13 262 87
57 9 1658 1322
47 4 271 190
42 4 606 504
67 15 1298 675
77 19 2336 1491
69 4 524 364
46 9 191 63
93 5 232 0
33 4 615 564
76 18 970 693
58 11 1035 696
72 3 715 563
66 13 1153 594
79 14 786 444
95 20 1534 902
76 4 378 172
55 12 193 64
88 20 420 186
78 7 2195 1790
34 3 937 889
80 18 964 619
43 2 343 321
84 7 1623 1337
95 13 238 0
35 2 166 147
68 15 1186 624
89 11 370 123
60 5 1298 1076
79 6 1644 1370
36 9 97 0
82 20 217 0
30 2 107 91
33 8 510 375
97 13 316 0
45 3 383 322
77 17 1037 715
42 2 105 83
78 13 172 0
55 6 425 242
92 19 1075 656
30 3 715 680
99 21 282 0
81 7 478 214
57 9 1238 856
35 7 569 387
65 14 1035 611
40 6 174 58
52 2 233 206
76 19 288 96
46 5 759 617
96 5 540 235
61 11 858 484
40 4 182 106
34 7 920 787
55 9 338 167
85 11 1121 743
50 12 1521 1130
62 2 369 337
99 19 908 440
75 11 254 0
49 7 343 189
70 7 518 247
75 5 222 0
89 10 704 335
80 6 1951 1611
79 12 1101 778
33 3 585 531
35 6 88 0
46 11 1334 918
43 5 144 0
45 11 555 318
85 15 1061 651
41 2 473 452
89 2 221 175
31 5 612 494
61 3 1254 1170
53 7 348 191
93 17 610 278
68 14 197 0
39 8 125 0
91 4 1880 1680
76 18 1866 950
66 16 370 178
70 4 528 377
99 16 287 0
45 7 914 644
32 2 133 116
56 8 1690 1385
68 6 481 235
64 6 792 538
43 5 1031 922
92 13 2563 1732
59 6 166 4
48 5 118 0
33 6 462 330
76 19 166 0
39 4 699 600
64 5 1859 1642
53 2 307 280
54 13 258 132
64 16 1048 558
90 15 1655 1065
49 9 772 479
92 17 242 0
33 5 150 96
58 7 231 77
61 2 219 187
94 5 2252 1945
80 10 681 365
93 15 2122 1389
95 2 416 368
57 12 776 463
97 12 1290 800
82 15 1279 819
47 2 336 312
36 9 257 160
96 9 300 0
44 3 163 88
81 10 175 0
58 11 182 0
34 5 447 369
35 4 85 28
35 2 218 199
91 21 185 0
42 9 594 398
54 5 504 341
51 6 835 698
47 8 455 333
59 3 851 773
37 2 90 71
43 8 119 0
84 19 1031 641
40 5 87 0
100 14 2403 1495
43 2 782 759
73 7 437 200
94 7 234 0
40 4 300 211
86 8 969 559
33 5 331 210
61 15 1299 644
56 4 197 65
65 6 2053 1795
63 2 1429 1397
67 5 683 466
40 5 499 346
47 3 1194 1094
41 7 345 216
91 15 295 0
42 6 713 541
92 19 1286 877
46 4 604 521
80 12 542 255
97 20 486 208
77 5 241 20
56 4 206 68
69 9 180 0
99 7 1196 696
39 6 1006 885
60 12 322 153
66 4 1365 1167
56 12 183 0
73 10 854 582
43 2 105 83
89 21 1989 904
93 23 1125 673
85 5 1155 955
54 7 514 353
57 11 1283 865
83 6 2268 1870
45 10 460 317
43 10 127 0
53 10 158 0
87 12 2359 1661
48 3 162 63
60 12 522 312
87 5 2271 1986
89 11 1764 1047
42 8 160 53
85 6 592 272
33 4 706 629
81 5 1053 799
92 8 1532 1129
85 2 176 132
52 3 1268 1144
57 8 411 212
54 8 1077 771
83 18 1734 743
60 4 357 183
64 8 1067 765
85 12 2271 1563
89 19 678 327
57 2 662 633
79 5 900 604
71 10 2189 1633
63 15 228 76
97 23 1465 1026
86 9 937 548
89 8 1276 874
46 6 1058 879
89 16 586 270
59 7 581 375
86 12 508 224
92 18 461 199
89 7 2070 1617
53 6 480 298
99 20 494 210
92 9 383 127
41 8 495 302
37 3 217 159
87 20 1127 745
60 15 180 0
86 3 1818 1701
89 8 605 276
82 3 362 228
69 6 189 0
63 10 276 92
53 12 1291 757
89 5 377 125
79 18 798 448
30 5 849 781
64 9 216 0
61 4 252 84
37 7 91 0
79 8 1203 827
98 8 2803 2305
30 7 587 473
77 3 277 154
66 14 1027 591
43 6 444 314
43 3 883 806
38 3 112 52
78 15 173 0
35 5 245 156
34 5 716 600
77 13 164 0
87 3 1083 995
96 11 738 347
76 14 431 198
66 7 783 559
91 4 1068 782
79 7 496 220
79 6 694 369
77 18 191 0
84 6 851 495
81 6 409 182
36 9 152 50
58 14 1646 1096
43 6 866 750
47 6 506 364
80 11 253 0
55 9 202 67
65 10 421 195
53 4 525 407
62 2 425 393
32 6 213 146
64 3 518 440
49 5 922 755
43 2 185 163
42 5 1132 1010
80 4 1651 1439
91 21 249 0
81 14 737 383
86 5 1121 794
36 7 395 228
90 2 247 201
53 2 340 312
78 9 203 0
63 10 136 0
89 2 288 243
70 8 215 0
45 10 339 214
87 21 440 192
99 6 1571 1194
66 16 686 410
44 9 1314 1043
55 3 887 768
71 12 313 104
30 5 114 38
72 10 473 232
39 7 896 699
41 3 603 561
30 6 184 116
86 14 869 471
89 6 662 295
52 6 1432 1206
79 6 193 0
62 7 1020 718
84 8 586 270
65 3 2025 1917
74 18 1003 701
74 11 496 240
77 9 632 311
65 9 211 0
30 7 128 42
36 8 920 752
72 17 1521 661
71 13 877 590
55 4 245 126
60 5 211 70
86 13 1590 918
74 11 2217 1652
63 12 202 0
87 2 706 662
62 13 1299 696
45 9 880 663
37 4 207 124
82 5 1082 845
82 6 1365 1019
60 7 155 0
90 6 1367 968
34 3 154 111
80 18 205 0
46 5 300 175
93 2 332 285
60 6 160 0
44 11 412 275
75 18 626 309
85 3 1077 926
87 16 256 0
93 3 234 37
46 11 866 598
99 12 613 259
49 4 119 4
33 4 240 165
83 4 190 0
67 15 927 584
63 11 288 142
76 16 2161 1462
91 21 254 0
32 4 323 261
86 8 1247 932
48 3 126 48
51 11 1495 1171
31 3 80 42
41 4 784 702
52 10 145 0
71 10 584 295
68 2 490 455
91 2 2210 2163
72 9 224 0
53 11 1134 720
48 12 101 0
63 6 313 150
54 2 225 197
72 16 427 197
93 20 2208 966
30 2 736 720
84 6 339 113
78 18 906 600
59 3 567 489
94 2 1287 1239
54 10 1665 1328
68 4 612 477
78 11 268 0
38 5 620 499
100 17 321 0
90 19 1222 856
42 9 100 0
85 19 512 225
89 19 1033 642
46 5 947 760
91 5 183 0
49 10 988 727
72 13 226 0
55 2 126 97
66 3 1669 1547
56 7 386 203
37 3 474 403
66 16 1907 1231
94 9 253 0
74 10 1545 894
45 6 592 439
96 7 246 0
93 7 251 0
85 17 320 106
37 3 995 942
93 4 2002 1793
35 2 81 63
50 10 1173 935
36 8 463 294
63 4 407 226
81 5 1614 1377
36 6 191 109
75 2 216 177
84 15 317 105
63 8 455 226
75 11 341 159
43 7 148 0
75 10 534 253
45 9 761 525
81 19 871 526
37 5 935 853
63 2 1434 1401
50 9 376 226
46 8 138 0
83 11 679 327
47 10 1256 930
55 12 139 0
90 22 1337 983
96 8 840 418
31 5 636 528
86 11 1154 754
33 5 787 647
83 13 1124 823
75 14 252 0
54 9 446 249
100 7 2441 1964
58 9 611 439
61 6 1517 1334
78 17 373 170
67 7 1787 1488
47 6 1362 1162
43 2 295 273
37 3 347 309
67 13 1920 1387
69 3 159 0
82 13 415 184
44 3 913 866
54 4 141 45
75 12 170 0
72 17 416 193
51 5 151 0
35 8 79 0
90 5 1114 837
39 6 709 596
53 7 454 289
51 2 817 791
31 3 86 42
88 2 545 500
61 11 916 549
63 4 839 623
35 8 155 51
86 7 709 353
72 15 479 234
53 5 1251 1112
83 13 2338 1497
34 4 184 107
85 11 322 107
32 6 114 38
73 12 194 0
91 13 2157 1402
58 7 214 71
65 3 242 158
84 18 230 0
39 7 135 0
34 4 108 37
51 6 1010 819
30 5 77 0
58 10 395 206
79 10 1616 1138
96 7 228 0
88 19 435 191
38 5 129 34
83 16 2527 1702
62 12 602 382
86 17 733 382
74 10 372 170
41 10 986 673
81 18 297 99
49 5 341 188
75 15 201 0
86 13 555 240
100 4 725 442
39 8 314 205
86 11 381 127
37 6 643 504
88 20 2302 1033
38 8 157 52
41 6 137 6
52 6 355 193
98 5 452 196
63 6 129 0
30 4 172 112
87 10 176 0
98 15 510 216
44 4 103 0
64 13 1036 542
74 8 1115 734
84 11 492 219
97 8 317 0
45 9 300 175
49 12 716 395
97 2 1624 1575
82 14 673 325
42 2 128 106
31 7 90 0
82 20 173 0
71 6 1296 1013
64 5 410 191
38 8 156 52
55 10 225 75
94 6 290 0
73 15 578 293
45 5 163 54
61 3 716 635
70 9 550 284
65 2 252 218
64 6 1215 995
92 6 837 475
81 11 648 317
93 10 2271 1618
39 5 883 798
96 3 236 113
79 15 301 100
76 6 380 172
54 11 816 505
31 5 838 730
58 6 147 0
46 7 474 305
93 23 740 347
36 6 119 5
50 9 135 0
66 12 1513 982
48 7 969 763
69 11 478 234
55 9 713 493
31 6 764 676
76 17 432 199
36 9 107 0
53 13 113 0
67 7 1785 1445
38 6 147 49
32 2 534 517
56 4 387 251
31 6 829 721
80 14 427 188
72 13 1537 992
46 5 350 217
38 2 689 669
46 4 142 43
57 6 499 304
82 10 2051 1529
94 3 1593 1459
80 5 185 0
56 9 517 310
43 5 89 0
66 10 862 614
82 18 783 443
60 6 450 251
68 13 1175 641
74 5 1244 986
57 4 138 0
33 4 646 567
65 16 136 0
90 17 751 351
80 14 1655 1108
55 9 690 452
34 5 692 594
50 12 237 125
46 7 231 123
41 2 91 69
84 9 247 0
86 12 1254 832
87 3 2346 2212
97 8 1898 1359
57 3 411 305
87 13 573 266
71 3 149 75
50 10 686 403
77 2 1966 1926
67 10 1710 1366
43 4 135 40
93 14 326 108
45 4 109 2
48 10 1270 947
98 12 1636 1138
93 9 951 499
66 4 1818 1717
37 6 281 194
50 2 488 462
78 13 383 173
34 5 406 291
75 9 429 198
35 2 107 89
48 6 107 0
69 5 697 480
44 5 115 0
73 14 2038 1353
67 11 1009 575
64 9 327 155
66 12 993 594
32 4 436 378
96 8 1079 595
44 7 132 0
57 13 175 0
76 17 258 0
44 9 765 494
96 5 198 0
36 9 112 0
82 18 739 384
33 2 312 294
66 13 269 89
93 18 974 506
82 12 1006 633
34 6 819 677
57 6 425 216
62 14 1118 568
44 11 705 459
53 13 368 197
94 21 2912 1660
43 2 529 506
33 3 327 291
93 18 408 136
79 6 645 316
71 16 185 0
45 5 192 64
83 5 1126 839
35 3 510 473
99 13 215 0
38 2 91 71
79 3 2199 2096
67 5 181 0
79 3 1179 1043
69 2 1050 1014
78 14 260 0
53 4 1547 1424
37 2 996 976
42 8 115 0
55 3 124 37
80 18 251 0
51 3 718 643
98 10 514 217
88 22 1920 902
46 3 107 37
88 3 1402 1259
73 6 973 719
40 7 380 240
81 3 2355 2247
82 5 1358 984
69 5 381 182
62 8 1447 1104
82 16 1016 636
99 3 1607 1421
57 8 200 66
58 14 815 500
38 6 165 55
59 13 344 169
75 5 551 289
77 3 213 25
55 5 497 374
93 2 2790 2742
30 2 619 603
70 17 557 286
64 14 1558 958
34 6 474 370
80 20 544 256
78 7 1783 1351
35 8 401 220
100 2 531 480
34 6 82 0
58 4 1130 1039
53 9 505 350
85 16 1742 817
79 7 419 185
58 11 220 73
31 6 69 0
67 13 1769 1203
41 9 486 289
65 7 1698 1441
64 11 1090 714
78 5 170 0
44 11 1050 753
54 7 287 141
67 7 530 277
86 16 257 0
71 3 204 107
75 10 193 0
94 12 1601 1086
53 11 187 62
51 4 398 308
80 5 775 442
49 6 762 613
87 10 2293 1723
79 9 230 0
39 8 95 0
47 2 913 889
88 2 245 200
99 8 2358 1924
33 4 81 23
54 3 363 274
48 11 615 367
42 9 350 217
94 5 460 199
74 12 731 425
46 2 384 360
99 6 674 307
42 5 1177 1080
58 14 450 251
96 22 896 436
78 15 812 452
57 4 758 640
51 10 302 155
84 15 2077 1219
33 4 96 30
100 10 2790 1924
97 9 774 359
61 15 725 478
73 14 2147 1514
70 7 622 345
93 10 366 122
63 13 1182 680
75 5 763 460
87 18 437 191
30 4 346 282
33 8 143 47
83 5 1066 822
55 4 1371 1213
83 9 410 182
49 10 349 191
97 12 242 0
35 5 838 750
30 3 813 778
34 7 91 0
47 6 195 65
65 11 354 164
71 7 1370 927
64 15 395 186
97 5 359 119
50 6 569 410
90 17 779 397
48 3 158 57
87 8 722 341
51 8 844 558
67 4 461 228
49 7 666 467
38 8 149 49
30 4 711 659
53 9 213 71
76 19 464 209
36 5 416 318
49 9 1038 664
83 10 1088 732
42 9 352 218
38 2 274 254
100 13 1866 1168
82 4 218 8
31 2 349 333
58 3 254 175
79 4 1597 1414
81 6 1973 1601
33 3 275 224
47 3 486 423
84 19 702 335
59 6 1036 770
97 7 266 0
54 12 633 463
35 4 157 101
81 10 1480 863
76 18 1405 696
40 5 119 0
81 7 1623 1238
43 6 143 0
51 12 1060 556
49 4 1056 929
81 9 1702 1224
79 8 194 0
91 8 1924 1391
85 17 265 0
56 9 477 297
83 20 274 0
87 9 340 113
85 20 587 270
57 7 577 374
78 7 1552 1116
78 8 311 103
84 15 632 311
30 4 322 250
60 3 174 111
67 8 157 0
80 10 198 0
37 2 523 504
48 8 122 0
62 2 294 262
61 11 1035 617
69 17 505 243
37 5 453 329
43 10 1079 805
100 21 1181 691
51 10 404 235
79 15 178 0
86 15 819 455
64 4 370 243
80 3 170 50
42 4 128 32
62 12 386 183
40 7 292 172
89 18 2578 1315
41 4 439 356
90 17 2288 1218
40 3 265 205
70 2 496 460
39 3 86 36
35 6 872 771
85 21 305 101
49 12 975 597
56 12 1021 626
54 4 679 563
36 2 90 71
99 18 309 0
75 7 263 87
40 4 119 40
79 12 323 107
58 3 971 860
60 8 182 0
62 14 311 149
49 5 100 0
42 2 346 324
64 5 517 310
85 17 590 271
56 3 1292 1234
93 3 1555 1428
36 7 816 687
66 9 155 0
48 8 218 118
81 18 287 95
48 6 140 0
71 14 799 502
76 4 543 377
70 2 667 631
84 4 317 105
93 6 1391 951
90 6 2704 2269
45 2 139 116
78 8 2476 2082
38 5 811 676
57 6 645 451
95 17 204 0
39 8 279 168
42 2 266 244
30 4 120 59
75 11 1431 840
82 19 166 0
99 2 600 550
67 5 437 220
32 5 233 152
62 12 169 0
96 23 823 412
75 5 153 0
73 3 702 603
100 11 303 0
62 5 327 155
54 6 1549 1350
83 15 314 104
45 9 124 0
72 12 1544 941
75 4 201 49
39 4 451 377
64 14 831 572
88 2 807 762
55 13 1548 985
98 18 698 307
57 3 741 667
99 5 2560 2193
39 7 154 51
39 4 294 207
92 7 255 0
87 20 521 228
92 9 1036 581
62 15 412 212
70 15 332 156
95 2 1021 972
64 9 795 563
55 10 221 73
96 24 416 138
51 5 281 148
98 8 969 505
41 10 1255 991
98 8 348 116
63 6 185 0
69 10 996 644
82 4 699 446
46 7 343 189
98 23 1392 913
99 8 3149 2681
43 6 665 526
56 5 335 166
83 11 275 0
61 9 1015 714
77 5 389 175
86 17 376 125
48 12 1085 771
34 2 702 684
48 12 182 60
95 10 410 136
100 10 845 382
97 6 554 239
92 21 2315 913
93 15 247 0
79 11 1004 697
34 6 228 151
71 11 985 578
62 5 448 250
88 21 1317 930
49 6 862 673
88 16 411 183
40 4 961 881
62 12 178 0
95 4 1916 1674
39 9 116 0
34 7 78 0
74 8 878 590
96 11 2348 1790
67 6 1466 1162
67 3 294 224
58 6 1786 1527
60 12 140 0
54 7 571 426
51 6 401 234
54 4 317 207
53 11 242 126
98 12 200 0
65 12 390 185
72 9 655 356
35 3 523 475
40 5 118 25
35 6 130 43
78 19 311 103
54 9 119 0
86 7 339 113
38 4 1177 1081
42 6 585 433
91 22 677 300
38 5 143 47
52 4 212 98
77 4 743 543
83 14 1062 724
79 12 727 380
41 6 100 0
72 10 714 420
46 3 849 760
95 17 1349 898
85 17 1544 828
31 4 171 112
51 12 1347 894
94 12 423 187
100 10 550 238
56 7 179 0
54 4 1267 1137
78 10 849 519
49 11 559 384
99 4 286 66
65 4 1310 1163
40 10 136 0
50 8 441 285
49 12 918 558
44 2 306 283
75 8 160 0
44 2 107 84
54 11 437 246
87 19 2096 1112
44 6 811 676
61 11 129 0
82 6 812 452
66 7 1391 1133
98 5 607 257
67 14 1762 1121
51 6 1537 1387
43 10 293 172
43 2 790 768
33 5 185 116
79 4 473 312
33 3 402 357
55 13 138 0
39 6 258 161
59 9 135 0
39 3 679 613
90 22 2092 974
33 4 634 573
54 8 136 0
95 15 2721 1687
84 20 2018 826
58 3 356 260
58 9 1151 864
36 2 152 133
96 7 1268 792
98 7 991 512
81 7 392 176
32 6 351 249
59 5 450 253
100 10 2012 1227
85 2 1982 1939
78 10 451 205
41 6 416 289
73 5 965 704
93 13 970 505
40 5 1013 875
44 5 184 61
42 8 136 0
49 4 612 512
67 16 705 471
92 8 1493 1087
94 9 335 111
76 19 419 194
35 3 104 67
59 8 1301 992
67 12 1824 1190
97 12 1976 999
71 2 737 701
59 6 627 445
36 4 222 129
55 3 319 222
51 10 664 419
93 18 358 119
62 5 411 212
66 16 1873 1275
85 8 735 383
58 8 369 178
61 3 1562 1499
93 4 2949 2808
100 4 331 107
59 2 880 850
69 6 935 649
74 8 651 355
43 2 1008 985
74 17 1917 1128
40 4 97 13
60 7 1039 810
47 8 673 492
61 11 443 222
62 12 468 257
67 6 855 594
36 4 145 73
68 12 251 83
31 6 466 383
54 3 619 563
99 5 1067 633
83 10 862 469
62 11 173 0
41 4 111 7
91 7 2582 2154
57 9 652 453
47 7 1439 1199
38 8 238 134
85 16 235 0
35 3 128 92
95 21 2119 1174
32 5 90 0
95 7 322 0
37 9 607 400
75 7 322 107
85 13 549 238
90 5 349 116
71 6 251 83
87 11 530 231
98 23 664 296
94 2 745 697
66 11 1965 1542
36 8 146 48
93 16 2695 1686
39 6 82 0
43 5 171 57
46 7 1090 871
73 4 326 146
81 18 939 611
39 4 355 276
71 12 162 0
86 9 676 326
40 2 1209 1188
95 23 2848 1392
74 10 1346 878
56 5 719 531
40 6 932 800
76 13 1783 1174
65 3 279 192
59 6 1672 1401
95 9 516 218
78 4 1936 1757
100 25 2193 1136
63 15 137 0
86 3 372 200
88 6 1427 1051
64 9 401 188
58 8 532 315
96 11 606 257
89 3 1613 1492
91 15 1728 911
77 2 382 342
44 3 233 169
50 10 501 349
71 4 926 670
56 14 499 304
87 3 1814 1698
30 7 362 238
90 12 1925 1259
71 12 379 172
62 2 1268 1236
62 9 414 213
97 3 411 189
94 20 1062 590
80 16 391 176
56 12 971 604
95 18 2736 1675
88 5 511 225
44 8 263 142
58 12 186 0
31 7 812 667
84 7 192 0
45 8 1048 812
39 2 893 873
63 10 144 0
82 13 399 179
69 9 1492 1087
89 19 401 179
68 3 383 262
74 11 859 584
38 2 81 61
87 7 2770 2357
72 5 446 203
48 12 527 362
70 6 171 0
88 13 179 0
40 5 780 648
94 13 1299 882
52 4 444 330
41 2 196 174
84 5 926 666
100 15 2817 1889
60 6 128 0
62 4 1792 1659
72 5 715 420
94 16 761 354
56 10 250 83
83 19 223 0
83 7 1276 902
50 7 170 0
70 16 842 578
42 8 1135 930
77 19 455 206
85 7 1911 1516
80 7 861 523
71 10 465 230
69 12 2156 1640
93 6 524 229
89 2 1977 1932
81 20 351 117
39 4 189 109
97 4 602 374
39 9 103 0
72 11 607 303
32 3 690 651
37 4 94 0
71 15 304 101
92 12 2800 2179
93 9 2909 2273
52 2 984 957
34 5 636 549
81 6 442 193
84 18 920 542
43 5 1196 1077
62 4 1373 1186
87 7 233 0
45 5 697 545
84 17 1124 744
94 9 539 234
79 4 2473 2336
58 12 151 0
93 4 380 167
51 5 911 733
93 7 512 225
93 21 292 0
75 18 2195 1371
86 10 1958 1577
36 6 87 0
56 14 869 433
90 3 570 433
61 15 446 223
60 14 162 0
72 5 1626 1387
30 3 533 491
38 8 454 307
50 3 144 42
60 5 205 25
71 8 1000 617
59 14 748 495
91 14 1019 575
34 6 939 820
96 16 218 0
71 8 380 172
35 2 693 675
96 21 1515 1046
34 2 96 78
96 9 516 218
93 13 712 338
59 6 630 446
84 10 1027 640
75 9 215 0
95 9 307 0
59 5 1357 1209
51 7 320 161
84 2 169 126
99 15 1628 1140
34 7 1005 871
72 17 177 0
88 4 1821 1525
60 12 1103 523
99 15 1044 584
87 16 674 325
63 4 228 90
32 5 985 902
80 3 1055 946
39 9 708 474
53 8 568 401
73 5 154 0
41 9 237 134
97 16 840 418
88 7 1802 1283
36 8 179 105
42 6 1083 949
93 4 211 0
33 8 870 722
49 5 172 57
37 4 1060 985
44 11 391 268
86 16 190 0
90 22 1861 907
82 15 534 253
45 4 323 216
99 16 505 214
79 12 297 99
44 3 250 182
86 19 1302 862
87 6 935 547
80 5 850 521
55 8 298 145
68 4 143 0
42 6 354 247
78 17 324 108
43 6 1223 1028
41 7 370 261
87 14 186 0
52 11 651 412
98 22 588 251
44 8 336 213
61 14 182 0
32 4 201 126
81 19 1698 841
98 7 414 138
51 6 1557 1376
39 2 868 847
68 10 1773 1283
99 18 239 0
67 3 417 327
35 2 91 73
41 3 340 288
65 9 926 589
56 12 480 298
65 14 1494 765
31 6 903 811
38 8 318 207
66 8 1357 1095
30 4 205 143
57 14 698 482
92 17 1144 679
61 12 1468 965
54 7 506 306
74 13 1274 650
84 2 686 643
97 17 256 0
55 12 111 0
86 13 2138 1453
67 7 594 336
92 21 1428 897
52 13 948 596
91 22 296 0
38 7 131 0
67 12 329 155
59 12 319 152
54 6 589 411
58 14 682 522
70 8 1703 1409
46 3 131 58
57 6 598 381
49 12 637 398
60 3 787 694
66 9 887 568
50 8 150 0
38 9 131 0
77 17 264 0
40 6 83 0
44 8 88 0
57 12 183 0
69 14 152 0
63 7 795 584
55 6 157 7
73 7 599 300
100 10 204 0
75 5 301 100
67 5 452 234
72 11 788 498
39 9 987 748
32 7 460 354
75 10 1269 787
81 15 821 455
92 5 2828 2517
38 2 79 59
71 2 460 424
73 12 294 98
58 14 235 78
59 12 242 80
78 7 727 380
30 5 300 221
100 14 708 311
65 7 1131 924
43 7 156 52
69 4 852 717
32 2 637 620
95 10 567 244
74 4 1304 1158
57 5 327 164
35 8 79 0
67 8 192 0
93 16 340 113
58 3 1435 1358
62 9 128 0
37 4 349 280
60 14 342 169
77 11 836 514
47 5 219 119
67 11 339 159
54 2 1061 1033
92 21 268 0
34 7 198 121
47 5 622 477
50 7 423 242
42 6 153 51
51 12 599 401
77 18 370 169
99 11 429 143
34 8 808 673
100 19 245 0
83 5 375 171
44 10 353 218
94 17 1733 932
64 6 205 0
94 10 1182 764
48 7 743 496
78 12 790 445
65 15 666 404
90 3 834 687
79 17 364 167
64 12 1222 792
94 2 365 317
100 9 2636 2065
75 10 164 0
56 6 226 75
71 13 153 0
99 14 580 248
39 3 88 37
71 8 779 495
31 6 92 0
57 9 672 500
71 11 431 198
80 2 468 427
46 7 906 747
90 20 1311 910
89 22 1508 924
45 9 1325 1042
98 8 1790 1131
69 16 406 190
95 18 1497 1035
30 4 183 116
54 8 304 156
81 17 208 0
43 2 401 379
66 12 1151 655
74 12 409 191
68 10 1448 991
95 8 477 205
65 13 1715 1222
93 6 597 254
91 21 310 0
35 2 339 321
76 19 218 0
63 13 244 81
39 8 138 46
37 3 1099 1050
70 9 145 0
42 3 320 265
59 3 1761 1648
59 5 358 174
51 4 118 9
81 9 2184 1673
65 7 1635 1362
48 12 161 0
76 18 549 258
97 7 236 0
33 3 208 159
82 13 518 227
67 8 267 89
86 18 223 0
34 2 368 350
97 17 1826 1040
37 3 573 523
58 6 292 143
100 14 725 316
69 15 397 187
49 5 583 435
66 10 247 82
55 4 332 181
34 2 175 157
32 4 235 163
81 19 181 0
68 5 195 0
100 21 743 322
59 2 760 729
41 6 364 259
59 9 1103 640
74 7 271 90
61 10 208 0
44 5 188 62
67 12 156 0
66 7 211 0
89 15 460 199
62 12 1101 626
73 11 178 0
45 7 525 325
51 11 160 0
90 14 684 329
90 14 371 123
61 14 153 0
80 19 165 0
42 5 588 465
95 17 2295 1139
42 9 1133 853
67 7 155 0
33 8 215 146
30 3 785 750
69 5 430 199
35 6 303 239
54 5 1711 1519
97 10 998 514
42 8 241 135
51 3 1268 1199
89 17 1152 754
100 16 1467 1027
65 8 434 219
43 7 634 416
59 7 1726 1492
58 9 303 147
30 4 207 144
35 5 358 267
82 7 301 100
62 3 1720 1635
73 10 259 86
59 2 641 610
97 23 867 427
60 2 520 489
96 13 750 351
49 3 244 171
37 4 612 551
73 14 1039 725
77 6 175 0
52 8 118 0
73 12 259 86
94 12 2052 1247
63 9 1972 1527
95 14 193 0
89 16 1005 571
35 6 84 0
84 8 169 0
90 17 385 128
85 6 355 118
38 4 201 118
63 13 242 80
68 11 1553 1024
67 10 590 334
52 9 660 397
55 8 1744 1408
52 12 167 0
61 14 145 0
90 8 755 352
74 18 1387 740
89 2 179 133
61 2 858 827
37 7 303 202
94 10 1515 988
85 8 999 631
93 11 1914 1248
52 8 519 355
53 2 238 211
95 5 287 0
78 4 784 595
57 4 257 136
83 9 358 119
75 7 1281 978
94 17 313 0
60 7 1686 1456
88 2 826 781
73 11 835 514
51 2 195 168
66 11 987 587
80 20 890 532
88 5 330 110
51 4 1087 926
44 2 144 121
34 2 790 772
86 13 721 341
43 4 263 159
64 9 1409 1055
65 8 1238 935
63 10 171 0
82 9 1012 635
44 6 1029 891
63 9 660 402
62 10 190 0
43 4 111 45
63 5 1295 1077
91 6 234 0
94 23 2109 1144
36 6 347 232
98 19 1200 698
73 15 1443 648
40 10 552 284
99 15 224 0
62 6 414 213
74 17 1703 898
70 5 279 93
67 11 297 99
91 14 219 0
52 3 202 109
98 13 791 364
43 8 120 0
74 13 373 170
37 5 982 899
49 5 205 68
53 10 804 482
98 19 439 146
57 3 212 112
39 7 132 0
55 5 282 140
41 8 296 173
96 6 435 191
75 2 1349 1310
43 5 131 0
95 14 518 218
93 16 468 202
35 2 127 108
91 5 515 226
45 8 102 0
46 8 517 358
67 13 1366 829
88 15 229 0
100 7 214 0
77 11 561 262
47 3 131 63
31 7 88 0
43 7 156 52
83 6 804 450
100 10 1096 601
79 6 292 97
80 6 2505 2226
47 8 1019 818
81 5 1759 1480
31 6 135 45
97 21 801 368
70 12 515 246
99 18 236 0
50 8 1274 1048
68 10 270 90
69 9 1329 985
60 4 1447 1296
74 18 179 0
96 19 1727 1149
82 13 984 626
95 17 586 250
55 4 566 427
64 4 267 117
43 7 145 0
72 10 595 299
83 19 315 105
94 12 2605 1871
90 7 677 326
85 12 226 0
30 2 471 455
89 2 1413 1368
98 18 1577 980
69 16 813 569
91 8 218 0
50 8 174 0
86 17 2514 1603
53 2 200 172
90 2 1438 1392
38 9 148 49
83 3 416 303
97 16 871 428
76 18 212 0
64 8 382 182
42 7 138 0
44 3 635 564
71 4 808 671
77 5 971 695
43 9 178 59
99 5 1878 1588
72 6 349 162
58 7 1053 830
81 12 1318 745
40 9 249 138
100 25 2641 1241
68 3 214 93
74 18 656 356
65 15 1381 578
45 4 431 338
87 17 2530 1260
69 13 1354 597
36 7 375 237
68 6 678 429
44 3 699 640
86 4 344 114
54 2 208 180
92 7 778 360
86 11 873 473
60 9 1029 619
76 13 2336 1801
72 5 169 0
90 11 319 106
83 17 527 230
60 14 135 0
66 7 308 148
35 7 174 104
71 12 366 168
70 4 280 122
67 12 262 87
43 3 878 822
36 3 91 43
95 19 827 413
92 11 1042 583
82 20 364 121
57 8 243 81
88 3 980 793
58 14 575 373
92 16 604 276
59 12 707 533
92 15 263 0
39 5 115 0
81 19 207 0
99 5 1763 1414
75 15 317 105
48 10 1308 991
32 2 289 272
53 2 164 137
69 6 551 313
76 3 628 530
50 12 112 0
93 23 2410 1045
86 9 618 281
39 7 1037 909
62 15 363 176
58 3 138 50
85 7 900 536
61 15 367 177
73 10 270 90
66 14 380 181
74 5 331 110
82 2 1128 1086
95 19 1301 882
34 4 155 97
45 10 1267 1035
60 8 1620 1333
72 15 1045 678
96 6 669 346
95 23 1855 1131
72 11 777 495
85 17 330 110
47 3 917 840
30 2 402 386
82 2 1456 1414
82 8 282 0
30 7 522 397
46 9 198 66
37 8 530 342
45 7 569 406
54 11 121 0
40 2 108 87
43 8 714 498
55 10 188 0
36 4 627 566
51 9 249 129
66 6 1483 1191
71 2 904 867
54 4 589 457
92 20 1893 999
54 12 416 239
86 14 635 286
81 7 1701 1322
89 10 445 194
37 7 133 44
77 12 544 256
71 3 285 185
47 10 207 69
87 16 233 0
43 7 103 0
91 15 370 123
61 13 485 262
84 17 214 0
79 11 596 299
38 2 612 592
96 18 2371 1259
79 12 188 0
73 10 643 352
68 13 1020 657
85 7 1379 975
89 9 565 243
78 18 646 316
79 5 337 139
90 16 260 0
39 4 308 212
64 4 468 314
50 6 267 135
83 19 745 386
70 16 670 405
93 15 2253 1106
45 3 307 260
55 2 689 661
89 2 1282 1237
56 2 1685 1656
38 3 864 813
92 23 1472 916
84 8 563 262
86 3 735 570
58 14 286 141
81 12 647 316
67 10 1400 899
67 9 137 0
54 13 250 129
40 8 616 404
54 7 621 409
52 11 116 0
71 10 170 0
77 16 729 381
90 16 1255 867
39 3 283 217
67 12 1619 1095
75 12 624 309
44 8 191 63
66 6 643 396
92 18 516 227
62 12 1874 1281
48 6 684 513
76 6 708 387
76 15 2091 1245
94 16 838 417
71 6 1815 1519
45 4 168 74
87 7 898 481
75 4 1509 1242
61 7 1312 938
62 2 252 220
82 10 1419 869
42 3 556 500
99 11 591 252
40 7 187 108
37 3 746 683
97 18 979 508
79 17 1842 1055
45 7 492 340
37 5 99 0
80 20 1003 704
33 3 817 762
91 11 312 0
89 9 1075 656
68 4 1673 1534
72 12 195 0
50 7 249 129
57 4 871 705
43 6 152 50
60 5 385 234
64 8 752 544
34 7 399 268
33 4 715 640
34 3 75 36
58 7 1316 1124
60 13 729 468
68 15 1298 686
66 5 511 337
41 7 1303 1137
40 2 1126 1105
55 4 330 188
99 12 1505 1039
40 10 80 0
79 17 276 0
89 16 289 0
55 13 1708 1182
30 3 568 529
82 9 1263 800
60 7 191 0
95 17 2383 1388
45 2 1119 1095
33 6 1025 888
66 2 322 288
30 3 135 91
33 7 888 768
99 14 290 0
67 9 538 280
79 8 319 106
67 3 1186 1079
78 13 1026 712
68 6 954 699
62 5 145 0
84 3 622 509
31 3 68 24
45 7 354 219
73 18 162 0
91 2 2516 2469
72 18 332 156
41 2 350 328
46 2 133 109
37 6 820 692
30 6 77 0
30 4 131 65
98 15 529 222
78 16 1062 722
38 7 92 0
75 16 201 0
36 2 863 844
88 4 1527 1294
92 12 819 411
87 4 2059 1887
93 11 2735 2008
58 3 180 82
96 6 353 117
72 8 345 161
99 24 222 0
69 6 1454 1137
33 7 389 247
51 12 120 0
67 12 1599 913
72 12 493 239
85 9 1298 871
100 7 388 129
56 5 720 532
45 5 184 73
77 15 685 366
37 4 547 446
98 21 1189 694
97 22 1421 1011
90 11 1449 928
80 9 253 0
71 6 340 159
32 2 708 691
73 10 1977 1297
66 3 758 680
36 9 590 352
96 11 210 0
96 10 425 141
85 2 1375 1332
47 10 1188 765
41 4 902 828
78 19 272 0
70 13 278 92
75 6 1784 1567
54 7 701 468