97	31	0
297	823	0
623	1386	0
473	1815	0
204	231	0
74	128	0
262	84	0
118	176	0
89	108	0
301	584	0
360	1330	0
138	202	0
453	740	0
293	661	0
251	317	0
122	148	0
135	86	0
0	97	0
402	626	0
498	684	0
617	1454	0
568	2139	0
179	199	0
340	729	0
562	517	0
518	481	0
625	719	0
202	193	0
16	210	0
420	1003	0
280	130	0
185	69	0
92	209	0
51	202	0
136	282	0
164	190	0
293	223	0
203	179	0
371	299	0
97	117	0
214	196	0
16	101	0
546	1940	0
5	194	0
657	879	0
154	201	0
216	644	0
132	196	0
289	894	0
163	313	0
396	804	0
165	263	0
33	112	0
26	136	0
238	197	0
189	142	0
573	1184	0
25	175	0
260	1207	0
15	92	0
237	159	0
128	214	0
106	79	0
498	435	0
536	776	0
119	116	0
216	266	0
434	1667	0
157	37	0
221	780	0
116	119	0
286	1197	0
128	190	0
366	246	0
105	109	0
198	81	0
38	79	0
621	1953	0
30	138	0
270	1074	0
308	177	0
528	1092	0
119	134	0
128	164	0
283	818	0
580	694	0
172	137	0
51	74	0
126	101	0
587	1902	0
162	241	0
439	1919	0
277	683	0
0	161	0
375	583	1051
11	148	0
218	230	0
163	292	0
6	198	0
349	607	0
210	259	0
9	106	0
362	261	0
218	251	0
606	524	0
111	123	0
157	219	0
134	131	0
205	163	0
119	89	0
248	1152	0
30	162	0
204	529	0
208	238	0
205	196	0
142	453	0
0	133	0
227	267	0
681	618	1324
13	76	0
145	658	0
557	372	0
61	203	0
259	127	0
409	396	0
273	598	25
507	308	0
227	283	0
521	794	0
104	147	0
0	230	0
150	259	0
250	631	0
176	725	0
134	141	0
107	217	0
58	64	0
79	152	0
175	117	0
252	270	0
127	207	0
536	1193	0
8	63	0
302	308	0
522	459	0
90	201	0
277	291	0
468	702	489
349	1086	0
79	116	0
542	1411	0
663	734	0
9	140	0
63	246	0
142	34	0
530	625	0
182	162	0
61	244	0
278	845	0
45	73	0
52	147	0
141	286	0
118	219	0
50	285	0
390	500	0
89	147	0
279	293	0
0	87	0
463	1109	0
432	421	0
154	441	0
4	118	0
388	573	0
308	343	0
35	171	0
403	1405	0
463	328	0
385	197	0
194	318	0
403	340	0
456	436	0
159	210	0
110	313	0
147	316	0
424	486	0
379	426	0
329	1029	0
256	751	0
203	1127	0
5	57	0
492	1025	0
563	1818	0
308	182	0
14	125	0
110	74	0
12	238	0
17	79	0
313	270	0
56	162	0
127	158	0
257	661	0
134	507	0
114	220	0
332	321	0
604	853	0
635	782	0
541	158	0
270	245	0
78	30	0
144	257	0
368	296	0
17	268	0
164	98	0
154	104	0
537	929	0
515	765	0
146	244	0
0	155	0
66	174	0
406	1263	0
622	2018	0
64	166	0
48	82	0
131	221	0
509	1995	0
8	114	0
255	556	0
434	946	0
202	582	0
151	97	0
48	163	0
42	73	0
415	519	0
162	179	0
7	144	0
534	1003	0
618	1811	0
310	246	0
199	328	0
118	85	0
261	251	0
147	136	0
188	198	0
0	158	0
56	53	0
578	610	0
607	1640	0
63	114	0
476	562	0
85	270	0
378	505	0
0	166	0
206	660	0
23	104	0
0	209	0
66	125	0
128	134	0
300	630	0
544	547	0
180	298	0
427	142	0
432	1154	0
99	159	0
271	129	0
78	31	0
542	197	0
216	143	0
191	200	0
0	238	0
14	71	0
106	72	0
170	266	0
108	140	0
18	242	0
14	135	0
573	747	0
235	354	0
179	747	0
437	1045	0
201	531	0
509	2065	0
446	761	584
107	244	0
60	57	0
123	339	0
399	1334	0
517	833	0
375	1007	313
170	248	0
469	261	0
127	127	0
0	120	0
26	72	0
617	1248	0
0	215	0
545	2088	0
126	252	0
207	1114	0
282	328	0
367	1071	0
134	323	0
111	90	0
27	97	0
373	784	0
62	112	0
166	82	0
234	93	0
12	208	0
50	206	0
327	541	0
0	154	0
168	311	0
455	532	0
80	112	0
630	680	0
0	112	0
574	1591	0
38	282	0
636	1704	0
83	188	0
118	208	0
196	395	0
214	656	0
191	61	0
563	2061	0
251	255	0
69	91	0
166	878	0
73	172	0
571	1419	0
456	147	0
129	241	0
136	97	0
352	334	0
51	116	0
57	198	0
400	160	0
52	201	0
99	89	0
285	87	0
295	191	0
15	94	0
213	219	0
226	202	0
294	214	0
22	69	0
235	1033	0
143	143	0
152	188	0
47	112	0
147	128	0
10	155	0
453	573	0
618	1969	0
309	496	0
0	85	0
0	122	0
398	1533	0
0	172	0
195	192	0
249	1076	0
115	143	0
122	129	0
246	315	0
525	1133	0
294	338	0
285	1236	0
557	329	0
51	44	0
203	730	0
150	289	0
366	1235	0
56	248	0
201	176	0
230	393	0
133	90	0
234	832	0
30	127	0
64	33	0
121	179	0
298	1286	0
28	229	0
15	100	0
157	151	0
0	134	0
48	32	0
483	322	0
87	39	0
334	434	0
228	294	0
226	319	0
126	213	0
0	122	0
475	1686	0
560	629	1014
156	178	0
217	195	0
208	647	0
205	416	0
43	173	0
5	126	0
228	165	0
66	120	0
545	284	0
151	143	0
353	643	302
525	898	0
26	72	0
0	170	0
233	124	0
336	600	0
170	549	101
0	141	0
300	627	0
494	2080	60
159	294	0
147	150	0
304	128	0
304	124	0
310	373	0
0	89	0
32	237	0
99	145	0
305	617	0
470	691	0
325	1143	0
446	411	0
262	145	0
347	252	0
266	314	0
128	153	0
180	1016	0
580	645	914
153	41	0
530	771	0
665	1624	0
530	435	0
133	231	0
270	764	0
243	347	0
205	145	0
106	225	0
103	161	0
590	1310	0
0	177	0
174	434	0
142	164	0
458	1493	0
138	35	0
26	153	0
181	46	0
404	994	0
452	1179	0
146	462	0
354	335	0
103	120	0
442	481	0
136	152	0
60	113	0
376	214	0
330	329	0
125	708	0
14	221	0
629	2059	0
0	121	0
48	26	0
26	103	0
81	139	0
325	448	0
105	124	0
86	117	0
441	1858	0
497	975	0
296	643	0
124	305	0
159	131	0
0	251	0
29	226	0
566	1425	0
523	734	0
29	136	0
2	102	0
145	333	0
543	528	0
269	314	0
491	1537	0
160	74	0
0	124	0
455	387	0
184	183	0
212	168	0
473	1251	0
503	297	0
395	320	0
263	70	0
256	214	0
271	1065	0
68	135	0
238	236	0
49	159	0
161	800	0
333	182	0
460	1816	0
298	430	0
193	337	0
382	1256	0
296	273	0
17	262	0
446	646	0
140	33	0
459	1778	0
261	280	0
84	104	0
418	377	0
244	759	0
259	318	0
612	555	0
288	256	0
7	65	0
56	32	0
543	571	0
242	322	0
62	80	0
183	887	0
299	344	0
79	105	0
273	518	0
329	243	0
0	123	0
279	998	0
30	47	0
213	66	0
274	174	0
23	226	0
475	2073	0
123	290	0
157	144	0
602	503	0
389	580	0
7	190	0
0	127	0
258	487	0
11	144	0
589	591	0
17	161	0
30	124	0
213	163	0
114	152	0
444	876	0
94	51	0
594	1608	0
189	75	0
295	137	0
175	149	0
513	407	0
371	1228	0
288	174	0
268	472	0
332	101	0
475	638	0
17	84	0
48	80	0
379	1321	0
227	873	0
283	177	0
316	564	0
225	282	0
27	230	0
146	39	0
429	282	0
18	94	0
460	1154	335
160	360	0
7	195	0
520	1635	0
0	112	0
650	994	0
231	230	0
298	619	0
452	738	1121
1	128	0
163	137	0
2	196	0
73	114	0
264	1310	0
73	83	0
508	1138	0
108	191	0
257	432	0
285	125	0
21	186	0
6	198	0
135	356	0
395	362	0
689	1659	0
398	189	0
382	320	0
37	254	0
297	339	0
482	598	0
29	158	0
85	155	0
139	123	0
85	84	0
228	349	0
146	309	0
478	259	0
19	133	0
103	144	0
0	116	0
577	1359	0
20	219	0
202	1092	0
620	1048	0
316	696	0
0	144	0
308	325	0
256	719	0
0	122	0
310	821	0
394	785	0
218	912	0
101	154	0
23	106	0
29	172	0
309	1165	0
271	1198	0
471	1949	0
259	181	0
121	120	0
378	281	0
253	707	0
322	115	0
494	476	0
3	182	0
25	222	0
68	122	0
255	211	0
140	98	0
273	358	0
49	94	0
474	918	0
282	129	0
205	923	0
242	354	0
211	246	0
0	162	0
97	138	0
317	347	0
131	183	0
398	584	0
277	127	0
458	171	0
326	299	0
377	313	0
282	366	0
79	139	0
258	427	0
138	614	0
410	371	0
158	36	0
144	152	0
237	125	0
285	678	0
614	540	0
296	614	0
189	894	0
130	276	0
169	44	0
0	255	0
48	111	0
0	118	0
285	243	0
11	135	0
299	114	0
0	114	0
310	338	0
543	663	0
208	993	0
0	123	0
249	228	0
582	1563	0
137	106	0
0	68	0
135	768	0
509	1008	0
385	572	0
452	637	0
1	183	0
591	825	0
136	44	0
225	222	0
181	469	0
189	64	0
158	207	0
612	1104	436
156	643	0
150	681	0
75	95	0
198	242	0
87	184	0
7	167	0
130	237	0
160	127	0
48	123	0
258	276	0
123	180	0
613	1133	0
0	145	0
46	139	0
678	1423	612
65	116	0
296	311	0
15	123	0
407	271	0
70	296	0
131	138	0
192	42	0
242	277	0
201	153	0
504	431	0
108	220	0
541	405	0
68	80	0
153	50	0
185	43	0
578	566	0
4	131	0
167	105	0
69	254	0
0	128	0
174	337	0
278	63	0
521	1840	0
295	253	0
0	192	0
169	206	0
132	152	0
650	1413	0
324	723	0
203	115	0
287	123	0
329	399	0
0	118	0
181	107	0
460	692	0
99	224	0
335	493	0
176	137	0
374	1456	0
535	2003	0
395	378	0
202	251	0
408	662	873
162	253	0
267	148	0
154	188	0
320	374	0
34	209	0
72	143	0
38	117	0
272	234	0
59	192	0
0	144	0
183	159	0
124	509	0
622	1898	0
145	64	0
257	469	0
34	56	0
541	794	0
209	318	0
485	494	0
575	1567	0
14	149	0
0	159	0
188	190	0
89	203	0
282	712	410
0	194	0
449	401	0
216	93	0
10	165	0
296	719	256
489	821	0
281	319	0
449	463	0
630	225	0
48	87	0
12	150	0
129	147	0
483	1171	343
361	144	0
407	1422	0
291	140	0
0	241	0
347	300	0
45	57	0
258	198	0
270	168	0
294	188	0
529	1720	0
5	181	0
289	181	0
130	796	0
219	1172	0
409	328	0
348	327	0
245	1020	0
178	177	0
210	580	0
444	554	0
248	1146	0
127	177	0
16	76	0
130	445	0
548	2291	0
422	601	1133
345	315	0
7	219	0
49	77	0
206	752	0
328	545	0
126	193	0
305	293	0
223	331	0
0	107	0
25	167	0
515	485	0
382	737	624
286	202	0
225	395	0
189	98	0
32	175	0
27	48	0
287	636	0
200	951	0
96	126	0
58	138	0
324	313	0
657	666	0
402	713	837
624	606	0
166	157	0
67	33	0
90	92	0
404	830	0
48	70	0
210	212	0
646	1953	0
1	107	0
465	177	0
624	727	0
18	149	0
0	174	0
130	108	0
379	213	0
603	1584	0
637	969	0
298	1289	0
528	370	0
472	870	0
181	824	0
336	122	0
520	1269	0
50	168	0
277	63	0
35	146	0
218	1051	0
18	196	0
30	33	0
251	350	0
423	525	0
166	616	0
12	134	0
136	234	0
472	1275	0
112	245	0
9	103	0
220	550	0
642	805	0
646	1104	0
50	257	0
458	1390	0
13	83	0
274	298	0
178	800	0
141	52	0
289	260	0
383	175	0
136	232	0
353	1320	0
4	102	0
222	635	0
368	1230	0
263	888	0
33	302	0
56	149	0
145	41	0
23	149	0
286	370	0
47	146	0
22	209	0
203	178	0
562	839	0
295	585	0
666	635	0
226	325	0
198	44	0
418	1391	0
11	166	0
228	173	0
335	770	429
409	693	853
0	131	0
128	163	0
13	169	0
109	163	0
86	184	0
622	1751	0
137	39	0
0	83	0
652	1128	1046
343	345	0
333	1096	0
50	57	0
214	262	0
182	615	0
292	1206	0
628	1501	0
650	970	0
101	33	0
399	572	0
207	441	0
65	131	0
581	2337	0
300	726	525
504	864	0
8	148	0
177	135	0
457	693	0
434	294	0
280	772	0
490	308	0
0	208	0
243	954	0
662	945	0
177	137	0
194	1047	0
22	243	0
668	1082	0
0	188	0
271	215	0
0	144	0
0	94	0
128	198	0
45	272	0
334	566	0
331	346	0
335	266	0
255	691	0
229	250	0
160	43	0
605	1625	0
21	119	0
300	218	0
205	218	0
234	935	0
50	191	0
504	457	0
91	32	0
441	298	0
477	435	0
551	648	0
260	234	0
50	46	0
154	162	0
585	1108	996
114	119	0
210	123	0
7	138	0
242	261	0
41	114	0
187	176	0
22	188	0
348	1007	0
94	245	0
381	524	0
387	368	0
58	187	0
0	132	0
85	78	0
211	780	0
331	269	0
0	114	0
396	988	0
41	165	0
523	471	0
387	523	0
79	96	0
2	243	0
477	430	0
0	210	0
81	155	0
435	1331	0
242	1037	0
497	709	0
463	1397	0
435	753	0
273	610	0
68	144	0
234	1146	0
177	292	0
81	272	0
184	849	0
249	408	0
532	921	0
134	501	0
180	200	0
10	124	0
249	981	0
144	134	0
116	171	0
60	102	0
590	210	0
140	867	48
178	149	0
132	40	0
386	156	0
98	238	0
21	183	0
18	124	0
0	201	0
12	65	0
0	183	0
287	175	0
123	85	0
316	288	0
439	1184	0
64	229	0
223	245	0
294	1038	0
612	1702	0
413	374	0
184	167	0
523	454	0
622	695	0
51	164	0
302	1418	0
115	240	0
0	115	0
432	726	0
130	145	0
25	219	0
11	159	0
14	131	0
328	420	0
281	470	0
97	91	0
206	45	0
452	483	0
85	36	0
68	126	0
75	154	0
320	819	0
322	397	0
21	221	0
240	161	0
79	90	0
90	159	0
605	700	0
33	206	0
228	186	0
232	191	0
0	212	0
105	168	0
77	181	0
650	565	755
83	133	0
254	248	0
198	566	0
420	1108	474
2	130	0
148	209	0
193	623	0
307	785	0
110	90	0
67	92	0
223	219	0
249	816	0
259	1044	0
46	160	0
332	333	0
222	815	0
112	124	0
288	256	0
194	300	0
467	1129	0
274	243	0
154	123	0
52	109	0
122	144	0
187	992	0
395	1600	0
252	600	0
498	1818	258
125	324	0
242	295	0
255	806	0
54	75	0
68	159	0
0	119	0
478	1105	0
167	767	135
395	1071	0
0	193	0
2	74	0
563	1884	0
107	111	0
634	255	0
186	302	0
446	298	0
202	644	0
522	842	0
57	128	0
97	36	0
299	1368	0
216	160	0
126	123	0
129	48	0
113	103	0
379	243	0
286	251	0
432	381	0
303	664	140
367	451	0
618	468	0
431	498	0
28	65	0
370	1439	0
23	168	0
557	303	0
167	141	0
0	79	0
81	101	0
145	185	0
118	286	0
353	322	0
382	151	0
323	1511	0
279	197	0
140	145	0
381	412	0
328	346	0
134	105	0
360	614	0
232	111	0
0	215	0
0	275	0
66	121	0
0	159	0
81	140	0
22	110	0
269	280	0
132	476	0
52	209	0
66	171	0
153	81	0
9	190	0
18	207	0
313	354	0
130	105	0
18	185	0
220	435	0
8	134	0
357	1404	0
533	270	0
352	221	0
39	244	0
295	924	0
190	1064	0
495	194	0
110	39	0
233	746	0
86	195	0
187	225	0
147	272	0
119	190	0
202	147	0
118	106	0
553	1344	0
449	1060	0
139	402	0
130	181	0
19	94	0
55	107	0
274	576	0
464	386	0
234	1158	0
0	81	0
15	79	0
150	232	0
428	359	0
167	222	0
245	310	0
192	634	0
34	110	0
315	1307	0
675	813	0
84	91	0
387	342	0
384	360	0
225	399	0
126	70	0
116	94	0
255	215	0
560	454	0
439	1711	0
178	426	0
0	171	0
233	202	0
543	504	0
323	295	0
152	120	0
15	191	0
75	122	0
167	137	0
89	104	0
302	283	0
299	153	0
271	999	0
709	1356	0
123	211	0
476	236	0
119	58	0
168	211	0
359	174	0
190	137	0
230	213	0
0	149	0
0	188	0
63	182	0
558	285	0
262	300	0
129	179	0
222	895	0
589	1376	0
488	403	0
107	107	0
17	170	0
4	203	0
483	519	0
90	108	0
498	1147	0
298	1240	0
117	102	0
335	502	0
0	221	0
227	443	0
93	98	0
283	235	0
335	684	0
49	98	0
533	1787	0
339	1461	0
0	212	0
52	45	0
164	273	0
239	176	0
529	1648	0
508	1638	0
229	398	0
83	67	0
83	196	0
567	858	0
588	926	0
575	311	0
483	1271	0
247	171	0
192	119	0
184	259	0
111	74	0
230	1054	0
549	407	0
311	684	434
180	735	122
599	450	0
223	224	0
403	1160	0
365	585	0
129	160	0
179	303	0
331	313	0
129	134	0
198	212	0
232	282	0
521	816	0
402	295	0
371	371	0
238	215	0
0	178	0
149	424	146
105	69	0
200	265	0
0	137	0
276	66	0
19	164	0
0	169	0
296	245	0
230	807	91
133	533	0
54	295	0
168	262	0
294	305	0
153	734	0
190	80	0
654	1419	323
102	140	0
147	286	0
131	113	0
225	711	0
156	43	0
121	149	0
83	182	0
16	217	0
345	128	0
615	590	0
216	538	0
287	180	0
7	203	0
164	666	0
492	734	618
571	939	0
148	253	0
0	134	0
574	1622	0
188	549	0
223	710	327
0	102	0
250	252	0
67	40	0
25	96	0
150	280	0
10	168	0
23	166	0
206	58	0
174	706	0
160	187	0
536	310	0
85	60	0
59	172	0
16	129	0
0	148	0
285	162	0
648	1269	0
312	130	0
99	60	0
0	197	0
497	774	0
230	311	0
296	681	0
79	94	0
292	757	0
0	163	0
51	250	0
25	115	0
129	163	0
542	822	0
19	113	0
470	152	0
150	116	0
237	122	0
0	188	0
484	1091	964
343	792	0
193	571	0
269	706	0
526	452	0
494	408	0
268	401	0
130	141	0
617	590	0
33	179	0
360	1059	0
486	1898	0
327	290	0
124	120	0
157	162	0
29	183	0
72	93	0
29	171	0
396	695	27
583	1118	38
647	1265	0
233	245	0
159	715	0
167	122	0
453	221	0
149	219	0
83	183	0
89	65	0
19	123	0
17	148	0
153	113	0
30	159	0
435	456	0
108	66	0
521	1952	0
491	459	0
463	1344	0
157	95	0
566	555	0
168	135	0
0	147	0
220	365	0
248	151	0
0	119	0
331	320	0
283	132	0
329	311	0
135	123	0
366	356	0
155	166	0
206	1017	0
101	110	0
118	107	0
599	648	542
1	85	0
220	621	229
46	169	0
191	228	0
364	251	0
28	70	0
430	192	0
624	1424	893
612	603	93
483	984	0
10	91	0
320	299	0
200	604	0
478	1429	0
0	212	0
199	556	0
3	242	0
263	672	17
594	1419	423
59	76	0
243	255	0
299	245	0
165	791	11
595	549	0
338	445	0
420	170	0
86	153	0
212	188	0
18	189	0
250	352	0
6	218	0
5	258	0
73	55	0
365	422	0
143	158	0
117	194	0
35	126	0
104	267	0
325	881	0
202	121	0
133	116	0
545	1500	0
73	181	0
47	86	0
356	582	0
156	196	0
0	142	0
351	1372	0
167	282	0
1	162	0
221	365	0
530	627	0
259	227	0
125	185	0
374	324	0
198	339	0
497	247	0
104	157	0
663	749	0
150	162	0
341	500	0
134	66	0
331	1587	0
528	657	0
288	753	469
89	171	0
94	108	0
190	272	0
19	76	0
400	360	0
503	619	0
531	272	0
31	119	0
333	263	0
0	186	0
395	384	0
170	180	0
227	269	0
514	1636	0
343	758	0
237	234	0
162	38	0
144	119	0
80	58	0
162	276	0
137	135	0
250	79	0
391	961	0
166	547	0
111	102	0
339	339	0
109	241	0
591	1214	0
41	243	0
194	400	0
174	306	0
449	745	0
274	1347	0
572	709	0
0	259	0
293	1357	0
255	1019	0
221	312	0
128	31	0
369	182	0
33	134	0
246	1298	0
0	185	0
149	283	0
203	110	0
190	356	0
370	1139	0
16	163	0
331	1500	0
60	276	0
638	1543	332
260	580	0
0	210	0
118	188	0
427	739	968
392	288	0
564	1249	0
156	174	0
144	122	0
21	220	0
342	685	0
582	1416	0
402	135	0
21	79	0
70	61	0
431	374	0
235	736	0
48	207	0
143	205	0
131	140	0
0	236	0
198	144	0
15	212	0
518	1897	0
166	206	0
245	141	0
172	359	0
0	203	0
174	198	0
372	437	0
328	623	0
178	482	0
128	98	0
99	92	0
196	598	0
587	1297	0
288	166	0
43	197	0
444	386	0
418	1542	0
422	1236	0
470	1321	0
541	1056	0
425	648	0
74	220	0
573	1770	0
55	158	0
260	256	0
617	442	0
38	72	0
191	198	0
286	1311	0
204	161	0
144	441	0
12	131	0
382	840	0
208	826	0
249	893	0
167	640	0
263	188	0
289	258	0
503	449	0
0	79	0
143	257	0
76	113	0
49	63	0
486	898	0
22	192	0
0	188	0
350	1364	0
111	244	0
40	113	0
271	988	0
567	1808	0
461	435	0
3	99	0
273	491	0
178	241	0
0	193	0
83	45	0
164	796	0
307	302	0
516	870	0
193	193	0
358	130	0
203	367	0
348	349	0
192	163	0
0	104	0
0	167	0
137	137	0
76	52	0
79	131	0
74	95	0
15	144	0
0	70	0
360	271	0
358	961	0
363	1364	0
376	194	0
0	139	0
393	1390	0
230	306	0
214	239	0
274	674	0
586	1128	0
295	281	0
501	947	0
168	879	0
239	247	0
417	561	0
419	255	0
305	264	0
197	315	0
371	527	0
72	98	0
202	225	0
48	35	0
0	86	0
601	475	0
100	59	0
153	182	0
122	48	0
240	267	0
146	702	3
24	207	0
54	47	0
80	55	0
542	2209	0
254	136	0
226	313	0
473	1451	154
168	736	172
413	1171	0
390	325	0
488	2028	0
439	767	0
340	281	0
141	766	0
369	331	0
302	204	0
667	1246	0
216	668	0
185	124	0
341	1132	0
524	924	0
109	271	0
364	295	0
292	475	0
400	951	0
558	1235	0
23	197	0
346	618	0
388	1585	0
0	126	0
576	760	0
357	400	0
261	262	0
82	162	0
436	861	0
146	249	0
73	112	0
255	133	0
7	127	0
155	326	0
123	218	0
259	347	0
230	243	0
211	605	126
92	145	0
340	707	221
387	629	0
267	1075	0
7	133	0
66	191	0
137	132	0
72	191	0
278	186	0
149	134	0
480	462	0
270	280	0
357	984	0
208	102	0
316	406	0
11	143	0
317	802	0
0	132	0
80	103	0
101	187	0
129	85	0
15	233	0
243	468	0
274	1026	0
381	298	0
637	1132	0
239	963	0
603	649	0
173	268	0
667	1097	839
282	480	0
624	1061	0
522	598	0
309	729	0
442	377	0
126	114	0
20	173	0
73	143	0
290	259	0
248	272	0
206	242	0
472	1142	0
126	55	0
171	847	0
200	301	0
110	162	0
457	413	0
383	173	0
455	1289	0
33	139	0
52	194	0
557	602	0
208	271	0
219	178	0
286	1215	0
611	1322	0
286	261	0
245	405	0
41	245	0
318	778	0
346	300	0
608	2060	0
52	161	0
525	968	0
417	673	0
39	61	0
128	487	0
110	197	0
138	400	0
15	167	0
119	173	0
168	160	0
14	182	0
76	62	0
357	359	0
319	410	0
0	182	0
182	453	0
550	550	0
373	1099	0
319	367	0
372	404	0
138	137	0
193	55	0
165	777	0
0	76	0
167	666	0
282	328	0
84	48	0
43	134	0
38	105	0
415	404	0
250	175	0
339	675	0
1	138	0
567	401	0
419	1010	0
611	1392	0
275	703	0
18	255	0
490	567	1285
366	513	0
317	1283	0
0	125	0
94	119	0
579	1546	0
4	185	0
299	283	0
404	907	0
198	427	0
418	240	0
347	243	0
99	177	0
187	309	0
132	91	0
366	632	0
66	305	0
366	1599	0
403	349	0
37	163	0
163	729	0
367	390	0
304	1407	0
145	103	0
666	1400	659
478	1276	0
583	577	0
257	1238	0
375	490	0
136	565	0
487	346	0
416	793	0
521	738	0
385	608	0
85	159	0
225	74	0
79	177	0
135	174	0
378	326	0
0	161	0
95	179	0
77	37	0
230	157	0
515	1061	0
266	82	0
365	570	0
340	301	0
233	175	0
10	280	0
594	1882	0
54	134	0
442	444	0
151	285	0
596	1444	0
492	462	0
435	1003	0
159	569	0
83	90	0
25	108	0
166	685	0
0	174	0
41	108	0
0	199	0
286	1093	0
204	143	0
314	155	0
177	474	0
648	1021	0
221	427	0
425	529	0
315	269	0
0	160	0
188	218	0
16	252	0
489	1723	0
530	1351	0
262	211	0
374	218	0
137	74	0
191	566	0
137	791	0
574	1407	0
214	484	0
64	84	0
190	248	0
104	203	0
121	603	0
63	48	0
5	100	0
170	166	0
124	186	0
150	91	0
217	285	0
149	463	0
502	693	0
175	322	0
0	163	0
106	124	0
473	1379	0
210	131	0
24	100	0
446	1001	0
133	674	0
532	615	0
262	674	0
0	171	0
9	100	0
258	250	0
293	263	0
266	1043	159
134	101	0
378	172	0
166	528	0
326	641	0
414	718	0
36	58	0
112	217	0
0	136	0
55	47	0
178	537	0
96	102	0
350	386	0
94	169	0
600	204	0
337	210	0
0	166	0
163	203	0
132	768	0
207	118	0
625	1616	0
415	754	0
159	237	0
586	687	440
269	460	0
537	492	0
576	996	0
20	153	0
68	26	0
347	275	0
603	501	0
13	215	0
0	202	0
17	82	0
278	796	0
351	339	0
471	441	0
341	1378	71
488	447	0
363	266	0
148	875	0
18	92	0
108	268	0
4	227	0
478	584	0
133	457	398
203	106	0
0	138	0
436	1244	0
613	1099	450
160	557	0
525	477	0
395	344	0
244	321	0
590	742	0
139	172	0
46	178	0
6	173	0
48	104	0
284	229	0
113	141	0
96	97	0
190	251	0
483	1683	0
300	528	0
318	351	0
261	249	0
234	253	0
420	732	0
166	917	0
69	118	0
139	38	0
612	1854	0
47	56	0
354	271	0
159	476	0
340	143	0
290	260	0
98	160	0
11	184	0
135	61	0
524	1869	0
187	200	0
89	217	0
242	997	0
0	206	0
12	178	0
141	201	0
115	69	0
118	139	0
76	177	0
324	381	0
473	723	0
0	204	0
94	38	0
196	759	0
135	203	0
103	144	0
0	233	0
369	620	0
71	169	0
83	92	0
4	123	0
362	956	0
39	77	0
57	65	0
3	199	0
140	76	0
54	110	0
0	76	0
340	280	0
547	535	0
1	197	0
88	34	0
174	82	0
214	488	0
208	338	0
180	247	0
436	852	0
330	707	0
108	40	0
475	1723	297
433	387	0
168	195	0
78	160	0
179	228	0
442	446	0
542	1550	0
536	237	0
646	626	337
351	293	0
559	2343	0
160	178	0
165	206	0
264	174	0
253	261	0
558	1009	0
266	204	0
220	188	0
2	233	0
70	143	0
225	213	0
17	142	0
39	34	0
380	1120	0
656	1236	0
541	487	0
449	1315	0
275	329	0
430	350	0
92	65	0
296	1046	0
340	303	0
120	188	0
433	1605	0
602	362	0
506	856	0
264	259	0
0	91	0
49	79	0
550	2153	0
258	1017	0
200	664	0
161	195	0
450	1866	0
314	1136	0
342	1378	0
251	145	0
268	868	0
608	2335	0
323	216	0
446	134	0
256	199	0
534	1072	0
340	283	0
547	379	0
161	140	0
22	231	0
65	67	0
161	481	0
422	1544	0
196	188	0
555	1455	0
188	252	0
232	132	0
103	284	0
0	172	0
0	122	0
7	85	0
59	90	0
181	122	0
0	217	0
274	710	0
308	260	0
173	211	0
177	146	0
528	1824	0
222	257	0
275	236	0
0	180	0
130	186	0
276	282	0
393	466	0
483	1083	0
550	887	0
36	217	0
242	846	0
200	223	0
157	112	0
405	619	0
537	1629	0
468	424	0
9	173	0
26	245	0
61	252	0
105	72	0
398	698	571
85	135	0
205	117	0
54	102	0
161	224	0
150	545	0
148	296	0
433	460	0
30	139	0
0	143	0
355	477	0
0	96	0
338	494	0
148	595	0
123	204	0
77	95	0
99	136	0
585	1561	0
179	286	0
56	65	0
137	619	0
0	168	0
131	438	0
152	105	0
22	229	0
285	549	0
273	363	0
647	2311	0
139	187	0
133	134	0
537	299	0
8	135	0
254	868	0
11	68	0
177	486	0
548	1005	0
419	397	0
148	239	0
408	443	0
188	368	0
132	189	0
124	106	0
180	105	0
650	1781	220
296	70	0
276	309	0
5	197	0
148	433	0
72	28	0
138	143	0
180	172	0
183	264	0
313	575	0
15	78	0
493	391	0
566	983	0
326	486	0
67	241	0
141	101	0
296	1233	0
548	649	0
174	279	0
384	332	0
125	272	0
457	888	0
222	164	0
68	211	0
48	44	0
548	603	0
389	392	0
286	994	0
101	155	0
143	660	0
132	131	0
228	685	0
138	577	0
195	232	0
209	317	0
194	290	0
508	1663	0
262	255	0
359	709	735
191	104	0
25	146	0
409	762	0
396	440	0
96	161	0
411	673	0
310	670	0
478	1275	0
451	612	0
430	458	0
200	307	0
571	925	0
215	117	0
305	604	0
320	383	0
468	1682	0
216	187	0
167	130	0
257	217	0
397	939	0
179	1008	0
316	1304	0
23	140	0
327	99	0
18	108	0
210	199	0
542	1343	0
0	120	0
189	303	0
556	600	0
46	213	0
226	623	304
106	147	0
299	1352	0
181	679	0
133	183	0
39	87	0
18	46	0
401	479	0
558	2200	0
173	244	0
554	814	0
347	643	0
0	119	0
247	1166	0
240	89	0
438	524	0
244	323	0
130	792	34
187	216	0
134	250	0
408	224	0
320	1185	0
29	233	0
0	120	0
431	398	0
95	65	0
248	290	0
619	1428	623
271	279	0
132	87	0
12	71	0
182	292	0
0	190	0
301	366	0
272	326	0
25	179	0
515	1578	157
645	323	0
0	118	0
10	159	0
0	230	0
269	234	0
117	752	0
162	724	0
430	1410	0
98	122	0
656	1486	0
253	249	0
0	210	0
419	511	0
301	1446	0
294	216	0
151	265	0
0	172	0
542	1315	0
366	269	0
183	82	0
79	30	0
551	1573	0
136	38	0
305	1152	0
148	191	0
352	413	0
265	298	0
183	344	0
354	268	0
0	80	0
0	78	0
453	474	0
454	629	0
41	179	0
280	1225	0
294	260	0
53	287	0
0	69	0
46	186	0
421	510	0
462	224	0
26	123	0
8	213	0
502	448	0
161	624	0
66	131	0
408	160	0
122	332	0
21	174	0
558	1077	0
444	331	0
84	119	0
297	353	0
216	130	0
485	409	0
384	1005	0
333	101	0
610	1275	0
254	357	0
132	259	0
3	156	0
391	253	0
41	130	0
134	594	0
123	161	0
140	63	0
269	393	0
530	475	0
177	57	0
574	830	0
0	246	0
213	286	0
206	370	0
102	76	0
314	888	0
48	163	0
226	235	0
13	98	0
46	262	0
382	701	0
460	1747	0
607	1883	0
421	786	0
252	811	0
475	1636	0
38	94	0
376	326	0
62	164	0
326	1635	0
595	1184	301
626	1574	0
176	297	0
347	422	0
390	1171	0
265	267	0
305	850	0
539	1793	324
194	169	0
126	145	0
0	148	0
134	102	0
337	162	0
0	146	0
0	186	0
458	291	0
269	261	0
315	198	0
190	231	0
121	169	0
149	215	0
417	390	0
204	247	0
152	284	0
152	340	0
248	988	0
22	133	0
309	316	0
444	910	0
28	89	0
258	213	0
279	269	0
455	1454	0
59	150	0
507	1182	0
92	51	0
0	274	0
40	130	0
169	340	0
452	1097	0
301	205	0
91	209	0
65	161	0
479	741	0
0	133	0
0	284	0
143	289	0
278	263	0
166	388	0
469	255	0
76	53	0
69	92	0
103	122	0
292	271	0
422	381	0
160	274	0
334	153	0
215	383	0
285	597	0
579	958	0
630	587	0
411	1565	0
166	135	0
313	170	0
36	273	0
325	859	0
272	803	0
18	172	0
333	647	0
313	293	0
278	755	152
471	1306	0
253	159	0
583	905	0
36	136	0
58	132	0
335	502	0
87	313	0
260	399	0
597	572	0
0	165	0
520	821	0
144	168	0
254	401	0
136	179	0
143	658	0
201	637	0
462	656	0
241	340	0
659	1901	0
345	238	0
157	205	0
260	908	0
284	445	0
312	256	0
235	495	0
427	1432	0
475	409	0
0	122	0
226	333	0
259	213	0
224	243	0
303	439	0
147	155	0
158	571	0
226	286	0
201	515	0
417	434	0
16	238	0
135	189	0
35	285	0
437	1077	0
347	136	0
537	340	0
38	212	0
374	1381	0
37	169	0
129	213	0
405	1758	0
477	648	0
542	2057	75
423	222	0
391	849	0
56	34	0
203	952	0
176	336	0
491	141	0
101	167	0
184	284	0
244	221	0
30	79	0
126	157	0
612	650	0
100	84	0
530	1291	0
41	115	0
0	164	0
13	169	0
477	494	0
248	880	0
121	447	0
0	78	0
261	1311	0
504	449	0
412	350	0
124	173	0
190	75	0
162	395	0
0	143	0
199	258	0
447	547	0
0	100	0
141	73	0
47	97	0
242	184	0
295	424	0
112	87	0
2	129	0
430	459	0
353	322	0
211	922	17
101	37	0
1	152	0
3	203	0
254	69	0
615	872	0
218	1185	0
161	215	0
105	90	0
81	46	0
531	971	0
639	1508	0
56	256	0
154	97	0
261	138	0
152	272	0
608	803	0
152	523	0
540	2097	0
131	89	0
12	286	0
254	244	0
598	300	0
514	1310	0
28	160	0
258	1115	0
176	111	0
50	149	0
356	190	0
37	174	0
544	1600	0
431	359	0
375	1422	0
335	1355	0
378	393	0
492	757	0
438	272	0
363	364	0
642	1708	0
623	744	0
63	172	0
16	226	0
361	763	53
436	262	0
194	287	0
184	244	0
242	1140	0
414	333	0
21	91	0
237	167	0
580	1131	0
0	237	0
231	501	0
174	42	0
448	988	0
160	122	0
120	82	0
368	310	0
163	201	0
75	212	0
162	548	0
175	218	0
456	558	0
121	78	0
519	613	0
370	989	0
259	1224	0
23	169	0
218	903	0
207	171	0
141	103	0
7	138	0
228	133	0
123	659	0
217	133	0
455	421	0
32	40	0
558	829	0
227	460	0
151	273	0
147	103	0
177	222	0
59	159	0
585	2209	0
4	133	0
351	321	0
277	204	0
55	96	0
0	198	0
20	102	0
561	366	0
335	214	0
462	548	0
205	178	0
310	300	0
246	619	0
50	74	0
512	782	0
322	322	0
32	179	0
199	517	0
126	124	0
386	267	0
477	1509	0
218	155	0
458	1257	0
317	1077	0
0	92	0
47	49	0
26	208	0
0	115	0
292	773	0
46	208	0
285	511	0
327	352	0
24	287	0
632	665	0
303	408	0
39	138	0
363	358	0
258	164	0
410	1214	0
79	219	0
347	1703	0
630	1662	300
0	123	0
246	132	0
204	348	0
284	1372	0
234	174	0
590	2340	0
55	272	0
553	1987	0
101	212	0
201	783	0
265	172	0
47	30	0
37	192	0
143	191	0
422	466	0
261	81	0
508	569	0
114	161	0
74	98	0
0	214	0
465	586	0
332	1278	110
258	771	0
426	831	0
144	605	186
173	770	0
492	1454	0
271	181	0
127	262	0
272	942	0
8	130	0
43	120	0
0	153	0
360	372	0
0	187	0
260	273	0
27	90	0
133	601	0
454	213	0
127	81	0
183	238	0
366	989	0
47	73	0
254	217	0
186	163	0
0	182	0
541	544	0
0	198	0
236	114	0
566	1018	0
241	923	0
59	91	0
208	388	0
620	1374	0
162	326	0
9	97	0
182	184	0
36	146	0
285	839	0
104	213	0
603	1395	0
25	160	0
319	267	0
353	379	0
462	712	0
35	243	0
0	135	0
632	1890	0
462	540	0
470	426	0
14	185	0
277	455	0
403	352	0
114	109	0
303	622	0
102	157	0
140	277	0
29	164	0
564	1669	0
62	53	0
101	207	0
2	140	0
184	256	0
613	1574	0
535	439	0
270	698	0
409	657	0
658	1385	0
7	141	0
646	629	0
285	187	0
174	500	0
48	155	0
16	206	0
150	353	0
151	178	0
144	122	0
173	291	0
561	1053	0
0	250	0
364	590	0
145	131	0
607	1123	0
0	171	0
606	841	0
127	529	0
0	223	0
433	236	0
273	246	0
148	201	0
0	148	0
534	288	0
220	285	0
293	630	0
454	1477	0
99	124	0
22	106	0
26	196	0
624	1486	0
398	485	0
294	115	0
208	1240	0
632	537	0
0	165	0
477	1293	0
333	256	0
421	656	0
172	576	0
105	43	0
411	762	0
198	213	0
183	95	0
54	138	0
200	129	0
191	165	0
164	278	0
0	247	0
248	1179	0
341	387	0
27	245	0
123	52	0
604	924	0
192	249	0
152	199	0
147	399	0
278	320	0
66	76	0
564	452	0
349	328	0
339	355	0
124	263	0
129	236	0
62	228	0
61	169	0
40	224	0
27	82	0
51	168	0
64	156	0
212	242	0
443	405	0
52	223	0
203	211	0
75	142	0
285	1012	0
92	204	0
282	92	0
7	100	0
0	159	0
250	289	0
346	683	0
212	753	0
461	293	0
219	335	0
547	1756	0
438	1917	0
88	121	0
181	122	0
0	144	0
174	695	271
415	1685	0
241	1316	0
353	314	0
80	83	0
200	173	0
120	89	0
0	124	0
261	259	0
213	315	0
133	314	0
603	476	0
387	528	0
235	1032	0
508	2001	0
246	762	0
0	146	0
309	302	0
336	904	0
452	401	0
199	176	0
361	648	0
538	535	0
116	197	0
187	94	0
41	249	0
172	231	0
61	125	0
86	69	0
63	26	0
0	123	0
373	448	0
458	602	0
393	242	0
161	204	0
0	148	0
21	90	0
127	149	0
44	51	0
149	80	0
289	278	0
501	1509	0
275	233	0
208	1002	0
42	147	0
88	186	0
125	175	0
204	335	0
450	1800	0
85	80	0
343	298	0
152	140	0
109	90	0
428	1415	0
98	141	0
25	171	0
299	159	0
236	225	0
254	74	0
547	514	0
180	247	0
327	975	0
308	489	0
238	124	0
284	259	0
207	183	0
527	434	0
168	121	0
293	172	0
237	104	0
671	1543	0
285	260	0
225	607	0
400	919	0
329	436	0
182	215	0
64	161	0
139	171	0
452	397	0
50	223	0
393	206	0
605	2386	0
308	599	0
234	119	0
161	324	0
282	226	0
151	297	0
215	247	0
106	84	0
45	37	0
171	124	0
282	544	0
494	449	0
0	205	0
55	262	0
277	637	0
117	204	0
609	1284	0
145	243	0
81	200	0
664	1030	0
429	362	0
447	518	0
193	263	0
10	218	0
136	129	0
369	347	0
232	394	0
41	300	0
54	164	0
201	780	0
442	366	0
0	90	0
212	302	0
188	68	0
68	37	0
183	525	0
284	674	0
221	652	270
73	92	0
180	328	0
286	116	0
490	1053	277
335	284	0
312	252	0
266	627	0
304	289	0
185	295	0
65	90	0
240	268	0
115	83	0
78	31	0
560	646	0
166	633	0
504	672	127
72	66	0
0	207	0
89	207	0
189	201	0
167	412	0
0	157	0
120	78	0
613	1140	0
16	95	0
394	666	0
573	593	0
195	285	0
271	270	0
522	288	0
625	732	1275
33	52	0
223	261	0
514	540	0
164	332	0
87	80	0
451	1755	0
265	193	0
593	512	0
260	262	0
293	433	0
209	507	0
292	1126	0
388	248	0
663	1341	0
0	176	0
14	68	0
146	117	0
551	995	0
40	202	0
179	229	0
160	234	0
0	124	0
52	308	0
195	103	0
45	176	0
376	299	0
531	392	0
143	165	0
179	43	0
49	68	0
552	410	0
84	66	0
156	86	0
11	221	0
0	151	0
305	628	0
254	289	0
374	313	0
598	368	0
204	179	0
360	319	0
213	244	0
112	299	0
573	336	0
167	190	0
174	182	0
556	197	0
77	73	0
129	94	0
494	976	0
160	610	0
548	1323	0
280	520	0
228	231	0
50	120	0
177	567	0
418	280	0
143	144	0
112	35	0
131	57	0
214	166	0
547	523	0
179	186	0
237	310	0
353	570	0
211	546	0
189	193	0
604	972	0
172	100	0
267	277	0
108	174	0
139	176	0
183	233	0
531	2253	0
25	245	0
264	318	0
93	260	0
334	718	0
676	785	0
595	1766	321
368	283	0
366	301	0
242	184	0
0	222	0
550	575	0
255	687	0
453	1824	0
292	114	0
197	526	0
241	335	0
41	154	0
392	1488	0
12	177	0
0	246	0
136	378	0
0	67	0
576	703	0
0	130	0
664	1999	0
0	149	0
464	1231	0
8	114	0
125	292	0
204	255	0
470	950	0
68	166	0
375	1047	0
221	224	0
131	279	0
99	99	0
171	152	0
41	64	0
0	215	0
564	588	0
498	832	0
228	207	0
358	315	0
7	125	0
64	122	0
524	332	0
173	180	0
165	258	0
206	938	0
230	504	0
245	134	0
29	197	0
172	736	0
0	93	0
477	427	0
66	202	0
291	1329	0
295	899	0
298	362	0
108	181	0
469	534	0
531	1372	0
228	187	0
429	1567	0
273	461	0
150	250	0
16	139	0
226	526	0
450	398	0
105	99	0
158	286	0
519	585	0
193	254	0
315	658	0
187	246	0
633	470	0
6	148	0
9	126	0
232	197	0
0	199	0
469	877	0
246	248	0
422	1213	0
556	348	0
508	537	0
62	200	0
304	1354	0
179	92	0
195	411	0
386	912	0
485	1851	0
376	148	0
53	138	0
21	211	0
148	467	0
460	510	0
304	731	0
412	303	0
381	772	0
410	376	0
598	936	0
219	159	0
34	159	0
194	226	0
448	1747	0
159	778	0
482	482	0
222	121	0
497	1126	0
0	238	0
131	35	0
423	763	0
85	285	0
352	946	0
455	1189	0
0	97	0
109	108	0
80	27	0
146	364	0
22	294	0
219	164	0
480	557	0
66	39	0
0	172	0
269	156	0
551	524	0
117	598	0
110	172	0
241	237	0
306	932	0
161	408	0
385	650	0
81	93	0
174	59	0
141	147	0
232	527	0
309	231	0
351	507	0
109	73	0
150	770	0
154	184	0
558	563	0
280	1241	0
292	77	0
433	475	0
28	226	0
193	150	0
300	218	0
51	171	0
364	340	0
468	1483	0
454	647	0
152	433	0
7	81	0
234	1100	0
56	88	0
220	335	0
520	541	0
206	267	0
85	136	0
139	473	0
329	925	0
188	160	0
255	355	0
17	180	0
18	107	0
571	1309	0
502	1364	0
165	205	0
377	151	0
18	269	0
227	687	0
101	32	0
304	1386	0
290	191	0
384	408	0
207	824	0
598	1965	0
21	145	0
15	103	0
137	325	0
61	105	0
183	516	0
359	1500	0
248	59	0
98	160	0
371	677	0
585	1070	0
249	523	0
21	221	0
85	65	0
75	156	0
146	73	0
600	1652	0
367	314	0
591	1531	0
273	143	0
294	482	0
624	666	0
490	789	0
233	103	0
134	123	0
23	277	0
100	63	0
0	175	0
14	168	0
146	301	0
27	58	0
166	52	0
81	104	0
204	390	0
292	212	0
273	562	0
227	228	0
325	526	0
55	35	0
2	117	0
527	504	0
4	83	0
637	1766	0
216	566	0
226	211	0
0	234	0
202	98	0
534	435	0
151	180	0
363	936	0
94	103	0
366	1687	0
346	769	314
430	253	0
201	298	0
230	964	0
191	154	0
34	261	0
212	501	0
588	698	0
228	376	0
245	297	0
209	277	0
65	176	0
98	108	0
0	180	0
600	596	0
183	823	0
122	200	0
388	977	0
24	159	0
473	381	0
62	43	0
540	1449	0
579	546	0
515	640	0
309	205	0
293	990	0
509	1759	0
222	238	0
7	120	0
6	152	0
534	1825	0
91	71	0
273	249	0
523	1748	0
576	1188	0
41	119	0
354	238	0
158	548	0
468	585	0
580	952	0
47	129	0
262	1006	0
221	190	0
270	807	0
508	1226	0
233	124	0
359	708	0
504	1767	0
325	353	0
317	345	0
507	393	0
382	1807	0
71	157	0
580	885	0
523	414	0
566	710	0
219	839	0
245	341	0
323	258	0
199	309	0
183	278	0
572	1498	0
288	192	0
206	288	0
104	279	0
181	314	0
153	64	0
531	596	0
39	141	0
550	1268	0
314	291	0
219	143	0
19	170	0
84	192	0
273	1018	0
172	205	0
417	381	0
131	562	156
29	187	0
133	119	0
0	91	0
465	738	0
638	2165	0
133	454	0
143	134	0
410	617	0
216	228	0
195	688	0
70	42	0
0	173	0
165	80	0
153	563	0
0	164	0
555	528	0
360	378	0
166	265	0
371	412	0
610	458	0
259	237	0
462	232	0
50	141	0
535	316	0
195	214	0
46	106	0
322	1324	0
217	649	0
249	257	0
14	239	0
39	163	0
195	226	0
295	230	0
340	85	0
129	84	0
366	152	0
262	660	0
142	43	0
183	949	0
458	1193	0
120	129	0
369	368	0
529	592	0
164	231	0
122	125	0
281	59	0
0	203	0
0	136	0
153	135	0
20	195	0
175	164	0
230	210	0
657	914	0
373	313	0
224	1090	0
277	610	0
84	229	0
54	60	0
216	257	0
183	713	0
203	400	0
107	77	0
451	418	0
410	252	0
265	1167	0
0	193	0
347	673	0
309	277	0
394	1144	487
460	543	0
222	274	0
348	284	0
22	189	0
55	73	0
183	737	0
423	1098	0
388	489	0
140	105	0
76	135	0
511	1079	0
487	1730	0
20	182	0
545	161	0
384	915	0
218	662	0
140	67	0
465	617	0
466	899	0
0	155	0
621	746	0
113	41	0
50	155	0
191	109	0
193	139	0
13	147	0
221	191	0
323	303	0
512	565	0
30	226	0
65	169	0
225	641	0
247	366	0
27	92	0
130	110	0
21	169	0
388	539	0
93	195	0
416	1745	0
120	134	0
131	192	0
564	683	0
60	66	0
257	1238	0
58	22	0
188	596	0
0	145	0
309	275	0
403	87	0
577	707	926
16	208	0
273	861	0
0	101	0
149	164	0
162	63	0
184	243	0
574	1634	0
115	621	0
131	208	0
487	419	0
322	245	0
557	638	92
304	1361	0
376	236	0
31	237	0
189	431	0
50	271	0
618	604	0
0	100	0
238	274	0
535	498	0
223	724	0
0	183	0
267	721	0
19	207	0
64	62	0
389	1188	92
215	171	0
179	295	0
383	1524	0
0	253	0
435	1110	0
237	355	0
0	246	0
8	243	0
91	229	0
175	820	0
580	1422	0
47	34	0
261	912	0
159	304	0
275	132	0
461	1153	0
100	91	0
110	106	0
68	249	0
245	210	0
97	244	0
34	114	0
258	276	0
234	527	0
462	409	0
176	759	0
371	652	411
199	177	0
11	127	0
345	334	0
232	1024	0
0	139	0
549	788	0
503	337	0
139	497	0
536	618	0
163	624	0
558	566	0
38	214	0
248	198	0
597	1844	0
311	300	0
340	1177	0
154	219	0
391	1396	0
235	1127	0
188	107	0
162	185	0
375	1545	0
40	119	0
134	281	0
208	705	0
37	104	0
0	170	0
190	226	0
39	112	0
0	79	0
598	516	0
179	530	0
263	191	0
301	516	0
57	29	0
418	127	0
341	575	0
350	489	0
55	100	0
434	275	0
212	267	0
275	976	0
528	1810	0
125	59	0
57	265	0
39	75	0
0	194	0
571	1586	0
56	158	0
136	106	0
54	176	0
32	103	0
54	54	0
261	749	0
19	58	0
187	208	0
465	1151	0
0	228	0
184	251	0
55	74	0
587	1940	0
329	273	0
352	381	0
129	243	0
212	774	0
106	191	0
223	118	0
12	189	0
231	324	0
506	219	0
182	132	0
102	279	0
183	460	0
541	1761	0
50	107	0
37	100	0
211	144	0
219	233	0
0	129	0
116	56	0
0	176	0
164	346	0
23	80	0
353	683	0
429	686	0
197	295	0
45	272	0
147	153	0
258	458	0
625	799	200
321	352	0
88	40	0
12	78	0
73	100	0
388	908	0
254	156	0
58	98	0
62	163	0
56	234	0
278	300	0
72	91	0
340	376	0
296	254	0
171	81	0
337	878	0
565	272	0
325	323	0
587	1684	0
177	706	0
61	175	0
70	231	0
180	200	0
276	540	0
130	708	0
6	141	0
240	234	0
409	331	0
33	86	0
0	135	0
364	1149	0
227	742	0
224	254	0
274	439	0
142	453	169
188	244	0
8	99	0
0	113	0
381	1404	0
66	81	0
137	397	0
271	116	0
124	705	0
151	276	0
415	1122	0
223	127	0
162	527	0
59	83	0
303	196	0
536	1515	0
649	944	0
5	180	0
295	222	0
0	89	0
370	492	0
400	383	0
280	170	0
373	802	0
431	813	0
28	110	0
162	484	0
10	126	0
353	398	0
520	1135	0
305	385	0
151	541	0
86	151	0
102	129	0
50	41	0
7	240	0
532	722	0
518	1242	586
650	1248	0
315	96	0
241	332	0
26	123	0
268	418	0
457	646	863
408	1302	0
72	63	0
43	283	0
27	82	0
243	919	108
703	933	0
578	373	0
396	1422	0
179	102	0
226	262	0
124	259	0
153	253	0
183	246	0
74	33	0
0	107	0
400	297	0
21	94	0
419	1619	0
384	625	0
134	193	0
357	636	0
139	297	0
629	450	0
17	115	0
22	153	0
91	167	0
232	533	0
0	198	0
12	100	0
372	367	0
145	167	0
86	183	0
487	487	0
507	499	0
160	659	0
264	161	0
349	769	0
212	493	0
175	193	0
615	2297	0
226	303	0
140	187	0
140	268	0
416	229	0
26	159	0
100	92	0
521	605	0
151	359	0
0	215	0
53	38	0
468	1116	615
30	151	0
492	687	0
427	592	31
35	225	0
307	1240	0
190	662	144
2	113	0
36	88	0
78	173	0
263	455	0
188	326	0
554	1366	0
39	68	0
568	834	0
434	539	0
188	192	0
514	1085	756
487	871	0
215	166	0
355	1092	0
476	540	0
633	974	0
38	162	0
306	509	0
76	89	0
142	202	0
362	189	0
94	119	0
292	205	0
610	578	1602
114	505	0
284	273	0
373	1185	0
160	314	0
287	257	0
485	1298	0
160	241	0
380	151	0
4	78	0
319	811	0
260	245	0
493	1249	0
192	227	0
44	176	0
0	69	0
401	1368	0
209	277	0
352	1346	0
362	728	0
0	170	0
214	836	0
133	154	0
318	212	0
33	224	0
85	119	0
0	193	0
640	961	0
31	156	0
268	130	0
502	273	0
256	506	0
553	1740	0
4	226	0
0	95	0
258	655	0
120	125	0
647	1711	0
28	53	0
276	87	0
249	366	0
197	153	0
235	225	0
397	334	0
228	156	0
399	275	0
205	972	0
225	225	0
462	434	0
426	386	0
302	456	0
131	171	0
535	1542	0
45	51	0
611	2179	0
422	352	0
328	397	0
457	1690	0
393	229	0
77	289	0
340	842	0
488	275	0
174	263	0
125	221	0
50	93	0
525	541	0
316	1055	0
147	263	0
172	177	0
0	242	0
160	678	0
142	508	163
5	86	0
76	119	0
139	215	0
395	975	0
176	219	0
141	218	0
272	297	0
371	408	0
89	69	0
421	301	0
283	561	0
319	142	0
251	415	0
51	98	0
118	593	0
59	154	0
236	228	0
177	239	0
265	773	0
493	595	0
199	153	0
177	97	0
627	1239	0
50	168	0
139	210	0
159	95	0
506	1091	0
475	1498	0
151	124	0
251	235	0
353	349	0
297	739	0
13	253	0
293	340	0
97	60	0
496	984	0
445	960	0
34	85	0
519	1104	0
38	105	0
281	779	0
249	807	0
523	1179	0
0	194	0
548	1376	0
55	210	0
269	208	0
127	147	0
78	262	0
297	290	0
299	278	0
442	1110	0
96	215	0
286	346	0
120	202	0
75	99	0
0	157	0
0	198	0
182	341	0
0	122	0
215	79	0
315	720	0
253	252	0
188	265	0
190	889	0
593	588	0
212	192	0
0	178	0
410	409	0
237	133	0
28	142	0
61	67	0
164	222	0
170	122	0
551	2027	0
182	257	0
553	1735	0
183	82	0
404	92	0
34	52	0
162	710	0
167	138	0
249	726	0
296	725	0
276	403	0
56	34	0
61	248	0
60	203	0
50	69	0
71	252	0
333	638	0
15	167	0
117	194	0
0	100	0
201	145	0
355	162	0
263	327	0
299	993	0
627	928	0
163	653	0
0	155	0
80	138	0
97	190	0
23	117	0
414	385	0
379	164	0
411	256	0
146	171	0
587	804	0
571	2008	125
94	45	0
449	2027	0
165	646	0
319	326	0
0	204	0
151	128	0
191	75	0
74	46	0
437	994	0
43	123	0
453	147	0
272	165	0
139	94	0
0	169	0
441	382	0
0	153	0
414	288	0
5	298	0
180	147	0
286	1263	0
68	246	0
0	124	0
446	1098	0
49	152	0
197	254	0
359	472	0
498	309	0
282	1266	0
303	395	0
320	421	0
666	1843	51
60	94	0
181	113	0
14	241	0
254	267	0
601	435	0
193	219	0
118	214	0
616	405	0
368	427	0
53	168	0
273	143	0
162	119	0
612	357	0
191	1064	0
70	278	0
29	156	0
426	570	0
514	185	0
201	142	0
624	768	0
632	2393	124
209	456	0
201	134	0
24	251	0
310	705	0
207	182	0
129	247	0
239	846	0
161	541	0
44	138	0
109	301	0
454	391	0
294	260	0
597	1718	0
0	247	0
473	531	0
138	90	0
407	578	0
294	154	0
583	734	0
259	603	0
135	276	0
184	777	0
4	174	0
641	1275	0
8	108	0
0	78	0
429	449	0
649	1699	0
396	1070	0
179	115	0
314	1472	0
0	140	0
280	291	0
256	145	0
208	109	0
76	166	0
0	200	0
159	231	0
380	275	0
155	344	24
33	85	0
46	84	0
141	170	0
0	119	0
105	234	0
187	990	0
197	388	0
364	313	0
63	80	0
112	100	0
462	281	0
489	573	0
382	345	0
4	96	0
413	301	0
229	620	0
572	777	0
505	1039	0
120	51	0
262	1085	0
110	313	0
216	334	0
30	149	0
296	971	0
458	391	0
254	305	0
81	205	0
379	931	0
22	114	0
264	177	0
251	667	0
223	83	0
0	160	0
68	39	0
226	211	0
550	1546	0
219	592	0
0	129	0
487	325	0
385	1006	0
366	241	0
371	1391	0
245	1292	0
142	151	0
201	589	0
113	72	0
305	168	0
151	251	0
0	138	0
153	105	0
0	135	0
186	493	0
547	1545	0
157	477	0
0	136	0
631	2090	0
497	1521	0
260	96	0
339	812	0
116	36	0
591	677	0
649	342	0
162	230	0
137	214	0
303	147	0
622	1390	0
543	708	731
187	264	0
192	224	0
452	513	0
519	451	0
201	812	0
93	91	0
20	116	0
244	368	0
383	322	0
564	929	0
57	278	0
214	205	0
64	40	0
336	965	0
369	1455	0
615	1361	0
412	325	0
307	320	0
157	65	0
230	89	0
299	365	0
117	241	0
259	152	0
379	1494	0
437	298	0
182	187	0
336	1152	74
555	1581	813
124	207	0
309	571	0
409	526	0
389	262	0
211	686	111
426	1491	0
27	70	0
326	713	0
226	447	0
213	230	0
226	242	0
407	448	0
85	60	0
44	207	0
129	337	0
274	345	0
656	411	0
474	388	0
0	173	0
38	73	0
588	1994	0
317	335	0
230	1209	0
118	120	0
21	214	0
87	41	0
616	1503	0
26	64	0
67	255	0
166	441	0
114	208	0
227	322	0
143	206	0
89	162	0
218	312	0
357	307	0
609	136	0
372	1593	0
48	98	0
611	2084	0
0	82	0
85	86	0
243	847	0
182	144	0
482	457	0
185	170	0
0	162	0
364	312	0
213	692	304
634	2214	0
452	894	0
326	393	0
177	755	0
442	1341	0
171	108	0
322	1350	0
208	308	0
507	1423	6
648	1545	0
1	136	0
217	155	0
548	879	0
185	216	0
304	228	0
258	348	0
546	1062	5
571	1157	0
274	108	0
169	64	0
264	237	0
398	528	0
265	234	0
576	1178	60
142	220	0
588	1337	0
139	240	0
308	610	350
201	213	0
235	176	0
540	522	0
148	243	0
295	676	0
609	2127	0
296	215	0
125	138	0
21	165	0
124	688	0
0	192	0
265	783	0
186	703	4
0	144	0
123	276	0
398	1094	0
163	238	0
266	117	0
442	417	0
48	33	0
533	2237	0
270	176	0
237	290	0
0	171	0
0	179	0
194	586	0
563	736	0
272	172	0
155	41	0
536	390	0
690	2127	0
0	128	0
343	1447	2
416	299	0
347	414	0
78	172	0
74	149	0
500	776	0
36	134	0
409	433	0
187	948	0
228	227	0
540	1371	0
554	307	0
212	253	0
399	1757	0
274	250	0
519	707	751
179	172	0
118	71	0
392	210	0
0	103	0
315	292	0
165	525	0
31	63	0
94	210	0
562	2238	0
678	2231	0
265	719	0
166	385	85
226	216	0
479	441	0
221	975	0
373	1000	0
6	227	0
212	485	0
518	606	0
230	309	0
497	1686	290
0	151	0
187	193	0
243	668	0
247	265	0
142	150	0
448	1747	0
594	1364	0
4	83	0
296	573	0
406	164	0
219	227	0
14	148	0
424	1202	0
116	417	0
179	275	0
69	75	0
69	136	0
409	591	0
337	411	0
546	473	0
151	788	0
0	218	0
163	217	0
167	526	0
601	914	0
69	27	0
215	301	0
326	386	0
330	300	0
537	490	0
1	214	0
31	276	0
317	1040	0
168	152	0
42	127	0
638	990	0
132	873	0
35	142	0
530	1291	0
315	788	0
532	512	0
308	366	0
105	123	0
135	680	170
514	541	0
182	526	0
271	297	0
0	154	0
106	131	0
392	448	0
523	1279	0
72	107	0
204	783	96
20	191	0
155	715	0
67	105	0
163	897	0
216	175	0
0	190	0
553	1308	0
229	305	0
231	92	0
168	337	0
51	246	0
186	64	0
516	786	0
553	382	0
493	357	0
131	167	0
8	135	0
210	144	0
118	206	0
221	1002	0
180	190	0
0	186	0
289	362	0
297	291	0
188	148	0
25	157	0
133	68	0
504	1194	0
159	255	0
258	1299	0
189	679	0
368	1405	0
18	221	0
302	115	0
65	26	0
198	142	0
357	569	0
251	229	0
378	1116	0
128	775	0
178	140	0
374	983	0
122	83	0
345	353	0
568	576	0
332	1136	0
275	231	0
405	869	0
511	175	0
17	239	0
0	111	0
525	1613	0
372	222	0
554	874	0
276	672	0
172	124	0
31	100	0
114	215	0
124	195	0
312	277	0
346	336	0
412	1291	0
69	62	0
306	292	0
270	367	0
324	463	0
368	519	0
12	138	0
23	108	0
94	170	0
0	83	0
0	88	0
21	162	0
0	152	0
383	412	0
22	135	0
366	233	0
0	204	0
129	172	0
287	165	0
432	356	0
193	794	0
136	324	0
435	834	0
425	396	0
615	1792	421
50	29	0
366	94	0
64	230	0
78	157	0
70	172	0
449	278	0
134	166	0
300	408	0
353	778	0
41	115	0
366	486	0
135	502	0
249	318	0
428	876	0
191	136	0
0	79	0
7	185	0
69	271	0
320	1115	0
0	128	0
164	185	0
142	200	0
444	392	0
117	102	0
117	222	0
288	716	57
131	137	0
102	96	0
248	374	0
262	161	0
53	100	0
273	326	0
161	209	0
112	317	0
156	652	0
39	206	0
179	196	0
189	164	0
655	1078	0
46	159	0
573	609	0
228	515	0
433	357	0
359	307	0
592	242	0
142	222	0
381	841	0
224	141	0
641	1995	0
0	164	0
96	130	0
0	153	0
215	365	0
36	52	0
398	381	0
21	71	0
287	385	0
184	247	0
355	113	0
219	687	0
565	746	0
581	927	0
227	1098	0
606	1184	0
178	228	0
580	917	0
124	59	0
136	168	0
30	178	0
203	198	0
387	764	0
152	257	0
394	1054	0
193	284	0
353	1362	0
341	256	0
149	161	0
149	190	0
94	124	0
57	187	0
29	109	0
172	927	0
0	145	0
203	117	0
327	1282	152
216	142	0
22	96	0
510	1674	0
352	1283	0
28	133	0
272	277	0
0	236	0
141	67	0
211	307	0
81	186	0
44	179	0
161	207	0
662	1164	0
155	418	0
139	153	0
312	413	0
168	229	0
255	328	0
46	201	0
220	112	0
140	35	0
134	101	0
55	126	0
41	154	0
355	388	0
314	446	0
190	174	0
326	777	0
70	201	0
27	181	0
91	97	0
0	156	0
35	176	0
153	307	0
356	745	0
0	178	0
215	310	0
15	145	0
308	376	0
83	288	0
4	149	0
48	117	0
195	393	0
564	1731	0
198	935	0
0	155	0
111	104	0
125	660	0
261	169	0
169	134	0
266	1445	0
587	411	0
114	127	0
277	991	0
569	583	0
692	775	0
222	212	0
206	428	0
311	1415	0
117	186	0
138	69	0
146	212	0
78	223	0
344	1222	154
38	221	0
339	302	0
459	408	0
345	175	0
347	403	0
169	75	0
170	442	0
431	608	0
0	175	0
0	118	0
37	222	0
587	1465	0
357	1615	0
0	193	0
524	481	0
3	81	0
0	169	0
133	252	0
150	205	0
132	69	0
55	187	0
392	1161	0
324	266	0
280	380	0
309	1435	0
22	145	0
0	145	0
443	312	0
460	927	0
42	137	0
342	516	0
179	124	0
633	882	0
502	497	0
610	1304	0
261	258	0
177	61	0
69	218	0
472	312	0
147	110	0
108	250	0
439	842	0
61	252	0
349	1337	0
574	252	0
405	430	0
138	57	0
366	621	0
470	420	0
131	199	0
271	816	0
107	37	0
145	645	0
351	370	0
181	82	0
420	989	0
378	860	0
0	171	0
523	489	0
229	800	0
348	312	0
9	181	0
33	78	0
334	961	0
11	223	0
633	1476	0
174	173	0
609	591	0
419	1024	0
211	341	0
0	224	0
242	172	0
458	1245	0
128	151	0
83	214	0
0	219	0
124	78	0
373	418	0
3	117	0
128	245	0
176	768	38
95	110	0
298	506	0
170	269	0
119	93	0
29	103	0
154	128	0
161	135	0
191	244	0
442	653	254
39	92	0
176	342	0
155	313	0
92	35	0
294	221	0
0	102	0
255	262	0
403	963	0
0	229	0
0	214	0
266	295	0
64	67	0
10	78	0
41	115	0
514	290	0
627	469	0
93	199	0
498	2007	0
224	795	0
513	1246	0
61	74	0
395	406	0
242	273	0
16	220	0
290	984	0
60	210	0
406	923	0
337	1110	0
51	128	0
597	1130	0
513	471	0
241	345	0
288	278	0
145	122	0
31	114	0
316	279	0
128	187	0
583	2022	0
397	280	0
0	226	0
127	344	0
565	565	283
629	948	0
411	402	0
0	218	0
33	141	0
521	1993	0
140	60	0
585	731	122
37	111	0
267	149	0
413	458	0
66	146	0
179	203	0
27	111	0
234	401	0
436	372	0
464	507	0
50	128	0
644	1234	0
166	183	0
321	732	0
502	816	0
117	132	0
700	1941	0
99	115	0
344	312	0
371	1010	0
226	205	0
525	2005	0
415	939	0
155	220	0
383	295	0
219	480	0
165	179	0
144	64	0
483	295	0
492	381	0
335	694	0
465	1871	0
8	161	0
42	277	0
228	299	0
0	135	0
121	187	0
80	94	0
125	241	0
148	132	0
55	207	0
204	674	0
46	45	0
396	431	0
586	456	0
180	184	0
75	168	0
545	435	0
284	291	0
248	356	0
326	381	0
9	254	0
33	82	0
70	137	0
661	1102	0
95	222	0
220	1088	0
139	150	0
102	62	0
352	199	0
474	154	0
0	112	0
565	1845	0
315	303	0
161	876	0
165	198	0
43	95	0
524	376	0
166	201	0
47	223	0
153	227	0
157	174	0
499	629	0
598	703	0
97	58	0
223	1044	0
347	1273	0
452	593	0
401	268	0
635	1220	0
404	373	0
98	232	0
279	638	0
122	280	0
512	772	172
50	232	0
117	405	0
59	139	0
169	361	0
226	343	0
0	121	0
69	39	0
194	520	0
26	162	0
168	459	0
92	157	0
373	1110	0
423	481	0
295	294	0
621	1272	0
207	209	0
283	352	0
485	1216	0
154	291	0
35	98	0
246	298	0
166	119	0
64	143	0
14	219	0
0	103	0
86	284	0
240	245	0
26	188	0
289	307	0
193	419	0
597	1774	0
0	188	0
353	290	0
360	660	0
483	896	0
263	302	0
326	320	0
163	174	0
24	236	0
191	117	0
332	136	0
137	130	0
381	364	0
351	319	0
616	1637	0
221	86	0
296	393	0
553	693	36
293	731	661
171	693	0
582	890	0
289	274	0
532	203	0
109	177	0
315	332	0
378	1022	0
0	137	0
91	159	0
185	431	0
271	350	0
0	116	0
0	170	0
372	357	0
561	694	0
190	93	0
398	1221	0
312	312	0
62	129	0
371	272	0
209	307	0
324	1550	0
256	428	0
470	238	0
459	1632	0
399	439	0
403	1412	0
84	84	0
557	341	0
452	1057	0
356	956	0
172	80	0
518	901	0
194	362	0
238	353	0
80	107	0
170	576	0
479	500	0
499	1343	0
226	266	0
23	76	0
489	514	0
156	661	0
34	278	0
529	546	0
360	1313	0
0	195	0
112	137	0
313	558	0
52	100	0
239	146	0
370	382	0
162	237	0
146	569	0
44	31	0
291	1025	0
338	391	0
385	913	0
345	166	0
174	1129	0
192	704	230
218	112	0
621	884	0
0	80	0
89	187	0
46	243	0
285	1423	0
126	272	170
514	749	0
31	160	0
604	1779	0
231	888	0
145	880	0
235	87	0
104	31	0
146	694	48
2	288	0
293	245	0
94	225	0
391	795	0
470	556	0
367	587	0
8	137	0
470	152	0
38	30	0
213	141	0
44	118	0
547	557	1412
151	181	0
199	151	0
89	44	0
176	644	0
9	68	0
83	48	0
186	343	0
447	615	0
0	92	0
26	175	0
154	709	0
541	986	0
420	399	0
577	1482	0
593	2142	0
91	89	0
110	243	0
134	211	0
127	95	0
399	1055	0
144	245	0
0	120	0
384	1215	0
220	273	0
588	710	0
117	271	0
295	425	0
84	100	0
341	344	0
166	381	0
603	586	0
616	805	0
574	875	0
21	232	0
156	184	0
142	566	0
440	1537	0
374	384	0
166	424	0
0	210	0
130	295	0
515	860	0
247	941	0
223	679	0
118	154	0
63	215	0
461	1323	0
311	390	0
