3644147704
10 8 50
6666666666666666
6666666666666666
6666666666666666
6666666666666666
6666666666666666
6666666666666666
6666666666666666
6666666666666666
6666666666666666
6666666666666666
7777777777777777
7777777777777777
7777777777777777
7777777777777777
7777777777777777
7777777777777777
7777777777777777
7777777777777777
7777777777777777
7777777777777777
7777777777777777
7777777777777777
4444444444444444
7777777777777777
7777777777777777
7777777777777777
7777777777777777
7777777777777777
7777777777777777
7777777777777777
7777777777777777
4444444444444444
4444444444444444
7777777777777777
7777777777777777
7777777777777777
7777777777777777
7777777777777777
7777777777777777
7777777777777777
7777777777777777
4444444444444444
4444444444444444
7777777777777777
7777777777777777
4444444444444444
7777777777777777
7777777777777777
7777777777777777
7777777777777777
7777777777777777
4444444444444444
4444444444444444
7777777777777777
7777777777777777
5555555555555555
7777777777777777
7777777777777777
7777777777777777
7777777777777777
7777777777777777
4444444444444444
4444444444444444
7777777777777777
7777777777777777
6666666666666666
7777777777777777
7777777777777777
7777777777777777
7777777777777777
7777777777777777
4444444444444444
4444444444444444
7777777777777777
7777777777777777
7777777777777777
4444444444444444
7777777777777777
7777777777777777
7777777777777777
7777777777777777
4444444444444444
4444444444444444
7777777777777777
7777777777777777
7777777777777777
5555555555555555
7777777777777777
7777777777777777
7777777777777777
7777777777777777
4444444444444444
4444444444444444
7777777777777777
7777777777777777
7777777777777777
6666666666666666
7777777777777777
7777777777777777
7777777777777777
7777777777777777
4444444444444444
4444444444444444
7777777777777777
4444444444444444
7777777777777777
7777777777777777
7777777777777777
7777777777777777
7777777777777777
7777777777777777
4444444444444444
4444444444444444
7777777777777777
5555555555555555
7777777777777777
7777777777777777
7777777777777777
7777777777777777
7777777777777777
7777777777777777
4444444444444444
4444444444444444
7777777777777777
5555555555555555
7777777777777777
7777777777777777
4444444444444444
7777777777777777
7777777777777777
7777777777777777
4444444444444444
4444444444444444
7777777777777777
5555555555555555
7777777777777777
7777777777777777
4444444444444444
4444444444444444
7777777777777777
7777777777777777
4444444444444444
2222222222222222
7777777777777777
5555555555555555
7777777777777777
7777777777777777
4444444444444444
4444444444444444
7777777777777777
7777777777777777
4444444444444444
3333333333333333
7777777777777777
5555555555555555
7777777777777777
7777777777777777
4444444444444444
4444444444444444
7777777777777777
7777777777777777
2222222222222222
3333333333333333
7777777777777777
5555555555555555
7777777777777777
7777777777777777
4444444444444444
4444444444444444
7777777777777777
7777777777777777
3333333333333333
3333333333333333
7777777777777777
5555555555555555
7777777777777777
7777777777777777
4444444444444444
4444444444444444
7777777777777777
7777777777777777
3333333333333333
3333333333333333
7777777777777777
5555555555555555
7777777777777777
7777777777777777
4444444444444444
4444444444444444
4444444444444444
4444444444444444
3333333333333333
3333333333333333
7777777777777777
5555555555555555
7777777777777777
7777777777777777
4444444444444444
4444444444444444
4444444444444444
4444444444444444
3333333333333333
3333333333333333
4444444444444444
5555555555555555
7777777777777777
7777777777777777
4444444444444444
4444444444444444
4444444444444444
4444444444444444
3333333333333333
3333333333333333
5555555555555555
5555555555555555
7777777777777777
7777777777777777
4444444444444444
4444444444444444
4444444444444444
4444444444444444
3333333333333333
3333333333333333
6666666666666666
5555555555555555
7777777777777777
7777777777777777
4444444444444444
4444444444444444
4444444444444444
4444444444444444
3333333333333333
3333333333333333
7777777777777777
5555555555555555
7777777777777777
7777777777777777
2222222222222222
4444444444444444
4444444444444444
4444444444444444
3333333333333333
3333333333333333
7777777777777777
5555555555555555
7777777777777777
7777777777777777
3333333333333333
4444444444444444
4444444444444444
4444444444444444
3333333333333333
3333333333333333
7777777777777777
5555555555555555
7777777777777777
7777777777777777
4444444444444444
2222222222222222
4444444444444444
4444444444444444
3333333333333333
3333333333333333
7777777777777777
5555555555555555
7777777777777777
7777777777777777
4444444444444444
3333333333333333
4444444444444444
4444444444444444
3333333333333333
3333333333333333
7777777777777777
5555555555555555
7777777777777777
7777777777777777
4444444444444444
3333333333333333
2222222222222222
4444444444444444
3333333333333333
3333333333333333
7777777777777777
5555555555555555
7777777777777777
7777777777777777
4444444444444444
3333333333333333
3333333333333333
2222222222222222
3333333333333333
3333333333333333
7777777777777777
5555555555555555
7777777777777777
7777777777777777
4444444444444444
3333333333333333
3333333333333333
3333333333333333
3333333333333333
3333333333333333
7777777777777777
5555555555555555
7777777777777777
7777777777777777
4444444444444444
3333333333333333
3333333333333333
4444444444444444
3333333333333333
3333333333333333
7777777777777777
5555555555555555
7777777777777777
7777777777777777
4444444444444444
3333333333333333
3333333333333333
4444444411111111
3333331111111111
3333331111111111
7777777711111111
5555555555111111
7777777711111111
7777111111111111
4444444444441111
3333333333333311
3333333333331111
4444444411111111
3333331111111111
3333331111111111
7777777711111111
5555555555111111
7777777711111111
7777111111111111
4444444444441111
3333333333333311
3333333333331111
4444444411111111
3333331111111111
3333331111111111
7777777711111111
5555555555111111
7777777711111111
7777111111111111
4444444444441111
3333333333333311
3333333333331111
4444444411111111
3333331111111111
3333331111111111
7777777711111111
5555555555111111
7777777711111111
7777111111111111
4444444444441111
3333333333333311
3333333333331111
4444444411111111
3333331111111111
3333331111111111
7777777711111111
5555555555111111
7777777711111111
7777111111111111
4444444444441111
3333333333333311
3333333333331111
4444444411111111
3333331111111111
3333331111111111
7777777711111111
5555555555111111
7777777711111111
7777111111111111
4444444444441111
3333333333333311
3333333333331111
4444444411111111
3333331111111111
3333331111111111
7777777711111111
5555555555111111
7777777711111111
7777111111111111
4444444444441111
3333333333333311
3333333333331111
4444444411111111
3333331111111111
3333331111111111
7777777711111111
5555555555111111
7777777711111111
7777111111111111
4444444444441111
3333333333333311
3333333333331111
4444444411111111
3333331111111111
3333331111111111
7777777711111111
5555555555111111
7777777711111111
7777111111111111
4444444444441111
3333333333333311
3333333333331111
4444444411111111
3333331111111111
3333331111111111
7777777711111111
5555555555111111
7777777711111111
7777111111111111
4444444444441111
3333333333333311
3333333333331111
4444444411111111
3333331111111111
3333331111111111
7777777711111111
5555555555111111
7777777711111111
7777111111111111
4444444444441111
3333333333333311
3333333333331111
4444444411111111
3333331111111111
3333331111111111
7777777711111111
5555555555111111
7777777711111111
7777111111111111
4444444444441111
3333333333333311
3333333333331111
4444444411111111
3333331111111111
3333331111111111
7777777711111111
5555555555111111
7777777711111111
7777111111111111
4444444444441111
3333333333333311
3333333333331111
4444444411111111
3333331111111111
3333331111111111
7777777711111111
5555555555111111
7777777711111111
7777111111111111
4444444444441111
3333333333333311
3333333333331111
4444444411111111
3333331111111111
3333331111111111
7777777711111111
5555555555111111
7777777711111111
7777111111111111
4444444444441111
3333333333333311
3333333333331111
4444444411111111
3333331111111111
3333331111111111
7777777711111111
5555555555111111
7777777711111111
7777111111111111
4444444444441111
3333333333333311
3333333333331111
4444444411111111
3333331111111111
3333331111111111
7777777711111111
5555555555111111
7777777711111111
7777111111111111
4444444444441111
3333333333333311
3333333333331111
4444444411111111
3333331111111111
3333331111111111
7777777711111111
5555555555111111
7777777711111111
7777111111111111
4444444444441111
3333333333333311
3333333333331111
