3435557649
10 8 100
6666666666666666
6666666666666666
6666666666666666
6666666666666666
6666666666666666
6666666666666666
6666666666666666
6666666666666666
6666666666666666
6666666666666666
5555555555555555
5555555555555555
5555555555555555
5555555555555555
5555555555555555
5555555555555555
5555555555555555
5555555555555555
5555555555555555
5555555555555555
6666666666666666
6666666666666666
6666666666666666
6666666666666666
6666666666666666
6666666666666666
6666666666666666
6666666666666666
6666666666666666
3333333333333333
6666666666666666
6666666666666666
6666666666666666
6666666666666666
6666666666666666
6666666666666666
6666666666666666
6666666666666666
6666666666666666
4444444444444444
6666666666666666
6666666666666666
6666666666666666
6666666666666666
6666666666666666
6666666666666666
6666666666666666
6666666666666666
6666666666666666
5555555555555555
6666666666666666
6666666666666666
3333333333333333
6666666666666666
6666666666666666
6666666666666666
6666666666666666
6666666666666666
6666666666666666
5555555555555555
6666666666666666
6666666666666666
4444444444444444
6666666666666666
6666666666666666
6666666666666666
6666666666666666
6666666666666666
6666666666666666
5555555555555555
6666666666666666
6666666666666666
5555555555555555
6666666666666666
6666666666666666
6666666666666666
6666666666666666
6666666666666666
6666666666666666
5555555555555555
6666666666666666
6666666666666666
5555555555555555
6666666666666666
6666666666666666
6666666666666666
6666666666666666
3333333333333333
6666666666666666
5555555555555555
6666666666666666
6666666666666666
5555555555555555
6666666666666666
6666666666666666
6666666666666666
6666666666666666
4444444444444444
6666666666666666
5555555555555555
6666666666666666
6666666666666666
5555555555555555
6666666666666666
6666666666666666
6666666666666666
6666666666666666
5555555555555555
6666666666666666
5555555555555555
6666666666666666
6666666666666666
5555555555555555
6666666666666666
3333333333333333
6666666666666666
6666666666666666
5555555555555555
6666666666666666
5555555555555555
6666666666666666
6666666666666666
5555555555555555
6666666666666666
4444444444444444
6666666666666666
6666666666666666
5555555555555555
6666666666666666
5555555555555555
6666666666666666
6666666666666666
5555555555555555
6666666666666666
5555555555555555
6666666666666666
6666666666666666
5555555555555555
6666666666666666
5555555555555555
6666666666666666
6666666666666666
5555555555555555
6666666666666666
5555555555555555
3333333333333333
6666666666666666
5555555555555555
6666666666666666
5555555555555555
6666666666666666
6666666666666666
5555555555555555
6666666666666666
5555555555555555
4444444444444444
6666666666666666
5555555555555555
6666666666666666
5555555555555555
6666666666666666
3333333333333333
5555555555555555
6666666666666666
5555555555555555
4444444444444444
6666666666666666
5555555555555555
6666666666666666
5555555555555555
6666666666666666
4444444444444444
5555555555555555
6666666666666666
5555555555555555
4444444444444444
6666666666666666
5555555555555555
6666666666666666
5555555555555555
6666666666666666
4444444444444444
5555555555555555
6666666666666666
5555555555555555
4444444444444444
6666666666666666
5555555555555555
3333333333333333
5555555555555555
6666666666666666
4444444444444444
5555555555555555
6666666666666666
5555555555555555
4444444444444444
6666666666666666
5555555555555555
4444444444444444
5555555555555555
6666666666666666
4444444444444444
5555555555555555
6666666666666666
5555555555555555
4444444444444444
6666666666666666
5555555555555555
5555555555555555
5555555555555555
6666666666666666
4444444444444444
5555555555555555
6666666666666666
5555555555555555
4444444444444444
3333333333333333
5555555555555555
6666666666666666
5555555555555555
6666666666666666
4444444444444444
5555555555555555
6666666666666666
5555555555555555
4444444444444444
4444444444444444
5555555555555555
6666666666666666
5555555555555555
6666666666666666
4444444444444444
5555555555555555
6666666666666666
5555555555555555
4444444444444444
5555555555555555
5555555555555555
6666666666666666
5555555555555555
6666666666666666
4444444444444444
5555555555555555
3333333333333333
5555555555555555
4444444444444444
6666666666666666
5555555555555555
6666666666666666
5555555555555555
6666666666666666
4444444444444444
5555555555555555
4444444444444444
5555555555555555
4444444444444444
6666666666666666
5555555555555555
6666666666666666
5555555555555555
6666666666666666
4444444444444444
5555555555555555
5555555555555555
5555555555555555
4444444444444444
6666666666666666
5555555555555555
6666666666666666
5555555555555555
3333333333333333
4444444444444444
5555555555555555
5555555555555555
5555555555555555
4444444444444444
6666666666666666
5555555555555555
6666666666666666
5555555555555555
4444444444444444
4444444444444444
5555555555555555
5555555555555555
5555555555555555
4444444444444444
6666666666666666
5555555555555555
6666666666666666
5555555555555555
5555555555555555
4444444444444444
5555555555555555
5555555555555555
5555555555555555
4444444444444444
6666666666666666
5555555555555555
6666666666666666
5555555555555555
6666666666666666
4444444444444444
5555555555555555
5555555555555555
5555555555555555
4444444444444444
6666666666666666
5555555555555555
6666666666666666
5555555555555555
6666666666661111
4444444444441111
5555555555551111
5555555555551111
5555555555551111
4444444444441111
6666666666666611
5555555555555511
6666666666666611
5555555555555555
6666666666661111
4444444444441111
5555555555551111
5555555555551111
5555555555551111
4444444444441111
6666666666666611
5555555555555511
6666666666666611
5555555555555545
6666666666661111
4444444444441111
5555555555551111
5555555555551111
5555555555551111
4444444444441111
6666666666666611
5555555555555511
6666666666666611
4555555555555545
6666666666661111
4444444444441111
5555555555551111
5555555555551111
5555555555551111
4444444444441111
6666666666666611
5555555555555511
6666666666666611
5555555555554545
6666666666661111
4444444444441111
5555555555551111
5555555555551111
5555555555551111
4444444444441111
6666666666666611
5555555555555511
6666666666666611
5555555555454545
6666666666661111
4444444444441111
5555555555551111
5555555555551111
5555555555551111
4444444444441111
6666666666666611
5555555555555511
6666666666666611
5555555555554535
6666666666661111
4444444444441111
5555555555551111
5555555555551111
5555555555551111
4444444444441111
6666666666666611
5555555555555511
6666666666666611
5555555555553545
6666666666661111
4444444444441111
5555555555551111
5555555555551111
5555555555551111
4444444444441111
6666666666666611
5555555555555511
6666666666666611
5555555555554544
6666666666661111
4444444444441111
5555555555551111
5555555555551111
5555555555551111
4444444444441111
6666666666666611
5555555555555511
6666666666666611
5555555555554444
6666666666661111
4444444444441111
5555555555551111
5555555555551111
5555555555551111
4444444444441111
6666666666666611
5555555555555511
6666666666666611
5555555555544444
6666666666661111
4444444444441111
5555555555551111
5555555555551111
5555555555551111
4444444444441111
6666666666666611
5555555555555511
6666666666666611
5555555555554444
6666666666661111
4444444444441111
5555555555551111
5555555555551111
5555555555551111
4444444444441111
6666666666666611
5555555555555511
6666666666666611
5555555555454444
6666666666661111
4444444444441111
5555555555551111
5555555555551111
5555555555551111
4444444444441111
6666666666666611
5555555555555511
6666666666666611
5555555555454444
6666666666661111
4444444444441111
5555555555551111
5555555555551111
5555555555551111
4444444444441111
6666666666666611
5555555555555511
6666666666666611
5555555555454444
6666666666661111
4444444444441111
5555555555551111
5555555555551111
5555555555551111
4444444444441111
6666666666666611
5555555555555511
6666666666666611
5555555555454444
6666666666661111
4444444444441111
5555555555551111
5555555555551111
5555555555551111
4444444444441111
6666666666666611
5555555555555511
6666666666666611
5555555555454444
6666666666661111
4444444444441111
5555555555551111
5555555555551111
5555555555551111
4444444444441111
6666666666666611
5555555555555511
6666666666666611
5555555555454444
6666666666661111
4444444444441111
5555555555551111
5555555555551111
5555555555551111
4444444444441111
6666666666666611
5555555555555511
6666666666666611
5555555555454444
6666666666661111
4444444444441111
5555555555551111
5555555555551111
5555555555551111
4444444444441111
6666666666666611
5555555555555511
6666666666666611
5555555555454444
6666666666661111
4444444444441111
5555555555551111
5555555555551111
5555555555551111
4444444444441111
6666666666666611
5555555555555511
6666666666666611
5555555555454444
6666666666661111
4444444444441111
5555555555551111
5555555555551111
5555555555551111
4444444444441111
6666666666666611
5555555555555511
6666666666666611
5555555555454444
6666666666661111
4444444444441111
5555555555551111
5555555555551111
5555555555551111
4444444444441111
6666666666666611
5555555555555511
6666666666666611
5555555555454444
6666666666661111
4444444444441111
5555555555551111
5555555555551111
5555555555551111
4444444444441111
6666666666666611
5555555555555511
6666666666666611
5555555555454444
6666666666661111
4444444444441111
5555555555551111
5555555555551111
5555555555551111
4444444444441111
6666666666666611
5555555555555511
6666666666666611
5555555555454444
6666666666661111
4444444444441111
5555555555551111
5555555555551111
5555555555551111
4444444444441111
6666666666666611
5555555555555511
6666666666666611
5555555555454444
6666666666661111
4444444444441111
5555555555551111
5555555555551111
5555555555551111
4444444444441111
6666666666666611
5555555555555511
6666666666666611
5555555555454444
6666666666661111
4444444444441111
5555555555551111
5555555555551111
5555555555551111
4444444444441111
6666666666666611
5555555555555511
6666666666666611
5555555555454444
6666666666661111
4444444444441111
5555555555551111
5555555555551111
5555555555551111
4444444444441111
6666666666666611
5555555555555511
6666666666666611
5555555555454444
6666666666661111
4444444444441111
5555555555551111
5555555555551111
5555555555551111
4444444444441111
6666666666666611
5555555555555511
6666666666666611
5555555555454444
6666666666661111
4444444444441111
5555555555551111
5555555555551111
5555555555551111
4444444444441111
6666666666666611
5555555555555511
6666666666666611
5555555555454444
6666666666661111
4444444444441111
5555555555551111
5555555555551111
5555555555551111
4444444444441111
6666666666666611
5555555555555511
6666666666666611
5555555555454444
6666666666661111
4444444444441111
5555555555551111
5555555555551111
5555555555551111
4444444444441111
6666666666666611
5555555555555511
6666666666666611
5555555555454444
6666666666661111
4444444444441111
5555555555551111
5555555555551111
5555555555551111
4444444444441111
6666666666666611
5555555555555511
6666666666666611
5555555555454444
6666666666661111
4444444444441111
5555555555551111
5555555555551111
5555555555551111
4444444444441111
6666666666666611
5555555555555511
6666666666666611
5555555555454444
6666666666661111
4444444444441111
5555555555551111
5555555555551111
5555555555551111
4444444444441111
6666666666666611
5555555555555511
6666666666666611
5555555555454444
6666666666661111
4444444444441111
5555555555551111
5555555555551111
5555555555551111
4444444444441111
6666666666666611
5555555555555511
6666666666666611
5555555555454444
6666666666661111
4444444444441111
5555555555551111
5555555555551111
5555555555551111
4444444444441111
6666666666666611
5555555555555511
6666666666666611
5555555555454444
6666666666661111
4444444444441111
5555555555551111
5555555555551111
5555555555551111
4444444444441111
6666666666666611
5555555555555511
6666666666666611
5555555555454444
6666666666661111
4444444444441111
5555555555551111
5555555555551111
5555555555551111
4444444444441111
6666666666666611
5555555555555511
6666666666666611
5555555555454444
6666666666661111
4444444444441111
5555555555551111
5555555555551111
5555555555551111
4444444444441111
6666666666666611
5555555555555511
6666666666666611
5555555555454444
6666666666661111
4444444444441111
5555555555551111
5555555555551111
5555555555551111
4444444444441111
6666666666666611
5555555555555511
6666666666666611
5555555555454444
6666666666661111
4444444444441111
5555555555551111
5555555555551111
5555555555551111
4444444444441111
6666666666666611
5555555555555511
6666666666666611
5555555555454444
6666666666661111
4444444444441111
5555555555551111
5555555555551111
5555555555551111
4444444444441111
6666666666666611
5555555555555511
6666666666666611
5555555555454444
6666666666661111
4444444444441111
5555555555551111
5555555555551111
5555555555551111
4444444444441111
6666666666666611
5555555555555511
6666666666666611
5555555555454444
6666666666661111
4444444444441111
5555555555551111
5555555555551111
5555555555551111
4444444444441111
6666666666666611
5555555555555511
6666666666666611
5555555555454444
6666666666661111
4444444444441111
5555555555551111
5555555555551111
5555555555551111
4444444444441111
6666666666666611
5555555555555511
6666666666666611
5555555555454444
6666666666661111
4444444444441111
5555555555551111
5555555555551111
5555555555551111
4444444444441111
6666666666666611
5555555555555511
6666666666666611
5555555555454444
6666666666661111
4444444444441111
5555555555551111
5555555555551111
5555555555551111
4444444444441111
6666666666666611
5555555555555511
6666666666666611
5555555555454444
6666666666661111
4444444444441111
5555555555551111
5555555555551111
5555555555551111
4444444444441111
6666666666666611
5555555555555511
6666666666666611
5555555555454444
6666666666661111
4444444444441111
5555555555551111
5555555555551111
5555555555551111
4444444444441111
6666666666666611
5555555555555511
6666666666666611
5555555555454444
6666666666661111
4444444444441111
5555555555551111
5555555555551111
5555555555551111
4444444444441111
6666666666666611
5555555555555511
6666666666666611
5555555555454444
6666666666661111
4444444444441111
5555555555551111
5555555555551111
5555555555551111
4444444444441111
6666666666666611
5555555555555511
6666666666666611
5555555555454444
6666666666661111
4444444444441111
5555555555551111
5555555555551111
5555555555551111
4444444444441111
6666666666666611
5555555555555511
6666666666666611
5555555555454444
6666666666661111
4444444444441111
5555555555551111
5555555555551111
5555555555551111
4444444444441111
6666666666666611
5555555555555511
6666666666666611
5555555555454444
6666666666661111
4444444444441111
5555555555551111
5555555555551111
5555555555551111
4444444444441111
6666666666666611
5555555555555511
6666666666666611
5555555555454444
6666666666661111
4444444444441111
5555555555551111
5555555555551111
5555555555551111
4444444444441111
6666666666666611
5555555555555511
6666666666666611
5555555555454444
6666666666661111
4444444444441111
5555555555551111
5555555555551111
5555555555551111
4444444444441111
6666666666666611
5555555555555511
6666666666666611
5555555555454444
6666666666661111
4444444444441111
5555555555551111
5555555555551111
5555555555551111
4444444444441111
6666666666666611
5555555555555511
6666666666666611
5555555555454444
6666666666661111
4444444444441111
5555555555551111
5555555555551111
5555555555551111
4444444444441111
6666666666666611
5555555555555511
6666666666666611
5555555555454444
6666666666661111
4444444444441111
5555555555551111
5555555555551111
5555555555551111
4444444444441111
6666666666666611
5555555555555511
6666666666666611
5555555555454444
6666666666661111
4444444444441111
5555555555551111
5555555555551111
5555555555551111
4444444444441111
6666666666666611
5555555555555511
6666666666666611
5555555555454444
6666666666661111
4444444444441111
5555555555551111
5555555555551111
5555555555551111
4444444444441111
6666666666666611
5555555555555511
6666666666666611
5555555555454444
6666666666661111
4444444444441111
5555555555551111
5555555555551111
5555555555551111
4444444444441111
6666666666666611
5555555555555511
6666666666666611
5555555555454444
6666666666661111
4444444444441111
5555555555551111
5555555555551111
5555555555551111
4444444444441111
6666666666666611
5555555555555511
6666666666666611
5555555555454444
6666666666661111
4444444444441111
5555555555551111
5555555555551111
5555555555551111
4444444444441111
6666666666666611
5555555555555511
6666666666666611
5555555555454444
6666666666661111
4444444444441111
5555555555551111
5555555555551111
5555555555551111
4444444444441111
6666666666666611
5555555555555511
6666666666666611
5555555555454444
6666666666661111
4444444444441111
5555555555551111
5555555555551111
5555555555551111
4444444444441111
6666666666666611
5555555555555511
6666666666666611
5555555555454444
6666666666661111
4444444444441111
5555555555551111
5555555555551111
5555555555551111
4444444444441111
6666666666666611
5555555555555511
6666666666666611
5555555555454444
6666666666661111
4444444444441111
5555555555551111
5555555555551111
5555555555551111
4444444444441111
6666666666666611
5555555555555511
6666666666666611
5555555555454444
