3150678636
19 12 50
666666666666666666666666
666666666666666666666666
666666666666666666666666
666666666666666666666666
666666666666666666666666
666666666666666666666666
666666666666666666666666
666666666666666666666666
666666666666666666666666
666666666666666666666666
666666666666666666666666
666666666666666666666666
666666666666666666666666
666666666666666666666666
666666666666666666666666
666666666666666666666666
666666666666666666666666
666666666666666666666666
666666666666666666666666
555555555555555555555555
555555555555555555555555
555555555555555555555555
555555555555555555555555
555555555555555555555555
555555555555555555555555
555555555555555555555555
555555555555555555555555
555555555555555555555555
555555555555555555555555
555555555555555555555555
555555555555555555555555
555555555555555555555555
555555555555555555555555
555555555555555555555555
555555555555555555555555
555555555555555555555555
555555555555555555555555
555555555555555555555555
555555555555555555555555
555555555555555555555555
555555555555555555555555
555555555555555555555555
555555555555555555555555
555555555555555555555555
555555555555555555555555
555555555555555555555555
555555555555555555555555
555555555555555555555555
555555555555555555555555
555555555555555555555555
555555555555555555555555
555555555555555555555555
555555555555555555555555
555555555555555555555555
555555555555555555555555
333333333333333333333333
555555555555555555555555
555555555555555555555555
555555555555555555555555
555555555555555555555555
555555555555555555555555
555555555555555555555555
555555555555555555555555
555555555555555555555555
555555555555555555555555
555555555555555555555555
555555555555555555555555
555555555555555555555555
555555555555555555555555
555555555555555555555555
555555555555555555555555
555555555555555555555555
555555555555555555555555
555555555555555555555555
444444444444444444444444
555555555555555555555555
555555555555555555555555
555555555555555555555555
555555555555555555555555
555555555555555555555555
555555555555555555555555
555555555555555555555555
555555555555555555555555
555555555555555555555555
555555555555555555555555
555555555555555555555555
333333333333333333333333
555555555555555555555555
555555555555555555555555
555555555555555555555555
555555555555555555555555
555555555555555555555555
555555555555555555555555
555555555555555555555555
555555555555555555555555
555555555555555555555555
555555555555555555555555
555555555555555555555555
555555555555555555555555
555555555555555555555555
555555555555555555555555
555555555555555555555555
555555555555555555555555
555555555555555555555555
555555555555555555555555
444444444444444444444444
555555555555555555555555
555555555555555555555555
555555555555555555555555
555555555555555555555555
555555555555555555555555
555555555555555555555555
555555555555555555555555
555555555555555555555555
555555555555555555555555
555555555555555555555555
555555555555555555555555
555555555555555555555555
555555555555555555555555
555555555555555555555555
333333333333333333333333
555555555555555555555555
555555555555555555555555
555555555555555555555555
555555555555555555555555
555555555555555555555555
555555555555555555555555
555555555555555555555555
555555555555555555555555
555555555555555555555555
555555555555555555555555
555555555555555555555555
555555555555555555555555
555555555555555555555555
555555555555555555555555
555555555555555555555555
555555555555555555555555
555555555555555555555555
555555555555555555555555
333333333333333333333333
555555555555555555555555
555555555555555555555555
555555555555555555555555
555555555555555555555555
333333333333333333333333
555555555555555555555555
555555555555555555555555
555555555555555555555555
555555555555555555555555
555555555555555555555555
555555555555555555555555
555555555555555555555555
555555555555555555555555
555555555555555555555555
555555555555555555555555
555555555555555555555555
555555555555555555555555
555555555555555555555555
333333333333333333333333
555555555555555555555555
555555555555555555555555
555555555555555555555555
555555555555555555555555
444444444444444444444444
555555555555555555555555
555555555555555555555555
555555555555555555555555
555555555555555555555555
555555555555555555555555
555555555555555555555555
555555555555555555555555
555555555555555555555555
555555555555555555555555
555555555555555555555555
555555555555555555555555
555555555555555555555555
555555555555555555555555
333333333333333333333333
555555555555555555555555
555555555555555555555555
555555555555555555555555
555555555555555555555555
444444444444444444444444
333333333333333333333333
555555555555555555555555
555555555555555555555555
555555555555555555555555
555555555555555555555555
555555555555555555555555
555555555555555555555555
555555555555555555555555
555555555555555555555555
555555555555555555555555
555555555555555555555555
555555555555555555555555
555555555555555555555555
333333333333333333333333
555555555555555555555555
555555555555555555555555
555555555555555555555555
555555555555555555555555
444444444444444444444444
444444444444444444444444
555555555555555555555555
555555555555555555555555
555555555555555555555555
555555555555555555555555
555555555555555555555555
555555555555555555555555
555555555555555555555555
555555555555555555555555
555555555555555555555555
333333333333333333333333
555555555555555555555555
555555555555555555555555
333333333333333333333333
555555555555555555555555
555555555555555555555555
555555555555555555555555
555555555555555555555555
444444444444444444444444
444444444444444444444444
555555555555555555555555
555555555555555555555555
555555555555555555555555
555555555555555555555555
555555555555555555555555
555555555555555555555555
555555555555555555555555
555555555555555555555555
555555555555555555555555
444444444444444444444444
555555555555555555555555
555555555555555555555555
333333333333333333333333
555555555555555555555555
555555555555555555555555
555555555555555555555555
555555555555555555555555
444444444444444444444444
444444444444444444444444
555555555555555555555555
555555555555555555555555
555555555555555555555555
555555555555555555555555
555555555555555555555555
555555555555555555555555
555555555555555555555555
555555555555555555555555
555555555555555555555555
555555555555555555555555
555555555555555555555555
555555555555555555555555
333333333333333333333333
555555555555555555555555
555555555555555555555555
555555555555555555555555
555555555555555555555555
444444444444444444444444
444444444444444444444444
333333333333333333333333
555555555555555555555555
555555555555555555555555
555555555555555555555555
555555555555555555555555
555555555555555555555555
555555555555555555555555
555555555555555555555555
555555555555555555555555
555555555555555555555555
555555555555555555555555
555555555555555555555555
333333333333333333333333
555555555555555555555555
555555555555555555555555
555555555555555555555555
555555555555555555555555
444444444444444444444444
444444444444444444444444
444444444444444444444444
555555555555555555555555
555555555555555555555555
555555555555555555555555
555555555555555555555555
555555555555555555555555
555555555555555555555555
555555555555555555555555
555555555555555555555555
555555555555555555555555
333333333333333333333333
555555555555555555555555
333333333333333333333333
555555555555555555555555
555555555555555555555555
555555555555555555555555
555555555555555555555555
444444444444444444444444
444444444444444444444444
444444444444444444444444
555555555555555555555555
555555555555555555555555
555555555555555555555555
555555555555555555555555
555555555555555555555555
555555555555555555555555
555555555555555555555555
555555555555555555555555
555555555555555555555555
333333333333333333333333
555555555555555555555555
333333333333333333333333
555555555555555555555555
555555555555555555555555
555555555555555555555555
555555555555555555555555
444444444444444444444444
444444444444444444444444
444444444444444444444444
333333333333333333333333
555555555555555555555555
555555555555555555555555
555555555555555555555555
555555555555555555555555
555555555555555555555555
555555555555555555555555
555555555555555555555555
555555555555555555555555
333333333333333333333333
555555555555555555555555
333333333333333333333333
555555555555555555555555
555555555555555555555555
555555555555555555555555
555555555555555555555555
444444444444444444444444
444444444444444444444444
444444444444444444444444
444444444444444444444444
555555555555555555555555
555555555555555555555555
555555555555555555555555
555555555555555555555555
555555555555555555555555
555555555555555555555555
555555555555555555555555
555555555555555555555555
333333333333333333333333
555555555555555555555555
333333333333333333333333
333333333333333333333333
555555555555555555555555
555555555555555555555555
555555555555555555555555
444444444444444444444444
444444444444444444444444
444444444444444444444444
444444444444444444444444
555555555555555555555555
555555555555555555555555
555555555555555555555555
555555555555555555555555
555555555555555555555555
555555555555555555555555
555555555555555555555555
555555555555555555555555
333333333333333333333333
555555555555555555555555
333333333333333333333333
444444444444444444444444
555555555555555555555555
555555555555555555555555
555555555555555555555555
444444444444444444444444
444444444444444444444444
444444444444444444444444
444444444444444444444444
555555555555555555555555
555555555555555555555555
555555555555555555555555
555555555555555555555555
555555555555555555555555
555555555555555555555555
555555555555555555555555
555555555555555555555555
333333333333333333333333
555555555555555555555555
333333333333333333333333
444444444444444444444444
555555555555555555555555
555555555555555555555555
555555555555555555555555
444444444444444444444444
444444444444444444444444
444444444444444444444444
444444444444444444444444
555555555555555555555555
333333333333333333333333
555555555555555555555555
555555555555555555555555
555555555555555555555555
555555555555555555555555
555555555555555555555555
555555555555555555555555
333333333333333333333333
555555555555555555555555
333333333333333333333333
444444444444444444444444
555555555555555555555555
555555555555555555555555
555555555555555555555555
444444444444444444444444
444444444444444444444444
444444444444444444444444
444444444444444444444444
555555555555555555555555
444444444444444444444444
555555555555555555555555
555555555555555555555555
555555555555555555555555
333333333333333333333333
555555555555555555555555
555555555555555555555555
333333333333333333333333
555555555555555555555555
333333333333333333333333
444444444444444444444444
555555555555555555555555
555555555555555555555555
555555555555555555555555
444444444444444444444444
444444444444444444444444
444444444444444444444444
444444444444444444444444
555555555555555555555555
555555555555555555555555
555555555555555555555555
555555555555555555555555
555555555555555555555555
444444444444444444444444
555555555555555555555555
555555555555555555555555
333333333333333333333333
555555555555555555555555
333333333333333333333333
444444444444444444444444
555555555555555555555555
555555555555555555555555
555555555555555555555555
444444444444444444444444
444444444444444444444444
444444444444444444444444
444444444444444444444444
555555555555555555555555
555555555555555555555555
555555555555555555555555
555555555555555555555555
555555555555555555555555
555555555555555555555555
555555555555555555555555
555555555555555555555555
333333333333333333333333
555555555555555555555555
333333333333333333333333
444444444444444444444444
555555555555555555555555
555555555555555555555555
555555555555555555555555
444444444444444444444444
444444444444444444444444
444444444444444444444444
444444444444444444444444
555555555555555555555555
555555555555555555555555
555555555555555555555555
333333333333333333333333
555555555555555555555555
555555555555555555555555
555555555555555555555555
555555555555555555555555
333333333333333333333333
555555555555555555555555
333333333333333333333333
444444444444444444444444
555555555555555555555555
555555555555555555555555
555555555555555555555555
444444444444444444444444
444444444444444444444444
444444444444444444444444
444444444444444444444444
555555555555555555555555
555555555555555555555555
555555555555555555555555
444444444444444444444444
555555555555555555555555
555555555555555555555555
555555555555555555555555
555555555555555555555555
333333333333333333333333
555555555555555555555555
333333333333333333333333
444444444444444444444444
555555555555555555555555
555555555555555555555555
555555555555555555555555
444444444444444444444444
444444444444444444444444
444444444444444444444444
444444444444444444444444
333333333333333333333333
555555555555555555555555
555555555555555555555555
444444444444444444444444
555555555555555555555555
555555555555555555555555
555555555555555555555555
555555555555555555555555
333333333333333333333333
555555555555555555555555
333333333333333333333333
444444444444444444444444
555555555555555555555555
555555555555555555555555
555555555555555555555555
444444444444444444444444
444444444444444444444444
444444444444444444444444
444444444444444444444444
444444444444444444444444
555555555555555555555555
555555555555555555555555
444444444444444444444444
333333333333333333333333
555555555555555555555555
555555555555555555555555
555555555555555555555555
333333333333333333333333
555555555555555555555555
333333333333333333333333
444444444444444444444444
555555555555555555555555
555555555555555555555555
555555555555555555555555
444444444444444444444444
444444444444444444444444
444444444444444444444444
444444444444444444444444
444444444444444444444444
555555555555555555555555
555555555555555555555555
444444444444444444444444
444444444444444444444444
555555555555555555555555
555555555555555555555555
555555555555555555555555
333333333333333333333333
555555555555555555555555
333333333333333333333333
444444444444444444444444
555555555555555555555555
555555555555555555555555
555555555555555555555555
444444444444444444444444
444444444444444444444444
444444444444444444444444
444444444444444444444444
444444444444444444444444
555555555555555555555555
555555555555555555555555
444444444444444444444444
555555555555555555555555
555555555555555555555555
555555555555555555555555
555555555555555555555555
333333333333333333333333
555555555555555555555555
222222222222222222222222
444444444444444444444444
555555555555555555555555
555555555555555555555555
555555555555555555555555
444444444444444444444444
444444444444444444444444
444444444444444444444444
444444444444444444444444
444444444444444444444444
555555555555555555555555
555555555555555555555555
444444444444444444444444
555555555555555555555555
555555555555555555555555
333333333333333333333333
555555555555555555555555
333333333333333333333333
555555555555555555555555
333333333333333333333333
444444444444444444444444
555555555555555555555555
555555555555555555555555
555555555555555555555555
444444444444444444444444
444444444444444444444444
444444444444444444444444
444444444444444444444444
444444444444444444444444
555555555555555555555555
555555555555555555555555
444444444444444444444444
555555555555555555555555
555555555555555555555555
444444444444444444444444
555555555555555555555555
333333333333333333333333
555555555555555555555555
333333333333333333333333
444444444444444444444444
555555555555555555555555
555555555555555555555555
555555555555555555555555
444444444444444444444444
444444444444444444444444
444444444444444444444444
444444444444444444444444
444444444444444444444444
555555555555555555555555
555555555555555555555555
444444444444444444444444
555555555555555555555555
555555555555555555555555
444444444444444444444444
555555555555555555555555
333333333333333333333333
555555555555555555555555
333333333333333333333333
444444444444444444444444
555555555555555555555555
333333333333333333333333
555555555555555555555555
444444444444444444444444
444444444444444444444444
444444444444444444444444
444444444444444444444444
444444444444444444444444
555555555555555555555555
555555555555555555555555
444444444444444444444444
555555555555555555555555
555555555555555555555555
444444444444444444444444
555555555555555555555555
333333333333333333333333
555555555555555555555555
333333333333333333333333
444444444444444444444444
555555555555555555555555
444444444444444444444444
555555555555555555555555
444444444444444444444444
444444444444444444444444
444444444444444444444444
444444444444444444444444
444444444444444444444444
555555555555555555555555
555555555555555555555555
444444444444444444444444
555555555555555555555555
555555555555555555555555
444444444444444444444444
555555555555555555555555
333333333333333333333333
333333333333333333333333
333333333333333333333333
444444444444444444444444
555555555555555555555555
444444444444444444444444
555555555555555555555555
444444444444444444444444
444444444444444444444444
444444444444444444444444
444444444444444444444444
444444444444444444444444
555555555555555555555555
555555555555555555555555
444444444444444444444444
555555555555555555555555
555555555555555555555555
444444444444444444444444
555555555555555555555555
222222222222222222222222
333333333333333333333333
333333333333333333333333
444444444444444444444444
555555555555555555555555
444444444444444444444444
555555555555555555555555
444444444444444444444444
444444444444444444444444
444444444444444444444444
444444444444444444444444
444444444444444444444444
555555555555555555555555
555555555555555555555555
444444444444444444444444
555555555555555555555555
555555555555555555555555
444444444444444444444444
555555555555555555555555
333333333333333333333333
333333333333333333333333
333333333333333333333333
444444444444444444444444
333333333333333333333333
444444444444444444444444
555555555555555555555555
444444444444444444444444
444444444444444444444444
444444444444444444444444
444444444444444444444444
444444444444444444444444
555555555555555555555555
555555555555555555555555
444444444444444444444444
555555555555555555555555
555555555555555555555555
444444444444444444444444
555555555555555555555555
333333333333333333333333
222222222222222222222222
333333333333333333333333
444444444444444444444444
333333333333333333333333
444444444444444444444444
555555555555555555555555
444444444444444444444444
444444444444444444444444
444444444444444444444444
444444444444444444444444
444444444444444444444444
555555555555555555555555
555555555555555555555555
444444444444444444444444
555555555555555555555555
555555555555555555555555
444444444444444444444444
555555555555555555555555
333333333333333333333333
333333333333333333333333
333333333333333333333333
444444444444444444444444
222222222222222222222222
444444444444444444444444
555555555555555555555555
444444444444444444444444
444444444444444444444444
444444444444444444444444
444444444444444444444444
444444444444444444444444
555555555555555555555555
555555555555555555555555
444444444444444444444444
555555555555555555555555
555555555555555555555555
444444444444444444444444
555555555555555555555555
333333333333333333333333
333333333333333333333333
333333333333333333333333
444444444444444444444444
333333333333333333333333
444444444444444444444444
555555555555555555555555
444444444444444444444444
444444444444444444444444
444444444444444444444444
444444444444444444444444
444444444444444444444444
555555555555555555555555
555555555555555555555555
444444444444444444444444
555555555555555555111111
555555555555555555111111
444444444444444444444411
555555555555555555555511
333333333333333333333311
333333333333333333333311
333333333333333333333311
444444444444444444444411
333333333333333333333311
444444444444444444444411
555555555555555555555511
444444444444444444444411
444444444444444444444411
444444444444444444444411
444444444444444444444411
444444444444444444444444
555555555555555555555511
555555555555555555555555
444444444444444444444444
555555555555555555111111
555555555555555555111111
444444444444444444444411
555555555555555555555511
333333333333333333333311
333333333333333333333311
333333333333333333333311
444444444444444444444411
333333333333333333333311
444444444444444444444411
555555555555555555555511
444444444444444444444411
444444444444444444444411
444444444444444444444411
444444444444444444444411
444444444444444444444444
555555555555555555555511
555555555555555555555545
444444444444444444444444
555555555555555555111111
555555555555555555111111
444444444444444444444411
555555555555555555555511
333333333333333333333311
333333333333333333333311
333333333333333333333311
444444444444444444444411
333333333333333333333311
444444444444444444444411
555555555555555555555511
444444444444444444444411
444444444444444444444411
444444444444444444444411
444444444444444444444411
444444444444444444444444
555555555555555555555511
455555555555555555555545
444444444444444444444444
555555555555555555111111
555555555555555555111111
444444444444444444444411
555555555555555555555511
333333333333333333333311
333333333333333333333311
333333333333333333333311
444444444444444444444411
333333333333333333333311
444444444444444444444411
555555555555555555555511
444444444444444444444411
444444444444444444444411
444444444444444444444411
444444444444444444444411
444444444444444444444444
555555555555555555555511
455555555555555555455545
444444444444444444444444
555555555555555555111111
555555555555555555111111
444444444444444444444411
555555555555555555555511
333333333333333333333311
333333333333333333333311
333333333333333333333311
444444444444444444444411
333333333333333333333311
444444444444444444444411
555555555555555555555511
444444444444444444444411
444444444444444444444411
444444444444444444444411
444444444444444444444411
444444444444444444444444
555555555555555555555511
455555555555455555455545
444444444444444444444444
555555555555555555111111
555555555555555555111111
444444444444444444444411
555555555555555555555511
333333333333333333333311
333333333333333333333311
333333333333333333333311
444444444444444444444411
333333333333333333333311
444444444444444444444411
555555555555555555555511
444444444444444444444411
444444444444444444444411
444444444444444444444411
444444444444444444444411
444444444444444444444444
555555555555555555555511
455555555555454555455545
444444444444444444444444
555555555555555555111111
555555555555555555111111
444444444444444444444411
555555555555555555555511
333333333333333333333311
333333333333333333333311
333333333333333333333311
444444444444444444444411
333333333333333333333311
444444444444444444444411
555555555555555555555511
444444444444444444444411
444444444444444444444411
444444444444444444444411
444444444444444444444411
444444444444444444444444
555555555555555555555511
455555555555454555454545
444444444444444444444444
555555555555555555111111
555555555555555555111111
444444444444444444444411
555555555555555555555511
333333333333333333333311
333333333333333333333311
333333333333333333333311
444444444444444444444411
333333333333333333333311
444444444444444444444411
555555555555555555555511
444444444444444444444411
444444444444444444444411
444444444444444444444411
444444444444444444444411
444444444444444444444444
555555555555555555555511
455545555555454555454545
444444444444444444444444
555555555555555555111111
555555555555555555111111
444444444444444444444411
555555555555555555555511
333333333333333333333311
333333333333333333333311
333333333333333333333311
444444444444444444444411
333333333333333333333311
444444444444444444444411
555555555555555555555511
444444444444444444444411
444444444444444444444411
444444444444444444444411
444444444444444444444411
444444444444444444444444
555555555555555555555511
455545555545454555454545
444444444444444444444444
