2956885753
15 9 100
666666666666666666
666666666666666666
666666666666666666
666666666666666666
666666666666666666
666666666666666666
666666666666666666
666666666666666666
666666666666666666
666666666666666666
666666666666666666
666666666666666666
666666666666666666
666666666666666666
666666666666666666
777777777777777777
777777777777777777
777777777777777777
777777777777777777
777777777777777777
777777777777777777
777777777777777777
777777777777777777
777777777777777777
777777777777777777
777777777777777777
777777777777777777
777777777777777777
777777777777777777
777777777777777777
777777777777777777
777777777777777777
777777777777777777
777777777777777777
777777777777777777
777777777777777777
777777777777777777
777777777777777777
777777777777777777
777777777777777777
444444444444444444
777777777777777777
777777777777777777
777777777777777777
777777777777777777
777777777777777777
777777777777777777
777777777777777777
777777777777777777
777777777777777777
777777777777777777
777777777777777777
777777777777777777
777777777777777777
777777777777777777
555555555555555555
777777777777777777
777777777777777777
777777777777777777
777777777777777777
777777777777777777
777777777777777777
777777777777777777
444444444444444444
777777777777777777
777777777777777777
777777777777777777
777777777777777777
777777777777777777
777777777777777777
555555555555555555
777777777777777777
777777777777777777
777777777777777777
777777777777777777
777777777777777777
777777777777777777
777777777777777777
444444444444444444
777777777777777777
777777777777777777
777777777777777777
444444444444444444
777777777777777777
777777777777777777
555555555555555555
777777777777777777
777777777777777777
777777777777777777
777777777777777777
777777777777777777
777777777777777777
777777777777777777
444444444444444444
777777777777777777
777777777777777777
777777777777777777
555555555555555555
777777777777777777
777777777777777777
555555555555555555
777777777777777777
777777777777777777
777777777777777777
777777777777777777
777777777777777777
777777777777777777
777777777777777777
444444444444444444
777777777777777777
777777777777777777
777777777777777777
666666666666666666
777777777777777777
777777777777777777
555555555555555555
777777777777777777
777777777777777777
777777777777777777
777777777777777777
777777777777777777
777777777777777777
777777777777777777
444444444444444444
777777777777777777
777777777777777777
777777777777777777
777777777777777777
777777777777777777
777777777777777777
555555555555555555
777777777777777777
777777777777777777
777777777777777777
444444444444444444
777777777777777777
777777777777777777
777777777777777777
444444444444444444
777777777777777777
777777777777777777
777777777777777777
777777777777777777
777777777777777777
777777777777777777
555555555555555555
777777777777777777
777777777777777777
777777777777777777
555555555555555555
777777777777777777
777777777777777777
777777777777777777
444444444444444444
777777777777777777
777777777777777777
777777777777777777
777777777777777777
777777777777777777
777777777777777777
555555555555555555
777777777777777777
777777777777777777
777777777777777777
666666666666666666
777777777777777777
777777777777777777
777777777777777777
444444444444444444
777777777777777777
444444444444444444
777777777777777777
777777777777777777
777777777777777777
777777777777777777
555555555555555555
777777777777777777
777777777777777777
777777777777777777
666666666666666666
777777777777777777
777777777777777777
777777777777777777
444444444444444444
777777777777777777
444444444444444444
777777777777777777
777777777777777777
444444444444444444
777777777777777777
555555555555555555
777777777777777777
777777777777777777
777777777777777777
666666666666666666
777777777777777777
777777777777777777
777777777777777777
444444444444444444
777777777777777777
444444444444444444
777777777777777777
777777777777777777
555555555555555555
777777777777777777
555555555555555555
777777777777777777
777777777777777777
777777777777777777
666666666666666666
777777777777777777
777777777777777777
777777777777777777
444444444444444444
777777777777777777
444444444444444444
777777777777777777
777777777777777777
666666666666666666
777777777777777777
555555555555555555
777777777777777777
777777777777777777
777777777777777777
666666666666666666
777777777777777777
777777777777777777
777777777777777777
444444444444444444
777777777777777777
444444444444444444
777777777777777777
777777777777777777
777777777777777777
777777777777777777
555555555555555555
777777777777777777
777777777777777777
444444444444444444
666666666666666666
777777777777777777
777777777777777777
777777777777777777
444444444444444444
777777777777777777
444444444444444444
777777777777777777
777777777777777777
777777777777777777
777777777777777777
555555555555555555
777777777777777777
444444444444444444
444444444444444444
666666666666666666
777777777777777777
777777777777777777
777777777777777777
444444444444444444
777777777777777777
444444444444444444
777777777777777777
777777777777777777
777777777777777777
444444444444444444
555555555555555555
777777777777777777
444444444444444444
444444444444444444
666666666666666666
777777777777777777
777777777777777777
777777777777777777
444444444444444444
777777777777777777
444444444444444444
777777777777777777
777777777777777777
777777777777777777
555555555555555555
555555555555555555
777777777777777777
444444444444444444
444444444444444444
666666666666666666
777777777777777777
777777777777777777
777777777777777777
444444444444444444
777777777777777777
444444444444444444
777777777777777777
777777777777777777
777777777777777777
666666666666666666
555555555555555555
777777777777777777
444444444444444444
444444444444444444
666666666666666666
444444444444444444
777777777777777777
777777777777777777
444444444444444444
777777777777777777
444444444444444444
777777777777777777
777777777777777777
777777777777777777
777777777777777777
555555555555555555
777777777777777777
444444444444444444
444444444444444444
666666666666666666
444444444444444444
777777777777777777
444444444444444444
444444444444444444
777777777777777777
444444444444444444
777777777777777777
777777777777777777
777777777777777777
777777777777777777
555555555555555555
777777777777777777
444444444444444444
444444444444444444
666666666666666666
444444444444444444
777777777777777777
555555555555555555
444444444444444444
777777777777777777
444444444444444444
777777777777777777
777777777777777777
777777777777777777
777777777777777777
555555555555555555
777777777777777777
444444444444444444
444444444444444444
666666666666666666
444444444444444444
777777777777777777
666666666666666666
444444444444444444
777777777777777777
444444444444444444
777777777777777777
777777777777777777
777777777777777777
777777777777777777
555555555555555555
777777777777777777
444444444444444444
444444444444444444
666666666666666666
444444444444444444
777777777777777777
666666666666666666
444444444444444444
777777777777777777
444444444444444444
444444444444444444
777777777777777777
777777777777777777
777777777777777777
555555555555555555
777777777777777777
444444444444444444
444444444444444444
666666666666666666
444444444444444444
777777777777777777
666666666666666666
444444444444444444
777777777777777777
444444444444444444
444444444444444444
777777777777777777
777777777777777777
777777777777777777
555555555555555555
444444444444444444
444444444444444444
444444444444444444
666666666666666666
444444444444444444
777777777777777777
666666666666666666
444444444444444444
777777777777777777
444444444444444444
444444444444444444
777777777777777777
777777777777777777
777777777777777777
555555555555555555
555555555555555555
444444444444444444
444444444444444444
666666666666666666
444444444444444444
777777777777777777
666666666666666666
444444444444444444
777777777777777777
444444444444444444
444444444444444444
777777777777777777
777777777777777777
777777777777777777
555555555555555555
666666666666666666
444444444444444444
444444444444444444
666666666666666666
444444444444444444
777777777777777777
666666666666666666
222222222222222222
777777777777777777
444444444444444444
444444444444444444
777777777777777777
777777777777777777
777777777777777777
555555555555555555
666666666666666666
444444444444444444
444444444444444444
666666666666666666
444444444444444444
777777777777777777
666666666666666666
333333333333333333
777777777777777777
444444444444444444
444444444444444444
777777777777777777
777777777777777777
777777777777777777
555555555555555555
666666666666666666
444444444444444444
444444444444444444
666666666666666666
444444444444444444
777777777777777777
666666666666666666
444444444444444444
777777777777777777
222222222222222222
444444444444444444
777777777777777777
777777777777777777
777777777777777777
555555555555555555
666666666666666666
444444444444444444
444444444444444444
666666666666666666
444444444444444444
777777777777777777
666666666666666666
444444444444444444
777777777777777777
333333333333333333
444444444444444444
777777777777777777
777777777777777777
777777777777777777
555555555555555555
666666666666666666
444444444444444444
444444444444444444
666666666666666666
444444444444444444
777777777777777777
666666666666666666
444444444444444444
444444444444444444
444444444444444444
444444444444444444
777777777777777777
777777777777777777
777777777777777777
555555555555555555
666666666666666666
444444444444444444
444444444444444444
666666666666666666
444444444444444444
777777777777777777
666666666666666666
444444444444444444
444444444444444444
444444444444444444
444444444444444444
777777777777777777
777777777777777777
777777777777777777
555555555555555555
666666666666666666
444444444444444444
222222222222222222
666666666666666666
444444444444444444
777777777777777777
666666666666666666
444444444444444444
444444444444444444
444444444444444444
444444444444444444
777777777777777777
777777777777777777
777777777777777777
555555555555555555
666666666666666666
444444444444444444
333333333333333333
666666666666666666
444444444444444444
444444444444444444
666666666666666666
444444444444444444
444444444444444444
444444444444444444
444444444444444444
777777777777777777
777777777777777777
777777777777777777
555555555555555555
666666666666666666
444444444444444444
333333333333333333
666666666666666666
444444444444444444
444444444444444444
666666666666666666
444444444444444444
444444444444444444
444444444444444444
222222222222222222
777777777777777777
777777777777777777
777777777777777777
555555555555555555
666666666666666666
444444444444444444
333333333333333333
666666666666666666
444444444444444444
444444444444444444
666666666666666666
444444444444444444
444444444444444444
444444444444444444
333333333333333333
777777777777777777
777777777777777777
777777777777777777
555555555555555555
666666666666666666
444444444444444444
333333333333333333
666666666666666666
222222222222222222
444444444444444444
666666666666666666
444444444444444444
444444444444444444
444444444444444444
444444444444444444
777777777777777777
777777777777777777
777777777777777777
555555555555555555
666666666666666666
444444444444444444
333333333333333333
666666666666666666
333333333333333333
444444444444444444
666666666666666666
444444444444444444
444444444444444444
444444444444444444
444444444444444444
777777777777777777
777777777777777777
777777777777777777
555555555555555555
666666666666666666
444444444444444444
333333333333333333
666666666666666666
444444444444444444
444444444444444444
666666666666666666
444444444444444444
444444444444444444
444444444444444444
444444444444444444
777777777777777777
777777777777777777
777777777777777777
555555555555555555
666666666666666666
222222222222222222
333333333333333333
666666666666666666
444444444444444444
444444444444444444
666666666666666666
444444444444444444
444444444444444444
444444444444444444
444444444444444444
777777777777777777
777777777777777777
777777777777777777
555555555555555555
666666666666666666
333333333333333333
333333333333333333
666666666666666666
444444444444444444
444444444444444444
666666666666666666
444444444444444444
222222222222222222
444444444444444444
444444444444444444
777777777777777777
777777777777777777
777777777777777777
555555555555555555
666666666666666666
333333333333333333
333333333333333333
666666666666666666
444444444444444444
444444444444444444
666666666666666666
444444444444444444
333333333333333333
444444444444444444
444444444444444444
777777777777777777
777777777777777777
777777777777777777
555555555555555555
666666666666666666
333333333333333333
333333333333333333
666666666666666666
444444444444444444
222222222222222222
666666666666666666
444444444444444444
444444444444444444
444444444444444444
444444444444444444
777777777777777777
777777777777777777
777777777777777777
555555555555555555
666666666666666666
333333333333333333
333333333333333333
666666666666666666
444444444444444444
333333333333333333
666666666666666666
444444444444444444
444444444444444444
444444444444444444
444444444444444444
777777777777777777
777777777777777777
777777777777777777
555555555555555555
666666666666666666
333333333333333333
333333333333333333
666666666666666666
444444444444444444
444444444444444444
666666666666666666
444444444444444444
444444444444444444
444444444444444444
444444444444444444
777777777777777777
777777777777777777
777777777777777777
555555555555555555
666666666666666666
333333333333333333
333333333333333333
666666666666666666
444444444444111111
444444444444111111
666666111111111111
444444444444111111
444444444444441111
444444444411111111
444444444444111111
777777777777771111
777777777777111111
777777777777111111
555555555511111111
666666111111111111
333333111111111111
333333333333333333
666666111111111111
444444444444111111
444444444444111111
666666111111111111
444444444444111111
444444444444441111
444444444411111111
444444444444111111
777777777777671111
777777777777111111
777777777777111111
555555555511111111
666666111111111111
333333111111111111
333333333333333333
666666111111111111
444444444444111111
444444444444111111
666666111111111111
444444444444111111
444444444444441111
444444444411111111
444444444444111111
777777777767671111
777777777777111111
777777777777111111
555555555511111111
666666111111111111
333333111111111111
333333333333333333
666666111111111111
444444444444111111
444444444444111111
666666111111111111
444444444444111111
444444444444441111
444444444411111111
444444444444111111
777777776777671111
777777777777111111
777777777777111111
555555555511111111
666666111111111111
333333111111111111
333333333333333333
666666111111111111
444444444444111111
444444444444111111
666666111111111111
444444444444111111
444444444444441111
444444444411111111
444444444444111111
777777677777671111
777777777777111111
777777777777111111
555555555511111111
666666111111111111
333333111111111111
333333333333333333
666666111111111111
444444444444111111
444444444444111111
666666111111111111
444444444444111111
444444444444441111
444444444411111111
444444444444111111
777767777777671111
777777777777111111
777777777777111111
555555555511111111
666666111111111111
333333111111111111
333333333333333333
666666111111111111
444444444444111111
444444444444111111
666666111111111111
444444444444111111
444444444444441111
444444444411111111
444444444444111111
776777777777671111
777777777777111111
777777777777111111
555555555511111111
666666111111111111
333333111111111111
333333333333333333
666666111111111111
444444444444111111
444444444444111111
666666111111111111
444444444444111111
444444444444441111
444444444411111111
444444444444111111
677777777777671111
777777777777111111
777777777777111111
555555555511111111
666666111111111111
333333111111111111
333333333333333333
666666111111111111
444444444444111111
444444444444111111
666666111111111111
444444444444111111
444444444444441111
444444444411111111
444444444444111111
777777777777671111
777777777777111111
777777777777111111
555555554511111111
666666111111111111
333333111111111111
333333333333333333
666666111111111111
444444444444111111
444444444444111111
666666111111111111
444444444444111111
444444444444441111
444444444411111111
444444444444111111
777777777777671111
777777777777111111
777777777777111111
555555454511111111
666666111111111111
333333111111111111
333333333333333333
666666111111111111
444444444444111111
444444444444111111
666666111111111111
444444444444111111
444444444444441111
444444444411111111
444444444444111111
777777777777671111
777777777777111111
777777777777111111
555545454511111111
666666111111111111
333333111111111111
333333333333333333
666666111111111111
444444444444111111
444444444444111111
666666111111111111
444444444444111111
444444444444441111
444444444411111111
444444444444111111
777777777777671111
777777777777111111
777777777777111111
554545454511111111
666666111111111111
333333111111111111
333333333333333333
666666111111111111
444444444444111111
444444444444111111
666666111111111111
444444444444111111
444444444444441111
444444444411111111
444444444444111111
777777777777671111
777777777777111111
777777777777111111
455545454511111111
666666111111111111
333333111111111111
333333333333333333
666666111111111111
444444444444111111
444444444444111111
666666111111111111
444444444444111111
444444444444441111
444444444411111111
444444444444111111
777777777777671111
777777777767111111
777777777777111111
555545454511111111
666666111111111111
333333111111111111
333333333333333333
666666111111111111
444444444444111111
444444444444111111
666666111111111111
444444444444111111
444444444444441111
444444444411111111
444444444444111111
777777777777671111
777777776777111111
777777777777111111
555545454511111111
666666111111111111
333333111111111111
333333333333333333
666666111111111111
444444444444111111
444444444444111111
666666111111111111
444444444444111111
444444444444441111
444444444411111111
444444444444111111
777777777777671111
777777677777111111
777777777777111111
555545454511111111
666666111111111111
333333111111111111
333333333333333333
666666111111111111
444444444444111111
444444444444111111
666666111111111111
444444444444111111
444444444444441111
444444444411111111
444444444444111111
777777777777671111
777767777777111111
777777777777111111
555545454511111111
666666111111111111
333333111111111111
333333333333333333
666666111111111111
444444444444111111
444444444444111111
666666111111111111
444444444444111111
444444444444441111
444444444411111111
444444444444111111
777777777777671111
776777777777111111
777777777777111111
555545454511111111
666666111111111111
333333111111111111
333333333333333333
666666111111111111
444444444444111111
444444444444111111
666666111111111111
444444444444111111
444444444444441111
444444444411111111
444444444444111111
777777777777671111
677777777777111111
777777777777111111
555545454511111111
666666111111111111
333333111111111111
333333333333333333
666666111111111111
444444444444111111
444444444444111111
666666111111111111
444444444444111111
444444444444441111
444444444411111111
444444444444111111
777777777777661111
777777777777111111
777777777777111111
555545454511111111
666666111111111111
333333111111111111
333333333333333333
666666111111111111
444444444444111111
444444444444111111
666666111111111111
444444444444111111
444444444444441111
444444444411111111
444444444444111111
777777777776661111
777777777777111111
777777777777111111
555545454511111111
666666111111111111
333333111111111111
333333333333333333
666666111111111111
444444444444111111
444444444444111111
666666111111111111
444444444444111111
444444444444441111
444444444411111111
444444444444111111
777777777677661111
777777777777111111
777777777777111111
555545454511111111
666666111111111111
333333111111111111
333333333333333333
666666111111111111
444444444444111111
444444444444111111
666666111111111111
444444444444111111
444444444444441111
444444444411111111
444444444444111111
777777767777661111
777777777777111111
777777777777111111
555545454511111111
666666111111111111
333333111111111111
333333333333333333
666666111111111111
444444444444111111
444444444444111111
666666111111111111
444444444444111111
444444444444441111
444444444411111111
444444444444111111
777776777777661111
777777777777111111
777777777777111111
555545454511111111
666666111111111111
333333111111111111
333333333333333333
666666111111111111
444444444444111111
444444444444111111
666666111111111111
444444444444111111
444444444444441111
444444444411111111
444444444444111111
777677777777661111
777777777777111111
777777777777111111
555545454511111111
666666111111111111
333333111111111111
333333333333333333
666666111111111111
444444444444111111
444444444444111111
666666111111111111
444444444444111111
444444444444441111
444444444411111111
444444444444111111
767777777777661111
777777777777111111
777777777777111111
555545454511111111
666666111111111111
333333111111111111
333333333333333333
666666111111111111
444444444444111111
444444444444111111
666666111111111111
444444444444111111
444444444444441111
444444444411111111
444444444444111111
777777777777561111
777777777777111111
777777777777111111
555545454511111111
666666111111111111
333333111111111111
333333333333333333
666666111111111111
444444444444111111
444444444444111111
666666111111111111
444444444444111111
444444444444441111
444444444411111111
444444444444111111
777777777777661111
777777777777111111
777777777777111111
555545454511111111
666666111111111111
333333111111111111
333333333333333333
666656111111111111
444444444444111111
444444444444111111
666666111111111111
444444444444111111
444444444444441111
444444444411111111
444444444444111111
777777777777661111
777777777777111111
777777777777111111
555545454511111111
666666111111111111
333333111111111111
333333333333333333
665656111111111111
444444444444111111
444444444444111111
666666111111111111
444444444444111111
444444444444441111
444444444411111111
444444444444111111
777777777777661111
777777777777111111
777777777777111111
555545454511111111
666666111111111111
333333111111111111
333333333333333333
566656111111111111
444444444444111111
444444444444111111
666666111111111111
444444444444111111
444444444444441111
444444444411111111
444444444444111111
777777777777661111
777777777777111111
777777777777111111
555545454411111111
666666111111111111
333333111111111111
333333333333333333
666656111111111111
444444444444111111
444444444444111111
666666111111111111
444444444444111111
444444444444441111
444444444411111111
444444444444111111
777777777777661111
777777777777111111
777777777777111111
555545444411111111
666666111111111111
333333111111111111
333333333333333333
666656111111111111
444444444444111111
444444444444111111
666666111111111111
444444444444111111
444444444444441111
444444444411111111
444444444444111111
777777777777661111
777777777777111111
777777777777111111
555544444411111111
666666111111111111
333333111111111111
333333333333333333
666656111111111111
444444444444111111
444444444444111111
666666111111111111
444444444444111111
444444444444441111
444444444411111111
444444444444111111
777777777777661111
777777777777111111
777777777777111111
555445444411111111
666666111111111111
333333111111111111
333333333333333333
666656111111111111
444444444444111111
444444444444111111
666666111111111111
444444444444111111
444444444444441111
444444444411111111
444444444444111111
777777777777661111
777777777777111111
777777777777111111
545545444411111111
666666111111111111
333333111111111111
333333333333333333
666656111111111111
444444444444111111
444444444444111111
666666111111111111
444444444444111111
444444444444441111
444444444411111111
444444444444111111
777777777777661111
777777777777111111
777777777777111111
555545443411111111
666666111111111111
333333111111111111
333333333333333333
666656111111111111
444444444444111111
444444444444111111
666666111111111111
444444444444111111
444444444444441111
444444444411111111
444444444444111111
777777777777661111
777777777777111111
777777777777111111
555545344411111111
666666111111111111
333333111111111111
333333333333333333
666656111111111111
444444444444111111
444444444444111111
666666111111111111
444444444444111111
444444444444441111
444444444411111111
444444444444111111
777777777777661111
777777777777111111
777777777777111111
555535444411111111
666666111111111111
333333111111111111
333333333333333333
666656111111111111
444444444444111111
444444444444111111
666666111111111111
444444444444111111
444444444444441111
444444444411111111
444444444444111111
777777777777661111
777777777776111111
777777777777111111
555545444411111111
666666111111111111
333333111111111111
333333333333333333
666656111111111111
444444444444111111
444444444444111111
666666111111111111
444444444444111111
444444444444441111
444444444411111111
444444444444111111
777777777777661111
777777777676111111
777777777777111111
555545444411111111
666666111111111111
333333111111111111
333333333333333333
666656111111111111
444444444444111111
444444444444111111
666666111111111111
444444444444111111
444444444444441111
444444444411111111
444444444444111111
777777777777661111
777777767776111111
777777777777111111
555545444411111111
666666111111111111
333333111111111111
333333333333333333
666656111111111111
444444444444111111
444444444444111111
666666111111111111
444444444444111111
444444444444441111
444444444411111111
444444444444111111
777777777777661111
777776777776111111
777777777777111111
555545444411111111
666666111111111111
333333111111111111
333333333333333333
666656111111111111
444444444444111111
444444444444111111
666666111111111111
444444444444111111
444444444444441111
444444444411111111
444444444444111111
777777777777661111
777677777776111111
777777777777111111
555545444411111111
666666111111111111
333333111111111111
333333333333333333
666656111111111111
444444444444111111
444444444444111111
666666111111111111
444444444444111111
444444444444441111
444444444411111111
444444444444111111
777777777777661111
767777777776111111
777777777777111111
555545444411111111
666666111111111111
333333111111111111
333333333333333333
666656111111111111
444444444444111111
444444444444111111
666666111111111111
444444444444111111
444444444444441111
444444444411111111
444444444444111111
777777777777651111
777777777776111111
777777777777111111
555545444411111111
666666111111111111
333333111111111111
333333333333333333
666656111111111111
444444444444111111
444444444444111111
666666111111111111
444444444444111111
444444444444441111
444444444411111111
444444444444111111
777777777777651111
777777777776111111
777777777777111111
555545444411111111
666666111111111111
333333111111111111
333333333333333333
666646111111111111
444444444444111111
444444444444111111
666666111111111111
444444444444111111
444444444444441111
444444444411111111
444444444444111111
777777777777651111
777777777776111111
777777777777111111
555545444411111111
666666111111111111
333333111111111111
333333333333333333
666645111111111111
444444444444111111
444444444444111111
666666111111111111
444444444444111111
444444444444441111
444444444411111111
444444444444111111
777777777777651111
777777777776111111
777777777777111111
555545444411111111
666666111111111111
333333111111111111
333333333333333333
666545111111111111
444444444444111111
444444444444111111
666666111111111111
444444444444111111
444444444444441111
444444444411111111
444444444444111111
777777777777651111
777777777776111111
777777777777111111
555545444411111111
666666111111111111
333333111111111111
333333333333333333
656545111111111111
444444444444111111
444444444444111111
666666111111111111
444444444444111111
444444444444441111
444444444411111111
444444444444111111
777777777777651111
777777777776111111
777777777767111111
555545444411111111
666666111111111111
333333111111111111
333333333333333333
666545111111111111
444444444444111111
444444444444111111
666666111111111111
444444444444111111
444444444444441111
444444444411111111
444444444444111111
777777777777651111
777777777776111111
777777776767111111
555545444411111111
666666111111111111
333333111111111111
333333333333333333
666545111111111111
444444444444111111
444444444444111111
666666111111111111
444444444444111111
444444444444441111
444444444411111111
444444444444111111
777777777777651111
777777777776111111
777777677767111111
555545444411111111
666666111111111111
333333111111111111
333333333333333333
666545111111111111
444444444444111111
444444444444111111
666666111111111111
444444444444111111
444444444444441111
444444444411111111
444444444444111111
777777777777651111
777777777776111111
777767777767111111
555545444411111111
666666111111111111
333333111111111111
333333333333333333
666545111111111111
