2825300421
10 10 100
66666666666666666666
66666666666666666666
66666666666666666666
66666666666666666666
66666666666666666666
66666666666666666666
66666666666666666666
66666666666666666666
66666666666666666666
66666666666666666666
77777777777777777777
77777777777777777777
77777777777777777777
77777777777777777777
77777777777777777777
77777777777777777777
77777777777777777777
77777777777777777777
77777777777777777777
77777777777777777777
77777777777777777777
44444444444444444444
77777777777777777777
77777777777777777777
77777777777777777777
77777777777777777777
77777777777777777777
77777777777777777777
77777777777777777777
77777777777777777777
77777777777777777777
55555555555555555555
77777777777777777777
77777777777777777777
77777777777777777777
77777777777777777777
77777777777777777777
77777777777777777777
77777777777777777777
77777777777777777777
77777777777777777777
66666666666666666666
77777777777777777777
77777777777777777777
77777777777777777777
77777777777777777777
77777777777777777777
77777777777777777777
77777777777777777777
77777777777777777777
77777777777777777777
66666666666666666666
77777777777777777777
77777777777777777777
44444444444444444444
77777777777777777777
77777777777777777777
77777777777777777777
77777777777777777777
77777777777777777777
77777777777777777777
66666666666666666666
77777777777777777777
77777777777777777777
55555555555555555555
77777777777777777777
77777777777777777777
77777777777777777777
77777777777777777777
77777777777777777777
77777777777777777777
66666666666666666666
77777777777777777777
77777777777777777777
66666666666666666666
77777777777777777777
77777777777777777777
77777777777777777777
77777777777777777777
77777777777777777777
77777777777777777777
66666666666666666666
77777777777777777777
77777777777777777777
77777777777777777777
77777777777777777777
77777777777777777777
77777777777777777777
77777777777777777777
44444444444444444444
77777777777777777777
66666666666666666666
77777777777777777777
77777777777777777777
77777777777777777777
77777777777777777777
77777777777777777777
77777777777777777777
77777777777777777777
55555555555555555555
44444444444444444444
66666666666666666666
77777777777777777777
77777777777777777777
77777777777777777777
77777777777777777777
77777777777777777777
77777777777777777777
77777777777777777777
55555555555555555555
55555555555555555555
66666666666666666666
77777777777777777777
77777777777777777777
77777777777777777777
77777777777777777777
77777777777777777777
77777777777777777777
77777777777777777777
55555555555555555555
66666666666666666666
66666666666666666666
77777777777777777777
77777777777777777777
77777777777777777777
77777777777777777777
77777777777777777777
77777777777777777777
77777777777777777777
55555555555555555555
66666666666666666666
66666666666666666666
44444444444444444444
77777777777777777777
77777777777777777777
77777777777777777777
77777777777777777777
77777777777777777777
77777777777777777777
55555555555555555555
66666666666666666666
66666666666666666666
55555555555555555555
77777777777777777777
77777777777777777777
77777777777777777777
77777777777777777777
77777777777777777777
77777777777777777777
55555555555555555555
66666666666666666666
66666666666666666666
66666666666666666666
77777777777777777777
77777777777777777777
77777777777777777777
77777777777777777777
77777777777777777777
77777777777777777777
55555555555555555555
66666666666666666666
66666666666666666666
77777777777777777777
77777777777777777777
77777777777777777777
44444444444444444444
77777777777777777777
77777777777777777777
77777777777777777777
55555555555555555555
66666666666666666666
66666666666666666666
77777777777777777777
77777777777777777777
77777777777777777777
55555555555555555555
77777777777777777777
77777777777777777777
77777777777777777777
55555555555555555555
66666666666666666666
66666666666666666666
77777777777777777777
77777777777777777777
77777777777777777777
66666666666666666666
77777777777777777777
77777777777777777777
77777777777777777777
55555555555555555555
66666666666666666666
66666666666666666666
77777777777777777777
77777777777777777777
77777777777777777777
77777777777777777777
44444444444444444444
77777777777777777777
77777777777777777777
55555555555555555555
66666666666666666666
66666666666666666666
77777777777777777777
44444444444444444444
77777777777777777777
77777777777777777777
44444444444444444444
77777777777777777777
77777777777777777777
55555555555555555555
66666666666666666666
66666666666666666666
77777777777777777777
55555555555555555555
77777777777777777777
77777777777777777777
44444444444444444444
77777777777777777777
77777777777777777777
55555555555555555555
66666666666666666666
66666666666666666666
77777777777777777777
66666666666666666666
77777777777777777777
77777777777777777777
44444444444444444444
77777777777777777777
77777777777777777777
55555555555555555555
66666666666666666666
66666666666666666666
77777777777777777777
77777777777777777777
77777777777777777777
77777777777777777777
44444444444444444444
77777777777777777777
44444444444444444444
55555555555555555555
66666666666666666666
66666666666666666666
77777777777777777777
77777777777777777777
77777777777777777777
77777777777777777777
22222222222222222222
77777777777777777777
44444444444444444444
55555555555555555555
66666666666666666666
66666666666666666666
77777777777777777777
77777777777777777777
77777777777777777777
77777777777777777777
33333333333333333333
77777777777777777777
44444444444444444444
55555555555555555555
66666666666666666666
66666666666666666666
77777777777777777777
77777777777777777777
77777777777777777777
77777777777777777777
44444444444444444444
44444444444444444444
44444444444444444444
55555555555555555555
66666666666666666666
66666666666666666666
77777777777777777777
77777777777777777777
77777777777777777777
77777777777777777777
44444444444444444444
44444444444444444444
22222222222222222222
55555555555555555555
66666666666666666666
66666666666666666666
77777777777777777777
77777777777777777777
77777777777777777777
77777777777777777777
44444444444444444444
44444444444444444444
33333333333333333333
55555555555555555555
66666666666666666666
66666666666666666666
77777777777777777777
77777777777777777777
77777777777777777777
77777777777777777777
44444444444444444444
22222222222222222222
44444444444444444444
55555555555555555555
66666666666666666666
66666666666666666666
77777777777777777777
77777777777777777777
77777777777777777777
77777777777777777777
44444444444444444444
33333333333333333333
44444444444444444444
55555555555555555555
66666666666666666666
66666666666666666666
77777777777777777777
77777777777777777777
77777777777777777777
77777777777777777777
44444444444444444444
44444444444444444444
44444444444444444444
55555555555555555555
66666666666666111111
66666666666666661111
77777777777777771111
77777777777777771111
77777777777777771111
77777777777777771111
44444444444444444411
44444444444444441111
44444444444444444411
55555555555555555511
66666666666666111111
66666666666666661111
77777777777777771111
77777777777777771111
77777777777777671111
77777777777777771111
44444444444444444411
44444444444444441111
44444444444444444411
55555555555555555511
66666666666666111111
66666666666666661111
77777777777777771111
77777777777777771111
67777777777777771111
77777777777777771111
44444444444444444411
44444444444444441111
44444444444444444411
55555555555555555511
66666666666666111111
66666666666666561111
77777777777777771111
77777777777777771111
77777777777777771111
77777777777777771111
44444444444444444411
44444444444444441111
44444444444444444411
55555555555555555511
66666666666666111111
56666666666666661111
77777777777777771111
77777777777777771111
77777777777777771111
77777777777777771111
44444444444444444411
44444444444444441111
44444444444444444411
55555555555555555511
66666666666666111111
66666666666666661111
77777777777777771111
77777777777777771111
77777777777777761111
77777777777777771111
44444444444444444411
44444444444444441111
44444444444444444411
55555555555555555511
66666666666666111111
66666666666666661111
77777777777777771111
77777777777777771111
77777777777776761111
77777777777777771111
44444444444444444411
44444444444444441111
44444444444444444411
55555555555555555511
66666666666666111111
66666666666666661111
77777777777777771111
77777777777777771111
77777777777777761111
77777777777777671111
44444444444444444411
44444444444444441111
44444444444444444411
55555555555555555511
66666666666666111111
66666666666666661111
77777777777777771111
77777777777777771111
77777777777777761111
67777777777777771111
44444444444444444411
44444444444444441111
44444444444444444411
55555555555555555511
66666666666666111111
66666666666666661111
77777777777777671111
77777777777777771111
77777777777777761111
77777777777777771111
44444444444444444411
44444444444444441111
44444444444444444411
55555555555555555511
66666666666666111111
66666666666666661111
77777777777767671111
77777777777777771111
77777777777777761111
77777777777777771111
44444444444444444411
44444444444444441111
44444444444444444411
55555555555555555511
66666666666666111111
66666666666666661111
77777777776767671111
77777777777777771111
77777777777777761111
77777777777777771111
44444444444444444411
44444444444444441111
44444444444444444411
55555555555555555511
66666666666666111111
66666666666666661111
77777777676767671111
77777777777777771111
77777777777777761111
77777777777777771111
44444444444444444411
44444444444444441111
44444444444444444411
55555555555555555511
66666666666666111111
66666666666666661111
77777767676767671111
77777777777777771111
77777777777777761111
77777777777777771111
44444444444444444411
44444444444444441111
44444444444444444411
55555555555555555511
66666666666666111111
66666666666666651111
77777777676767671111
77777777777777771111
77777777777777761111
77777777777777771111
44444444444444444411
44444444444444441111
44444444444444444411
55555555555555555511
66666666666666111111
66666666666665651111
77777777676767671111
77777777777777771111
77777777777777761111
77777777777777771111
44444444444444444411
44444444444444441111
44444444444444444411
55555555555555555511
66666666666656111111
66666666666666651111
77777777676767671111
77777777777777771111
77777777777777761111
77777777777777771111
44444444444444444411
44444444444444441111
44444444444444444411
55555555555555555511
56666666666666111111
66666666666666651111
77777777676767671111
77777777777777771111
77777777777777761111
77777777777777771111
44444444444444444411
44444444444444441111
44444444444444444411
55555555555555555511
66666666666666111111
66666666666666651111
77777777676767671111
77777777777777771111
77777777777777751111
77777777777777771111
44444444444444444411
44444444444444441111
44444444444444444411
55555555555555555511
66666666666666111111
66666666666666651111
77777777676767671111
77777777777777671111
77777777777777751111
77777777777777771111
44444444444444444411
44444444444444441111
44444444444444444411
55555555555555555511
66666666666666111111
66666666666666651111
77777777676767671111
67777777777777771111
77777777777777751111
77777777777777771111
44444444444444444411
44444444444444441111
44444444444444444411
55555555555555555511
66666666666666111111
66666666666666651111
77777777676767671111
77777777777777771111
77777777777777751111
77777777777777761111
44444444444444444411
44444444444444441111
44444444444444444411
55555555555555555511
66666666666666111111
66666666666666651111
77777777676767671111
77777777777777771111
77777777777777751111
77777777777776761111
44444444444444444411
44444444444444441111
44444444444444444411
55555555555555555511
66666666666666111111
66666666666666651111
77777777676767671111
77777777777777771111
77777777777777751111
77777777777777761111
44444444444444444411
44444444444444441111
44444444444444444411
55555555555555554511
66666666666666111111
66666666666666651111
77777777676767671111
77777777777777771111
77777777777777751111
77777777777777761111
44444444444444444411
44444444444444441111
44444444444444444411
55555555555555454511
66666666666666111111
66666666666666651111
77777777676767671111
77777777777777771111
77777777777777751111
77777777777777761111
44444444444444444411
44444444444444441111
44444444444444444411
55555555555545454511
66666666666666111111
66666666666666651111
77777777676767671111
77777777777777771111
77777777777777751111
77777777777777761111
44444444444444444411
44444444444444441111
44444444444444444411
55555555554545454511
66666666666666111111
66666666666666651111
77777777676767671111
77777777777777771111
77777777777777751111
77777777777777761111
44444444444444444411
44444444444444441111
44444444444444444411
55555555454545454511
66666666666666111111
66666666666666651111
77777777676767671111
77777777777777771111
77777777777777751111
77777777777777761111
44444444444444444411
44444444444444441111
44444444444444444411
55555545454545454511
66666666666665111111
66666666666666651111
77777777676767671111
77777777777777771111
77777777777777751111
77777777777777761111
44444444444444444411
44444444444444441111
44444444444444444411
55555555454545454511
66666666666565111111
66666666666666651111
77777777676767671111
77777777777777771111
77777777777777751111
77777777777777761111
44444444444444444411
44444444444444441111
44444444444444444411
55555555454545454511
66666666666665111111
66666666666666641111
77777777676767671111
77777777777777771111
77777777777777751111
77777777777777761111
44444444444444444411
44444444444444441111
44444444444444444411
55555555454545454511
66666666666665111111
66666666666666641111
77777777676767671111
77777777777777761111
77777777777777751111
77777777777777761111
44444444444444444411
44444444444444441111
44444444444444444411
55555555454545454511
66666666666665111111
66666666666666641111
77777777676767671111
77777777777776761111
77777777777777751111
77777777777777761111
44444444444444444411
44444444444444441111
44444444444444444411
55555555454545454511
66666666666665111111
66666666666666641111
77777777676767671111
77777777777676761111
77777777777777751111
77777777777777761111
44444444444444444411
44444444444444441111
44444444444444444411
55555555454545454511
66666666666665111111
66666666666666641111
77777777676767671111
77777777767676761111
77777777777777751111
77777777777777761111
44444444444444444411
44444444444444441111
44444444444444444411
55555555454545454511
66666666666665111111
66666666666666641111
77777777676767671111
77777777777676761111
77777777777777751111
77777777777777751111
44444444444444444411
44444444444444441111
44444444444444444411
55555555454545454511
66666666666665111111
66666666666666641111
77777777676767671111
77777777777676761111
77777777777777741111
77777777777777751111
44444444444444444411
44444444444444441111
44444444444444444411
55555555454545454511
66666666666664111111
66666666666666641111
77777777676767671111
77777777777676761111
77777777777777741111
77777777777777751111
44444444444444444411
44444444444444441111
44444444444444444411
55555555454545454511
66666666666664111111
66666666666666631111
77777777676767671111
77777777777676761111
77777777777777741111
77777777777777751111
44444444444444444411
44444444444444441111
44444444444444444411
55555555454545454511
66666666666664111111
66666666666666641111
77777777676767671111
77777777777676761111
77777777777777741111
77777777777777751111
44444444444444443411
44444444444444441111
44444444444444444411
55555555454545454511
66666666666664111111
66666666666666641111
77777777676767671111
77777777777676761111
77777777777777741111
77777777777777751111
44444444444444343411
44444444444444441111
44444444444444444411
55555555454545454511
66666666666664111111
66666666666666641111
77777777676767671111
77777777777676761111
77777777777777741111
77777777777777751111
44444444444434343411
44444444444444441111
44444444444444444411
55555555454545454511
66666666666664111111
66666666666666641111
77777777676767671111
77777777777676761111
77777777777777741111
77777777777777751111
44444444443434343411
44444444444444441111
44444444444444444411
55555555454545454511
66666666666664111111
66666666666666641111
77777777676767671111
77777777777676761111
77777777777777741111
77777777777777741111
44444444444434343411
44444444444444441111
44444444444444444411
55555555454545454511
66666666666663111111
66666666666666641111
77777777676767671111
77777777777676761111
77777777777777741111
77777777777777741111
44444444444434343411
44444444444444441111
44444444444444444411
55555555454545454511
66666666666663111111
66666666666666641111
77777777676767671111
77777777777676761111
77777777777777731111
77777777777777741111
44444444444434343411
44444444444444441111
44444444444444444411
55555555454545454511
66666666666663111111
66666666666666641111
77777777676767671111
77777777777676761111
77777777777777741111
77777777777777741111
44444444444434343411
44444444444444441111
44444444444444443411
55555555454545454511
66666666666663111111
66666666666666641111
77777777676767671111
77777777777676761111
77777777777777741111
77777777777777741111
44444444444434343411
44444444444444441111
44444444444444343411
55555555454545454511
66666666666663111111
66666666666666641111
77777777676767671111
77777777777676761111
77777777777777741111
77777777777777731111
44444444444434343411
44444444444444441111
44444444444444443411
55555555454545454511
66666666666662111111
66666666666666641111
77777777676767671111
77777777777676761111
77777777777777741111
77777777777777741111
44444444444434343411
44444444444444441111
44444444444444443411
55555555454545454511
66666666666662111111
66666666666666641111
77777777676767671111
77777777777676761111
77777777777777741111
77777777777777741111
44444444444434343411
44444444444444441111
44444444444444442411
55555555454545454511
66666666666662111111
66666666666666641111
77777777676767671111
77777777777676761111
77777777777777741111
77777777777777741111
44444444444434343411
34444444444444441111
44444444444444442411
55555555454545454511
66666666666662111111
66666666666666641111
77777777676767671111
77777777777676761111
77777777777777741111
77777777777777741111
44444444444434343411
44444444444444341111
44444444444444442411
55555555454545454511
66666666666662111111
66666666666666641111
77777777676767671111
77777777777676761111
77777777777777741111
77777777777777741111
44444444444434343411
44444444444434341111
44444444444444442411
55555555454545454511
66666666666662111111
66666666666666641111
77777777676767671111
77777777777676761111
77777777777777741111
77777777777777741111
44444444444434343411
44444444443434341111
44444444444444442411
55555555454545454511
66666666666662111111
66666666666666641111
77777777676767671111
77777777777676761111
77777777777777741111
77777777777777741111
44444444444434343411
44444444343434341111
44444444444444442411
55555555454545454511
66666666666662111111
66666666666666641111
77777777676767671111
77777777777676761111
77777777777777741111
77777777777777741111
44444444444434343411
44444434343434341111
44444444444444442411
55555555454545454511
66666666666662111111
66666666666666641111
77777777676767671111
77777777777676761111
77777777777777741111
77777777777777741111
44444444444434343411
44443434343434341111
44444444444444442411
55555555454545454511
66666666666661111111
66666666666666641111
77777777676767671111
77777777777676761111
77777777777777741111
77777777777777741111
44444444444434343411
44444434343434341111
44444444444444442411
55555555454545454511
65666666666661111111
66666666666666641111
77777777676767671111
77777777777676761111
77777777777777741111
77777777777777741111
44444444444434343411
44444434343434341111
44444444444444442411
55555555454545454511
66666666666661111111
66666666666666641111
77777777676767671111
77777777777676761111
77777777777777741111
77777777777777741111
44444444444434343411
44444434343434341111
44444444444444441411
55555555454545454511
66666666666661111111
66666666666666641111
77777777676767671111
77777777777676761111
77777777777777741111
77777777777777741111
44444444444434343411
44444434343434341111
34444444444444441411
55555555454545454511
66666666666661111111
66666666666666641111
77777777676767671111
77777777777676761111
77777777777777741111
77777777777777741111
44444444444434343411
44444434343434341111
44444444444444441311
55555555454545454511
66666666666661111111
66666666666666641111
77777777676767671111
77777777777676761111
77777777777777741111
77777777777777741111
44444444444434343411
44444434343434341111
43444444444444441411
55555555454545454511
66666666666661111111
66666666666666641111
77777777676767671111
77777777777676761111
77777777777777741111
77777777777777741111
44444444444434343411
44444434343434341111
44444444444444441411
55555555454545454511
66666666666661111111
66666666666666641111
77777767676767671111
77777777777676761111
77777777777777741111
77777777777777741111
44444444444434343411
44444434343434341111
44444444444444441411
55555555454545454511
66666666666661111111
66666666666666641111
77777767676767671111
77777777777676761111
77777777777777741111
77777777777777741111
44444444444434343411
44444434343434341111
44444444444444441411
55555555454545454511
