3227077812
14 9 100
666666666666666666
666666666666666666
666666666666666666
666666666666666666
666666666666666666
666666666666666666
666666666666666666
666666666666666666
666666666666666666
666666666666666666
666666666666666666
666666666666666666
666666666666666666
666666666666666666
777777777777777777
777777777777777777
777777777777777777
777777777777777777
777777777777777777
777777777777777777
777777777777777777
777777777777777777
777777777777777777
777777777777777777
777777777777777777
777777777777777777
777777777777777777
777777777777777777
888888888888888888
888888888888888888
888888888888888888
888888888888888888
888888888888888888
888888888888888888
888888888888888888
888888888888888888
888888888888888888
888888888888888888
888888888888888888
888888888888888888
888888888888888888
888888888888888888
999999999999999999
999999999999999999
999999999999999999
999999999999999999
999999999999999999
999999999999999999
999999999999999999
999999999999999999
999999999999999999
999999999999999999
999999999999999999
999999999999999999
555555555555555555
999999999999999999
999999999999999999
999999999999999999
999999999999999999
999999999999999999
999999999999999999
999999999999999999
999999999999999999
999999999999999999
999999999999999999
999999999999999999
999999999999999999
999999999999999999
555555555555555555
555555555555555555
999999999999999999
999999999999999999
999999999999999999
999999999999999999
999999999999999999
999999999999999999
999999999999999999
999999999999999999
999999999999999999
999999999999999999
999999999999999999
999999999999999999
555555555555555555
777777777777777777
999999999999999999
999999999999999999
999999999999999999
999999999999999999
999999999999999999
555555555555555555
999999999999999999
999999999999999999
999999999999999999
999999999999999999
999999999999999999
999999999999999999
555555555555555555
777777777777777777
999999999999999999
999999999999999999
999999999999999999
999999999999999999
999999999999999999
555555555555555555
999999999999999999
999999999999999999
999999999999999999
999999999999999999
999999999999999999
999999999999999999
555555555555555555
666666666666666666
555555555555555555
999999999999999999
999999999999999999
999999999999999999
999999999999999999
555555555555555555
999999999999999999
999999999999999999
999999999999999999
999999999999999999
999999999999999999
999999999999999999
555555555555555555
666666666666666666
555555555555555555
999999999999999999
999999999999999999
555555555555555555
999999999999999999
555555555555555555
999999999999999999
999999999999999999
999999999999999999
999999999999999999
999999999999999999
999999999999999999
555555555555555555
666666666666666666
555555555555555555
999999999999999999
999999999999999999
777777777777777777
999999999999999999
555555555555555555
999999999999999999
999999999999999999
999999999999999999
999999999999999999
999999999999999999
999999999999999999
555555555555555555
666666666666666666
555555555555555555
999999999999999999
999999999999999999
888888888888888888
999999999999999999
555555555555555555
999999999999999999
999999999999999999
999999999999999999
999999999999999999
999999999999999999
999999999999999999
555555555555555555
666666666666666666
555555555555555555
999999999999999999
555555555555555555
999999999999999999
999999999999999999
555555555555555555
999999999999999999
999999999999999999
999999999999999999
999999999999999999
999999999999999999
999999999999999999
555555555555555555
666666666666666666
555555555555555555
555555555555555555
555555555555555555
999999999999999999
999999999999999999
555555555555555555
999999999999999999
999999999999999999
999999999999999999
999999999999999999
999999999999999999
999999999999999999
555555555555555555
666666666666666666
555555555555555555
555555555555555555
555555555555555555
999999999999999999
999999999999999999
555555555555555555
999999999999999999
555555555555555555
999999999999999999
999999999999999999
999999999999999999
999999999999999999
555555555555555555
666666666666666666
555555555555555555
555555555555555555
555555555555555555
999999999999999999
999999999999999999
555555555555555555
999999999999999999
555555555555555555
999999999999999999
999999999999999999
555555555555555555
999999999999999999
555555555555555555
666666666666666666
555555555555555555
555555555555555555
555555555555555555
999999999999999999
999999999999999999
555555555555555555
999999999999999999
555555555555555555
999999999999999999
999999999999999999
777777777777777777
999999999999999999
555555555555555555
666666666666666666
555555555555555555
555555555555555555
555555555555555555
999999999999999999
999999999999999999
555555555555555555
555555555555555555
555555555555555555
999999999999999999
999999999999999999
777777777777777777
999999999999999999
555555555555555555
666666666666666666
555555555555555555
555555555555555555
555555555555555555
999999999999999999
999999999999999999
555555555555555555
555555555555555555
555555555555555555
555555555555555555
999999999999999999
777777777777777777
999999999999999999
555555555555555555
666666666666666666
555555555555555555
555555555555555555
555555555555555555
999999999999999999
999999999999999999
555555555555555555
555555555555555555
555555555555555555
555555555555555555
999999999999999999
777777777777777777
999999999999999999
333333333333333333
666666666666666666
555555555555555555
555555555555555555
555555555555555555
999999999999999999
999999999999999999
555555555555555555
555555555555555555
555555555555555555
555555555555555555
999999999999999999
777777777777777777
999999999999999999
444444444444444444
666666666666666666
555555555555555555
555555555555555555
555555555555555555
999999999999999999
999999999999999999
555555555555555555
555555555555555555
555555555555555555
555555555555555555
999999999999999999
777777777777777777
555555555555555555
555555555555555555
666666666666666666
555555555555555555
555555555555555555
555555555555555555
999999999999999999
999999999999999999
555555555555555555
555555555555555555
555555555555555555
555555555555555555
999999999999999999
666666666666666666
555555555555555555
555555555555555555
666666666666666666
555555555555555555
555555555555555555
555555555555555555
999999999999999999
999999999999999999
333333333333333333
555555555555555555
555555555555555555
555555555555555555
999999999999999999
666666666666666666
555555555555555555
555555555555555555
666666666666666666
555555555555555555
555555555555555555
555555555555555555
999999999999999999
999999999999999999
444444444444444444
555555555555555555
555555555555555555
555555555555555555
999999999999999999
666666666666666666
555555555555555555
555555555555555555
666666666666666666
555555555555555555
555555555555555555
555555555555555555
999999999999999999
555555555555555555
555555555555555555
555555555555555555
555555555555555555
555555555555555555
999999999999999999
666666666666666666
555555555555555555
555555555555555555
666666666666666666
555555555555555555
555555555555555555
555555555555555555
999999999999999999
777777777777777777
555555555555555555
555555555555555555
555555555555555555
555555555555555555
999999999999999999
666666666666666666
555555555555555555
555555555555555555
666666666666666666
555555555555555555
555555555555555555
555555555555555555
999999999999999999
777777777777777777
555555555555555555
555555555555555555
555555555555555555
555555555555555555
555555555555555555
666666666666666666
555555555555555555
555555555555555555
666666666666666666
555555555555555555
555555555555555555
333333333333333333
999999999999999999
777777777777777777
555555555555555555
555555555555555555
555555555555555555
555555555555555555
555555555555555555
666666666666666666
555555555555555555
555555555555555555
666666666666666666
555555555555555555
555555555555555555
444444444444444444
999999999999999999
777777777777777777
555555555555555555
555555555555555555
555555555555555555
555555555555555555
555555555555555555
666666666666666666
555555555555555555
555555555555555555
666666666666666666
555555555555555555
555555555555555555
555555555555555555
999999999999999999
777777777777777777
555555555555555555
555555555555555555
555555555555555555
333333333333333333
555555555555555555
666666666666666666
555555555555555555
555555555555555555
666666666666666666
555555555555555555
555555555555555555
555555555555555555
999999999999999999
777777777777777777
555555555555555555
555555555555555555
555555555555555555
444444444444444444
555555555555555555
666666666666666666
555555555555555555
555555555555555555
666666666666666666
333333333333333333
555555555555555555
555555555555555555
999999999999999999
777777777777777777
555555555555555555
555555555555555555
555555555555555555
444444444444444444
555555555555555555
666666666666666666
555555555555555555
555555555555555555
666666666666666666
444444444444444444
555555555555555555
555555555555555555
999999999999999999
777777777777777777
555555555555555555
555555555555555555
555555555555555555
444444444444444444
555555555555555555
666666666666666666
555555555555555555
555555555555555555
666666666666666666
555555555555555555
555555555555555555
555555555555555555
999999999999999999
666666666666666666
555555555555555555
555555555555555555
555555555555555555
444444444444444444
555555555555555555
666666666666666666
555555555555555555
555555555555555555
666666666666666666
555555555555555555
333333333333333333
555555555555555555
999999999999999999
777777777777777777
555555555555555555
555555555555555555
555555555555555555
444444444444444444
555555555555555555
666666666666666666
555555555555555555
555555555555555555
666666666666666666
555555555555555555
444444444444444444
555555555555555555
999999999999999999
777777777777777777
555555555555555555
555555555555555555
555555555555555555
444444444444444444
555555555555555555
666666666666666666
555555555555555555
555555555555555555
666666666666666666
555555555555555555
555555555555555555
555555555555555555
999999999999999999
777777777777777777
555555555555555555
555555555555555555
333333333333333333
444444444444444444
555555555555555555
666666666666666666
555555555555555555
555555555555555555
666666666666666666
555555555555555555
555555555555555555
555555555555555555
999999999999999999
777777777777777777
555555555555555555
555555555555555555
444444444444444444
444444444444444444
555555555555555555
666666666666666666
555555555555555555
555555555555555555
666666666666666666
555555555555555555
555555555555555555
555555555555555555
999999999999999999
777777777777777777
555555555555555555
333333333333333333
555555555555555555
444444444444444444
555555555555555555
666666666666666666
555555555555555555
555555555555555555
666666666666666666
555555555555555555
555555555555555555
555555555555555555
999999999999999999
777777777777777777
555555555555555555
444444444444444444
555555555555555555
444444444444444444
555555555555555555
666666666666666666
555555555555555555
555555555555555555
666666666666666666
555555555555555555
555555555555555555
555555555555555555
999999999999999999
777777777777777777
555555555555555555
555555555555555555
555555555555555555
444444444444444444
555555555555555555
666666666666666666
333333333333333333
555555555555555555
666666666666666666
555555555555555555
555555555555555555
555555555555555555
999999999999999999
777777777777777777
555555555555555555
555555555555555555
555555555555555555
444444444444444444
555555555555555555
666666666666666666
444444444444444444
555555555555555555
666666666666666666
555555555555555555
555555555555555555
555555555555555555
999999999999999999
777777777777777777
555555555555555555
555555555555555555
555555555555555555
444444444444444444
333333333333333333
666666666666666666
444444444444444444
555555555555555555
666666666666666666
555555555555555555
555555555555555555
555555555555555555
999999999999999999
777777777777777777
555555555555555555
555555555555555555
555555555555555555
444444444444444444
444444444444444444
666666666666666666
444444444444444444
555555555555555555
666666666666666666
555555555555555555
555555555555555555
555555555555555555
999999999999999999
777777777777777777
555555555555555555
555555555555555555
555555555555555555
444444444444444444
444444444444444444
666666666666666666
444444444444444444
555555555555555555
666666666666666666
555555551111111111
555555551111111111
555555551111111111
999999991111111111
777777771111111111
555555555511111111
555555555555111111
555555555555111111
444444444444111111
444444444444111111
666666666611111111
444444444444111111
555555555555551111
666666666666661111
555555551111111111
555555551111111111
555555551111111111
999999991111111111
777777771111111111
555555555511111111
555555555555111111
555555555555111111
444444444444111111
444444444444111111
666666666611111111
444444444444111111
555555555555551111
666666666666561111
555555551111111111
555555551111111111
555555551111111111
999999991111111111
777777771111111111
555555555511111111
555555555555111111
555555555555111111
444444444444111111
444444444444111111
666666666611111111
444444444444111111
555555555555551111
666656666666561111
555555551111111111
555555551111111111
555555551111111111
999999991111111111
777777771111111111
555555555511111111
555555555555111111
555555555555111111
444444444444111111
444444444444111111
666666666611111111
444444444444111111
555555555555551111
666656566666561111
555555551111111111
555555551111111111
555555551111111111
999999991111111111
777777771111111111
555555555511111111
555555555555111111
555555555555111111
444444444444111111
444444444444111111
666666666611111111
444444444444111111
555555555555551111
665656566666561111
555555551111111111
555555551111111111
555555551111111111
999999991111111111
777777771111111111
555555555511111111
555555555555111111
555555555555111111
444444444444111111
444444444444111111
666666666611111111
444444444444111111
555555555555551111
565656566666561111
555555551111111111
555555551111111111
555555551111111111
999999991111111111
777777771111111111
555555555511111111
555555555555111111
555555555555111111
444444444444111111
444444444444111111
666666666611111111
444444444444111111
555555555555551111
665656566656561111
555555551111111111
555555551111111111
555555551111111111
999999991111111111
777777771111111111
555555555511111111
555555555555111111
555555555555111111
444444444444111111
444444444444111111
666666666611111111
444444444444111111
555555555555551111
665656565656561111
555555551111111111
555555551111111111
555555551111111111
999999991111111111
777777771111111111
555555555511111111
555555555555111111
555555555555111111
444444444444111111
444444444444111111
666666666611111111
444444444444111111
555555555555551111
665656565656551111
555555551111111111
555555551111111111
555555551111111111
999999991111111111
777777771111111111
555555555511111111
555555555555111111
555555555555111111
444444444444111111
444444444444111111
666666666611111111
444444444444111111
555555555555551111
655656565656551111
555555551111111111
555555551111111111
555555551111111111
999999991111111111
777777771111111111
555555555511111111
555555555555111111
555555555555111111
444444444444111111
444444444444111111
666666666611111111
444444444444111111
555555555555551111
655556565656551111
555555551111111111
555555551111111111
555555551111111111
999999991111111111
777777771111111111
555555555511111111
555555555555111111
555555555555111111
444444444444111111
444444444444111111
666666666611111111
444444444444111111
555555555555551111
655555565656551111
555555551111111111
555555551111111111
555555551111111111
999999991111111111
777777771111111111
555555555511111111
555555555555111111
555555555555111111
444444444444111111
444444444444111111
666666666611111111
444444444444111111
555555555555551111
655555555656551111
555555551111111111
555555551111111111
555555551111111111
999999991111111111
777777771111111111
555555555511111111
555555555555111111
555555555555111111
444444444444111111
444444444444111111
666666666611111111
444444444444111111
555555555555551111
655555555655551111
555555551111111111
555555551111111111
555555551111111111
999999991111111111
777777771111111111
555555555511111111
555555555555111111
555555555555111111
444444444444111111
444444444444111111
666666666611111111
444444444444111111
555555555555551111
655555555555551111
555555551111111111
555555551111111111
555555551111111111
999999991111111111
777777771111111111
555555555511111111
555555555555111111
555555555555111111
444444444444111111
444444444444111111
666666666611111111
444444444444111111
555555555555551111
655555555555451111
555555551111111111
555555551111111111
555555551111111111
999999991111111111
777777771111111111
555555555511111111
555555555555111111
555555555555111111
444444444444111111
444444444444111111
666666666611111111
444444444444111111
555555555555551111
654555555555451111
555555551111111111
555555551111111111
555555551111111111
999999991111111111
777777771111111111
555555555511111111
555555555555111111
555555555555111111
444444444444111111
444444444444111111
666666666611111111
444444444444111111
555555555555551111
654545555555451111
555555551111111111
555555551111111111
555555551111111111
999999991111111111
777777771111111111
555555555511111111
555555555555111111
555555555555111111
444444444444111111
444444444444111111
666666666611111111
444444444444111111
555555555555551111
654545555545451111
555555551111111111
555555551111111111
555555551111111111
999999991111111111
777777771111111111
555555555511111111
555555555555111111
555555555555111111
444444444444111111
444444444444111111
666666666611111111
444444444444111111
555555555555551111
654545554545451111
555555551111111111
555555551111111111
555555551111111111
999999991111111111
777777771111111111
555555555511111111
555555555555111111
555555555555111111
444444444444111111
444444444444111111
666666666611111111
444444444444111111
555555555555551111
654545455545451111
555555551111111111
555555551111111111
555555551111111111
999999991111111111
777777771111111111
555555555511111111
555555555555111111
555555555555111111
444444444444111111
444444444444111111
666666666611111111
444444444444111111
555555555555451111
654545555545451111
555555551111111111
555555551111111111
555555551111111111
999999991111111111
777777771111111111
555555555511111111
555555555555111111
555555555555111111
444444444444111111
444444444444111111
666666666611111111
444444444444111111
455555555555451111
654545555545451111
555555551111111111
555555551111111111
555555551111111111
999999991111111111
777777771111111111
555555555511111111
555555555555111111
555555555555111111
444444444444111111
444444444444111111
666666666611111111
444444444444111111
555555555545451111
654545555545451111
555555551111111111
555555551111111111
555555551111111111
999999991111111111
777777771111111111
555555555511111111
555555555555111111
555555555555111111
444444444444111111
444444444444111111
666666666611111111
444444444444111111
555555554545451111
654545555545451111
555555551111111111
555555551111111111
555555551111111111
999999991111111111
777777771111111111
555555555511111111
555555555555111111
555555555555111111
444444444444111111
444444444444111111
666666666611111111
444444444444111111
555555454545451111
654545555545451111
555555551111111111
555555551111111111
555555551111111111
999999991111111111
777777771111111111
555555555511111111
555555555555111111
555555555555111111
444444444444111111
444444444444111111
666666666611111111
444444444444111111
555545454545451111
654545555545451111
555555551111111111
555555551111111111
555555551111111111
999999991111111111
777777771111111111
555555555511111111
555555555555111111
555555555555111111
444444444444111111
444444444444111111
666666666611111111
444444444444111111
554555454545451111
654545555545451111
555555551111111111
555555551111111111
555555551111111111
999999991111111111
777777771111111111
555555554511111111
555555555555111111
555555555555111111
444444444444111111
444444444444111111
666666666611111111
444444444444111111
555555454545451111
654545555545451111
555555551111111111
555555551111111111
555555551111111111
999999991111111111
777777771111111111
455555554511111111
555555555555111111
555555555555111111
444444444444111111
444444444444111111
666666666611111111
444444444444111111
555555454545451111
654545555545451111
555555551111111111
555555551111111111
555555551111111111
999999991111111111
777777771111111111
554555554511111111
555555555555111111
555555555555111111
444444444444111111
444444444444111111
666666666611111111
444444444444111111
555555454545451111
654545555545451111
555555551111111111
555555551111111111
555555551111111111
999999991111111111
777777771111111111
554555454511111111
555555555555111111
555555555555111111
444444444444111111
444444444444111111
666666666611111111
444444444444111111
555555454545451111
654545555545451111
555555551111111111
555555551111111111
555555551111111111
999999991111111111
777777771111111111
554545454511111111
555555555555111111
555555555555111111
444444444444111111
444444444444111111
666666666611111111
444444444444111111
555555454545451111
654545555545451111
555555551111111111
555555551111111111
555555551111111111
999999991111111111
777777771111111111
554555454511111111
555555555555111111
555555555555111111
444444444444111111
444444444444111111
666666666611111111
444444444444111111
555555454545441111
654545555545451111
555555551111111111
555555551111111111
555555551111111111
999999991111111111
777777771111111111
554555454511111111
555555555555111111
555555555555111111
444444444444111111
444444444444111111
666666666611111111
444444444444111111
545555454545441111
654545555545451111
555555551111111111
555555551111111111
555555551111111111
999999991111111111
777777771111111111
554555454511111111
555555555555111111
555555555555111111
444444444444111111
444444444444111111
666666666611111111
444444444444111111
555555454544441111
654545555545451111
555555551111111111
555555551111111111
555555551111111111
999999991111111111
777777771111111111
554555454511111111
555555555555111111
555555555555111111
444444444444111111
444444444444111111
666666666611111111
444444444444111111
555555454545341111
654545555545451111
555555551111111111
555555551111111111
555555551111111111
999999991111111111
777777771111111111
554555454511111111
555555555555111111
555555555555111111
444444444444111111
444444444444111111
666666666611111111
444444444444111111
555555354545441111
654545555545451111
555555551111111111
555555551111111111
555555551111111111
999999991111111111
777777771111111111
553555454511111111
555555555555111111
555555555555111111
444444444444111111
444444444444111111
666666666611111111
444444444444111111
555555454545441111
654545555545451111
555555551111111111
555555551111111111
555555551111111111
999999991111111111
777777771111111111
554555454511111111
555555555555111111
555555555555111111
444444444444111111
444444444444111111
665666666611111111
444444444444111111
555555454545441111
654545555545451111
555555551111111111
555555551111111111
555555551111111111
999999991111111111
777777771111111111
554555454511111111
555555555555111111
555555555555111111
444444444444111111
444444444444111111
665656666611111111
444444444444111111
555555454545441111
654545555545451111
555555551111111111
555555551111111111
555555551111111111
999999991111111111
777777771111111111
554555454511111111
555555555555111111
555555555555111111
444444444444111111
444444444444111111
565656666611111111
444444444444111111
555555454545441111
654545555545451111
555555551111111111
555555551111111111
555555551111111111
999999991111111111
777777771111111111
554555454511111111
555555555555111111
555555555555111111
444444444444111111
444444444444111111
665656665611111111
444444444444111111
555555454545441111
654545555545451111
555555551111111111
555555551111111111
555555551111111111
999999991111111111
777777771111111111
554555454511111111
555555555555111111
555555555555111111
444444444444111111
444444444444111111
665656565611111111
444444444444111111
555555454545441111
654545555545451111
555555551111111111
555555551111111111
555555551111111111
999999991111111111
777777771111111111
554555454511111111
555555555555111111
555555555555111111
444444444444111111
444444444444111111
665656565611111111
444444444444111111
555555454545431111
654545555545451111
555555551111111111
555555551111111111
555555451111111111
999999991111111111
777777771111111111
554555454511111111
555555555555111111
555555555555111111
444444444444111111
444444444444111111
665656565611111111
444444444444111111
555555454545431111
654545555545451111
555555551111111111
555555551111111111
555545451111111111
999999991111111111
777777771111111111
554555454511111111
555555555555111111
555555555555111111
444444444444111111
444444444444111111
665656565611111111
444444444444111111
555555454545431111
654545555545451111
555555551111111111
555555551111111111
554545451111111111
999999991111111111
777777771111111111
554555454511111111
555555555555111111
555555555555111111
444444444444111111
444444444444111111
665656565611111111
444444444444111111
555555454545431111
654545555545451111
555555551111111111
555555551111111111
455545451111111111
999999991111111111
777777771111111111
554555454511111111
555555555555111111
555555555555111111
444444444444111111
444444444444111111
665656565611111111
444444444444111111
555555454545431111
654545555545451111
555555451111111111
555555551111111111
555545451111111111
999999991111111111
777777771111111111
554555454511111111
555555555555111111
555555555555111111
444444444444111111
444444444444111111
665656565611111111
444444444444111111
555555454545431111
654545555545451111
555545551111111111
555555551111111111
555545451111111111
999999991111111111
777777771111111111
554555454511111111
555555555555111111
555555555555111111
444444444444111111
444444444444111111
665656565611111111
444444444444111111
555555454545431111
654545555545451111
554555551111111111
555555551111111111
555545451111111111
999999991111111111
777777771111111111
554555454511111111
555555555555111111
555555555555111111
444444444444111111
444444444444111111
665656565611111111
444444444444111111
555555454545431111
654545555545451111
455555551111111111
555555551111111111
555545451111111111
999999991111111111
777777771111111111
554555454511111111
555555555555111111
555555555555111111
444444444444111111
444444444444111111
665656565611111111
444444444444111111
555555454545431111
654545555545451111
555555551111111111
555555551111111111
555545451111111111
999999991111111111
777777771111111111
554555454511111111
555555555555111111
555555555555111111
444444444444111111
444444444444111111
664656565611111111
444444444444111111
555555454545431111
654545555545451111
