3212886320
14 9 50
666666666666666666
666666666666666666
666666666666666666
666666666666666666
666666666666666666
666666666666666666
666666666666666666
666666666666666666
666666666666666666
666666666666666666
666666666666666666
666666666666666666
666666666666666666
666666666666666666
777777777777777777
777777777777777777
777777777777777777
777777777777777777
777777777777777777
777777777777777777
777777777777777777
777777777777777777
777777777777777777
777777777777777777
777777777777777777
777777777777777777
777777777777777777
777777777777777777
777777777777777777
777777777777777777
777777777777777777
444444444444444444
777777777777777777
777777777777777777
777777777777777777
777777777777777777
777777777777777777
777777777777777777
777777777777777777
777777777777777777
777777777777777777
777777777777777777
777777777777777777
777777777777777777
777777777777777777
444444444444444444
777777777777777777
777777777777777777
444444444444444444
777777777777777777
777777777777777777
777777777777777777
777777777777777777
777777777777777777
777777777777777777
777777777777777777
444444444444444444
777777777777777777
777777777777777777
444444444444444444
777777777777777777
777777777777777777
444444444444444444
777777777777777777
777777777777777777
777777777777777777
777777777777777777
777777777777777777
777777777777777777
777777777777777777
555555555555555555
777777777777777777
777777777777777777
444444444444444444
777777777777777777
777777777777777777
444444444444444444
777777777777777777
777777777777777777
777777777777777777
777777777777777777
777777777777777777
777777777777777777
777777777777777777
666666666666666666
777777777777777777
777777777777777777
444444444444444444
777777777777777777
777777777777777777
444444444444444444
777777777777777777
777777777777777777
777777777777777777
777777777777777777
777777777777777777
777777777777777777
777777777777777777
777777777777777777
777777777777777777
777777777777777777
444444444444444444
777777777777777777
777777777777777777
444444444444444444
777777777777777777
777777777777777777
777777777777777777
777777777777777777
777777777777777777
777777777777777777
444444444444444444
777777777777777777
777777777777777777
777777777777777777
444444444444444444
777777777777777777
777777777777777777
444444444444444444
777777777777777777
777777777777777777
777777777777777777
777777777777777777
777777777777777777
777777777777777777
555555555555555555
777777777777777777
777777777777777777
777777777777777777
444444444444444444
444444444444444444
777777777777777777
444444444444444444
777777777777777777
777777777777777777
777777777777777777
777777777777777777
777777777777777777
777777777777777777
555555555555555555
777777777777777777
777777777777777777
444444444444444444
444444444444444444
444444444444444444
777777777777777777
444444444444444444
777777777777777777
777777777777777777
777777777777777777
777777777777777777
777777777777777777
777777777777777777
555555555555555555
777777777777777777
777777777777777777
444444444444444444
444444444444444444
444444444444444444
777777777777777777
444444444444444444
777777777777777777
777777777777777777
777777777777777777
777777777777777777
444444444444444444
777777777777777777
555555555555555555
777777777777777777
777777777777777777
444444444444444444
444444444444444444
444444444444444444
444444444444444444
444444444444444444
777777777777777777
777777777777777777
777777777777777777
777777777777777777
444444444444444444
777777777777777777
555555555555555555
777777777777777777
777777777777777777
444444444444444444
444444444444444444
444444444444444444
444444444444444444
444444444444444444
777777777777777777
777777777777777777
444444444444444444
777777777777777777
444444444444444444
777777777777777777
555555555555555555
777777777777777777
777777777777777777
444444444444444444
444444444444444444
444444444444444444
444444444444444444
444444444444444444
777777777777777777
777777777777777777
555555555555555555
777777777777777777
444444444444444444
777777777777777777
555555555555555555
777777777777777777
777777777777777777
444444444444444444
444444444444444444
444444444444444444
444444444444444444
444444444444444444
777777777777777777
777777777777777777
555555555555555555
777777777777777777
444444444444444444
444444444444444444
555555555555555555
777777777777777777
777777777777777777
444444444444444444
222222222222222222
444444444444444444
444444444444444444
444444444444444444
777777777777777777
777777777777777777
555555555555555555
777777777777777777
444444444444444444
444444444444444444
555555555555555555
777777777777777777
777777777777777777
444444444444444444
333333333333333333
444444444444444444
444444444444444444
444444444444444444
777777777777777777
777777777777777777
555555555555555555
777777777777777777
444444444444444444
444444444444444444
555555555555555555
777777777777777777
777777777777777777
444444444444444444
444444444444444444
444444444444444444
444444444444444444
444444444444444444
444444444444444444
777777777777777777
555555555555555555
777777777777777777
444444444444444444
444444444444444444
555555555555555555
777777777777777777
777777777777777777
444444444444444444
444444444444444444
444444444444444444
444444444444444444
222222222222222222
444444444444444444
777777777777777777
555555555555555555
777777777777777777
444444444444444444
444444444444444444
555555555555555555
777777777777777777
777777777777777777
444444444444444444
444444444444444444
444444444444444444
444444444444444444
333333333333333333
444444444444444444
777777777777777777
555555555555555555
777777777777777777
444444444444444444
444444444444444444
555555555555555555
777777777777777777
777777777777777777
444444444444444444
444444444444444444
444444444444444444
444444444444444444
444444444444444444
444444444444444444
444444444444444444
555555555555555555
777777777777777777
444444444444444444
444444444444444444
555555555555555555
777777777777777777
777777777777777777
444444444444444444
444444444444444444
222222222222222222
444444444444444444
444444444444444444
444444444444444444
444444444444444444
555555555555555555
777777777777777777
444444444444444444
444444444444444444
555555555555555555
777777777777777777
777777777777777777
444444444444444444
444444444444444444
333333333333333333
444444444444444444
444444444444444444
444444444444444444
444444444444444444
555555555555555555
777777777777777777
444444444444444444
444444444444444444
555555555555555555
777777777777777777
777777777777777777
444444444444444444
444444444444444444
444444444444444444
444444444444444444
444444444444444444
444444444444444444
444444444444444444
555555555555555555
444444444444444444
444444444444444444
444444444444444444
555555555555555555
777777777777777777
777777777777777777
444444444444444444
444444444444444444
444444444444444444
444444444444444444
444444444444444444
444444444444444444
444444444444444444
555555555555555555
444444444444444444
222222222222222222
444444444444444444
555555555555555555
777777777777777777
777777777777777777
444444444444444444
444444444444444444
444444444444444444
444444444444444444
444444444444444444
444444444444444444
444444444444444444
555555555555555555
444444444444444444
333333333333333333
444444444444444444
555555555555555555
777777777777777777
444444444444444444
444444444444444444
444444444444444444
444444444444444444
444444444444444444
444444444444444444
444444444444444444
444444444444444444
555555555555555555
444444444444444444
444444444444444444
444444444444444444
555555555555555555
777777777777777777
555555555555555555
444444444444444444
444444444444444444
444444444444444444
444444444444444444
444444444444444444
444444444444444444
444444444444444444
555555555555555555
444444444444444444
444444444444444444
444444444444444444
555555555555555555
777777777777777777
666666666666666666
444444444444444444
444444444444444444
444444444444444444
444444444444444444
444444444444444444
444444444444444444
444444444444444444
555555555555555555
444444444444444444
444444444444444444
444444444444444444
555555555555555555
777777777777777777
666666666666666666
444444444444444444
444444444444444444
444444444444444444
222222222222222222
444444444444444444
444444444444444444
444444444444444444
555555555555555555
444444444444444444
444444444444444444
444444444444444444
555555555555555555
777777777777777777
666666666666666666
444444444444444444
444444444444444444
444444444444444444
333333333333333333
444444444444444444
444444444444444444
444444444444444444
555555555555555555
444444444444444444
444444444444444444
444444444444444444
555555555555555555
777777777777777777
666666666666666666
222222222222222222
444444444444444444
444444444444444444
444444444444444444
444444444444444444
444444444444444444
444444444444444444
555555555555555555
444444444444444444
444444444444444444
444444444444444444
555555555555555555
777777777777777777
666666666666666666
333333333333333333
444444444444444444
444444444444444444
444444444444444444
444444444444444444
444444444444444444
444444444444444444
555555555555555555
444444444444444444
444444444444444444
444444444444444444
555555555555555555
777777777777777777
666666666666666666
444444444444444444
444444444444444444
444444444444444444
444444444444444444
444444444444444444
444444444444444444
444444444444444444
555555555555555555
444444444444444444
444444444444444444
222222222222222222
555555555555555555
777777777777777777
666666666666666666
444444444444444444
444444444444444444
444444444444444444
444444444444444444
444444444444444444
444444444444444444
444444444444444444
555555555555555555
444444444444444444
444444444444444444
333333333333333333
555555555555555555
777777777777777777
666666666666666666
444444444444444444
444444444444444444
444444444444444444
444444444444444444
444444444444444444
222222222222222222
444444444444444444
555555555555555555
444444444444444444
444444444444444444
444444444444444444
555555555555555555
777777777777777777
666666666666666666
444444444444444444
444444444444444444
444444444444444444
444444444444444444
444444444444444444
333333333333333333
444444444444444444
555555555555555555
444444444444444444
444444444444444444
444444444444444444
555555555555555555
777777777777777777
666666666666666666
444444444444444444
444444444444444444
444444444444444444
444444444444444444
444444444444444444
444444444444444444
222222222222222222
555555555555555555
444444444444444444
444444444444444444
444444444444444444
555555555555555555
777777777777777777
666666666666666666
444444444444444444
444444444444444444
444444444444444444
444444444444444444
444444444444444444
444444444444444444
333333333333333333
555555555555555555
444444444444444444
444444444444444444
444444444444444444
555555555555555555
777777777777777777
666666666666666666
444444444444444444
444444444444444444
444444444444444444
444444444444444444
444444444444444444
444444444444444444
444444444444444444
555555555555555555
222222222222222222
444444444444444444
444444444444444444
555555555555555555
777777777777777777
666666666666666666
444444444444444444
444444444444444444
444444444444444444
444444444444444444
444444444444444444
444444444444444444
444444444444444444
555555555555555555
333333333333333333
444444444444444444
444444444444444444
555555555555555555
777777777777777777
666666666666666666
444444444444444444
444444444444444444
444444444444444444
444444444444444444
444444444444444444
444444444444444444
444444444444444444
555555555555555555
444444444444444444
444444444444444444
444444444444444444
555555555555555555
777777777777111111
666666666666111111
444444444444111111
444444444444111111
444444444444111111
444444444444111111
444444444444111111
444444444444111111
444444444444441111
555555555555551111
444444444444441111
444444444444441111
444444444444441111
555555555555555555
777777777767111111
666666666666111111
444444444444111111
444444444444111111
444444444444111111
444444444444111111
444444444444111111
444444444444111111
444444444444441111
555555555555551111
444444444444441111
444444444444441111
444444444444441111
555555555555555555
777777776777111111
666666666666111111
444444444444111111
444444444444111111
444444444444111111
444444444444111111
444444444444111111
444444444444111111
444444444444441111
555555555555551111
444444444444441111
444444444444441111
444444444444441111
555555555555555555
777777677777111111
666666666666111111
444444444444111111
444444444444111111
444444444444111111
444444444444111111
444444444444111111
444444444444111111
444444444444441111
555555555555551111
444444444444441111
444444444444441111
444444444444441111
555555555555555555
777767777777111111
666666666666111111
444444444444111111
444444444444111111
444444444444111111
444444444444111111
444444444444111111
444444444444111111
444444444444441111
555555555555551111
444444444444441111
444444444444441111
444444444444441111
555555555555555555
776777777777111111
666666666666111111
444444444444111111
444444444444111111
444444444444111111
444444444444111111
444444444444111111
444444444444111111
444444444444441111
555555555555551111
444444444444441111
444444444444441111
444444444444441111
555555555555555555
677777777777111111
666666666666111111
444444444444111111
444444444444111111
444444444444111111
444444444444111111
444444444444111111
444444444444111111
444444444444441111
555555555555551111
444444444444441111
444444444444441111
444444444444441111
555555555555555555
