2941011465
20 12 100
666666666666666666666666
666666666666666666666666
666666666666666666666666
666666666666666666666666
666666666666666666666666
666666666666666666666666
666666666666666666666666
666666666666666666666666
666666666666666666666666
666666666666666666666666
666666666666666666666666
666666666666666666666666
666666666666666666666666
666666666666666666666666
666666666666666666666666
666666666666666666666666
666666666666666666666666
666666666666666666666666
666666666666666666666666
666666666666666666666666
777777777777777777777777
777777777777777777777777
777777777777777777777777
777777777777777777777777
777777777777777777777777
777777777777777777777777
777777777777777777777777
777777777777777777777777
777777777777777777777777
777777777777777777777777
777777777777777777777777
777777777777777777777777
777777777777777777777777
777777777777777777777777
777777777777777777777777
777777777777777777777777
777777777777777777777777
777777777777777777777777
777777777777777777777777
777777777777777777777777
777777777777777777777777
777777777777777777777777
777777777777777777777777
777777777777777777777777
777777777777777777777777
777777777777777777777777
444444444444444444444444
777777777777777777777777
777777777777777777777777
777777777777777777777777
777777777777777777777777
777777777777777777777777
777777777777777777777777
777777777777777777777777
777777777777777777777777
777777777777777777777777
777777777777777777777777
777777777777777777777777
777777777777777777777777
777777777777777777777777
777777777777777777777777
777777777777777777777777
777777777777777777777777
777777777777777777777777
777777777777777777777777
777777777777777777777777
555555555555555555555555
777777777777777777777777
777777777777777777777777
777777777777777777777777
777777777777777777777777
777777777777777777777777
777777777777777777777777
777777777777777777777777
777777777777777777777777
777777777777777777777777
777777777777777777777777
777777777777777777777777
777777777777777777777777
777777777777777777777777
777777777777777777777777
777777777777777777777777
777777777777777777777777
777777777777777777777777
777777777777777777777777
777777777777777777777777
555555555555555555555555
777777777777777777777777
777777777777777777777777
777777777777777777777777
777777777777777777777777
777777777777777777777777
777777777777777777777777
777777777777777777777777
777777777777777777777777
777777777777777777777777
444444444444444444444444
777777777777777777777777
777777777777777777777777
777777777777777777777777
777777777777777777777777
777777777777777777777777
777777777777777777777777
777777777777777777777777
777777777777777777777777
777777777777777777777777
555555555555555555555555
777777777777777777777777
777777777777777777777777
777777777777777777777777
777777777777777777777777
777777777777777777777777
777777777777777777777777
777777777777777777777777
777777777777777777777777
777777777777777777777777
555555555555555555555555
777777777777777777777777
777777777777777777777777
777777777777777777777777
777777777777777777777777
777777777777777777777777
777777777777777777777777
777777777777777777777777
777777777777777777777777
777777777777777777777777
555555555555555555555555
777777777777777777777777
777777777777777777777777
777777777777777777777777
777777777777777777777777
777777777777777777777777
777777777777777777777777
777777777777777777777777
777777777777777777777777
777777777777777777777777
555555555555555555555555
777777777777777777777777
777777777777777777777777
444444444444444444444444
777777777777777777777777
777777777777777777777777
777777777777777777777777
777777777777777777777777
777777777777777777777777
777777777777777777777777
555555555555555555555555
777777777777777777777777
777777777777777777777777
777777777777777777777777
777777777777777777777777
444444444444444444444444
777777777777777777777777
777777777777777777777777
777777777777777777777777
777777777777777777777777
555555555555555555555555
777777777777777777777777
777777777777777777777777
444444444444444444444444
777777777777777777777777
777777777777777777777777
777777777777777777777777
777777777777777777777777
444444444444444444444444
777777777777777777777777
555555555555555555555555
777777777777777777777777
777777777777777777777777
777777777777777777777777
777777777777777777777777
444444444444444444444444
777777777777777777777777
777777777777777777777777
777777777777777777777777
777777777777777777777777
555555555555555555555555
777777777777777777777777
777777777777777777777777
444444444444444444444444
777777777777777777777777
777777777777777777777777
777777777777777777777777
777777777777777777777777
555555555555555555555555
777777777777777777777777
555555555555555555555555
777777777777777777777777
777777777777777777777777
777777777777777777777777
777777777777777777777777
444444444444444444444444
777777777777777777777777
777777777777777777777777
777777777777777777777777
777777777777777777777777
555555555555555555555555
777777777777777777777777
777777777777777777777777
444444444444444444444444
777777777777777777777777
777777777777777777777777
777777777777777777777777
777777777777777777777777
666666666666666666666666
777777777777777777777777
555555555555555555555555
777777777777777777777777
777777777777777777777777
777777777777777777777777
777777777777777777777777
444444444444444444444444
777777777777777777777777
777777777777777777777777
777777777777777777777777
777777777777777777777777
555555555555555555555555
777777777777777777777777
777777777777777777777777
444444444444444444444444
777777777777777777777777
444444444444444444444444
777777777777777777777777
777777777777777777777777
666666666666666666666666
777777777777777777777777
555555555555555555555555
777777777777777777777777
777777777777777777777777
777777777777777777777777
777777777777777777777777
444444444444444444444444
777777777777777777777777
777777777777777777777777
777777777777777777777777
777777777777777777777777
555555555555555555555555
777777777777777777777777
777777777777777777777777
444444444444444444444444
777777777777777777777777
555555555555555555555555
777777777777777777777777
777777777777777777777777
666666666666666666666666
777777777777777777777777
555555555555555555555555
777777777777777777777777
777777777777777777777777
777777777777777777777777
777777777777777777777777
444444444444444444444444
777777777777777777777777
777777777777777777777777
777777777777777777777777
777777777777777777777777
555555555555555555555555
777777777777777777777777
777777777777777777777777
444444444444444444444444
777777777777777777777777
666666666666666666666666
777777777777777777777777
777777777777777777777777
666666666666666666666666
777777777777777777777777
555555555555555555555555
777777777777777777777777
777777777777777777777777
777777777777777777777777
777777777777777777777777
444444444444444444444444
777777777777777777777777
777777777777777777777777
777777777777777777777777
777777777777777777777777
555555555555555555555555
777777777777777777777777
777777777777777777777777
444444444444444444444444
777777777777777777777777
666666666666666666666666
777777777777777777777777
777777777777777777777777
666666666666666666666666
444444444444444444444444
555555555555555555555555
777777777777777777777777
777777777777777777777777
777777777777777777777777
777777777777777777777777
444444444444444444444444
777777777777777777777777
777777777777777777777777
777777777777777777777777
777777777777777777777777
555555555555555555555555
777777777777777777777777
777777777777777777777777
444444444444444444444444
777777777777777777777777
666666666666666666666666
777777777777777777777777
777777777777777777777777
666666666666666666666666
555555555555555555555555
555555555555555555555555
777777777777777777777777
777777777777777777777777
777777777777777777777777
777777777777777777777777
444444444444444444444444
777777777777777777777777
777777777777777777777777
777777777777777777777777
777777777777777777777777
555555555555555555555555
777777777777777777777777
777777777777777777777777
444444444444444444444444
777777777777777777777777
666666666666666666666666
777777777777777777777777
777777777777777777777777
666666666666666666666666
555555555555555555555555
555555555555555555555555
444444444444444444444444
777777777777777777777777
777777777777777777777777
777777777777777777777777
444444444444444444444444
777777777777777777777777
777777777777777777777777
777777777777777777777777
777777777777777777777777
555555555555555555555555
777777777777777777777777
777777777777777777777777
444444444444444444444444
777777777777777777777777
666666666666666666666666
777777777777777777777777
777777777777777777777777
666666666666666666666666
555555555555555555555555
555555555555555555555555
444444444444444444444444
444444444444444444444444
777777777777777777777777
777777777777777777777777
444444444444444444444444
777777777777777777777777
777777777777777777777777
777777777777777777777777
777777777777777777777777
555555555555555555555555
777777777777777777777777
777777777777777777777777
444444444444444444444444
777777777777777777777777
666666666666666666666666
444444444444444444444444
777777777777777777777777
666666666666666666666666
555555555555555555555555
555555555555555555555555
444444444444444444444444
444444444444444444444444
777777777777777777777777
777777777777777777777777
444444444444444444444444
777777777777777777777777
777777777777777777777777
777777777777777777777777
777777777777777777777777
555555555555555555555555
777777777777777777777777
777777777777777777777777
444444444444444444444444
777777777777777777777777
666666666666666666666666
555555555555555555555555
777777777777777777777777
666666666666666666666666
555555555555555555555555
555555555555555555555555
444444444444444444444444
444444444444444444444444
777777777777777777777777
777777777777777777777777
444444444444444444444444
777777777777777777777777
777777777777777777777777
777777777777777777777777
777777777777777777777777
555555555555555555555555
777777777777777777777777
777777777777777777777777
444444444444444444444444
777777777777777777777777
666666666666666666666666
666666666666666666666666
777777777777777777777777
666666666666666666666666
555555555555555555555555
555555555555555555555555
444444444444444444444444
444444444444444444444444
777777777777777777777777
777777777777777777777777
444444444444444444444444
777777777777777777777777
777777777777777777777777
777777777777777777777777
777777777777777777777777
555555555555555555555555
777777777777777777777777
777777777777777777777777
444444444444444444444444
777777777777777777777777
666666666666666666666666
777777777777777777777777
777777777777777777777777
666666666666666666666666
555555555555555555555555
555555555555555555555555
444444444444444444444444
444444444444444444444444
777777777777777777777777
777777777777777777777777
444444444444444444444444
777777777777777777777777
777777777777777777777777
444444444444444444444444
777777777777777777777777
555555555555555555555555
777777777777777777777777
777777777777777777777777
444444444444444444444444
777777777777777777777777
666666666666666666666666
777777777777777777777777
777777777777777777777777
666666666666666666666666
555555555555555555555555
555555555555555555555555
444444444444444444444444
444444444444444444444444
777777777777777777777777
777777777777777777777777
444444444444444444444444
777777777777777777777777
777777777777777777777777
555555555555555555555555
777777777777777777777777
555555555555555555555555
777777777777777777777777
777777777777777777777777
444444444444444444444444
777777777777777777777777
666666666666666666666666
777777777777777777777777
777777777777777777777777
666666666666666666666666
555555555555555555555555
555555555555555555555555
444444444444444444444444
444444444444444444444444
777777777777777777777777
777777777777777777777777
444444444444444444444444
777777777777777777777777
777777777777777777777777
666666666666666666666666
777777777777777777777777
555555555555555555555555
777777777777777777777777
777777777777777777777777
444444444444444444444444
777777777777777777777777
666666666666666666666666
777777777777777777777777
777777777777777777777777
666666666666666666666666
555555555555555555555555
555555555555555555555555
444444444444444444444444
444444444444444444444444
777777777777777777777777
777777777777777777777777
444444444444444444444444
777777777777777777777777
777777777777777777777777
666666666666666666666666
444444444444444444444444
555555555555555555555555
777777777777777777777777
777777777777777777777777
444444444444444444444444
777777777777777777777777
666666666666666666666666
777777777777777777777777
777777777777777777777777
666666666666666666666666
555555555555555555555555
555555555555555555555555
444444444444444444444444
444444444444444444444444
777777777777777777777777
777777777777777777777777
444444444444444444444444
777777777777777777777777
777777777777777777777777
666666666666666666666666
444444444444444444444444
555555555555555555555555
777777777777777777777777
444444444444444444444444
444444444444444444444444
777777777777777777777777
666666666666666666666666
777777777777777777777777
777777777777777777777777
666666666666666666666666
555555555555555555555555
555555555555555555555555
444444444444444444444444
444444444444444444444444
777777777777777777777777
777777777777777777777777
444444444444444444444444
777777777777777777777777
777777777777777777777777
666666666666666666666666
444444444444444444444444
555555555555555555555555
777777777777777777777777
555555555555555555555555
444444444444444444444444
777777777777777777777777
666666666666666666666666
777777777777777777777777
777777777777777777777777
666666666666666666666666
555555555555555555555555
555555555555555555555555
444444444444444444444444
444444444444444444444444
777777777777777777777777
777777777777777777777777
444444444444444444444444
777777777777777777777777
777777777777777777777777
666666666666666666666666
444444444444444444444444
555555555555555555555555
777777777777777777777777
666666666666666666666666
444444444444444444444444
777777777777777777777777
666666666666666666666666
777777777777777777777777
777777777777777777777777
666666666666666666666666
555555555555555555555555
555555555555555555555555
444444444444444444444444
444444444444444444444444
444444444444444444444444
777777777777777777777777
444444444444444444444444
777777777777777777777777
777777777777777777777777
666666666666666666666666
444444444444444444444444
555555555555555555555555
777777777777777777777777
666666666666666666666666
444444444444444444444444
777777777777777777777777
666666666666666666666666
777777777777777777777777
777777777777777777777777
666666666666666666666666
555555555555555555555555
555555555555555555555555
444444444444444444444444
444444444444444444444444
555555555555555555555555
777777777777777777777777
444444444444444444444444
777777777777777777777777
777777777777777777777777
666666666666666666666666
444444444444444444444444
555555555555555555555555
777777777777777777777777
666666666666666666666666
444444444444444444444444
777777777777777777777777
666666666666666666666666
777777777777777777777777
777777777777777777777777
666666666666666666666666
555555555555555555555555
555555555555555555555555
444444444444444444444444
444444444444444444444444
555555555555555555555555
444444444444444444444444
444444444444444444444444
777777777777777777777777
777777777777777777777777
666666666666666666666666
444444444444444444444444
555555555555555555555555
777777777777777777777777
666666666666666666666666
444444444444444444444444
777777777777777777777777
666666666666666666666666
777777777777777777777777
777777777777777777777777
666666666666666666666666
555555555555555555555555
555555555555555555555555
444444444444444444444444
444444444444444444444444
555555555555555555555555
444444444444444444444444
444444444444444444444444
777777777777777777777777
777777777777777777777777
666666666666666666666666
444444444444444444444444
555555555555555555555555
777777777777777777777777
666666666666666666666666
222222222222222222222222
777777777777777777777777
666666666666666666666666
777777777777777777777777
777777777777777777777777
666666666666666666666666
555555555555555555555555
555555555555555555555555
444444444444444444444444
444444444444444444444444
555555555555555555555555
444444444444444444444444
444444444444444444444444
777777777777777777777777
777777777777777777777777
666666666666666666666666
444444444444444444444444
555555555555555555555555
777777777777777777777777
666666666666666666666666
333333333333333333333333
777777777777777777777777
666666666666666666666666
777777777777777777777777
777777777777777777777777
666666666666666666666666
555555555555555555555555
555555555555555555555555
444444444444444444444444
444444444444444444444444
555555555555555555555555
444444444444444444444444
222222222222222222222222
777777777777777777777777
777777777777777777777777
666666666666666666666666
444444444444444444444444
555555555555555555555555
777777777777777777777777
666666666666666666666666
444444444444444444444444
777777777777777777777777
666666666666666666666666
777777777777777777777777
777777777777777777777777
666666666666666666666666
555555555555555555555555
555555555555555555555555
444444444444444444444444
444444444444444444444444
555555555555555555555555
444444444444444444444444
333333333333333333333333
777777777777777777777777
777777777777777777777777
666666666666666666666666
444444444444444444444444
555555555555555555555555
777777777777777777777777
666666666666666666666666
444444444444444444444444
777777777777777777777777
666666666666666666666666
777777777777777777777777
777777777777777777777777
666666666666666666666666
555555555555555555555555
555555555555555555555555
444444444444444444444444
444444444444444444444444
555555555555555555555555
444444444444444444444444
444444444444444444444444
444444444444444444444444
777777777777777777777777
666666666666666666666666
444444444444444444444444
555555555555555555555555
777777777777777777777777
666666666666666666666666
444444444444444444444444
777777777777777777777777
666666666666666666666666
777777777777777777777777
777777777777777777777777
666666666666666666666666
555555555555555555555555
555555555555555555555555
444444444444444444444444
444444444444444444444444
555555555555555555555555
444444444444444444444444
444444444444444444444444
555555555555555555555555
777777777777777777777777
666666666666666666666666
444444444444444444444444
555555555555555555555555
777777777777777777777777
666666666666666666666666
444444444444444444444444
777777777777777777777777
666666666666666666666666
777777777777777777777777
777777777777777777777777
666666666666666666666666
555555555555555555555555
555555555555555555555555
444444444444444444444444
444444444444444444444444
555555555555555555555555
444444444444444444444444
444444444444444444444444
555555555555555555555555
777777777777777777777777
666666666666666666666666
222222222222222222222222
555555555555555555555555
777777777777777777777777
666666666666666666666666
444444444444444444444444
777777777777777777777777
666666666666666666666666
777777777777777777777777
777777777777777777777777
666666666666666666666666
555555555555555555555555
555555555555555555555555
444444444444444444444444
444444444444444444444444
555555555555555555555555
444444444444444444444444
444444444444444444444444
555555555555555555555555
777777777777777777777777
666666666666666666666666
333333333333333333333333
555555555555555555555555
777777777777777777777777
666666666666666666666666
444444444444444444444444
777777777777777777777777
666666666666666666666666
777777777777777777777777
777777777777777777777777
666666666666666666666666
555555555555555555555555
555555555555555555555555
444444444444444444444444
444444444444444444444444
555555555555555555555555
444444444444444444444444
444444444444444444444444
555555555555555555555555
444444444444444444444444
666666666666666666666666
444444444444444444444444
555555555555555555555555
777777777777777777777777
666666666666666666666666
444444444444444444444444
777777777777777777777777
666666666666666666666666
777777777777777777777777
777777777777777777777777
666666666666666666666666
555555555555555555555555
555555555555555555555555
222222222222222222222222
444444444444444444444444
555555555555555555555555
444444444444444444444444
444444444444444444444444
555555555555555555555555
444444444444444444444444
666666666666666666666666
444444444444444444444444
555555555555555555555555
777777777777777777777777
666666666666666666666666
444444444444444444444444
777777777777777777777777
666666666666666666666666
777777777777777777777777
777777777777777777777777
666666666666666666666666
555555555555555555555555
555555555555555555555555
333333333333333333333333
444444444444444444444444
555555555555555555555555
444444444444444444444444
444444444444444444444444
555555555555555555555555
444444444444444444444444
666666666666666666666666
444444444444444444444444
555555555555555555555555
777777777777777777777777
666666666666666666666666
444444444444444444444444
444444444444444444444444
666666666666666666666666
777777777777777777777777
777777777777777777777777
666666666666666666666666
555555555555555555555555
555555555555555555555555
444444444444444444444444
444444444444444444444444
555555555555555555555555
444444444444444444444444
444444444444444444444444
555555555555555555555555
444444444444444444444444
666666666666666666666666
444444444444444444444444
555555555555555555555555
777777777777777777777777
666666666666666666666666
444444444444444444444444
555555555555555555555555
666666666666666666666666
777777777777777777777777
777777777777777777777777
666666666666666666666666
555555555555555555555555
555555555555555555555555
444444444444444444444444
444444444444444444444444
555555555555555555555555
444444444444444444444444
444444444444444444444444
555555555555555555555555
444444444444444444444444
666666666666666666666666
444444444444444444444444
555555555555555555555555
777777777777777777777777
666666666666666666666666
444444444444444444444444
666666666666666666666666
666666666666666666666666
777777777777777777777777
777777777777777777777777
666666666666666666666666
555555555555555555555555
555555555555555555555555
444444444444444444444444
444444444444444444444444
555555555555555555555555
444444444444444444444444
444444444444444444444444
555555555555555555555555
444444444444444444444444
666666666666666666666666
444444444444444444444444
555555555555555555555555
777777777777777777777777
666666666666666666666666
444444444444444444444444
666666666666666666666666
666666666666666666666666
777777777777777777777777
777777777777777777777777
666666666666666666666666
555555555555555555555555
555555555555555555555555
444444444444444444444444
444444444444444444444444
555555555555555555555555
222222222222222222222222
444444444444444444444444
555555555555555555555555
444444444444444444444444
666666666666666666666666
444444444444444444444444
555555555555555555555555
777777777777777777777777
666666666666666666666666
444444444444444444444444
666666666666666666666666
666666666666666666666666
777777777777777777777777
777777777777777777777777
666666666666666666666666
555555555555555555555555
555555555555555555555555
444444444444444444444444
444444444444444444444444
555555555555555555555555
333333333333333333333333
444444444444444444444444
555555555555555555555555
444444444444444444444444
666666666666666666666666
444444444444444444444444
555555555555555555555555
777777777777777777777777
666666666666666666666666
444444444444444444444444
666666666666666666666666
666666666666666666666666
777777777777777777777777
777777777777777777777777
666666666666666666666666
555555555555555555555555
555555555555555555555555
444444444444444444444444
222222222222222222222222
555555555555555555555555
333333333333333333333333
444444444444444444444444
555555555555555555555555
444444444444444444444444
666666666666666666666666
444444444444444444444444
555555555555555555555555
777777777777777777777777
666666666666666666666666
444444444444444444444444
666666666666666666666666
666666666666666666666666
777777777777777777777777
777777777777777777777777
666666666666666666666666
555555555555555555555555
555555555555555555555555
444444444444444444444444
333333333333333333333333
555555555555555555555555
333333333333333333333333
444444444444444444444444
555555555555555555555555
444444444444444444444444
666666666666666666666666
444444444444444444444444
555555555555555555555555
777777777777777777777777
666666666666666666666666
444444444444444444444444
666666666666666666666666
666666666666666666666666
777777777777777777777777
444444444444444444444444
666666666666666666666666
555555555555555555555555
555555555555555555555555
444444444444444444444444
444444444444444444444444
555555555555555555555555
333333333333333333333333
444444444444444444444444
555555555555555555555555
444444444444444444444444
666666666666666666666666
444444444444444444444444
555555555555555555555555
777777777777777777777777
666666666666666666666666
444444444444444444444444
666666666666666666666666
666666666666666666666666
777777777777777777777777
555555555555555555555555
666666666666666666666666
555555555555555555555555
555555555555555555555555
444444444444444444444444
444444444444444444444444
555555555555555555555555
333333333333333333333333
444444444444444444444444
555555555555555555555555
444444444444444444444444
666666666666666666666666
444444444444444444444444
555555555555555555555555
777777777777777777777777
666666666666666666666666
444444444444444444444444
666666666666666666666666
666666666666666666666666
777777777777777777777777
666666666666666666666666
666666666666666666666666
555555555555555555555555
555555555555555555555555
444444444444444444444444
444444444444444444444444
555555555555555555555555
333333333333333333333333
444444444444444444444444
555555555555555555555555
444444444444444444444444
666666666666666666666666
444444444444444444444444
555555555555555555555555
777777777777777777777777
666666666666666666666666
444444444444444444444444
666666666666666666666666
666666666666666666666666
777777777777777777777777
666666666666666666666666
666666666666666666666666
555555555555555555555555
555555555555555555555555
444444444444444444444444
444444444444444444444444
555555555555555555555555
333333333333333333333333
444444444444444444444444
555555555555555555555555
444444444444444444444444
666666666666666666666666
444444444444444444444444
555555555555555555555555
444444444444444444444444
666666666666666666666666
444444444444444444444444
666666666666666666666666
666666666666666666666666
777777777777777777777777
666666666666666666666666
666666666666666666666666
555555555555555555555555
555555555555555555555555
444444444444444444444444
444444444444444444444444
555555555555555555555555
333333333333333333333333
444444444444444444444444
555555555555555555555555
222222222222222222222222
666666666666666666666666
444444444444444444444444
555555555555555555555555
444444444444444444444444
666666666666666666666666
444444444444444444444444
666666666666666666666666
666666666666666666666666
777777777777777777777777
666666666666666666666666
666666666666666666666666
555555555555555555555555
555555555555555555555555
444444444444444444444444
444444444444444444444444
555555555555555555555555
333333333333333333333333
444444444444444444444444
555555555555555555555555
333333333333333333333333
666666666666666666666666
444444444444444444444444
555555555555555555555555
444444444444444444444444
666666666666666666666666
444444444444444444444444
666666666666666666666666
666666666666666666666666
777777777777777777777777
666666666666666666666666
666666666666666666666666
555555555555555555555555
555555555555555555555555
444444444444444444444444
444444444444444444444444
555555555555555555555555
333333333333333333333333
444444444444444444444444
555555555555555555555555
444444444444444444444444
666666666666666666666666
444444444444444444444444
555555555555555555555555
222222222222222222222222
666666666666666666666666
444444444444444444444444
666666666666666666666666
666666666666666666666666
777777777777777777777777
666666666666666666666666
666666666666666666666666
555555555555555555555555
555555555555555555555555
444444444444444444444444
444444444444444444444444
555555555555555555555555
333333333333333333333333
444444444444444444444444
555555555555555555555555
444444444444444444444444
666666666666666666666666
444444444444444444444444
555555555555555555555555
333333333333333333333333
666666666666666666666666
444444444444444444444444
666666666666666666666666
666666666666666666666666
777777777777777777777777
666666666666666666666666
666666666666666666666666
555555555555555555555555
555555555555555555555555
444444444444444444444444
444444444444444444444444
555555555555555555555555
333333333333333333333333
444444444444444444444444
555555555555555555555555
444444444444444444444444
666666666666666666666666
444444444444444444444444
555555555555555555555555
444444444444444444444444
666666666666666666666666
444444444444444444444444
666666666666661111111111
666666666666661111111111
777777777777777711111111
666666666666666666111111
666666666666666666111111
555555555555555555111111
555555555555555555551111
444444444444444444441111
444444444444444444441111
555555555555555555551111
333333333333333333331111
444444444444444444441111
555555555555555555551111
444444444444444444441111
666666666666666666661111
444444444444444444444411
555555555555555555551111
444444444444444444444411
666666666666666666666611
444444444444444444444444
666666666666661111111111
666666666666661111111111
777777777777777711111111
666666666666666666111111
666666666666666666111111
555555555555555555111111
555555555555555555451111
444444444444444444441111
444444444444444444441111
555555555555555555551111
333333333333333333331111
444444444444444444441111
555555555555555555551111
444444444444444444441111
666666666666666666661111
444444444444444444444411
555555555555555555551111
444444444444444444444411
666666666666666666666611
444444444444444444444444
666666666666661111111111
666666666666661111111111
777777777777777711111111
666666666666666666111111
666666666666666666111111
555555555555555555111111
555555555555555545451111
444444444444444444441111
444444444444444444441111
555555555555555555551111
333333333333333333331111
444444444444444444441111
555555555555555555551111
444444444444444444441111
666666666666666666661111
444444444444444444444411
555555555555555555551111
444444444444444444444411
666666666666666666666611
444444444444444444444444
666666666666661111111111
666666666666661111111111
777777777777777711111111
666666666666666666111111
666666666666666666111111
555555555555555555111111
555555555555554545451111
444444444444444444441111
444444444444444444441111
555555555555555555551111
333333333333333333331111
444444444444444444441111
555555555555555555551111
444444444444444444441111
666666666666666666661111
444444444444444444444411
555555555555555555551111
444444444444444444444411
666666666666666666666611
444444444444444444444444
666666666666661111111111
666666666666661111111111
777777777777777711111111
666666666666666666111111
666666666666666666111111
555555555555555555111111
555555555555454545451111
444444444444444444441111
444444444444444444441111
555555555555555555551111
333333333333333333331111
444444444444444444441111
555555555555555555551111
444444444444444444441111
666666666666666666661111
444444444444444444444411
555555555555555555551111
444444444444444444444411
666666666666666666666611
444444444444444444444444
666666666666661111111111
666666666666661111111111
777777777777777711111111
666666666666666666111111
666666666666666666111111
555555555555555555111111
555555555555554545451111
444444444444444444441111
444444444444444444441111
555555555555555555551111
333333333333333333331111
444444444444444444441111
555555555555555555551111
444444444444444444441111
666666666666666666661111
444444444444444444444411
455555555555555555551111
444444444444444444444411
666666666666666666666611
444444444444444444444444
666666666666661111111111
666666666666661111111111
777777777777777711111111
666666666666666666111111
666666666666666666111111
555555555555555555111111
555555555555554545451111
444444444444444444441111
444444444444444444441111
555555555555555555551111
333333333333333333331111
444444444444444444441111
555555555555555555551111
444444444444444444441111
666666666666666666661111
444444444444444444444411
454555555555555555551111
444444444444444444444411
666666666666666666666611
444444444444444444444444
666666666666661111111111
666666666666661111111111
777777777777777711111111
666666666666666666111111
666666666666666656111111
555555555555555555111111
555555555555554545451111
444444444444444444441111
444444444444444444441111
555555555555555555551111
333333333333333333331111
444444444444444444441111
555555555555555555551111
444444444444444444441111
666666666666666666661111
444444444444444444444411
455555555555555555551111
444444444444444444444411
666666666666666666666611
444444444444444444444444
666666666666661111111111
666666666666661111111111
777777777777777711111111
666666666666666666111111
666666666666665656111111
555555555555555555111111
555555555555554545451111
444444444444444444441111
444444444444444444441111
555555555555555555551111
333333333333333333331111
444444444444444444441111
555555555555555555551111
444444444444444444441111
666666666666666666661111
444444444444444444444411
455555555555555555551111
444444444444444444444411
666666666666666666666611
444444444444444444444444
666666666666661111111111
666666666666661111111111
777777777777777711111111
666666666666666666111111
666666666666565656111111
555555555555555555111111
555555555555554545451111
444444444444444444441111
444444444444444444441111
555555555555555555551111
333333333333333333331111
444444444444444444441111
555555555555555555551111
444444444444444444441111
666666666666666666661111
444444444444444444444411
455555555555555555551111
444444444444444444444411
666666666666666666666611
444444444444444444444444
666666666666661111111111
666666666666661111111111
777777777777777711111111
666666666666666666111111
666666666656565656111111
555555555555555555111111
555555555555554545451111
444444444444444444441111
444444444444444444441111
555555555555555555551111
333333333333333333331111
444444444444444444441111
555555555555555555551111
444444444444444444441111
666666666666666666661111
444444444444444444444411
455555555555555555551111
444444444444444444444411
666666666666666666666611
444444444444444444444444
666666666666661111111111
666666666666661111111111
777777777777777711111111
666666666666666666111111
666666665656565656111111
555555555555555555111111
555555555555554545451111
444444444444444444441111
444444444444444444441111
555555555555555555551111
333333333333333333331111
444444444444444444441111
555555555555555555551111
444444444444444444441111
666666666666666666661111
444444444444444444444411
455555555555555555551111
444444444444444444444411
666666666666666666666611
444444444444444444444444
666666666666661111111111
666666666666661111111111
777777777777777711111111
666666666666666666111111
666666565656565656111111
555555555555555555111111
555555555555554545451111
444444444444444444441111
444444444444444444441111
555555555555555555551111
333333333333333333331111
444444444444444444441111
555555555555555555551111
444444444444444444441111
666666666666666666661111
444444444444444444444411
455555555555555555551111
444444444444444444444411
666666666666666666666611
444444444444444444444444
666666666666661111111111
666666666666661111111111
777777777777777711111111
666666666666666666111111
666656565656565656111111
555555555555555555111111
555555555555554545451111
444444444444444444441111
444444444444444444441111
555555555555555555551111
333333333333333333331111
444444444444444444441111
555555555555555555551111
444444444444444444441111
666666666666666666661111
444444444444444444444411
455555555555555555551111
444444444444444444444411
666666666666666666666611
444444444444444444444444
666666666666661111111111
666666666666661111111111
777777777777777711111111
666666666666666666111111
665656565656565656111111
555555555555555555111111
555555555555554545451111
444444444444444444441111
444444444444444444441111
555555555555555555551111
333333333333333333331111
444444444444444444441111
555555555555555555551111
444444444444444444441111
666666666666666666661111
444444444444444444444411
455555555555555555551111
444444444444444444444411
666666666666666666666611
444444444444444444444444
666666666666661111111111
666666666666561111111111
777777777777777711111111
666666666666666666111111
666656565656565656111111
555555555555555555111111
555555555555554545451111
444444444444444444441111
444444444444444444441111
555555555555555555551111
333333333333333333331111
444444444444444444441111
555555555555555555551111
444444444444444444441111
666666666666666666661111
444444444444444444444411
455555555555555555551111
444444444444444444444411
666666666666666666666611
444444444444444444444444
666666666666661111111111
566666666666661111111111
777777777777777711111111
666666666666666666111111
666656565656565656111111
555555555555555555111111
555555555555554545451111
444444444444444444441111
444444444444444444441111
555555555555555555551111
333333333333333333331111
444444444444444444441111
555555555555555555551111
444444444444444444441111
666666666666666666661111
444444444444444444444411
455555555555555555551111
444444444444444444444411
666666666666666666666611
444444444444444444444444
666666666666661111111111
666666666666661111111111
777777777777776711111111
666666666666666666111111
666656565656565656111111
555555555555555555111111
555555555555554545451111
444444444444444444441111
444444444444444444441111
555555555555555555551111
333333333333333333331111
444444444444444444441111
555555555555555555551111
444444444444444444441111
666666666666666666661111
444444444444444444444411
455555555555555555551111
444444444444444444444411
666666666666666666666611
444444444444444444444444
666666666666661111111111
666666666666661111111111
777777777777676711111111
666666666666666666111111
666656565656565656111111
555555555555555555111111
555555555555554545451111
444444444444444444441111
444444444444444444441111
555555555555555555551111
333333333333333333331111
444444444444444444441111
555555555555555555551111
444444444444444444441111
666666666666666666661111
444444444444444444444411
455555555555555555551111
444444444444444444444411
666666666666666666666611
444444444444444444444444
666666666666661111111111
666666666666661111111111
777777777777776711111111
666666666666666666111111
666656565656565656111111
555555555555555555111111
555555555555554545451111
444444444444444444441111
444444444444444444441111
555555555555555555551111
333333333333333333331111
444444444444444444441111
555555555555555555551111
444444444444444444441111
666666666666666666661111
444444444444444444444411
355555555555555555551111
444444444444444444444411
666666666666666666666611
444444444444444444444444
666666666666661111111111
666666666666661111111111
777777777777776711111111
666666666666666666111111
666656565656565656111111
555555555555555555111111
555555555555554545451111
444444444444444444441111
444444444444444444441111
555555555555555555551111
333333333333333333331111
444444444444444444441111
555555555555555555551111
444444444444444444441111
666666666666666666661111
444444444444444444444411
455555555555555555551111
444444444444444444444411
666666666666666666666611
444444444444444444444434
666666666666661111111111
666666666666661111111111
777777777777776711111111
666666666666666666111111
666656565656565656111111
555555555555555555111111
555555555555554545451111
444444444444444444441111
444444444444444444441111
555555555555555555551111
333333333333333333331111
444444444444444444441111
555555555555555555551111
444444444444444444441111
666666666666666666661111
444444444444444444444411
455555555555555555551111
444444444444444444444411
666666666666666666666611
344444444444444444444434
666666666666661111111111
666666666666661111111111
777777777777776711111111
666666666666666666111111
666656565656565656111111
555555555555555555111111
555555555555554545451111
444444444444444444441111
444444444444444444441111
555555555555555555551111
333333333333333333331111
444444444444444444441111
555555555555555555551111
444444444444444444441111
666666666666666666661111
444444444444444444444411
455555555555555555551111
444444444444444444444411
666666666666666666666611
444444444444444444443434
666666666666661111111111
666666666666661111111111
777777777777776711111111
666666666666666666111111
666656565656565656111111
555555555555555555111111
555555555555554545451111
444444444444444444441111
444444444444444444441111
555555555555555555551111
333333333333333333331111
444444444444444444441111
555555555555555555551111
444444444444444444441111
666666666666666666661111
444444444444444444444411
455555555555555555551111
444444444444444444444411
666666666666666666666611
444444444444444444343434
666666666666661111111111
666666666666661111111111
777777777777776711111111
666666666666666666111111
666656565656565656111111
555555555555555555111111
555555555555554545451111
444444444444444444441111
444444444444444444441111
555555555555555555551111
333333333333333333331111
444444444444444444441111
555555555555555555551111
444444444444444444441111
666666666666666666661111
444444444444444444444411
455555555555555555551111
444444444444444444444411
666666666666666666666611
444444444444444434443434
666666666666661111111111
666666666666661111111111
777777777777776711111111
666666666666666666111111
666656565656565656111111
555555555555555555111111
555555555555554545451111
444444444444444444441111
444444444444444444441111
555555555555555555551111
333333333333333333331111
444444444444444444441111
555555555555555555551111
444444444444444444441111
666666666666666666661111
444444444444444444444411
455555555555555555551111
444444444444444444444411
666666666666666666666611
444444444444443444443434
666666666666661111111111
666666666666661111111111
777777777777776711111111
666666666666666666111111
666656565656565656111111
555555555555555555111111
555555555555554545451111
444444444444444444441111
444444444444444444441111
555555555555555555551111
333333333333333333331111
444444444444444444441111
555555555555555555551111
444444444444444444441111
666666666666666666661111
444444444444444444444411
455555555555555555551111
444444444444444444444411
666666666666666666666611
444444444444344444443434
666666666666661111111111
666666666666661111111111
777777777777776711111111
666666666666666666111111
666656565656565656111111
555555555555555555111111
555555555555554545451111
444444444444444444441111
444444444444444444441111
555555555555555555551111
333333333333333333331111
444444444444444444441111
555555555555555555551111
444444444444444444441111
666666666666666666661111
444444444444444444444411
455555555555555555551111
444444444444444444444411
666666666666666666666611
444444444434444444443434
666666666666661111111111
666666666666661111111111
777777777777776711111111
666666666666666666111111
666656565656565656111111
555555555555555555111111
555555555555554545451111
444444444444444444441111
444444444444444444441111
555555555555555555551111
333333333333333333331111
444444444444444444441111
555555555555555555551111
444444444444444444441111
666666666666666666661111
444444444444444444444411
455555555555555555551111
444444444444444444444411
666666666666666666666611
444444443444444444443434
666666666666661111111111
666666666666661111111111
777777777777776711111111
666666666666666666111111
666656565656565656111111
555555555555555555111111
555555555555554545451111
444444444444444444441111
444444444444444444441111
555555555555555555551111
333333333333333333331111
444444444444444444441111
555555555555555555551111
444444444444444444441111
666666666666666666661111
444444444444444444444411
455555555555555555551111
444444444444444444444411
666666666666666666666611
444444344444444444443434
666666666666661111111111
666666666666661111111111
777777777777776711111111
666666666666666666111111
666656565656565656111111
555555555555555555111111
555555555555554545451111
444444444444444444441111
444444444444444444441111
555555555555555555551111
333333333333333333331111
444444444444444444441111
555555555555555555551111
444444444444444444441111
666666666666666666661111
444444444444444444444411
455555555555555555551111
444444444444444444444411
666666666666666666666611
444434444444444444443434
666666666666661111111111
666666666666661111111111
777777777777776711111111
666666666666666666111111
666656565656565656111111
555555555555555555111111
555555555555554545451111
444444444444444444441111
444444444444444444441111
555555555555555555551111
333333333333333333331111
444444444444444444441111
555555555555555555551111
444444444444444444441111
666666666666666666661111
444444444444444444444411
455555555555555555551111
444444444444444444444411
666666666666666666666611
443444444444444444443434
666666666666661111111111
666666666666661111111111
777777777777776711111111
666666666666666666111111
666656565656565656111111
555555555555555555111111
555555555555554545451111
444444444444444444441111
444444444444444444441111
555555555555555555551111
333333333333333333331111
444444444444444444441111
555555555555555555551111
444444444444444444441111
566666666666666666661111
444444444444444444444411
455555555555555555551111
444444444444444444444411
666666666666666666666611
444444444444444444443434
666666666666661111111111
666666666666661111111111
777777777777776711111111
666666666666666666111111
666656565656565656111111
555555555555555555111111
555555555555554545451111
444444444444444444441111
444444444444444444441111
555555555555555555551111
333333333333333333331111
444444444444444444441111
555555555555555555551111
444444444444444444441111
666666666666666666561111
444444444444444444444411
455555555555555555551111
444444444444444444444411
666666666666666666666611
444444444444444444443434
666666666666661111111111
666666666666661111111111
777777777777776711111111
666666666666666666111111
666656565656565656111111
555555555555555555111111
555555555555554545451111
444444444444444444441111
444444444444444444441111
555555555555555555551111
333333333333333333331111
444444444444444444441111
555555555555555555551111
444444444444444444441111
666666666666666656561111
444444444444444444444411
455555555555555555551111
444444444444444444444411
666666666666666666666611
444444444444444444443434
666666666666661111111111
666666666666661111111111
777777777777776711111111
666666666666666666111111
666656565656565656111111
555555555555555555111111
555555555555554545451111
444444444444444444441111
444444444444444444441111
555555555555555555551111
333333333333333333331111
444444444444444444441111
555555555555555555551111
444444444444444444441111
666666666666665656561111
444444444444444444444411
455555555555555555551111
444444444444444444444411
666666666666666666666611
444444444444444444443434
666666666666661111111111
666666666666661111111111
777777777777776711111111
666666666666666666111111
666656565656565656111111
555555555555555555111111
555555555555554545451111
444444444444444444441111
444444444444444444441111
555555555555555555551111
333333333333333333331111
444444444444444444441111
555555555555555555551111
444444444444444444441111
666666666666565656561111
444444444444444444444411
455555555555555555551111
444444444444444444444411
666666666666666666666611
444444444444444444443434
666666666666661111111111
666666666666661111111111
777777777777776711111111
666666666666666666111111
666656565656565656111111
555555555555555555111111
555555555555554545451111
444444444444444444441111
444444444444444444441111
555555555555555555551111
333333333333333333331111
444444444444444444441111
555555555555555555551111
444444444444444444441111
666666666656565656561111
444444444444444444444411
455555555555555555551111
444444444444444444444411
666666666666666666666611
444444444444444444443434
666666666666661111111111
666666666666661111111111
777777777777776711111111
666666666666666666111111
666656565656565656111111
555555555555555555111111
555555555555554545451111
444444444444444444441111
444444444444444444441111
555555555555555555551111
333333333333333333331111
444444444444444444441111
555555555555555555551111
444444444444444444441111
666666665656565656561111
444444444444444444444411
455555555555555555551111
444444444444444444444411
666666666666666666666611
444444444444444444443434
666666666666661111111111
666666666666661111111111
777777777777776711111111
666666666666666666111111
666656565656565656111111
555555555555555555111111
555555555555554545451111
444444444444444444441111
444444444444444444441111
555555555555555555551111
333333333333333333331111
444444444444444444441111
555555555555555555551111
444444444444444444441111
666666565656565656561111
444444444444444444444411
455555555555555555551111
444444444444444444444411
666666666666666666666611
444444444444444444443434
666666666666661111111111
666666666666661111111111
777777777777776711111111
666666666666666666111111
666656565656565656111111
555555555555555555111111
555555555555554545451111
444444444444444444441111
444444444444444444441111
555555555555555555551111
333333333333333333331111
444444444444444444441111
555555555555555555551111
444444444444444444441111
666656565656565656561111
444444444444444444444411
455555555555555555551111
444444444444444444444411
666666666666666666666611
444444444444444444443434
666666666666661111111111
666666666666661111111111
777777777777776711111111
666666666666666666111111
666656565656565656111111
555555555555555555111111
555555555555554545451111
444444444444444444441111
444444444444444444441111
555555555555555555551111
333333333333333333331111
444444444444444444441111
555555555555555555551111
444444444444444444441111
665656565656565656561111
444444444444444444444411
455555555555555555551111
444444444444444444444411
666666666666666666666611
444444444444444444443434
