3035770078
16 16 50
66666666666666666666666666666666
66666666666666666666666666666666
66666666666666666666666666666666
66666666666666666666666666666666
66666666666666666666666666666666
66666666666666666666666666666666
66666666666666666666666666666666
66666666666666666666666666666666
66666666666666666666666666666666
66666666666666666666666666666666
66666666666666666666666666666666
66666666666666666666666666666666
66666666666666666666666666666666
66666666666666666666666666666666
66666666666666666666666666666666
66666666666666666666666666666666
77777777777777777777777777777777
77777777777777777777777777777777
77777777777777777777777777777777
77777777777777777777777777777777
77777777777777777777777777777777
77777777777777777777777777777777
77777777777777777777777777777777
77777777777777777777777777777777
77777777777777777777777777777777
77777777777777777777777777777777
77777777777777777777777777777777
77777777777777777777777777777777
77777777777777777777777777777777
77777777777777777777777777777777
77777777777777777777777777777777
77777777777777777777777777777777
77777777777777777777777777777777
77777777777777777777777777777777
77777777777777777777777777777777
77777777777777777777777777777777
77777777777777777777777777777777
77777777777777777777777777777777
77777777777777777777777777777777
77777777777777777777777777777777
77777777777777777777777777777777
77777777777777777777777777777777
77777777777777777777777777777777
77777777777777777777777777777777
77777777777777777777777777777777
44444444444444444444444444444444
77777777777777777777777777777777
77777777777777777777777777777777
77777777777777777777777777777777
77777777777777777777777777777777
77777777777777777777777777777777
77777777777777777777777777777777
77777777777777777777777777777777
77777777777777777777777777777777
77777777777777777777777777777777
77777777777777777777777777777777
77777777777777777777777777777777
77777777777777777777777777777777
77777777777777777777777777777777
77777777777777777777777777777777
77777777777777777777777777777777
55555555555555555555555555555555
77777777777777777777777777777777
77777777777777777777777777777777
77777777777777777777777777777777
77777777777777777777777777777777
77777777777777777777777777777777
77777777777777777777777777777777
77777777777777777777777777777777
77777777777777777777777777777777
77777777777777777777777777777777
77777777777777777777777777777777
77777777777777777777777777777777
77777777777777777777777777777777
77777777777777777777777777777777
77777777777777777777777777777777
44444444444444444444444444444444
55555555555555555555555555555555
77777777777777777777777777777777
77777777777777777777777777777777
77777777777777777777777777777777
77777777777777777777777777777777
44444444444444444444444444444444
77777777777777777777777777777777
77777777777777777777777777777777
77777777777777777777777777777777
77777777777777777777777777777777
77777777777777777777777777777777
77777777777777777777777777777777
77777777777777777777777777777777
77777777777777777777777777777777
77777777777777777777777777777777
44444444444444444444444444444444
55555555555555555555555555555555
77777777777777777777777777777777
77777777777777777777777777777777
77777777777777777777777777777777
77777777777777777777777777777777
44444444444444444444444444444444
77777777777777777777777777777777
77777777777777777777777777777777
77777777777777777777777777777777
77777777777777777777777777777777
77777777777777777777777777777777
77777777777777777777777777777777
77777777777777777777777777777777
77777777777777777777777777777777
44444444444444444444444444444444
44444444444444444444444444444444
55555555555555555555555555555555
77777777777777777777777777777777
77777777777777777777777777777777
77777777777777777777777777777777
77777777777777777777777777777777
44444444444444444444444444444444
77777777777777777777777777777777
77777777777777777777777777777777
77777777777777777777777777777777
77777777777777777777777777777777
77777777777777777777777777777777
77777777777777777777777777777777
77777777777777777777777777777777
77777777777777777777777777777777
55555555555555555555555555555555
44444444444444444444444444444444
55555555555555555555555555555555
77777777777777777777777777777777
77777777777777777777777777777777
77777777777777777777777777777777
77777777777777777777777777777777
44444444444444444444444444444444
77777777777777777777777777777777
77777777777777777777777777777777
44444444444444444444444444444444
77777777777777777777777777777777
77777777777777777777777777777777
77777777777777777777777777777777
77777777777777777777777777777777
77777777777777777777777777777777
55555555555555555555555555555555
44444444444444444444444444444444
55555555555555555555555555555555
77777777777777777777777777777777
77777777777777777777777777777777
77777777777777777777777777777777
77777777777777777777777777777777
44444444444444444444444444444444
77777777777777777777777777777777
77777777777777777777777777777777
55555555555555555555555555555555
77777777777777777777777777777777
77777777777777777777777777777777
77777777777777777777777777777777
77777777777777777777777777777777
77777777777777777777777777777777
55555555555555555555555555555555
44444444444444444444444444444444
55555555555555555555555555555555
77777777777777777777777777777777
77777777777777777777777777777777
77777777777777777777777777777777
77777777777777777777777777777777
44444444444444444444444444444444
77777777777777777777777777777777
77777777777777777777777777777777
66666666666666666666666666666666
77777777777777777777777777777777
77777777777777777777777777777777
77777777777777777777777777777777
77777777777777777777777777777777
77777777777777777777777777777777
55555555555555555555555555555555
44444444444444444444444444444444
55555555555555555555555555555555
77777777777777777777777777777777
77777777777777777777777777777777
77777777777777777777777777777777
77777777777777777777777777777777
44444444444444444444444444444444
77777777777777777777777777777777
77777777777777777777777777777777
77777777777777777777777777777777
77777777777777777777777777777777
77777777777777777777777777777777
77777777777777777777777777777777
44444444444444444444444444444444
77777777777777777777777777777777
55555555555555555555555555555555
44444444444444444444444444444444
55555555555555555555555555555555
77777777777777777777777777777777
77777777777777777777777777777777
77777777777777777777777777777777
77777777777777777777777777777777
44444444444444444444444444444444
77777777777777777777777777777777
77777777777777777777777777777777
77777777777777777777777777777777
77777777777777777777777777777777
77777777777777777777777777777777
77777777777777777777777777777777
55555555555555555555555555555555
77777777777777777777777777777777
55555555555555555555555555555555
44444444444444444444444444444444
55555555555555555555555555555555
77777777777777777777777777777777
77777777777777777777777777777777
77777777777777777777777777777777
77777777777777777777777777777777
44444444444444444444444444444444
77777777777777777777777777777777
77777777777777777777777777777777
77777777777777777777777777777777
77777777777777777777777777777777
77777777777777777777777777777777
44444444444444444444444444444444
55555555555555555555555555555555
77777777777777777777777777777777
55555555555555555555555555555555
44444444444444444444444444444444
55555555555555555555555555555555
77777777777777777777777777777777
77777777777777777777777777777777
77777777777777777777777777777777
77777777777777777777777777777777
44444444444444444444444444444444
77777777777777777777777777777777
77777777777777777777777777777777
77777777777777777777777777777777
77777777777777777777777777777777
77777777777777777777777777777777
44444444444444444444444444444444
55555555555555555555555555555555
77777777777777777777777777777777
55555555555555555555555555555555
44444444444444444444444444444444
55555555555555555555555555555555
77777777777777777777777777777777
44444444444444444444444444444444
77777777777777777777777777777777
77777777777777777777777777777777
44444444444444444444444444444444
77777777777777777777777777777777
77777777777777777777777777777777
77777777777777777777777777777777
77777777777777777777777777777777
77777777777777777777777777777777
44444444444444444444444444444444
55555555555555555555555555555555
77777777777777777777777777777777
55555555555555555555555555555555
44444444444444444444444444444444
55555555555555555555555555555555
77777777777777777777777777777777
55555555555555555555555555555555
77777777777777777777777777777777
77777777777777777777777777777777
44444444444444444444444444444444
77777777777777777777777777777777
77777777777777777777777777777777
77777777777777777777777777777777
77777777777777777777777777777777
77777777777777777777777777777777
44444444444444444444444444444444
55555555555555555555555555555555
77777777777777777777777777777777
55555555555555555555555555555555
44444444444444444444444444444444
55555555555555555555555555555555
77777777777777777777777777777777
66666666666666666666666666666666
77777777777777777777777777777777
77777777777777777777777777777777
44444444444444444444444444444444
77777777777777777777777777777777
77777777777777777777777777777777
77777777777777777777777777777777
77777777777777777777777777777777
77777777777777777777777777777777
44444444444444444444444444444444
55555555555555555555555555555555
77777777777777777777777777777777
55555555555555555555555555555555
44444444444444444444444444444444
55555555555555555555555555555555
44444444444444444444444444444444
66666666666666666666666666666666
77777777777777777777777777777777
77777777777777777777777777777777
44444444444444444444444444444444
77777777777777777777777777777777
77777777777777777777777777777777
77777777777777777777777777777777
77777777777777777777777777777777
77777777777777777777777777777777
44444444444444444444444444444444
55555555555555555555555555555555
77777777777777777777777777777777
55555555555555555555555555555555
44444444444444444444444444444444
55555555555555555555555555555555
55555555555555555555555555555555
66666666666666666666666666666666
77777777777777777777777777777777
77777777777777777777777777777777
44444444444444444444444444444444
77777777777777777777777777777777
77777777777777777777777777777777
77777777777777777777777777777777
77777777777777777777777777777777
77777777777777777777777777777777
44444444444444444444444444444444
55555555555555555555555555555555
77777777777777777777777777777777
55555555555555555555555555555555
22222222222222222222222222222222
55555555555555555555555555555555
55555555555555555555555555555555
66666666666666666666666666666666
77777777777777777777777777777777
77777777777777777777777777777777
44444444444444444444444444444444
77777777777777777777777777777777
77777777777777777777777777777777
77777777777777777777777777777777
77777777777777777777777777777777
77777777777777777777777777777777
44444444444444444444444444444444
55555555555555555555555555555555
77777777777777777777777777777777
55555555555555555555555555555555
33333333333333333333333333333333
55555555555555555555555555555555
55555555555555555555555555555555
66666666666666666666666666666666
77777777777777777777777777777777
77777777777777777777777777777777
44444444444444444444444444444444
77777777777777777777777777777777
77777777777777777777777777777777
77777777777777777777777777777777
77777777777777777777777777777777
44444444444444444444444444444444
44444444444444444444444444444444
55555555555555555555555555555555
77777777777777777777777777777777
55555555555555555555555555555555
44444444444444444444444444444444
55555555555555555555555555555555
55555555555555555555555555555555
66666666666666666666666666666666
77777777777777777777777777777777
77777777777777777777777777777777
44444444444444444444444444444444
77777777777777777777777777777777
77777777777777777777777777777777
77777777777777777777777777777777
77777777777777777777777777777777
55555555555555555555555555555555
44444444444444444444444444444444
55555555555555555555555555555555
77777777777777777777777777777777
55555555555555555555555555555555
44444444444444444444444444444444
55555555555555555555555555555555
55555555555555555555555555555555
66666666666666666666666666666666
77777777777777777777777777777777
77777777777777777777777777777777
44444444444444444444444444444444
77777777777777777777777777777777
77777777777777777777777777777777
77777777777777777777777777777777
77777777777777777777777777777777
66666666666666666666666666666666
44444444444444444444444444444444
55555555555555555555555555555555
77777777777777777777777777777777
55555555555555555555555555555555
44444444444444444444444444444444
55555555555555555555555555555555
55555555555555555555555555555555
66666666666666666666666666666666
77777777777777777777777777777777
77777777777777777777777777777777
44444444444444444444444444444444
44444444444444444444444444444444
77777777777777777777777777777777
77777777777777777777777777777777
77777777777777777777777777777777
66666666666666666666666666666666
44444444444444444444444444444444
55555555555555555555555555555555
77777777777777777777777777777777
55555555555555555555555555555555
44444444444444444444444444444444
55555555555555555555555555555555
55555555555555555555555555555555
66666666666666666666666666666666
44444444444444444444444444444444
77777777777777777777777777777777
44444444444444444444444444444444
44444444444444444444444444444444
77777777777777777777777777777777
77777777777777777777777777777777
77777777777777777777777777777777
66666666666666666666666666666666
44444444444444444444444444444444
55555555555555555555555555555555
77777777777777777777777777777777
55555555555555555555555555555555
44444444444444444444444444444444
55555555555555555555555555555555
55555555555555555555555555555555
66666666666666666666666666666666
55555555555555555555555555555555
77777777777777777777777777777777
44444444444444444444444444444444
44444444444444444444444444444444
77777777777777777777777777777777
77777777777777777777777777777777
77777777777777777777777777777777
66666666666666666666666666666666
44444444444444444444444444444444
55555555555555555555555555555555
77777777777777777777777777777777
55555555555555555555555555555555
44444444444444444444444444444444
55555555555555555555555555555555
55555555555555555555555555555555
66666666666666666666666666666666
55555555555555555555555555555555
77777777777777777777777777777777
22222222222222222222222222222222
44444444444444444444444444444444
77777777777777777777777777777777
77777777777777777777777777777777
77777777777777777777777777777777
66666666666666666666666666666666
44444444444444444444444444444444
55555555555555555555555555555555
77777777777777777777777777777777
55555555555555555555555555555555
44444444444444444444444444444444
55555555555555555555555555555555
55555555555555555555555555555555
66666666666666666666666666666666
55555555555555555555555555555555
77777777777777777777777777777777
33333333333333333333333333333333
44444444444444444444444444444444
77777777777777777777777777777777
77777777777777777777777777777777
77777777777777777777777777777777
66666666666666666666666666666666
44444444444444444444444444444444
55555555555555555555555555555555
77777777777777777777777777777777
55555555555555555555555555555555
44444444444444444444444444444444
55555555555555555555555555555555
55555555555555555555555555555555
66666666666666666666666666666666
55555555555555555555555555555555
77777777777777777777777777777777
44444444444444444444444444444444
44444444444444444444444444444444
44444444444444444444444444444444
77777777777777777777777777777777
77777777777777777777777777777777
66666666666666666666666666666666
44444444444444444444444444444444
55555555555555555555555555555555
77777777777777777777777777777777
55555555555555555555555555555555
44444444444444444444444444444444
55555555555555555555555555555555
55555555555555555555555555555555
66666666666666666666666666666666
55555555555555555555555555555555
44444444444444444444444444444444
44444444444444444444444444444444
44444444444444444444444444444444
44444444444444444444444444444444
77777777777777777777777777777777
77777777777777777777777777777777
66666666666666666666666666666666
44444444444444444444444444444444
55555555555555555555555555555555
77777777777777777777777777777777
55555555555555555555555555555555
44444444444444444444444444444444
55555555555555555555555555555555
55555555555555555555555555555555
66666666666666666666666666666666
55555555555555555555555555555555
44444444444444444444444444444444
44444444444444444444444444444444
44444444444444444444444444444444
44444444444444444444444444444444
77777777777777777777777777777777
77777777777777777777777777777777
66666666666666666666666666666666
22222222222222222222222222222222
55555555555555555555555555555555
77777777777777777777777777777777
55555555555555555555555555555555
44444444444444444444444444444444
55555555555555555555555555555555
55555555555555555555555555555555
66666666666666666666666666666666
55555555555555555555555555555555
44444444444444444444444444444444
44444444444444444444444444444444
44444444444444444444444444444444
44444444444444444444444444444444
77777777777777777777777777777777
77777777777777777777777777777777
66666666666666666666666666666666
33333333333333333333333333333333
55555555555555555555555555555555
77777777777777777777777777777777
55555555555555555555555555555555
44444444444444444444444444444444
55555555555555555555555555555555
55555555555555555555555555555555
66666666666666666666666666666666
55555555555555555555555555555555
44444444444444444444444444444444
44444444444444444444444444444444
44444444444444444444444444444444
44444444444444444444444444444444
77777777777777777777777777777777
77777777777777777777777777777777
66666666666666666666666666666666
44444444444444444444444444444444
55555555555555555555555555555555
44444444444444444444444444444444
55555555555555555555555555555555
44444444444444444444444444444444
55555555555555555555555555555555
55555555555555555555555555555555
66666666666666666666666666666666
55555555555555555555555555555555
44444444444444444444444444444444
44444444444444444444444444444444
44444444444444444444444444444444
44444444444444444444444444444444
77777777777777777777777777777777
44444444444444444444444444444444
66666666666666666666666666666666
44444444444444444444444444444444
55555555555555555555555555555555
44444444444444444444444444444444
55555555555555555555555555555555
44444444444444444444444444444444
55555555555555555555555555555555
55555555555555555555555555555555
66666666666666666666666666666666
55555555555555555555555555555555
44444444444444444444444444444444
44444444444444444444444444444444
22222222222222222222222222222222
44444444444444444444444444444444
77777777777777777777777777777777
44444444444444444444444444444444
66666666666666666666666666666666
44444444444444444444444444444444
55555555555555555555555555555555
44444444444444444444444444444444
55555555555555555555555555555555
44444444444444444444444444444444
55555555555555555555555555555555
55555555555555555555555555555555
66666666666666666666666666666666
55555555555555555555555555555555
44444444444444444444444444444444
44444444444444444444444444444444
33333333333333333333333333333333
44444444444444444444444444444444
77777777777777777777777777777777
44444444444444444444444444444444
66666666666666666666666666666666
44444444444444444444444444444444
55555555555555555555555555555555
44444444444444444444444444444444
55555555555555555555555555555555
44444444444444444444444444444444
55555555555555555555555555555555
55555555555555555555555555555555
66666666666666666666666666666666
55555555555555555555555555555555
44444444444444444444444444444444
44444444444444444444444444444444
44444444444444444444444444444444
22222222222222222222222222222222
77777777777777777777777777777777
44444444444444444444444444444444
66666666666666666666666666666666
44444444444444444444444444444444
55555555555555555555555555555555
44444444444444444444444444444444
55555555555555555555555555555555
44444444444444444444444444444444
55555555555555555555555555555555
55555555555555555555555555555555
66666666666666666666666666666666
55555555555555555555555555555555
44444444444444444444444444444444
44444444444444444444444444444444
44444444444444444444444444444444
33333333333333333333333333333333
77777777777777777777777777777777
44444444444444444444444444444444
66666666666666666666666666666666
44444444444444444444444444444444
55555555555555555555555555555555
44444444444444444444444444444444
55555555555555555555555555555555
44444444444444444444444444444444
55555555555555555555555555555555
55555555555555555555555555555555
66666666666666666666666666666666
55555555555555555555555555555555
22222222222222222222222222222222
44444444444444444444444444444444
44444444444444444444444444444444
44444444444444444444444444444444
77777777777777777777777777777777
44444444444444444444444444444444
66666666666666666666666666666666
44444444444444444444444444444444
55555555555555555555555555555555
44444444444444444444444444444444
55555555555555555555555555555555
44444444444444444444444444444444
55555555555555555555555555555555
55555555555555555555555555555555
66666666666666666666666666666666
55555555555555555555555555555555
33333333333333333333333333333333
44444444444444444444444444444444
44444444444444444444444444444444
44444444444444444444444444444444
77777777777777777777777777777777
44444444444444444444444444444444
66666666666666666666666666666666
44444444444444444444444444444444
55555555555555555555555555555555
44444444444444444444444444444444
55555555555555555555555555555555
44444444444444444444444444444444
55555555555555555555555555555555
55555555555555555555555555555555
66666666666666666666666666666666
55555555555555555555555555555555
44444444444444444444444444444444
44444444444444444444444444444444
44444444444444444444444444444444
44444444444444444444444444444444
77777777777777777777777777777777
44444444444444444444444444444444
66666666666666666666666666666666
44444444444444444444444444444444
55555555555555555555555555555555
22222222222222222222222222222222
55555555555555555555555555555555
44444444444444444444444444444444
55555555555555555555555555555555
55555555555555555555555555555555
66666666666666666666666666666666
55555555555555555555555555555555
44444444444444444444444444444444
44444444444444444444444444444444
44444444444444444444444444444444
44444444444444444444444444444444
77777777777777777777777777777777
44444444444444444444444444444444
66666666666666666666666666666666
44444444444444444444444444444444
55555555555555555555555555555555
33333333333333333333333333333333
55555555555555555555555555555555
44444444444444444444444444444444
55555555555555555555555555555555
55555555555555555555555555555555
66666666666666666666666666666666
55555555555555555555555555555555
44444444444444444444444444444444
44444444444444444444444444444444
44444444444444444444444444444444
44444444444444444444444444444444
77777777777777777777777777777777
22222222222222222222222222222222
66666666666666666666666666666666
44444444444444444444444444444444
55555555555555555555555555555555
44444444444444444444444444444444
55555555555555555555555555555555
44444444444444444444444444444444
55555555555555555555555555555555
55555555555555555555555555555555
66666666666666666666666666666666
55555555555555555555555555555555
44444444444444444444444444444444
44444444444444444444444444444444
44444444444444444444444444444444
44444444444444444444444444444444
77777777777777777777777777777777
33333333333333333333333333333333
66666666666666666666666666666666
44444444444444444444444444444444
55555555555555555555555555555555
44444444444444444444444444444444
55555555555555555555555555555555
44444444444444444444444444444444
55555555555555555555555555555555
55555555555555555555555555555555
66666666666666666666666666666666
55555555555555555555555555555555
44444444444444444444444444444444
44444444444444444444444444444444
44444444444444444444444444444444
44444444444444444444444444444444
77777777777777777777777777777777
44444444444444444444444444444444
66666666666666666666666666666666
44444444444444444444444444444444
55555555555555555555555555555555
44444444444444444444444444444444
55555555555555555555555555555555
44444444444444444444444444444444
55555555555555555555555555555555
55555555555555555555555555555555
66666666666666666666666666666666
55555555555511111111111111111111
44444444444411111111111111111111
44444444444444111111111111111111
44444444444444444444111111111111
44444444444444444444441111111111
77777777777777777777771111111111
44444444444444444444441111111111
66666666666666666666666611111111
44444444444444444444444411111111
55555555555555555555555555555511
44444444444444444444444444444411
55555555555555555555555555555511
44444444444444444444444444444411
55555555555555555555555555555511
55555555555555555555555555555511
66666666666666666666666666666611
55555555555511111111111111111111
44444444444411111111111111111111
44444444444444111111111111111111
44444444444444444444111111111111
44444444444444444444441111111111
77777777777777677777771111111111
44444444444444444444441111111111
66666666666666666666666611111111
44444444444444444444444411111111
55555555555555555555555555555511
44444444444444444444444444444411
55555555555555555555555555555511
44444444444444444444444444444411
55555555555555555555555555555511
55555555555555555555555555555511
66666666666666666666666666666611
55555555555511111111111111111111
44444444444411111111111111111111
44444444444444111111111111111111
44444444444444444444111111111111
44444444444444444444441111111111
77777777777777677777671111111111
44444444444444444444441111111111
66666666666666666666666611111111
44444444444444444444444411111111
55555555555555555555555555555511
44444444444444444444444444444411
55555555555555555555555555555511
44444444444444444444444444444411
55555555555555555555555555555511
55555555555555555555555555555511
66666666666666666666666666666611
55555555555511111111111111111111
44444444444411111111111111111111
44444444444444111111111111111111
44444444444444444444111111111111
44444444444444444444441111111111
77777777777767677777671111111111
44444444444444444444441111111111
66666666666666666666666611111111
44444444444444444444444411111111
55555555555555555555555555555511
44444444444444444444444444444411
55555555555555555555555555555511
44444444444444444444444444444411
55555555555555555555555555555511
55555555555555555555555555555511
66666666666666666666666666666611
