3462829180
15 12 100
666666666666666666666666
666666666666666666666666
666666666666666666666666
666666666666666666666666
666666666666666666666666
666666666666666666666666
666666666666666666666666
666666666666666666666666
666666666666666666666666
666666666666666666666666
666666666666666666666666
666666666666666666666666
666666666666666666666666
666666666666666666666666
666666666666666666666666
777777777777777777777777
777777777777777777777777
777777777777777777777777
777777777777777777777777
777777777777777777777777
777777777777777777777777
777777777777777777777777
777777777777777777777777
777777777777777777777777
777777777777777777777777
777777777777777777777777
777777777777777777777777
777777777777777777777777
777777777777777777777777
777777777777777777777777
777777777777777777777777
777777777777777777777777
444444444444444444444444
777777777777777777777777
777777777777777777777777
777777777777777777777777
777777777777777777777777
777777777777777777777777
777777777777777777777777
777777777777777777777777
777777777777777777777777
777777777777777777777777
777777777777777777777777
777777777777777777777777
777777777777777777777777
777777777777777777777777
777777777777777777777777
444444444444444444444444
777777777777777777777777
777777777777777777777777
777777777777777777777777
777777777777777777777777
777777777777777777777777
777777777777777777777777
777777777777777777777777
444444444444444444444444
777777777777777777777777
777777777777777777777777
777777777777777777777777
777777777777777777777777
777777777777777777777777
777777777777777777777777
444444444444444444444444
777777777777777777777777
777777777777777777777777
777777777777777777777777
777777777777777777777777
777777777777777777777777
777777777777777777777777
777777777777777777777777
444444444444444444444444
777777777777777777777777
444444444444444444444444
777777777777777777777777
777777777777777777777777
777777777777777777777777
777777777777777777777777
444444444444444444444444
777777777777777777777777
444444444444444444444444
777777777777777777777777
777777777777777777777777
777777777777777777777777
777777777777777777777777
777777777777777777777777
444444444444444444444444
777777777777777777777777
444444444444444444444444
777777777777777777777777
777777777777777777777777
777777777777777777777777
777777777777777777777777
444444444444444444444444
777777777777777777777777
444444444444444444444444
777777777777777777777777
777777777777777777777777
777777777777777777777777
777777777777777777777777
444444444444444444444444
444444444444444444444444
777777777777777777777777
444444444444444444444444
777777777777777777777777
777777777777777777777777
777777777777777777777777
777777777777777777777777
444444444444444444444444
777777777777777777777777
444444444444444444444444
777777777777777777777777
777777777777777777777777
777777777777777777777777
777777777777777777777777
444444444444444444444444
444444444444444444444444
444444444444444444444444
444444444444444444444444
777777777777777777777777
777777777777777777777777
777777777777777777777777
777777777777777777777777
444444444444444444444444
777777777777777777777777
444444444444444444444444
777777777777777777777777
777777777777777777777777
777777777777777777777777
777777777777777777777777
444444444444444444444444
444444444444444444444444
555555555555555555555555
444444444444444444444444
777777777777777777777777
777777777777777777777777
777777777777777777777777
777777777777777777777777
444444444444444444444444
444444444444444444444444
444444444444444444444444
777777777777777777777777
777777777777777777777777
777777777777777777777777
777777777777777777777777
444444444444444444444444
444444444444444444444444
555555555555555555555555
444444444444444444444444
777777777777777777777777
777777777777777777777777
777777777777777777777777
777777777777777777777777
444444444444444444444444
555555555555555555555555
444444444444444444444444
777777777777777777777777
777777777777777777777777
777777777777777777777777
777777777777777777777777
444444444444444444444444
444444444444444444444444
555555555555555555555555
444444444444444444444444
777777777777777777777777
777777777777777777777777
777777777777777777777777
777777777777777777777777
444444444444444444444444
666666666666666666666666
444444444444444444444444
777777777777777777777777
777777777777777777777777
777777777777777777777777
777777777777777777777777
444444444444444444444444
444444444444444444444444
555555555555555555555555
444444444444444444444444
777777777777777777777777
777777777777777777777777
777777777777777777777777
444444444444444444444444
444444444444444444444444
777777777777777777777777
444444444444444444444444
777777777777777777777777
777777777777777777777777
777777777777777777777777
777777777777777777777777
444444444444444444444444
444444444444444444444444
555555555555555555555555
444444444444444444444444
777777777777777777777777
777777777777777777777777
777777777777777777777777
444444444444444444444444
444444444444444444444444
777777777777777777777777
444444444444444444444444
444444444444444444444444
777777777777777777777777
777777777777777777777777
777777777777777777777777
444444444444444444444444
444444444444444444444444
555555555555555555555555
444444444444444444444444
777777777777777777777777
777777777777777777777777
777777777777777777777777
444444444444444444444444
444444444444444444444444
777777777777777777777777
444444444444444444444444
444444444444444444444444
444444444444444444444444
777777777777777777777777
777777777777777777777777
444444444444444444444444
444444444444444444444444
555555555555555555555555
444444444444444444444444
777777777777777777777777
777777777777777777777777
777777777777777777777777
444444444444444444444444
444444444444444444444444
777777777777777777777777
444444444444444444444444
444444444444444444444444
444444444444444444444444
777777777777777777777777
777777777777777777777777
444444444444444444444444
222222222222222222222222
555555555555555555555555
444444444444444444444444
777777777777777777777777
777777777777777777777777
777777777777777777777777
444444444444444444444444
444444444444444444444444
777777777777777777777777
444444444444444444444444
444444444444444444444444
444444444444444444444444
777777777777777777777777
777777777777777777777777
444444444444444444444444
333333333333333333333333
555555555555555555555555
444444444444444444444444
777777777777777777777777
777777777777777777777777
777777777777777777777777
444444444444444444444444
222222222222222222222222
777777777777777777777777
444444444444444444444444
444444444444444444444444
444444444444444444444444
777777777777777777777777
777777777777777777777777
444444444444444444444444
444444444444444444444444
555555555555555555555555
444444444444444444444444
777777777777777777777777
777777777777777777777777
777777777777777777777777
444444444444444444444444
333333333333333333333333
777777777777777777777777
444444444444444444444444
444444444444444444444444
444444444444444444444444
777777777777777777777777
777777777777777777777777
444444444444444444444444
444444444444444444444444
555555555555555555555555
444444444444444444444444
777777777777777777777777
777777777777777777777777
777777777777777777777777
444444444444444444444444
444444444444444444444444
777777777777777777777777
444444444444444444444444
444444444444444444444444
444444444444444444444444
444444444444444444444444
777777777777777777777777
444444444444444444444444
444444444444444444444444
555555555555555555555555
444444444444444444444444
777777777777777777777777
777777777777777777777777
777777777777777777777777
444444444444444444444444
444444444444444444444444
777777777777777777777777
444444444444444444444444
444444444444444444444444
444444444444444444444444
444444444444444444444444
777777777777777777777777
222222222222222222222222
444444444444444444444444
555555555555555555555555
444444444444444444444444
777777777777777777777777
777777777777777777777777
777777777777777777777777
444444444444444444444444
444444444444444444444444
777777777777777777777777
444444444444444444444444
444444444444444444444444
444444444444444444444444
444444444444444444444444
777777777777777777777777
333333333333333333333333
444444444444444444444444
555555555555555555555555
444444444444444444444444
777777777777777777777777
777777777777777777777777
777777777777777777777777
444444444444444444444444
444444444444444444444444
777777777777777777777777
222222222222222222222222
444444444444444444444444
444444444444444444444444
444444444444444444444444
777777777777777777777777
444444444444444444444444
444444444444444444444444
555555555555555555555555
444444444444444444444444
777777777777777777777777
777777777777777777777777
777777777777777777777777
444444444444444444444444
444444444444444444444444
777777777777777777777777
333333333333333333333333
444444444444444444444444
444444444444444444444444
444444444444444444444444
777777777777777777777777
444444444444444444444444
444444444444444444444444
555555555555555555555555
444444444444444444444444
777777777777777777777777
777777777777777777777777
777777777777777777777777
444444444444444444444444
444444444444444444444444
777777777777777777777777
444444444444444444444444
444444444444444444444444
444444444444444444444444
444444444444444444444444
777777777777777777777777
444444444444444444444444
444444444444444444444444
555555555555555555555555
444444444444444444444444
777777777777777777777777
444444444444444444444444
777777777777777777777777
444444444444444444444444
444444444444444444444444
777777777777777777777777
444444444444444444444444
444444444444444444444444
444444444444444444444444
444444444444444444444444
777777777777777777777777
444444444444444444444444
444444444444444444444444
555555555555555555555555
444444444444444444444444
777777777777777777777777
555555555555555555555555
777777777777777777777777
444444444444444444444444
444444444444444444444444
777777777777777777777777
444444444444444444444444
444444444444444444444444
444444444444444444444444
444444444444444444444444
777777777777777777777777
444444444444444444444444
444444444444444444444444
555555555555555555555555
444444444444444444444444
777777777777777777777777
666666666666666666666666
777777777777777777777777
444444444444444444444444
444444444444444444444444
777777777777777777777777
444444444444444444444444
444444444444444444444444
444444444444444444444444
444444444444444444444444
777777777777777777777777
444444444444444444444444
444444444444444444444444
555555555555555555555555
222222222222222222222222
777777777777777777777777
666666666666666666666666
777777777777777777777777
444444444444444444444444
444444444444444444444444
777777777777777777777777
444444444444444444444444
444444444444444444444444
444444444444444444444444
444444444444444444444444
777777777777777777777777
444444444444444444444444
444444444444444444444444
555555555555555555555555
333333333333333333333333
777777777777777777777777
666666666666666666666666
444444444444444444444444
444444444444444444444444
444444444444444444444444
777777777777777777777777
444444444444444444444444
444444444444444444444444
444444444444444444444444
444444444444444444444444
777777777777777777777777
444444444444444444444444
444444444444444444444444
555555555555555555555555
444444444444444444444444
777777777777777777777777
666666666666666666666666
555555555555555555555555
444444444444444444444444
444444444444444444444444
777777777777777777777777
444444444444444444444444
444444444444444444444444
444444444444444444444444
444444444444444444444444
777777777777777777777777
444444444444444444444444
444444444444444444444444
555555555555555555555555
444444444444444444444444
777777777777777777777777
666666666666666666666666
666666666666666666666666
444444444444444444444444
444444444444444444444444
777777777777777777777777
444444444444444444444444
444444444444444444444444
444444444444444444444444
444444444444444444444444
777777777777777777777777
444444444444444444444444
444444444444444444444444
555555555555555555555555
444444444444444444444444
777777777777777777777777
666666666666666666666666
777777777777777777777777
444444444444444444444444
444444444444444444444444
777777777777777777777777
444444444444444444444444
444444444444444444444444
444444444444444444444444
444444444444444444444444
777777777777777777777777
444444444444444444444444
444444444444444444444444
555555555555555555555555
444444444444444444444444
444444444444444444444444
666666666666666666666666
777777777777777777777777
444444444444444444444444
444444444444444444444444
777777777777777777777777
444444444444444444444444
444444444444444444444444
222222222222222222222222
444444444444444444444444
777777777777777777777777
444444444444444444444444
444444444444444444444444
555555555555555555555555
444444444444444444444444
444444444444444444444444
666666666666666666666666
777777777777777777777777
444444444444444444444444
444444444444444444444444
777777777777777777777777
444444444444444444444444
444444444444444444444444
333333333333333333333333
444444444444444444444444
777777777777777777777777
444444444444444444444444
444444444444444444444444
555555555555555555555555
444444444444444444444444
444444444444444444444444
666666666666666666666666
777777777777777777777777
444444444444444444444444
444444444444444444444444
777777777777777777777777
444444444444444444444444
444444444444444444444444
444444444444444444444444
444444444444444444444444
444444444444444444444444
444444444444444444444444
444444444444444444444444
555555555555555555555555
444444444444444444444444
444444444444444444444444
666666666666666666666666
777777777777777777777777
444444444444444444444444
444444444444444444444444
777777777777777777777777
444444444444444444444444
222222222222222222222222
444444444444444444444444
444444444444444444444444
444444444444444444444444
444444444444444444444444
444444444444444444444444
555555555555555555555555
444444444444444444444444
444444444444444444444444
666666666666666666666666
777777777777777777777777
444444444444444444444444
444444444444444444444444
777777777777777777777777
444444444444444444444444
333333333333333333333333
444444444444444444444444
444444444444444444444444
444444444444444444444444
444444444444444444444444
444444444444444444444444
555555555555555555555555
444444444444444444444444
444444444444444444444444
666666666666666666666666
777777777777777777777777
222222222222222222222222
444444444444444444444444
777777777777777777777777
444444444444444444444444
444444444444444444444444
444444444444444444444444
444444444444444444444444
444444444444444444444444
444444444444444444444444
444444444444444444444444
555555555555555555555555
444444444444444444444444
444444444444444444444444
666666666666666666666666
777777777777777777777777
333333333333333333333333
444444444444444444444444
777777777777777777777777
444444444444444444444444
444444444444444444444444
444444444444444444444444
444444444444444444444444
444444444444444444444444
444444444444444444444444
444444444444444444444444
555555555555555555555555
444444444444444444444444
444444444444444444444444
666666666666666666666666
777777777777777777777777
444444444444444444444444
444444444444444444444444
777777777777777777777777
444444444444444444444444
444444444444444444444444
444444444444444444444444
222222222222222222222222
444444444444444444444444
444444444444444444444444
444444444444444444444444
555555555555555555555555
444444444444444444444444
444444444444444444444444
666666666666666666666666
777777777777777777777777
444444444444444444444444
444444444444444444444444
777777777777777777777777
444444444444444444444444
444444444444444444444444
444444444444444444444444
333333333333333333333333
444444444444444444444444
444444444444444444444444
444444444444444444444444
555555555555555555555555
444444444444444444444444
444444444444444444444444
666666666666666666666666
777777777777777777777777
444444444444444444444444
444444444444444444444444
777777777777777777777777
444444444444444444444444
444444444444444444444444
444444444444444444444444
444444444444444444444444
444444444444444444444444
444444444444444444444444
444444444444444444444444
555555555555555555555555
444444444444444444444444
222222222222222222222222
666666666666666666666666
777777777777777777777777
444444444444444444444444
444444444444444444444444
777777777777777777777777
444444444444444444444444
444444444444444444444444
444444444444444444444444
444444444444444444444444
444444444444444444444444
444444444444444444444444
444444444444444444444444
555555555555555555555555
444444444444444444444444
333333333333333333333333
666666666666666666666666
777777777777777777777777
444444444444444444444444
444444444444444444444444
777777777777777777777777
444444444444444444444444
444444444444444444444444
444444444444444444444444
444444444444444444444444
222222222222222222222222
444444444444444444444444
444444444444444444444444
555555555555555555555555
444444444444444444444444
333333333333333333333333
666666666666666666666666
777777777777777777777777
444444444444444444444444
444444444444444444444444
777777777777777777777777
444444444444444444444444
444444444444444444444444
444444444444444444444444
444444444444444444444444
333333333333333333333333
444444444444444444444444
444444444444444444444444
555555555555555555555555
444444444444444444444444
333333333333333333333333
666666666666666666666666
777777777777777777777777
444444444444444444444444
444444444444444444444444
777777777777777777777777
444444444444444444444444
444444444444444444444444
444444444444444444444444
444444444444444444444444
444444444444444444444444
444444444444444444444444
444444444444444444444444
555555555555555555555555
444444444444444444444444
333333333333333333333333
666666666666666666666666
777777777777111111111111
444444444444111111111111
444444444444441111111111
777777777777777777771111
444444444444444444444411
444444444444444444441111
444444444444444444444411
444444444444444444444411
444444444444444444444411
444444444444444444444411
444444444444444444444411
555555555555555555555511
444444444444444444444411
333333333333333333333311
666666666666666666666611
777777777777111111111111
444444444444111111111111
444444444444341111111111
777777777777777777771111
444444444444444444444411
444444444444444444441111
444444444444444444444411
444444444444444444444411
444444444444444444444411
444444444444444444444411
444444444444444444444411
555555555555555555555511
444444444444444444444411
333333333333333333333311
666666666666666666666611
777777777777111111111111
444444444444111111111111
443444444444341111111111
777777777777777777771111
444444444444444444444411
444444444444444444441111
444444444444444444444411
444444444444444444444411
444444444444444444444411
444444444444444444444411
444444444444444444444411
555555555555555555555511
444444444444444444444411
333333333333333333333311
666666666666666666666611
777777777777111111111111
444444444444111111111111
343444444444341111111111
777777777777777777771111
444444444444444444444411
444444444444444444441111
444444444444444444444411
444444444444444444444411
444444444444444444444411
444444444444444444444411
444444444444444444444411
555555555555555555555511
444444444444444444444411
333333333333333333333311
666666666666666666666611
777777777777111111111111
444444444444111111111111
443444444434341111111111
777777777777777777771111
444444444444444444444411
444444444444444444441111
444444444444444444444411
444444444444444444444411
444444444444444444444411
444444444444444444444411
444444444444444444444411
555555555555555555555511
444444444444444444444411
333333333333333333333311
666666666666666666666611
777777777777111111111111
444444444444111111111111
443434444444341111111111
777777777777777777771111
444444444444444444444411
444444444444444444441111
444444444444444444444411
444444444444444444444411
444444444444444444444411
444444444444444444444411
444444444444444444444411
555555555555555555555511
444444444444444444444411
333333333333333333333311
666666666666666666666611
777777777777111111111111
444444444444111111111111
443444444444341111111111
777777777777777777771111
444444444444444444444411
444444444444444444441111
444444444444444444444411
444444444444444444444411
444444444444444444444411
444444444444444444444411
444444444444444444443411
555555555555555555555511
444444444444444444444411
333333333333333333333311
666666666666666666666611
777777777777111111111111
444444444444111111111111
443444444444341111111111
777777777777777777771111
444444444444444444444411
444444444444444444441111
444444444444444444444411
444444444444444444444411
444444444444444444444411
444444444444444444444411
444444444444444434443411
555555555555555555555511
444444444444444444444411
333333333333333333333311
666666666666666666666611
777777777777111111111111
444444444444111111111111
443444444444341111111111
777777777777777777771111
444444444444444444444411
444444444444444444441111
444444444444444444444411
444444444444444444444411
444444444444444444444411
444444444444444444444411
444444444444443434443411
555555555555555555555511
444444444444444444444411
333333333333333333333311
666666666666666666666611
777777777777111111111111
444444444444111111111111
443444444444341111111111
777777777777777777771111
444444444444444444444411
444444444444444444441111
444444444444444444444411
444444444444444444444411
444444444444444444444411
444444444444444444444411
444444444444343434443411
555555555555555555555511
444444444444444444444411
333333333333333333333311
666666666666666666666611
777777777777111111111111
444444444444111111111111
443444444444341111111111
777777777777777777771111
444444444444444444444411
444444444444444444441111
444444444444444444444411
444444444444444444444411
444444444444444444444411
444444444444444444444411
444444444434343434443411
555555555555555555555511
444444444444444444444411
333333333333333333333311
666666666666666666666611
777777777777111111111111
444444444444111111111111
443444444444341111111111
777777777777777777771111
444444444444444444444411
444444444444444444441111
444444444444444444444411
444444444444444444444411
444444444444444444444411
444444444444444444444411
444444443434343434443411
555555555555555555555511
444444444444444444444411
333333333333333333333311
666666666666666666666611
777777777777111111111111
444444444444111111111111
443444444444341111111111
777777777777777777771111
444444444444444444444411
444444444444444444441111
444444444444444444444411
444444444444444444444411
444444444444444444444411
444444444444444444444411
344444443434343434443411
555555555555555555555511
444444444444444444444411
333333333333333333333311
666666666666666666666611
777777777777111111111111
444444444444111111111111
443444444444341111111111
777777777777777777771111
444444444444444444444411
444444444444444444441111
444444444444444444444411
444444444444444444444411
444444444444444444444411
444444444444444444444411
444444343434343434443411
555555555555555555555511
444444444444444444444411
333333333333333333333311
666666666666666666666611
777777777777111111111111
444444444444111111111111
443444444444341111111111
777777777777777777771111
444444444444444444444411
444444444444444444441111
444444444444444444444411
444444444444444444444411
444444444444444444444411
444444444444444444444411
444444443434343434343411
555555555555555555555511
444444444444444444444411
333333333333333333333311
666666666666666666666611
777777777777111111111111
444444444444111111111111
443444444444341111111111
777777777777777777671111
444444444444444444444411
444444444444444444441111
444444444444444444444411
444444444444444444444411
444444444444444444444411
444444444444444444444411
444444443434343434443411
555555555555555555555511
444444444444444444444411
333333333333333333333311
666666666666666666666611
777777777777111111111111
444444444444111111111111
443444444444341111111111
677777777777777777671111
444444444444444444444411
444444444444444444441111
444444444444444444444411
444444444444444444444411
444444444444444444444411
444444444444444444444411
444444443434343434443411
555555555555555555555511
444444444444444444444411
333333333333333333333311
666666666666666666666611
777777777777111111111111
444444444444111111111111
443444444444341111111111
777777777777777767671111
444444444444444444444411
444444444444444444441111
444444444444444444444411
444444444444444444444411
444444444444444444444411
444444444444444444444411
444444443434343434443411
555555555555555555555511
444444444444444444444411
333333333333333333333311
666666666666666666666611
777777777777111111111111
444444444444111111111111
443444444444341111111111
777777777777776767671111
444444444444444444444411
444444444444444444441111
444444444444444444444411
444444444444444444444411
444444444444444444444411
444444444444444444444411
444444443434343434443411
555555555555555555555511
444444444444444444444411
333333333333333333333311
666666666666666666666611
777777777777111111111111
444444444444111111111111
443444444444341111111111
777777777777676767671111
444444444444444444444411
444444444444444444441111
444444444444444444444411
444444444444444444444411
444444444444444444444411
444444444444444444444411
444444443434343434443411
555555555555555555555511
444444444444444444444411
333333333333333333333311
666666666666666666666611
777777777777111111111111
444444444444111111111111
443444444444341111111111
777777777767676767671111
444444444444444444444411
444444444444444444441111
444444444444444444444411
444444444444444444444411
444444444444444444444411
444444444444444444444411
444444443434343434443411
555555555555555555555511
444444444444444444444411
333333333333333333333311
666666666666666666666611
777777777777111111111111
444444444444111111111111
443444444444341111111111
777777776767676767671111
444444444444444444444411
444444444444444444441111
444444444444444444444411
444444444444444444444411
444444444444444444444411
444444444444444444444411
444444443434343434443411
555555555555555555555511
444444444444444444444411
333333333333333333333311
666666666666666666666611
777777777777111111111111
444444444444111111111111
443444444444341111111111
777777676767676767671111
444444444444444444444411
444444444444444444441111
444444444444444444444411
444444444444444444444411
444444444444444444444411
444444444444444444444411
444444443434343434443411
555555555555555555555511
444444444444444444444411
333333333333333333333311
666666666666666666666611
777777777777111111111111
444444444444111111111111
443444444444341111111111
777767676767676767671111
444444444444444444444411
444444444444444444441111
444444444444444444444411
444444444444444444444411
444444444444444444444411
444444444444444444444411
444444443434343434443411
555555555555555555555511
444444444444444444444411
333333333333333333333311
666666666666666666666611
777777777777111111111111
444444444444111111111111
443444444444341111111111
776777676767676767671111
444444444444444444444411
444444444444444444441111
444444444444444444444411
444444444444444444444411
444444444444444444444411
444444444444444444444411
444444443434343434443411
555555555555555555555511
444444444444444444444411
333333333333333333333311
666666666666666666666611
777777777777111111111111
444444444444111111111111
433444444444341111111111
777777676767676767671111
444444444444444444444411
444444444444444444441111
444444444444444444444411
444444444444444444444411
444444444444444444444411
444444444444444444444411
444444443434343434443411
555555555555555555555511
444444444444444444444411
333333333333333333333311
666666666666666666666611
777777777777111111111111
444444444444111111111111
443444444444331111111111
777777676767676767671111
444444444444444444444411
444444444444444444441111
444444444444444444444411
444444444444444444444411
444444444444444444444411
444444444444444444444411
444444443434343434443411
555555555555555555555511
444444444444444444444411
333333333333333333333311
666666666666666666666611
777777777777111111111111
444444444444111111111111
443444444444341111111111
777777676767676767671111
444444444444444444444411
444444444444444444441111
444444444444444444444411
444444444444444444444411
444444444444444444444411
444444444444444444444411
444444443434343434443311
555555555555555555555511
444444444444444444444411
333333333333333333333311
666666666666666666666611
777777777777111111111111
444444444444111111111111
443444444444341111111111
777777676767676767671111
444444444444444444444411
444444444444444444441111
444444444444444444444411
444444444444444444444411
444444444444444444444411
444444444444444444444411
444444443434343434433311
555555555555555555555511
444444444444444444444411
333333333333333333333311
666666666666666666666611
777777777777111111111111
444444444444111111111111
443444444444341111111111
777777676767676767671111
444444444444444444444411
444444444444444444441111
444444444444444444444411
444444444444444444444411
444444444444444444444411
444444444444444444444411
444444443434343433433311
555555555555555555555511
444444444444444444444411
333333333333333333333311
666666666666666666666611
777777777777111111111111
444444444444111111111111
443444444444341111111111
777777676767676767671111
444444444444444444444411
444444444444444444441111
444444444444444444444411
444444444444444444444411
444444444444444444444411
444444444444444444444411
444444443434343333433311
555555555555555555555511
444444444444444444444411
333333333333333333333311
666666666666666666666611
777777777777111111111111
444444444444111111111111
443444444444341111111111
777777676767676767671111
444444444444444444444411
444444444444444444441111
444444444444444444444411
444444444444444444444411
444444444444444444444411
444444444444444444444411
444444443434343433433311
555555555555555555554511
444444444444444444444411
333333333333333333333311
666666666666666666666611
777777777777111111111111
444444444444111111111111
443444444444341111111111
777777676767676767671111
444444444444444444444411
444444444444444444441111
444444444444444444444411
444444444444444444444411
444444444444444444444411
444444444444444444444411
444444443434343433433311
555555555555455555554511
444444444444444444444411
333333333333333333333311
666666666666666666666611
777777777777111111111111
444444444444111111111111
443444444444341111111111
777777676767676767671111
444444444444444444444411
444444444444444444441111
444444444444444444444411
444444444444444444444411
444444444444444444444411
444444444444444444444411
444444443434343433433311
455555555555455555554511
444444444444444444444411
333333333333333333333311
666666666666666666666611
777777777777111111111111
444444444444111111111111
443444444444341111111111
777777676767676767671111
444444444444444444444411
444444444444444444441111
444444444444444444444411
444444444444444444444411
444444444444444444444411
444444444444444444444411
444444443434343433433311
555555555555454555554511
444444444444444444444411
333333333333333333333311
666666666666666666666611
777777777777111111111111
444444444444111111111111
443444444444341111111111
777777676767676767671111
444444444444444444444411
444444444444444444441111
444444444444444444444411
444444444444444444444411
444444444444444444444411
444444444444444444444411
444444443434343433433311
555555555555454545554511
444444444444444444444411
333333333333333333333311
666666666666666666666611
777777777777111111111111
444444444444111111111111
443444444444341111111111
777777676767676767671111
444444444444444444444411
444444444444444444441111
444444444444444444444411
444444444444444444444411
444444444444444444444411
444444444444444444444411
444444443434343433433311
555555555545454545554511
444444444444444444444411
333333333333333333333311
666666666666666666666611
777777777777111111111111
444444444444111111111111
443444444444341111111111
777777676767676767671111
444444444444444444444411
444444444444444444441111
444444444444444444444411
444444444444444444444411
444444444444444444444411
444444444444444444444411
444444443434343433433311
555555554545454545554511
444444444444444444444411
333333333333333333333311
666666666666666666666611
777777777777111111111111
444444444444111111111111
443444444444341111111111
777777676767676767671111
444444444444444444444411
444444444444444444441111
444444444444444444444411
444444444444444444444411
444444444444444444444411
444444444444444444444411
444444443434343433433311
555555454545454545554511
444444444444444444444411
333333333333333333333311
666666666666666666666611
777777777777111111111111
444444444444111111111111
443444444444341111111111
777777676767676767671111
444444444444444444444411
444444444444444444441111
444444444444444444444411
444444444444444444444411
444444444444444444444411
444444444444444444444411
444444443434343433433311
555555554545454545454511
444444444444444444444411
333333333333333333333311
666666666666666666666611
777777777777111111111111
444444444444111111111111
443444444444341111111111
777777676767676767671111
444444444444444444444411
444444444444444444441111
444444444444444444444411
444444444444444444444411
444444444444444444444411
444444444444444444444411
444444443434343433433311
555555554545454545554511
444444443444444444444411
333333333333333333333311
666666666666666666666611
777777777777111111111111
444444444444111111111111
443444444444341111111111
777777676767676767671111
444444444444444444444411
444444444444444444441111
444444444444444444444411
444444444444444444444411
444444444444444444444411
444444444444444444444411
444444443434343433433311
555555554545454545554511
344444443444444444444411
333333333333333333333311
666666666666666666666611
777777777777111111111111
444444444444111111111111
443444444444341111111111
777777676767676767671111
444444444444444444444411
444444444444444444441111
444444444444444444444411
444444444444444444444411
444444444444444444444411
444444444444444444444411
444444443434343433433311
555555554545454545554511
443444443444444444444411
333333333333333333333311
666666666666666666666611
777777777777111111111111
444444444444111111111111
443444444444341111111111
777777676767676767671111
444444444444444444444411
444444444444444444441111
444444444444444444444411
444444444444444444444411
444444444444444444444411
444444444444444444444411
444444443434343433433311
555555554545454545554511
443434443444444444444411
333333333333333333333311
666666666666666666666611
777777777777111111111111
444444444444111111111111
443444444444341111111111
777777676767676767671111
444444444444444444444411
444444444444444444441111
444444444444444444444411
444444444444444444444411
444444444444444444444411
444444444444444444444411
444444443434343433433311
555555554545454545554511
443444443434444444444411
333333333333333333333311
666666666666666666666611
777777777777111111111111
444444444444111111111111
443444444444341111111111
777777676767676767671111
444444444444444444444411
444444444444444444441111
444444444444444444444411
444444444444444444444411
444444444444444444444411
444444444444444444444411
444444443434343433433311
555555554545454545554511
443444343444444444444411
333333333333333333333311
666666666666666666666611
777777777777111111111111
444444444444111111111111
443444444444341111111111
777777676767676767571111
444444444444444444444411
444444444444444444441111
444444444444444444444411
444444444444444444444411
444444444444444444444411
444444444444444444444411
444444443434343433433311
555555554545454545554511
443444343444444444444411
333333333333333333333311
666666666666666666666611
777777777777111111111111
444444444444111111111111
443444444444341111111111
777777676767676757671111
444444444444444444444411
444444444444444444441111
444444444444444444444411
444444444444444444444411
444444444444444444444411
444444444444444444444411
444444443434343433433311
555555554545454545554511
443444343444444444444411
333333333333333333333311
666666666666666666666611
777777777777111111111111
444444444444111111111111
443444444444341111111111
777777676767675767671111
444444444444444444444411
444444444444444444441111
444444444444444444444411
444444444444444444444411
444444444444444444444411
444444444444444444444411
444444443434343433433311
555555554545454545554511
443444343444444444444411
333333333333333333333311
666666666666666666666611
777777777777111111111111
444444444444111111111111
443444444444341111111111
777777676767576767671111
444444444444444444444411
444444444444444444441111
444444444444444444444411
444444444444444444444411
444444444444444444444411
444444444444444444444411
444444443434343433433311
555555554545454545554511
443444343444444444444411
333333333333333333333311
666666666666666666666611
777777777777111111111111
444444444444111111111111
443444444444341111111111
777777676757676767671111
444444444444444444444411
444444444444444444441111
444444444444444444444411
444444444444444444444411
444444444444444444444411
444444444444444444444411
444444443434343433433311
555555554545454545554511
443444343444444444444411
333333333333333333333311
666666666666666666666611
777777777777111111111111
444444444444111111111111
443444444444341111111111
777777675767676767671111
444444444444444444444411
444444444444444444441111
444444444444444444444411
444444444444444444444411
444444444444444444444411
444444444444444444444411
444444443434343433433311
555555554545454545554511
443444343444444444444411
333333333333333333333311
666666666666666666666611
777777777777111111111111
444444444444111111111111
443444444444341111111111
777777576767676767671111
444444444444444444444411
444444444444444444441111
444444444444444444444411
444444444444444444444411
444444444444444444444411
444444444444444444444411
444444443434343433433311
555555554545454545554511
443444343444444444444411
333333333333333333333311
666666666666666666666611
