2667438965
17 16 100
66666666666666666666666666666666
66666666666666666666666666666666
66666666666666666666666666666666
66666666666666666666666666666666
66666666666666666666666666666666
66666666666666666666666666666666
66666666666666666666666666666666
66666666666666666666666666666666
66666666666666666666666666666666
66666666666666666666666666666666
66666666666666666666666666666666
66666666666666666666666666666666
66666666666666666666666666666666
66666666666666666666666666666666
66666666666666666666666666666666
66666666666666666666666666666666
66666666666666666666666666666666
77777777777777777777777777777777
77777777777777777777777777777777
77777777777777777777777777777777
77777777777777777777777777777777
77777777777777777777777777777777
77777777777777777777777777777777
77777777777777777777777777777777
77777777777777777777777777777777
77777777777777777777777777777777
77777777777777777777777777777777
77777777777777777777777777777777
77777777777777777777777777777777
77777777777777777777777777777777
77777777777777777777777777777777
77777777777777777777777777777777
77777777777777777777777777777777
77777777777777777777777777777777
88888888888888888888888888888888
88888888888888888888888888888888
88888888888888888888888888888888
88888888888888888888888888888888
88888888888888888888888888888888
88888888888888888888888888888888
88888888888888888888888888888888
88888888888888888888888888888888
88888888888888888888888888888888
88888888888888888888888888888888
88888888888888888888888888888888
88888888888888888888888888888888
88888888888888888888888888888888
88888888888888888888888888888888
88888888888888888888888888888888
88888888888888888888888888888888
88888888888888888888888888888888
99999999999999999999999999999999
99999999999999999999999999999999
99999999999999999999999999999999
99999999999999999999999999999999
99999999999999999999999999999999
99999999999999999999999999999999
99999999999999999999999999999999
55555555555555555555555555555555
99999999999999999999999999999999
99999999999999999999999999999999
99999999999999999999999999999999
99999999999999999999999999999999
99999999999999999999999999999999
99999999999999999999999999999999
99999999999999999999999999999999
99999999999999999999999999999999
99999999999999999999999999999999
99999999999999999999999999999999
99999999999999999999999999999999
99999999999999999999999999999999
99999999999999999999999999999999
99999999999999999999999999999999
99999999999999999999999999999999
99999999999999999999999999999999
77777777777777777777777777777777
99999999999999999999999999999999
99999999999999999999999999999999
99999999999999999999999999999999
99999999999999999999999999999999
99999999999999999999999999999999
99999999999999999999999999999999
99999999999999999999999999999999
99999999999999999999999999999999
99999999999999999999999999999999
99999999999999999999999999999999
99999999999999999999999999999999
99999999999999999999999999999999
99999999999999999999999999999999
99999999999999999999999999999999
99999999999999999999999999999999
99999999999999999999999999999999
77777777777777777777777777777777
99999999999999999999999999999999
99999999999999999999999999999999
99999999999999999999999999999999
99999999999999999999999999999999
55555555555555555555555555555555
99999999999999999999999999999999
99999999999999999999999999999999
99999999999999999999999999999999
99999999999999999999999999999999
99999999999999999999999999999999
99999999999999999999999999999999
99999999999999999999999999999999
99999999999999999999999999999999
99999999999999999999999999999999
99999999999999999999999999999999
99999999999999999999999999999999
77777777777777777777777777777777
99999999999999999999999999999999
99999999999999999999999999999999
99999999999999999999999999999999
99999999999999999999999999999999
77777777777777777777777777777777
99999999999999999999999999999999
99999999999999999999999999999999
99999999999999999999999999999999
99999999999999999999999999999999
99999999999999999999999999999999
99999999999999999999999999999999
99999999999999999999999999999999
99999999999999999999999999999999
99999999999999999999999999999999
55555555555555555555555555555555
99999999999999999999999999999999
77777777777777777777777777777777
99999999999999999999999999999999
99999999999999999999999999999999
99999999999999999999999999999999
99999999999999999999999999999999
77777777777777777777777777777777
99999999999999999999999999999999
99999999999999999999999999999999
99999999999999999999999999999999
99999999999999999999999999999999
99999999999999999999999999999999
99999999999999999999999999999999
99999999999999999999999999999999
99999999999999999999999999999999
99999999999999999999999999999999
55555555555555555555555555555555
99999999999999999999999999999999
77777777777777777777777777777777
99999999999999999999999999999999
99999999999999999999999999999999
99999999999999999999999999999999
55555555555555555555555555555555
77777777777777777777777777777777
99999999999999999999999999999999
99999999999999999999999999999999
99999999999999999999999999999999
99999999999999999999999999999999
99999999999999999999999999999999
99999999999999999999999999999999
99999999999999999999999999999999
99999999999999999999999999999999
99999999999999999999999999999999
55555555555555555555555555555555
99999999999999999999999999999999
77777777777777777777777777777777
99999999999999999999999999999999
99999999999999999999999999999999
99999999999999999999999999999999
77777777777777777777777777777777
77777777777777777777777777777777
99999999999999999999999999999999
99999999999999999999999999999999
99999999999999999999999999999999
99999999999999999999999999999999
99999999999999999999999999999999
99999999999999999999999999999999
99999999999999999999999999999999
99999999999999999999999999999999
99999999999999999999999999999999
55555555555555555555555555555555
99999999999999999999999999999999
77777777777777777777777777777777
99999999999999999999999999999999
99999999999999999999999999999999
99999999999999999999999999999999
77777777777777777777777777777777
77777777777777777777777777777777
55555555555555555555555555555555
99999999999999999999999999999999
99999999999999999999999999999999
99999999999999999999999999999999
99999999999999999999999999999999
99999999999999999999999999999999
99999999999999999999999999999999
99999999999999999999999999999999
99999999999999999999999999999999
55555555555555555555555555555555
99999999999999999999999999999999
77777777777777777777777777777777
99999999999999999999999999999999
99999999999999999999999999999999
99999999999999999999999999999999
77777777777777777777777777777777
77777777777777777777777777777777
77777777777777777777777777777777
99999999999999999999999999999999
99999999999999999999999999999999
99999999999999999999999999999999
99999999999999999999999999999999
99999999999999999999999999999999
99999999999999999999999999999999
99999999999999999999999999999999
99999999999999999999999999999999
55555555555555555555555555555555
99999999999999999999999999999999
77777777777777777777777777777777
99999999999999999999999999999999
99999999999999999999999999999999
55555555555555555555555555555555
77777777777777777777777777777777
77777777777777777777777777777777
77777777777777777777777777777777
99999999999999999999999999999999
99999999999999999999999999999999
99999999999999999999999999999999
99999999999999999999999999999999
99999999999999999999999999999999
99999999999999999999999999999999
99999999999999999999999999999999
99999999999999999999999999999999
55555555555555555555555555555555
99999999999999999999999999999999
77777777777777777777777777777777
99999999999999999999999999999999
99999999999999999999999999999999
77777777777777777777777777777777
77777777777777777777777777777777
77777777777777777777777777777777
77777777777777777777777777777777
99999999999999999999999999999999
99999999999999999999999999999999
99999999999999999999999999999999
99999999999999999999999999999999
99999999999999999999999999999999
99999999999999999999999999999999
99999999999999999999999999999999
99999999999999999999999999999999
55555555555555555555555555555555
99999999999999999999999999999999
77777777777777777777777777777777
99999999999999999999999999999999
99999999999999999999999999999999
77777777777777777777777777777777
77777777777777777777777777777777
66666666666666666666666666666666
77777777777777777777777777777777
99999999999999999999999999999999
99999999999999999999999999999999
99999999999999999999999999999999
99999999999999999999999999999999
99999999999999999999999999999999
99999999999999999999999999999999
99999999999999999999999999999999
99999999999999999999999999999999
55555555555555555555555555555555
99999999999999999999999999999999
66666666666666666666666666666666
99999999999999999999999999999999
99999999999999999999999999999999
77777777777777777777777777777777
77777777777777777777777777777777
66666666666666666666666666666666
77777777777777777777777777777777
99999999999999999999999999999999
99999999999999999999999999999999
99999999999999999999999999999999
99999999999999999999999999999999
99999999999999999999999999999999
99999999999999999999999999999999
99999999999999999999999999999999
99999999999999999999999999999999
55555555555555555555555555555555
55555555555555555555555555555555
66666666666666666666666666666666
99999999999999999999999999999999
99999999999999999999999999999999
77777777777777777777777777777777
77777777777777777777777777777777
66666666666666666666666666666666
77777777777777777777777777777777
99999999999999999999999999999999
99999999999999999999999999999999
99999999999999999999999999999999
99999999999999999999999999999999
99999999999999999999999999999999
99999999999999999999999999999999
99999999999999999999999999999999
99999999999999999999999999999999
55555555555555555555555555555555
77777777777777777777777777777777
66666666666666666666666666666666
99999999999999999999999999999999
99999999999999999999999999999999
77777777777777777777777777777777
77777777777777777777777777777777
66666666666666666666666666666666
77777777777777777777777777777777
99999999999999999999999999999999
99999999999999999999999999999999
99999999999999999999999999999999
55555555555555555555555555555555
99999999999999999999999999999999
99999999999999999999999999999999
99999999999999999999999999999999
99999999999999999999999999999999
55555555555555555555555555555555
77777777777777777777777777777777
66666666666666666666666666666666
99999999999999999999999999999999
99999999999999999999999999999999
77777777777777777777777777777777
77777777777777777777777777777777
66666666666666666666666666666666
77777777777777777777777777777777
99999999999999999999999999999999
99999999999999999999999999999999
99999999999999999999999999999999
77777777777777777777777777777777
99999999999999999999999999999999
99999999999999999999999999999999
99999999999999999999999999999999
99999999999999999999999999999999
55555555555555555555555555555555
77777777777777777777777777777777
66666666666666666666666666666666
99999999999999999999999999999999
99999999999999999999999999999999
77777777777777777777777777777777
77777777777777777777777777777777
66666666666666666666666666666666
77777777777777777777777777777777
99999999999999999999999999999999
99999999999999999999999999999999
99999999999999999999999999999999
88888888888888888888888888888888
99999999999999999999999999999999
99999999999999999999999999999999
99999999999999999999999999999999
99999999999999999999999999999999
55555555555555555555555555555555
77777777777777777777777777777777
66666666666666666666666666666666
99999999999999999999999999999999
99999999999999999999999999999999
77777777777777777777777777777777
77777777777777777777777777777777
66666666666666666666666666666666
77777777777777777777777777777777
99999999999999999999999999999999
99999999999999999999999999999999
99999999999999999999999999999999
99999999999999999999999999999999
99999999999999999999999999999999
99999999999999999999999999999999
99999999999999999999999999999999
99999999999999999999999999999999
55555555555555555555555555555555
77777777777777777777777777777777
66666666666666666666666666666666
99999999999999999999999999999999
99999999999999999999999999999999
77777777777777777777777777777777
66666666666666666666666666666666
66666666666666666666666666666666
77777777777777777777777777777777
99999999999999999999999999999999
99999999999999999999999999999999
99999999999999999999999999999999
99999999999999999999999999999999
99999999999999999999999999999999
99999999999999999999999999999999
99999999999999999999999999999999
99999999999999999999999999999999
55555555555555555555555555555555
77777777777777777777777777777777
66666666666666666666666666666666
99999999999999999999999999999999
99999999999999999999999999999999
77777777777777777777777777777777
66666666666666666666666666666666
66666666666666666666666666666666
77777777777777777777777777777777
99999999999999999999999999999999
99999999999999999999999999999999
55555555555555555555555555555555
99999999999999999999999999999999
99999999999999999999999999999999
99999999999999999999999999999999
99999999999999999999999999999999
99999999999999999999999999999999
55555555555555555555555555555555
77777777777777777777777777777777
66666666666666666666666666666666
99999999999999999999999999999999
99999999999999999999999999999999
77777777777777777777777777777777
66666666666666666666666666666666
66666666666666666666666666666666
77777777777777777777777777777777
99999999999999999999999999999999
99999999999999999999999999999999
77777777777777777777777777777777
99999999999999999999999999999999
99999999999999999999999999999999
99999999999999999999999999999999
99999999999999999999999999999999
99999999999999999999999999999999
55555555555555555555555555555555
77777777777777777777777777777777
66666666666666666666666666666666
99999999999999999999999999999999
99999999999999999999999999999999
77777777777777777777777777777777
66666666666666666666666666666666
66666666666666666666666666666666
77777777777777777777777777777777
99999999999999999999999999999999
55555555555555555555555555555555
77777777777777777777777777777777
99999999999999999999999999999999
99999999999999999999999999999999
99999999999999999999999999999999
99999999999999999999999999999999
99999999999999999999999999999999
55555555555555555555555555555555
77777777777777777777777777777777
66666666666666666666666666666666
99999999999999999999999999999999
99999999999999999999999999999999
77777777777777777777777777777777
66666666666666666666666666666666
66666666666666666666666666666666
77777777777777777777777777777777
99999999999999999999999999999999
77777777777777777777777777777777
77777777777777777777777777777777
99999999999999999999999999999999
99999999999999999999999999999999
55555555555555555555555555555555
99999999999999999999999999999999
99999999999999999999999999999999
55555555555555555555555555555555
77777777777777777777777777777777
66666666666666666666666666666666
99999999999999999999999999999999
99999999999999999999999999999999
77777777777777777777777777777777
66666666666666666666666666666666
66666666666666666666666666666666
77777777777777777777777777777777
99999999999999999999999999999999
77777777777777777777777777777777
77777777777777777777777777777777
99999999999999999999999999999999
99999999999999999999999999999999
77777777777777777777777777777777
99999999999999999999999999999999
99999999999999999999999999999999
55555555555555555555555555555555
77777777777777777777777777777777
66666666666666666666666666666666
99999999999999999999999999999999
99999999999999999999999999999999
77777777777777777777777777777777
66666666666666666666666666666666
66666666666666666666666666666666
77777777777777777777777777777777
99999999999999999999999999999999
77777777777777777777777777777777
77777777777777777777777777777777
99999999999999999999999999999999
99999999999999999999999999999999
77777777777777777777777777777777
99999999999999999999999999999999
99999999999999999999999999999999
55555555555555555555555555555555
77777777777777777777777777777777
66666666666666666666666666666666
99999999999999999999999999999999
99999999999999999999999999999999
77777777777777777777777777777777
66666666666666666666666666666666
66666666666666666666666666666666
66666666666666666666666666666666
99999999999999999999999999999999
77777777777777777777777777777777
77777777777777777777777777777777
99999999999999999999999999999999
99999999999999999999999999999999
77777777777777777777777777777777
55555555555555555555555555555555
99999999999999999999999999999999
55555555555555555555555555555555
77777777777777777777777777777777
66666666666666666666666666666666
99999999999999999999999999999999
99999999999999999999999999999999
77777777777777777777777777777777
66666666666666666666666666666666
66666666666666666666666666666666
77777777777777777777777777777777
99999999999999999999999999999999
77777777777777777777777777777777
77777777777777777777777777777777
99999999999999999999999999999999
99999999999999999999999999999999
77777777777777777777777777777777
55555555555555555555555555555555
99999999999999999999999999999999
55555555555555555555555555555555
77777777777777777777777777777777
66666666666666666666666666666666
99999999999999999999999999999999
99999999999999999999999999999999
66666666666666666666666666666666
66666666666666666666666666666666
66666666666666666666666666666666
77777777777777777777777777777777
99999999999999999999999999999999
77777777777777777777777777777777
77777777777777777777777777777777
99999999999999999999999999999999
99999999999999999999999999999999
77777777777777777777777777777777
55555555555555555555555555555555
99999999999999999999999999999999
55555555555555555555555555555555
66666666666666666666666666666666
66666666666666666666666666666666
99999999999999999999999999999999
99999999999999999999999999999999
66666666666666666666666666666666
66666666666666666666666666666666
66666666666666666666666666666666
77777777777777777777777777777777
99999999999999999999999999999999
77777777777777777777777777777777
77777777777777777777777777777777
99999999999999999999999999999999
99999999999999999999999999999999
77777777777777777777777777777777
55555555555555555555555555555555
99999999999999999999999999999999
55555555555555555555555555555555
66666666666666666666666666666666
66666666666666666666666666666666
99999999999999999999999999999999
99999999999999999999999999999999
66666666666666666666666666666666
66666666666666666666666666666666
66666666666666666666666666666666
77777777777777777777777777777777
55555555555555555555555555555555
77777777777777777777777777777777
77777777777777777777777777777777
99999999999999999999999999999999
99999999999999999999999999999999
77777777777777777777777777777777
55555555555555555555555555555555
99999999999999999999999999999999
55555555555555555555555555555555
66666666666666666666666666666666
66666666666666666666666666666666
99999999999999999999999999999999
99999999999999999999999999999999
66666666666666666666666666666666
66666666666666666666666666666666
66666666666666666666666666666666
77777777777777777777777777777777
77777777777777777777777777777777
77777777777777777777777777777777
77777777777777777777777777777777
99999999999999999999999999999999
99999999999999999999999999999999
77777777777777777777777777777777
55555555555555555555555555555555
99999999999999999999999999999999
33333333333333333333333333333333
66666666666666666666666666666666
66666666666666666666666666666666
99999999999999999999999999999999
99999999999999999999999999999999
66666666666666666666666666666666
66666666666666666666666666666666
66666666666666666666666666666666
77777777777777777777777777777777
77777777777777777777777777777777
77777777777777777777777777777777
77777777777777777777777777777777
99999999999999999999999999999999
99999999999999999999999999999999
77777777777777777777777777777777
55555555555555555555555555555555
99999999999999999999999999999999
33333333333333333333333333333333
66666666666666666666666666666666
66666666666666666666666666666666
99999999999999999999999999999999
99999999999999999999999999999999
66666666666666666666666666666666
66666666666666666666666666666666
66666666666666666666666666666666
77777777777777777777777777777777
77777777777777777777777777777777
66666666666666666666666666666666
77777777777777777777777777777777
99999999999999999999999999999999
99999999999999999999999999999999
77777777777777777777777777777777
55555555555555555555555555555555
99999999999999999999999999999999
33333333333333333333333333333333
66666666666666666666666666666666
66666666666666666666666666666666
99999999999999999999999999999999
99999999999999999999999999999999
66666666666666666666666666666666
66666666666666666666666666666666
66666666666666666666666666666666
77777777777777777777777777777777
77777777777777777777777777777777
66666666666666666666666666666666
66666666666666666666666666666666
99999999999999999999999999999999
99999999999999999999999999999999
66666666666666666666666666666666
55555555555555555555555555555555
99999999999999999999999999999999
33333333333333333333333333333333
66666666666666666666666666666666
66666666666666666666666666666666
99999999999999999999999999999999
99999999999999999999999999999999
66666666666666666666666666666666
66666666666666666666666666666666
66666666666666666666666666666666
77777777777777777777777777777777
77777777777777777777777777777777
66666666666666666666666666666666
66666666666666666666666666666666
99999999999999999999999999999999
99999999999999999999999999999999
66666666666666666666666666666666
55555555555555555555555555555555
99999999999999999999999999999999
33333333333333333333333333333333
66666666666666666666666666666666
66666666666666666666666666666666
99999999999999999999999999999999
99999999999999999999999999999999
66666666666666666666666666666666
66666666666666666666666666666666
66666666666666666666666666666666
77777777777777777777777777777777
66666666666666666666666666666666
66666666666666666666666666666666
66666666666666666666666666666666
99999999999999999999999999999999
99999999999999999999999999999999
66666666666666666666666666666666
55555555555555555555555555555555
99999999999999999999999999999999
33333333333333333333333333333333
66666666666666666666666666666666
66666666666666666666666666666666
99999999999999999999999999999999
55555555555555555555555555555555
66666666666666666666666666666666
66666666666666666666666666666666
66666666666666666666666666666666
77777777777777777777777777777777
66666666666666666666666666666666
66666666666666666666666666666666
66666666666666666666666666666666
99999999999999999999999999999999
99999999999999999999999999999999
66666666666666666666666666666666
55555555555555555555555555555555
99999999999999999999999999999999
33333333333333333333333333333333
66666666666666666666666666666666
66666666666666666666666666666666
99999999999999999999999999999999
77777777777777777777777777777777
66666666666666666666666666666666
66666666666666666666666666666666
66666666666666666666666666666666
77777777777777777777777777777777
66666666666666666666666666666666
66666666666666666666666666666666
66666666666666666666666666666666
99999999999999999999999999999999
55555555555555555555555555555555
66666666666666666666666666666666
55555555555555555555555555555555
99999999999999999999999999999999
33333333333333333333333333333333
66666666666666666666666666666666
66666666666666666666666666666666
99999999999999999999999999999999
77777777777777777777777777777777
66666666666666666666666666666666
66666666666666666666666666666666
66666666666666666666666666666666
77777777777777777777777777777777
66666666666666666666666666666666
66666666666666666666666666666666
66666666666666666666666666666666
99999999999999999999999999999999
55555555555555555555555555555555
66666666666666666666666666666666
33333333333333333333333333333333
99999999999999999999999999999999
33333333333333333333333333333333
66666666666666666666666666666666
66666666666666666666666666666666
99999999999999999999999999999999
77777777777777777777777777777777
66666666666666666666666666666666
66666666666666666666666666666666
66666666666666666666666666666666
77777777777777777777777777777777
66666666666666666666666666666666
66666666666666666666666666666666
66666666666666666666666666666666
99999999999999999999999999999999
55555555555555555555555555555555
66666666666666666666666666666666
33333333333333333333333333333333
99999999999999999999999999999999
33333333333333333333333333333333
66666666666666666666666666666666
66666666666666666666666666666666
55555555555555555555555555555555
77777777777777777777777777777777
66666666666666666666666666666666
66666666666666666666666666666666
66666666666666666666666666666666
77777777777777777777777777777777
66666666666666666666666666666666
66666666666666666666666666666666
66666666666666666666666666666666
99999999999999999999999999999999
55555555555555555555555555555555
66666666666666666666666666666666
33333333333333333333333333333333
99999999999999999999999999999999
33333333333333333333333333333333
66666666666666666666666666666666
66666666666666666666666666666666
77777777777777777777777777777777
77777777777777777777777777777777
66666666666666666666666666666666
66666666666666666666666666666666
66666666666666666666666666666666
77777777777777777777777777777777
66666666666666666666666666666666
66666666666666666666666666666666
66666666666666666666666666666666
99999999999999999999999999999999
55555555555555555555555555555555
66666666666666666666666666666666
33333333333333333333333333333333
99999999999999999999999999999999
33333333333333333333333333333333
66666666666666666666666666666666
66666666666666666666666666666666
77777777777777777777777777777777
66666666666666666666666666666666
66666666666666666666666666666666
66666666666666666666666666666666
66666666666666666666666666666666
77777777777777777777777777777777
66666666666666666666666666666666
66666666666666666666666666666666
66666666666666666666666666666666
99999999999999999999999999999999
55555555555555555555555555555555
66666666666666666666666666666666
33333333333333333333333333333333
55555555555555555555555555555555
33333333333333333333333333333333
66666666666666666666666666666666
66666666666666666666666666666666
77777777777777777777777777777777
66666666666666666666666666666666
66666666666666666666666666666666
66666666666666666666666666666666
66666666666666666666666666666666
77777777777777777777777777777777
66666666666666666666666666666666
66666666666666666666666666666666
66666666666666666666666666666666
99999999999999999999999999999999
55555555555555555555555555555555
66666666666666666666666666666666
33333333333333333333333333333333
55555555555555555555555555555555
33333333333333333333333333333333
66666666666666666666666666666666
66666666666666666666666666666666
66666666666666666666666666666666
66666666666666666666666666666666
66666666666666666666666666666666
66666666666666666666666666666666
66666666666666666666666666666666
77777777777777777777777777777777
66666666666666666666666666666666
66666666666666666666666666666666
66666666666666666666666666666666
99999999999999999999999999999999
55555555555555555555555555555555
66666666666666666666666666666666
33333333333333333333333333333333
55555555555555555555555555555555
22222222222222222222222222222222
66666666666666666666666666666666
66666666666666666666666666666666
66666666666666666666666666666666
66666666666666666666666666666666
66666666666666666666666666666666
66666666666666666666666666666666
66666666666666666666666666666666
77777777777777777777777777777777
66666666666666666666666666666666
66666666666666666666666666666666
66666666666666666666666666666666
99999999999999999999999999999999
33333333333333333333333333333333
66666666666666666666666666666666
33333333333333333333333333333333
55555555555555555555555555555555
33333333333333333333333333333333
66666666666666666666666666666666
66666666666666666666666666666666
66666666666666666666666666666666
66666666666666666666666666666666
66666666666666666666666666666666
66666666666666666666666666666666
66666666666666666666666666666666
77777777777777777777777777777777
66666666666666666666666666666666
66666666666666666666666666666666
66666666666666666666666666666666
99999999999999999999999999999999
44444444444444444444444444444444
66666666666666666666666666666666
33333333333333333333333333333333
55555555555555555555555555555555
33333333333333333333333333333333
66666666666666666666666666666666
66666666666666666666666666666666
66666666666666666666666666666666
66666666666666666666666666666666
66666666666666666666666666666666
66666666666666666666666666666666
66666666666666666666666666666666
77777777777777777777777777777777
66666666666666666666666666666666
66666666666666666666666666666666
66666666666666666666666666666666
99999999999999999999999999999999
44444444444444444444444444444444
66666666666666666666666666666666
22222222222222222222222222222222
55555555555555555555555555555555
33333333333333333333333333333333
66666666666666666666666666666666
66666666666666666666666666666666
66666666666666666666666666666666
66666666666666666666666666666666
66666666666666666666666666666666
66666666666666666666666666666666
66666666666666666666666666666666
77777777777777777777777777777777
66666666666666666666666666666666
66666666666666666666666666666666
66666666666666666666666666666666
99999999999999999999999999999999
44444444444444444444444444444444
66666666666666666666666666666666
33333333333333333333333333333333
33333333333333333333333333333333
33333333333333333333333333333333
66666666666666666666666666666666
66666666666666666666666666666666
66666666666666666666666666666666
66666666666666666666666666666666
66666666666666666666666666666666
66666666666666666666666666666666
66666666666666666666666666666666
77777777777777777777777777777777
66666666666666666666666666666666
66666666666666666666666666666666
66666666666666666666666666666666
99999999999999999999999999999999
44444444444444444444444444444444
66666666666666666666666666666666
33333333333333333333333333333333
44444444444444444444444444444444
33333333333333333333333333333333
66666666666666666666666666666666
66666666666666666666666666666666
66666666666666666666666666666666
66666666666666666666666666666666
66666666666666666666666666666666
66666666666666666666666666666666
66666666666666666666666666666666
77777777777777777777777777777777
66666666666666666666666666666666
66666666666666666666666666666666
66666666666666666666666666666666
99999999999999999999999999999999
44444444444444444444444444444444
66666666666666666666666666666666
33333333333333333333333333333333
44444444444444444444444444444444
33333333333333333333333333333333
66666666666666666666666666666666
66666666666666666666666666666666
66666666666666666666666666666666
66666666666666666666666666666666
66666666666666666666666666666666
66666666666666666666666666666666
66666666666666666666666666666666
77777777777777777777777777777777
66666666666666666666666666666666
66666666666666666666666666666666
66666666666666666666666666666666
99991111111111111111111111111111
44444411111111111111111111111111
66661111111111111111111111111111
33333333333333333333333333333333
44444444444444444444111111111111
33333333333333111111111111111111
66666666666666111111111111111111
66666666666666666666111111111111
66666666666666666611111111111111
66666666666666661111111111111111
66666666666611111111111111111111
66666666666666111111111111111111
66666666666666111111111111111111
77777777777777771111111111111111
66666666666666666666111111111111
66666666666666666611111111111111
66666666666666666666111111111111
99991111111111111111111111111111
44444411111111111111111111111111
66661111111111111111111111111111
33333333333333333333333333333333
44444444444444444444111111111111
33333333333333111111111111111111
66666666666666111111111111111111
66666666666666666666111111111111
66666666666666666611111111111111
66666666666666661111111111111111
66666666666611111111111111111111
66666666666666111111111111111111
66666666666656111111111111111111
77777777777777771111111111111111
66666666666666666666111111111111
66666666666666666611111111111111
66666666666666666666111111111111
99991111111111111111111111111111
44444411111111111111111111111111
66661111111111111111111111111111
33333333333333333333333333333333
44444444444444444444111111111111
33333333333333111111111111111111
66666666666666111111111111111111
66666666666666666666111111111111
66666666666666666611111111111111
66666666666666661111111111111111
66666666666611111111111111111111
66666666666666111111111111111111
66666666665656111111111111111111
77777777777777771111111111111111
66666666666666666666111111111111
66666666666666666611111111111111
66666666666666666666111111111111
99991111111111111111111111111111
44444411111111111111111111111111
66661111111111111111111111111111
33333333333333333333333333333333
44444444444444444444111111111111
33333333333333111111111111111111
66666666666666111111111111111111
66666666666666666666111111111111
66666666666666666611111111111111
66666666666666661111111111111111
66666666666611111111111111111111
66666666666666111111111111111111
66666666566656111111111111111111
77777777777777771111111111111111
66666666666666666666111111111111
66666666666666666611111111111111
66666666666666666666111111111111
99991111111111111111111111111111
44444411111111111111111111111111
66661111111111111111111111111111
33333333333333333333333333333333
44444444444444444444111111111111
33333333333333111111111111111111
66666666666666111111111111111111
66666666666666666666111111111111
66666666666666666611111111111111
66666666666666661111111111111111
66666666666611111111111111111111
66666666666666111111111111111111
66666656666656111111111111111111
77777777777777771111111111111111
66666666666666666666111111111111
66666666666666666611111111111111
66666666666666666666111111111111
99991111111111111111111111111111
44444411111111111111111111111111
66661111111111111111111111111111
33333333333333333333333333333333
44444444444444444444111111111111
33333333333333111111111111111111
66666666666666111111111111111111
66666666666666666666111111111111
66666666666666666611111111111111
66666666666666661111111111111111
66666666666611111111111111111111
66666666666666111111111111111111
66665666666656111111111111111111
77777777777777771111111111111111
66666666666666666666111111111111
66666666666666666611111111111111
66666666666666666666111111111111
99991111111111111111111111111111
44444411111111111111111111111111
66661111111111111111111111111111
33333333333333333333333333333333
44444444444444444444111111111111
33333333333333111111111111111111
66666666666666111111111111111111
66666666666666666666111111111111
66666666666666666611111111111111
66666666666666661111111111111111
66666666666611111111111111111111
66666666666666111111111111111111
66566666666656111111111111111111
77777777777777771111111111111111
66666666666666666666111111111111
66666666666666666611111111111111
66666666666666666666111111111111
99991111111111111111111111111111
44444411111111111111111111111111
66661111111111111111111111111111
33333333333333333333333333333333
44444444444444444444111111111111
33333333333333111111111111111111
66666666666666111111111111111111
66666666666666666666111111111111
66666666666666666611111111111111
66666666666666661111111111111111
66666666666611111111111111111111
66666666666666111111111111111111
56666666666656111111111111111111
77777777777777771111111111111111
66666666666666666666111111111111
66666666666666666611111111111111
66666666666666666666111111111111
99991111111111111111111111111111
44444411111111111111111111111111
66661111111111111111111111111111
33333333333333333333333333333333
44444444444444444444111111111111
33333333333333111111111111111111
66666666666666111111111111111111
66666666666666666656111111111111
66666666666666666611111111111111
66666666666666661111111111111111
66666666666611111111111111111111
66666666666666111111111111111111
66666666666656111111111111111111
77777777777777771111111111111111
66666666666666666666111111111111
66666666666666666611111111111111
66666666666666666666111111111111
99991111111111111111111111111111
44444411111111111111111111111111
66661111111111111111111111111111
33333333333333333333333333333333
44444444444444444444111111111111
33333333333333111111111111111111
66666666666666111111111111111111
66666666666666665656111111111111
66666666666666666611111111111111
66666666666666661111111111111111
66666666666611111111111111111111
66666666666666111111111111111111
66666666666656111111111111111111
77777777777777771111111111111111
66666666666666666666111111111111
66666666666666666611111111111111
66666666666666666666111111111111
99991111111111111111111111111111
44444411111111111111111111111111
66661111111111111111111111111111
33333333333333333333333333333333
44444444444444444444111111111111
33333333333333111111111111111111
66666666666666111111111111111111
66666666666666566656111111111111
66666666666666666611111111111111
66666666666666661111111111111111
66666666666611111111111111111111
66666666666666111111111111111111
66666666666656111111111111111111
77777777777777771111111111111111
66666666666666666666111111111111
66666666666666666611111111111111
66666666666666666666111111111111
99991111111111111111111111111111
44444411111111111111111111111111
66661111111111111111111111111111
33333333333333333333333333333333
44444444444444444444111111111111
33333333333333111111111111111111
66666666666666111111111111111111
66666666666656666656111111111111
66666666666666666611111111111111
66666666666666661111111111111111
66666666666611111111111111111111
66666666666666111111111111111111
66666666666656111111111111111111
77777777777777771111111111111111
66666666666666666666111111111111
66666666666666666611111111111111
66666666666666666666111111111111
99991111111111111111111111111111
44444411111111111111111111111111
66661111111111111111111111111111
33333333333333333333333333333333
44444444444444444444111111111111
33333333333333111111111111111111
66666666666666111111111111111111
66666666665666666656111111111111
66666666666666666611111111111111
66666666666666661111111111111111
66666666666611111111111111111111
66666666666666111111111111111111
66666666666656111111111111111111
77777777777777771111111111111111
66666666666666666666111111111111
66666666666666666611111111111111
66666666666666666666111111111111
99991111111111111111111111111111
44444411111111111111111111111111
66661111111111111111111111111111
33333333333333333333333333333333
44444444444444444444111111111111
33333333333333111111111111111111
66666666666666111111111111111111
66666666566666666656111111111111
66666666666666666611111111111111
66666666666666661111111111111111
66666666666611111111111111111111
66666666666666111111111111111111
66666666666656111111111111111111
77777777777777771111111111111111
66666666666666666666111111111111
66666666666666666611111111111111
66666666666666666666111111111111
99991111111111111111111111111111
44444411111111111111111111111111
66661111111111111111111111111111
33333333333333333333333333333333
44444444444444444444111111111111
33333333333333111111111111111111
66666666666666111111111111111111
66666656666666666656111111111111
66666666666666666611111111111111
66666666666666661111111111111111
66666666666611111111111111111111
66666666666666111111111111111111
66666666666656111111111111111111
77777777777777771111111111111111
66666666666666666666111111111111
66666666666666666611111111111111
66666666666666666666111111111111
99991111111111111111111111111111
44444411111111111111111111111111
66661111111111111111111111111111
33333333333333333333333333333333
44444444444444444444111111111111
33333333333333111111111111111111
66666666666666111111111111111111
66665666666666666656111111111111
66666666666666666611111111111111
66666666666666661111111111111111
66666666666611111111111111111111
66666666666666111111111111111111
66666666666656111111111111111111
77777777777777771111111111111111
66666666666666666666111111111111
66666666666666666611111111111111
66666666666666666666111111111111
99991111111111111111111111111111
44444411111111111111111111111111
66661111111111111111111111111111
33333333333333333333333333333333
44444444444444444444111111111111
33333333333333111111111111111111
66666666666666111111111111111111
66566666666666666656111111111111
66666666666666666611111111111111
66666666666666661111111111111111
66666666666611111111111111111111
66666666666666111111111111111111
66666666666656111111111111111111
77777777777777771111111111111111
66666666666666666666111111111111
66666666666666666611111111111111
66666666666666666666111111111111
99991111111111111111111111111111
44444411111111111111111111111111
66661111111111111111111111111111
33333333333333333333333333333333
44444444444444444444111111111111
33333333333333111111111111111111
66666666666666111111111111111111
56666666666666666656111111111111
66666666666666666611111111111111
66666666666666661111111111111111
66666666666611111111111111111111
66666666666666111111111111111111
66666666666656111111111111111111
77777777777777771111111111111111
66666666666666666666111111111111
66666666666666666611111111111111
66666666666666666666111111111111
99991111111111111111111111111111
44444411111111111111111111111111
66661111111111111111111111111111
33333333333333333333333333333333
44444444444444444444111111111111
33333333333333111111111111111111
66666666666666111111111111111111
66666666666666666656111111111111
66666666666666666611111111111111
66666666666666661111111111111111
66666666666611111111111111111111
66666666666666111111111111111111
66666666666656111111111111111111
77777777777777671111111111111111
66666666666666666666111111111111
66666666666666666611111111111111
66666666666666666666111111111111
99991111111111111111111111111111
44444411111111111111111111111111
66661111111111111111111111111111
33333333333333333333333333333333
44444444444444444444111111111111
33333333333333111111111111111111
66666666666666111111111111111111
66666666666666666656111111111111
66666666666666666611111111111111
66666666666666661111111111111111
66666666666611111111111111111111
66666666666666111111111111111111
66666666666656111111111111111111
77777777777767771111111111111111
66666666666666666666111111111111
66666666666666666611111111111111
66666666666666666666111111111111
99991111111111111111111111111111
44444411111111111111111111111111
66661111111111111111111111111111
33333333333333333333333333333333
44444444444444444444111111111111
33333333333333111111111111111111
66666666666666111111111111111111
66666666666666666656111111111111
66666666666666666611111111111111
66666666666666661111111111111111
66666666666611111111111111111111
66666666666666111111111111111111
66666666666656111111111111111111
77777777776777771111111111111111
66666666666666666666111111111111
66666666666666666611111111111111
66666666666666666666111111111111
99991111111111111111111111111111
44444411111111111111111111111111
66661111111111111111111111111111
33333333333333333333333333333333
44444444444444444444111111111111
33333333333333111111111111111111
66666666666666111111111111111111
66666666666666666656111111111111
66666666666666666611111111111111
66666666666666661111111111111111
66666666666611111111111111111111
66666666666666111111111111111111
66666666666656111111111111111111
77777777677777771111111111111111
66666666666666666666111111111111
66666666666666666611111111111111
66666666666666666666111111111111
99991111111111111111111111111111
44444411111111111111111111111111
66661111111111111111111111111111
33333333333333333333333333333333
44444444444444444444111111111111
33333333333333111111111111111111
66666666666666111111111111111111
66666666666666666656111111111111
66666666666666666611111111111111
66666666666666661111111111111111
66666666666611111111111111111111
66666666666666111111111111111111
66666666666656111111111111111111
77777767777777771111111111111111
66666666666666666666111111111111
66666666666666666611111111111111
66666666666666666666111111111111
99991111111111111111111111111111
44444411111111111111111111111111
66661111111111111111111111111111
33333333333333333333333333333333
44444444444444444444111111111111
33333333333333111111111111111111
66666666666666111111111111111111
66666666666666666656111111111111
66666666666666666611111111111111
66666666666666661111111111111111
66666666666611111111111111111111
66666666666666111111111111111111
66666666666656111111111111111111
77776777777777771111111111111111
66666666666666666666111111111111
66666666666666666611111111111111
66666666666666666666111111111111
99991111111111111111111111111111
44444411111111111111111111111111
66661111111111111111111111111111
33333333333333333333333333333333
44444444444444444444111111111111
33333333333333111111111111111111
66666666666666111111111111111111
66666666666666666656111111111111
66666666666666666611111111111111
66666666666666661111111111111111
66666666666611111111111111111111
66666666666666111111111111111111
66666666666656111111111111111111
77677777777777771111111111111111
66666666666666666666111111111111
66666666666666666611111111111111
66666666666666666666111111111111
99991111111111111111111111111111
44444411111111111111111111111111
66661111111111111111111111111111
33333333333333333333333333333333
44444444444444444444111111111111
33333333333333111111111111111111
66666666666666111111111111111111
66666666666666666656111111111111
66666666666666666611111111111111
66666666666666661111111111111111
66666666666611111111111111111111
66666666666666111111111111111111
66666666666656111111111111111111
67777777777777771111111111111111
66666666666666666666111111111111
66666666666666666611111111111111
66666666666666666666111111111111
99991111111111111111111111111111
44444411111111111111111111111111
66661111111111111111111111111111
33333333333333333333333333333333
44444444444444444444111111111111
33333333333333111111111111111111
66666666666666111111111111111111
66666666666666666656111111111111
66666666666666666611111111111111
66666666666666661111111111111111
66666666666611111111111111111111
66666666666666111111111111111111
66666666666655111111111111111111
77777777777777771111111111111111
66666666666666666666111111111111
66666666666666666611111111111111
66666666666666666666111111111111
99991111111111111111111111111111
44444411111111111111111111111111
66661111111111111111111111111111
33333333333333333333333333333333
44444444444444444444111111111111
33333333333333111111111111111111
66666666666666111111111111111111
66666666666666666656111111111111
66666666666666666611111111111111
66666666666666661111111111111111
66666666666611111111111111111111
66666666666666111111111111111111
66666666666555111111111111111111
77777777777777771111111111111111
66666666666666666666111111111111
66666666666666666611111111111111
66666666666666666666111111111111
99991111111111111111111111111111
44444411111111111111111111111111
66661111111111111111111111111111
33333333333333333333333333333333
44444444444444444444111111111111
33333333333333111111111111111111
66666666666666111111111111111111
66666666666666666656111111111111
66666666666666666611111111111111
66666666666666661111111111111111
66666666666611111111111111111111
66666666666666111111111111111111
65666666666655111111111111111111
77777777777777771111111111111111
66666666666666666666111111111111
66666666666666666611111111111111
66666666666666666666111111111111
99991111111111111111111111111111
44444411111111111111111111111111
66661111111111111111111111111111
33333333333333333333333333333333
44444444444444444444111111111111
33333333333333111111111111111111
66666666666666111111111111111111
66666666666666666655111111111111
66666666666666666611111111111111
66666666666666661111111111111111
66666666666611111111111111111111
66666666666666111111111111111111
66666666666655111111111111111111
77777777777777771111111111111111
66666666666666666666111111111111
66666666666666666611111111111111
66666666666666666666111111111111
99991111111111111111111111111111
44444411111111111111111111111111
66661111111111111111111111111111
33333333333333333333333333333333
44444444444444444444111111111111
33333333333333111111111111111111
66666666666666111111111111111111
66666666666666666555111111111111
66666666666666666611111111111111
66666666666666661111111111111111
66666666666611111111111111111111
66666666666666111111111111111111
66666666666655111111111111111111
77777777777777771111111111111111
66666666666666666666111111111111
66666666666666666611111111111111
66666666666666666666111111111111
99991111111111111111111111111111
44444411111111111111111111111111
66661111111111111111111111111111
33333333333333333333333333333333
44444444444444444444111111111111
33333333333333111111111111111111
66666666666666111111111111111111
65666666666666666655111111111111
66666666666666666611111111111111
66666666666666661111111111111111
66666666666611111111111111111111
66666666666666111111111111111111
66666666666655111111111111111111
77777777777777771111111111111111
66666666666666666666111111111111
66666666666666666611111111111111
66666666666666666666111111111111
99991111111111111111111111111111
44444411111111111111111111111111
66661111111111111111111111111111
33333333333333333333333333333333
44444444444444444444111111111111
33333333333333111111111111111111
66666666666666111111111111111111
66666666666666666655111111111111
66666666666666666611111111111111
66666666666666661111111111111111
66666666666611111111111111111111
66666666666656111111111111111111
66666666666655111111111111111111
77777777777777771111111111111111
66666666666666666666111111111111
66666666666666666611111111111111
66666666666666666666111111111111
99991111111111111111111111111111
44444411111111111111111111111111
66661111111111111111111111111111
33333333333333333333333333333333
44444444444444444444111111111111
33333333333333111111111111111111
66666666666666111111111111111111
66666666666666666655111111111111
66666666666666666611111111111111
66666666666666661111111111111111
66666666666611111111111111111111
66666666665656111111111111111111
66666666666655111111111111111111
77777777777777771111111111111111
66666666666666666666111111111111
66666666666666666611111111111111
66666666666666666666111111111111
99991111111111111111111111111111
44444411111111111111111111111111
66661111111111111111111111111111
33333333333333333333333333333333
44444444444444444444111111111111
33333333333333111111111111111111
66666666666666111111111111111111
66666666666666666655111111111111
66666666666666666611111111111111
66666666666666661111111111111111
66666666666611111111111111111111
66666666565656111111111111111111
66666666666655111111111111111111
77777777777777771111111111111111
66666666666666666666111111111111
66666666666666666611111111111111
66666666666666666666111111111111
99991111111111111111111111111111
44444411111111111111111111111111
66661111111111111111111111111111
33333333333333333333333333333333
44444444444444444444111111111111
33333333333333111111111111111111
66666666666666111111111111111111
66666666666666666655111111111111
66666666666666666611111111111111
66666666666666661111111111111111
66666666666611111111111111111111
66666656565656111111111111111111
66666666666655111111111111111111
77777777777777771111111111111111
66666666666666666666111111111111
66666666666666666611111111111111
66666666666666666666111111111111
99991111111111111111111111111111
44444411111111111111111111111111
66661111111111111111111111111111
33333333333333333333333333333333
44444444444444444444111111111111
33333333333333111111111111111111
66666666666666111111111111111111
66666666666666666655111111111111
66666666666666666611111111111111
66666666666666661111111111111111
66666666666611111111111111111111
66665656565656111111111111111111
66666666666655111111111111111111
77777777777777771111111111111111
66666666666666666666111111111111
66666666666666666611111111111111
66666666666666666666111111111111
99991111111111111111111111111111
44444411111111111111111111111111
66661111111111111111111111111111
33333333333333333333333333333333
44444444444444444444111111111111
33333333333333111111111111111111
66666666666666111111111111111111
66666666666666666655111111111111
66666666666666666611111111111111
66666666666666661111111111111111
66666666666611111111111111111111
66566656565656111111111111111111
66666666666655111111111111111111
77777777777777771111111111111111
66666666666666666666111111111111
66666666666666666611111111111111
66666666666666666666111111111111
99991111111111111111111111111111
44444411111111111111111111111111
66661111111111111111111111111111
33333333333333333333333333333333
44444444444444444444111111111111
33333333333333111111111111111111
66666666666666111111111111111111
66666666666666666655111111111111
66666666666666666611111111111111
66666666666666661111111111111111
66666666666611111111111111111111
56666656565656111111111111111111
66666666666655111111111111111111
77777777777777771111111111111111
66666666666666666666111111111111
66666666666666666611111111111111
66666666666666666666111111111111
99991111111111111111111111111111
44444411111111111111111111111111
66661111111111111111111111111111
33333333333333333333333333333333
44444444444444444444111111111111
33333333333333111111111111111111
66666666666666111111111111111111
66666666666666666655111111111111
66666666666666666611111111111111
66666666666666661111111111111111
66666666666611111111111111111111
66666656565656111111111111111111
66666666666655111111111111111111
77777777777777761111111111111111
66666666666666666666111111111111
66666666666666666611111111111111
66666666666666666666111111111111
99991111111111111111111111111111
44444411111111111111111111111111
66661111111111111111111111111111
33333333333333333333333333333333
44444444444444444444111111111111
33333333333333111111111111111111
66666666666666111111111111111111
66666666666666666655111111111111
66666666666666666611111111111111
66666666666666661111111111111111
66666666666611111111111111111111
66666656565656111111111111111111
66666666666655111111111111111111
77777777777776761111111111111111
66666666666666666666111111111111
66666666666666666611111111111111
66666666666666666666111111111111
99991111111111111111111111111111
44444411111111111111111111111111
66661111111111111111111111111111
33333333333333333333333333333333
44444444444444444444111111111111
33333333333333111111111111111111
66666666666666111111111111111111
66666666666666666655111111111111
66666666666666666611111111111111
66666666666666661111111111111111
66666666666611111111111111111111
66666656565656111111111111111111
66666666666655111111111111111111
77777777777677761111111111111111
66666666666666666666111111111111
66666666666666666611111111111111
66666666666666666666111111111111
99991111111111111111111111111111
44444411111111111111111111111111
66661111111111111111111111111111
33333333333333333333333333333333
44444444444444444444111111111111
33333333333333111111111111111111
66666666666666111111111111111111
66666666666666666655111111111111
66666666666666666611111111111111
66666666666666661111111111111111
66666666666611111111111111111111
66666656565656111111111111111111
66666666666655111111111111111111
77777777767777761111111111111111
66666666666666666666111111111111
66666666666666666611111111111111
66666666666666666666111111111111
99991111111111111111111111111111
44444411111111111111111111111111
66661111111111111111111111111111
33333333333333333333333333333333
44444444444444444444111111111111
33333333333333111111111111111111
66666666666666111111111111111111
66666666666666666655111111111111
66666666666666666611111111111111
66666666666666661111111111111111
66666666666611111111111111111111
66666656565656111111111111111111
66666666666655111111111111111111
77777776777777761111111111111111
66666666666666666666111111111111
66666666666666666611111111111111
66666666666666666666111111111111
99991111111111111111111111111111
44444411111111111111111111111111
66661111111111111111111111111111
33333333333333333333333333333333
44444444444444444444111111111111
33333333333333111111111111111111
66666666666666111111111111111111
66666666666666666655111111111111
66666666666666666611111111111111
66666666666666661111111111111111
66666666666611111111111111111111
66666656565656111111111111111111
66666666666655111111111111111111
77777677777777761111111111111111
66666666666666666666111111111111
66666666666666666611111111111111
66666666666666666666111111111111
