3180282579
17 10 50
66666666666666666666
66666666666666666666
66666666666666666666
66666666666666666666
66666666666666666666
66666666666666666666
66666666666666666666
66666666666666666666
66666666666666666666
66666666666666666666
66666666666666666666
66666666666666666666
66666666666666666666
66666666666666666666
66666666666666666666
66666666666666666666
66666666666666666666
77777777777777777777
77777777777777777777
77777777777777777777
77777777777777777777
77777777777777777777
77777777777777777777
77777777777777777777
77777777777777777777
77777777777777777777
77777777777777777777
77777777777777777777
77777777777777777777
77777777777777777777
77777777777777777777
77777777777777777777
77777777777777777777
77777777777777777777
77777777777777777777
77777777777777777777
77777777777777777777
77777777777777777777
77777777777777777777
77777777777777777777
77777777777777777777
77777777777777777777
77777777777777777777
77777777777777777777
77777777777777777777
77777777777777777777
77777777777777777777
77777777777777777777
77777777777777777777
44444444444444444444
77777777777777777777
77777777777777777777
77777777777777777777
77777777777777777777
44444444444444444444
77777777777777777777
77777777777777777777
77777777777777777777
77777777777777777777
77777777777777777777
77777777777777777777
77777777777777777777
77777777777777777777
77777777777777777777
77777777777777777777
77777777777777777777
44444444444444444444
77777777777777777777
77777777777777777777
77777777777777777777
77777777777777777777
55555555555555555555
77777777777777777777
77777777777777777777
77777777777777777777
77777777777777777777
77777777777777777777
77777777777777777777
77777777777777777777
77777777777777777777
77777777777777777777
77777777777777777777
77777777777777777777
44444444444444444444
77777777777777777777
77777777777777777777
77777777777777777777
77777777777777777777
55555555555555555555
77777777777777777777
77777777777777777777
77777777777777777777
77777777777777777777
77777777777777777777
44444444444444444444
77777777777777777777
77777777777777777777
77777777777777777777
77777777777777777777
77777777777777777777
44444444444444444444
77777777777777777777
77777777777777777777
77777777777777777777
77777777777777777777
55555555555555555555
77777777777777777777
77777777777777777777
77777777777777777777
77777777777777777777
77777777777777777777
55555555555555555555
77777777777777777777
77777777777777777777
77777777777777777777
77777777777777777777
77777777777777777777
44444444444444444444
77777777777777777777
77777777777777777777
77777777777777777777
77777777777777777777
55555555555555555555
77777777777777777777
77777777777777777777
77777777777777777777
77777777777777777777
77777777777777777777
66666666666666666666
77777777777777777777
77777777777777777777
77777777777777777777
77777777777777777777
77777777777777777777
44444444444444444444
77777777777777777777
77777777777777777777
77777777777777777777
77777777777777777777
55555555555555555555
77777777777777777777
77777777777777777777
77777777777777777777
44444444444444444444
77777777777777777777
77777777777777777777
77777777777777777777
77777777777777777777
77777777777777777777
77777777777777777777
77777777777777777777
44444444444444444444
77777777777777777777
77777777777777777777
77777777777777777777
77777777777777777777
55555555555555555555
77777777777777777777
77777777777777777777
77777777777777777777
55555555555555555555
77777777777777777777
77777777777777777777
77777777777777777777
77777777777777777777
77777777777777777777
77777777777777777777
77777777777777777777
44444444444444444444
77777777777777777777
77777777777777777777
77777777777777777777
77777777777777777777
55555555555555555555
77777777777777777777
77777777777777777777
77777777777777777777
55555555555555555555
77777777777777777777
77777777777777777777
77777777777777777777
77777777777777777777
77777777777777777777
77777777777777777777
77777777777777777777
44444444444444444444
44444444444444444444
77777777777777777777
77777777777777777777
77777777777777777777
55555555555555555555
77777777777777777777
77777777777777777777
77777777777777777777
55555555555555555555
77777777777777777777
77777777777777777777
77777777777777777777
44444444444444444444
77777777777777777777
77777777777777777777
77777777777777777777
44444444444444444444
44444444444444444444
77777777777777777777
77777777777777777777
77777777777777777777
55555555555555555555
77777777777777777777
44444444444444444444
77777777777777777777
55555555555555555555
77777777777777777777
77777777777777777777
77777777777777777777
44444444444444444444
77777777777777777777
77777777777777777777
77777777777777777777
44444444444444444444
44444444444444444444
77777777777777777777
77777777777777777777
77777777777777777777
55555555555555555555
77777777777777777777
55555555555555555555
77777777777777777777
55555555555555555555
77777777777777777777
77777777777777777777
77777777777777777777
44444444444444444444
77777777777777777777
77777777777777777777
77777777777777777777
44444444444444444444
44444444444444444444
44444444444444444444
77777777777777777777
77777777777777777777
55555555555555555555
77777777777777777777
55555555555555555555
77777777777777777777
55555555555555555555
77777777777777777777
77777777777777777777
77777777777777777777
44444444444444444444
77777777777777777777
77777777777777777777
77777777777777777777
44444444444444444444
44444444444444444444
55555555555555555555
77777777777777777777
77777777777777777777
55555555555555555555
77777777777777777777
55555555555555555555
77777777777777777777
55555555555555555555
77777777777777777777
77777777777777777777
77777777777777777777
44444444444444444444
77777777777777777777
77777777777777777777
77777777777777777777
44444444444444444444
44444444444444444444
66666666666666666666
77777777777777777777
77777777777777777777
55555555555555555555
77777777777777777777
55555555555555555555
77777777777777777777
55555555555555555555
77777777777777777777
77777777777777777777
77777777777777777777
44444444444444444444
77777777777777777777
77777777777777777777
77777777777777777777
44444444444444444444
44444444444444444444
77777777777777777777
77777777777777777777
77777777777777777777
55555555555555555555
77777777777777777777
55555555555555555555
77777777777777777777
55555555555555555555
77777777777777777777
77777777777777777777
77777777777777777777
44444444444444444444
77777777777777777777
77777777777777777777
77777777777777777777
22222222222222222222
44444444444444444444
77777777777777777777
77777777777777777777
77777777777777777777
55555555555555555555
77777777777777777777
55555555555555555555
77777777777777777777
55555555555555555555
77777777777777777777
77777777777777777777
77777777777777777777
44444444444444444444
77777777777777777777
77777777777777777777
77777777777777777777
33333333333333333333
44444444444444444444
77777777777777777777
77777777777777777777
77777777777777777777
55555555555555555555
44444444444444444444
55555555555555555555
77777777777777777777
55555555555555555555
77777777777777777777
77777777777777777777
77777777777777777777
44444444444444444444
77777777777777777777
77777777777777777777
77777777777777777777
33333333333333333333
44444444444444444444
77777777777777777777
77777777777777777777
77777777777777777777
55555555555555555555
55555555555555555555
55555555555555555555
77777777777777777777
55555555555555555555
77777777777777777777
77777777777777777777
77777777777777777777
44444444444444444444
77777777777777777777
77777777777777777777
77777777777777777777
33333333333333333333
44444444444444444444
77777777777777777777
77777777777777777777
77777777777777777777
55555555555555555555
66666666666666666666
55555555555555555555
77777777777777777777
55555555555555555555
77777777777777777777
77777777777777777777
77777777777777777777
44444444444444444444
77777777777777777777
77777777777777777777
77777777777777777777
33333333333333333333
44444444444444444444
77777777777777777777
77777777777777777777
77777777777777777777
55555555555555555555
66666666666666666666
55555555555555555555
77777777777777777777
55555555555555555555
44444444444444444444
77777777777777777777
77777777777777777777
44444444444444444444
77777777777777777777
77777777777777777777
77777777777777777777
33333333333333333333
44444444444444444444
77777777777777777777
77777777777777777777
77777777777777777777
55555555555555555555
66666666666666666666
55555555555555555555
77777777777777777777
55555555555555555555
55555555555555555555
77777777777777777777
77777777777777777777
44444444444444444444
77777777777777777777
77777777777777777777
77777777777777777777
33333333333333333333
44444444444444444444
77777777777777777777
77777777777777777777
77777777777777777777
55555555555555555555
66666666666666666666
55555555555555555555
77777777777777777777
55555555555555555555
55555555555555555555
77777777777777777777
44444444444444444444
44444444444444444444
77777777777777777777
77777777777777777777
77777777777777777777
33333333333333333333
44444444444444444444
77777777777777777777
77777777777777777777
77777777777777777777
55555555555555555555
66666666666666666666
55555555555555555555
77777777777777777777
55555555555555555555
55555555555555555555
77777777777777777777
55555555555555555555
44444444444444444444
77777777777777777777
77777777777777777777
77777777777777777777
33333333333333333333
44444444444444444444
77777777777777777777
77777777777777777777
77777777777777777777
55555555555555555555
66666666666666666666
55555555555555555555
77777777777777777777
55555555555555555555
55555555555555555555
77777777777777777777
66666666666666666666
44444444444444444444
77777777777777777777
77777777777777777777
77777777777777777777
33333333333333333333
44444444444444444444
77777777777777777777
77777777777777777777
44444444444444444444
55555555555555555555
66666666666666666666
55555555555555555555
77777777777777777777
55555555555555555555
55555555555555555555
77777777777777777777
66666666666666666666
44444444444444444444
77777777777777777777
77777777777777777777
77777777777777777777
33333333333333333333
44444444444444444444
77777777777777777777
77777777777777777777
55555555555555555555
55555555555555555555
66666666666666666666
55555555555555555555
77777777777777777777
55555555555555555555
55555555555555555555
77777777777777777777
66666666666666666666
44444444444444444444
77777777777777777777
77777777777777777777
77777777777777777777
33333333333333333333
44444444444444444444
77777777777777777777
44444444444444444444
55555555555555555555
55555555555555555555
66666666666666666666
55555555555555555555
77777777777777777777
55555555555555555555
55555555555555555555
77777777777777777777
66666666666666666666
44444444444444444444
77777777777777777777
77777777777777777777
77777777777777777777
33333333333333333333
44444444444444444444
77777777777777777777
55555555555555555555
55555555555555555555
55555555555555555555
66666666666666666666
55555555555555555555
77777777777777777777
55555555555555555555
55555555555555555555
77777777777777777777
66666666666666666666
44444444444444444444
77777777777777777777
77777777777777777777
77777777777777777777
33333333333333333333
44444444444444444444
77777777777777777777
55555555555555555555
55555555555555555555
55555555555555555555
66666666666666666666
55555555555555555555
77777777777777777777
55555555555555555555
55555555555555555555
77777777777777777777
66666666666666666666
22222222222222222222
77777777777777777777
77777777777777777777
77777777777777777777
33333333333333333333
44444444444444444444
77777777777777777777
55555555555555555555
55555555555555555555
55555555555555555555
66666666666666666666
55555555555555555555
77777777777777777777
55555555555555555555
55555555555555555555
77777777777777777777
66666666666666666666
33333333333333333333
77777777777777777777
77777777777777777777
77777777777777777777
33333333333333333333
44444444444444444444
77777777777777777777
55555555555555555555
55555555555555555555
55555555555555555555
66666666666666666666
55555555555555555555
77777777777777777777
55555555555555555555
55555555555555555555
77777777777777777777
66666666666666666666
33333333333333333333
77777777777777777777
77777777777777777777
44444444444444444444
33333333333333333333
44444444444444444444
77777777777777777777
55555555555555555555
55555555555555555555
55555555555555555555
66666666666666666666
55555555555555555555
77777777777777777777
55555555555555555555
55555555555555555555
77777777777777777777
66666666666666666666
33333333333333333333
77777777777777777777
77777777777777777777
44444444444444444444
33333333333333333333
22222222222222222222
77777777777777777777
55555555555555555555
55555555555555555555
55555555555555555555
66666666666666666666
55555555555555555555
77777777777777777777
55555555555555555555
55555555555555555555
77777777777777777777
66666666666666666666
33333333333333333333
77777777777777777777
77777777777777777777
44444444444444444444
33333333333333333333
33333333333333333333
77777777777777777777
55555555555555555555
55555555555555555555
55555555555555555555
66666666666666666666
55555555555555555555
77777777777777777777
55555555555555555555
55555555555555555555
77777777777777777777
66666666666666666666
33333333333333333333
77777777777777777777
44444444444444444444
44444444444444444444
33333333333333333333
44444444444444444444
77777777777777777777
55555555555555555555
55555555555555555555
55555555555555555555
66666666666666666666
55555555555555555555
44444444444444444444
55555555555555555555
55555555555555555555
77777777777777777777
66666666666666666666
33333333333333333333
77777777777777777777
44444444444444444444
44444444444444444444
33333333333333333333
44444444444444444444
77777777777777777777
55555555555555555555
55555555555555555555
55555555555555555555
66666666666666666666
55555555555555555555
55555555555555555555
55555555555555555555
55555555555555555555
77777777777777777777
66666666666666666666
33333333333333333333
77777777777777777777
44444444444444444444
44444444444444444444
33333333333333333333
44444444444444444444
77777777777777777777
55555555555555555555
55555555555555555555
55555555555555555555
66666666666666666666
55555555555555555555
55555555555555555555
55555555555555555555
55555555555555555555
77777777777777777777
66666666666666666666
33333333333333333333
77777777777777777777
22222222222222222222
44444444444444444444
33333333333333333333
44444444444444444444
77777777777777777777
55555555555555555555
55555555555555555555
55555555555555555555
66666666666666666666
55555555555555555555
55555555555555555555
55555555555555555555
55555555555555555555
77777777777777777777
66666666666666666666
33333333333333333333
77777777777777777777
33333333333333333333
44444444444444444444
33333333333333333333
44444444444444444444
77777777777777777777
55555555555555555555
55555555555555555555
55555555555555555555
66666666666666666666
55555555555555555555
55555555555555555555
55555555555555555555
55555555555555555555
77777777777777777777
66666666666666666666
33333333333333333333
77777777777777777777
44444444444444444444
22222222222222222222
33333333333333333333
44444444444444444444
77777777777777777777
55555555555555555555
55555555555555555555
55555555555555555555
66666666666666666666
55555555555555555555
55555555555555555555
55555555555555555555
55555555555555555555
77777777777777777777
66666666666666666666
33333333333333333333
44444444444444444444
44444444444444444444
22222222222222222222
33333333333333333333
44444444444444444444
77777777777777777777
55555555555555555555
55555555555555555555
55555555555555555555
66666666666666666666
55555555555555555555
55555555555555555555
55555555555555555555
55555555555555555555
77777777777777777777
66666666666666666666
33333333333333333333
55555555555555555555
44444444444444444444
22222222222222222222
33333333333333333333
44444444444444444444
77777777777777777777
55555555555555555555
55555555555555555555
55555555555555555555
66666666666666666666
55555555555555555555
55555555555555555555
55555555555555555555
55555555555555555555
77777777777777777777
66666666666666666666
33333333333333333333
55555555555555555555
44444444444444444444
22222222222222222222
33333333333333333333
44444444444444444444
77777777777711111111
55555555551111111111
55555555555511111111
55555555555511111111
66666666666611111111
55555555551111111111
55555555551111111111
55555555551111111111
55555555555511111111
77777777771111111111
66666666666611111111
33333333333333333311
55555555555555555511
44444444444444444411
22222222222222222211
33333333333333333311
44444444444444444411
77777777777711111111
55555555551111111111
55555555555511111111
55555555555511111111
66666666666611111111
55555555551111111111
55555555551111111111
55555555551111111111
55555555555511111111
77777767771111111111
66666666666611111111
33333333333333333311
55555555555555555511
44444444444444444411
22222222222222222211
33333333333333333311
44444444444444444411
77777777777711111111
55555555551111111111
55555555555511111111
55555555555511111111
66666666666611111111
55555555551111111111
55555555551111111111
55555555551111111111
55555555555511111111
67777767771111111111
66666666666611111111
33333333333333333311
55555555555555555511
44444444444444444411
22222222222222222211
33333333333333333311
44444444444444444411
77777777777711111111
55555555551111111111
55555555555511111111
55555555555511111111
66666666666611111111
55555555551111111111
55555555551111111111
55555555551111111111
55555555555511111111
67777767671111111111
66666666666611111111
33333333333333333311
55555555555555555511
44444444444444444411
22222222222222222211
33333333333333333311
44444444444444444411
77777777777711111111
55555555551111111111
55555555555511111111
55555555555511111111
66666666666611111111
55555555551111111111
55555555551111111111
55555555551111111111
55555555555511111111
67677767671111111111
66666666666611111111
33333333333333333311
55555555555555555511
44444444444444444411
22222222222222222211
33333333333333333311
44444444444444444411
