3185386605
14 10 100
66666666666666666666
66666666666666666666
66666666666666666666
66666666666666666666
66666666666666666666
66666666666666666666
66666666666666666666
66666666666666666666
66666666666666666666
66666666666666666666
66666666666666666666
66666666666666666666
66666666666666666666
66666666666666666666
77777777777777777777
77777777777777777777
77777777777777777777
77777777777777777777
77777777777777777777
77777777777777777777
77777777777777777777
77777777777777777777
77777777777777777777
77777777777777777777
77777777777777777777
77777777777777777777
77777777777777777777
77777777777777777777
77777777777777777777
77777777777777777777
77777777777777777777
77777777777777777777
44444444444444444444
77777777777777777777
77777777777777777777
77777777777777777777
77777777777777777777
77777777777777777777
77777777777777777777
77777777777777777777
77777777777777777777
77777777777777777777
77777777777777777777
77777777777777777777
77777777777777777777
77777777777777777777
55555555555555555555
77777777777777777777
77777777777777777777
77777777777777777777
77777777777777777777
77777777777777777777
77777777777777777777
77777777777777777777
77777777777777777777
77777777777777777777
77777777777777777777
77777777777777777777
77777777777777777777
77777777777777777777
55555555555555555555
77777777777777777777
77777777777777777777
44444444444444444444
77777777777777777777
77777777777777777777
77777777777777777777
77777777777777777777
77777777777777777777
77777777777777777777
77777777777777777777
77777777777777777777
77777777777777777777
77777777777777777777
55555555555555555555
77777777777777777777
77777777777777777777
55555555555555555555
77777777777777777777
77777777777777777777
77777777777777777777
77777777777777777777
77777777777777777777
77777777777777777777
77777777777777777777
77777777777777777777
77777777777777777777
77777777777777777777
55555555555555555555
77777777777777777777
77777777777777777777
55555555555555555555
77777777777777777777
77777777777777777777
77777777777777777777
44444444444444444444
77777777777777777777
77777777777777777777
77777777777777777777
77777777777777777777
77777777777777777777
77777777777777777777
55555555555555555555
77777777777777777777
77777777777777777777
55555555555555555555
77777777777777777777
77777777777777777777
77777777777777777777
55555555555555555555
77777777777777777777
77777777777777777777
77777777777777777777
77777777777777777777
77777777777777777777
77777777777777777777
55555555555555555555
77777777777777777777
77777777777777777777
55555555555555555555
77777777777777777777
77777777777777777777
77777777777777777777
55555555555555555555
44444444444444444444
77777777777777777777
77777777777777777777
77777777777777777777
77777777777777777777
77777777777777777777
55555555555555555555
77777777777777777777
77777777777777777777
55555555555555555555
77777777777777777777
77777777777777777777
44444444444444444444
55555555555555555555
44444444444444444444
77777777777777777777
77777777777777777777
77777777777777777777
77777777777777777777
77777777777777777777
55555555555555555555
77777777777777777777
77777777777777777777
55555555555555555555
77777777777777777777
77777777777777777777
55555555555555555555
55555555555555555555
44444444444444444444
77777777777777777777
77777777777777777777
77777777777777777777
77777777777777777777
77777777777777777777
55555555555555555555
77777777777777777777
44444444444444444444
55555555555555555555
77777777777777777777
77777777777777777777
55555555555555555555
55555555555555555555
44444444444444444444
77777777777777777777
77777777777777777777
77777777777777777777
77777777777777777777
77777777777777777777
55555555555555555555
77777777777777777777
55555555555555555555
55555555555555555555
77777777777777777777
77777777777777777777
55555555555555555555
55555555555555555555
44444444444444444444
77777777777777777777
77777777777777777777
77777777777777777777
77777777777777777777
77777777777777777777
55555555555555555555
77777777777777777777
66666666666666666666
55555555555555555555
77777777777777777777
77777777777777777777
55555555555555555555
55555555555555555555
44444444444444444444
77777777777777777777
77777777777777777777
77777777777777777777
44444444444444444444
77777777777777777777
55555555555555555555
77777777777777777777
77777777777777777777
55555555555555555555
77777777777777777777
77777777777777777777
55555555555555555555
55555555555555555555
44444444444444444444
77777777777777777777
77777777777777777777
77777777777777777777
44444444444444444444
77777777777777777777
55555555555555555555
44444444444444444444
77777777777777777777
55555555555555555555
77777777777777777777
77777777777777777777
55555555555555555555
55555555555555555555
44444444444444444444
77777777777777777777
77777777777777777777
77777777777777777777
44444444444444444444
77777777777777777777
55555555555555555555
55555555555555555555
77777777777777777777
55555555555555555555
77777777777777777777
77777777777777777777
55555555555555555555
55555555555555555555
44444444444444444444
77777777777777777777
77777777777777777777
77777777777777777777
44444444444444444444
77777777777777777777
55555555555555555555
55555555555555555555
77777777777777777777
55555555555555555555
77777777777777777777
77777777777777777777
55555555555555555555
55555555555555555555
22222222222222222222
77777777777777777777
77777777777777777777
77777777777777777777
44444444444444444444
77777777777777777777
55555555555555555555
55555555555555555555
77777777777777777777
55555555555555555555
77777777777777777777
77777777777777777777
55555555555555555555
55555555555555555555
33333333333333333333
77777777777777777777
77777777777777777777
77777777777777777777
44444444444444444444
77777777777777777777
55555555555555555555
55555555555555555555
77777777777777777777
55555555555555555555
77777777777777777777
44444444444444444444
55555555555555555555
55555555555555555555
44444444444444444444
77777777777777777777
77777777777777777777
77777777777777777777
44444444444444444444
77777777777777777777
55555555555555555555
55555555555555555555
77777777777777777777
55555555555555555555
77777777777777777777
55555555555555555555
55555555555555555555
55555555555555555555
44444444444444444444
77777777777777777777
77777777777777777777
77777777777777777777
44444444444444444444
77777777777777777777
55555555555555555555
55555555555555555555
77777777777777777777
55555555555555555555
77777777777777777777
66666666666666666666
55555555555555555555
55555555555555555555
44444444444444444444
77777777777777777777
77777777777777777777
77777777777777777777
44444444444444444444
44444444444444444444
55555555555555555555
55555555555555555555
77777777777777777777
55555555555555555555
77777777777777777777
66666666666666666666
55555555555555555555
55555555555555555555
44444444444444444444
77777777777777777777
77777777777777777777
77777777777777777777
44444444444444444444
55555555555555555555
55555555555555555555
55555555555555555555
77777777777777777777
55555555555555555555
77777777777777777777
66666666666666666666
55555555555555555555
55555555555555555555
44444444444444444444
77777777777777777777
77777777777777777777
77777777777777777777
44444444444444444444
66666666666666666666
55555555555555555555
55555555555555555555
77777777777777777777
55555555555555555555
77777777777777777777
66666666666666666666
55555555555555555555
55555555555555555555
44444444444444444444
77777777777777777777
77777777777777777777
77777777777777777777
44444444444444444444
66666666666666666666
55555555555555555555
55555555555555555555
77777777777777777777
55555555555555555555
77777777777777777777
66666666666666666666
55555555555555555555
55555555555555555555
44444444444444444444
44444444444444444444
77777777777777777777
77777777777777777777
44444444444444444444
66666666666666666666
55555555555555555555
55555555555555555555
77777777777777777777
55555555555555555555
77777777777777777777
66666666666666666666
55555555555555555555
55555555555555555555
44444444444444444444
55555555555555555555
44444444444444444444
77777777777777777777
44444444444444444444
66666666666666666666
55555555555555555555
55555555555555555555
77777777777777777777
55555555555555555555
77777777777777777777
66666666666666666666
55555555555555555555
55555555555555555555
44444444444444444444
55555555555555555555
55555555555555555555
77777777777777777777
44444444444444444444
66666666666666666666
55555555555555555555
55555555555555555555
77777777777777777777
55555555555555555555
77777777777777777777
66666666666666666666
55555555555555555555
55555555555555555555
44444444444444444444
55555555555555555555
55555555555555555555
44444444444444444444
44444444444444444444
66666666666666666666
55555555555555555555
55555555555555555555
77777777777777777777
55555555555555555555
77777777777777777777
66666666666666666666
55555555555555555555
55555555555555555555
44444444444444444444
55555555555555555555
55555555555555555555
55555555555555555555
44444444444444444444
66666666666666666666
55555555555555555555
55555555555555555555
77777777777777777777
55555555555555555555
77777777777777777777
66666666666666666666
55555555555555555555
55555555555555555555
44444444444444444444
55555555555555555555
55555555555555555555
66666666666666666666
44444444444444444444
66666666666666666666
55555555555555555555
55555555555555555555
77777777777777777777
55555555555555555555
77777777777777777777
66666666666666666666
55555555555555555555
55555555555555555555
44444444444444444444
55555555555555555555
55555555555555555555
77777777777777777777
22222222222222222222
66666666666666666666
55555555555555555555
55555555555555555555
77777777777777777777
55555555555555555555
77777777777777777777
66666666666666666666
55555555555555555555
55555555555555555555
44444444444444444444
55555555555555555555
55555555555555555555
77777777777777777777
33333333333333333333
66666666666666666666
55555555555555555555
55555555555555555555
77777777777777777777
55555555555555555555
77777777777777777777
66666666666666666666
55555555555555555555
55555555555555555555
44444444444444444444
55555555555555555555
55555555555555555555
77777777777777777777
44444444444444444444
66666666666666666666
55555555555555555555
55555555555555555555
77777777777777777777
55555555555555555555
44444444444444444444
66666666666666666666
55555555555555555555
55555555555555555555
44444444444444444444
55555555555555555555
55555555555555555555
77777777777777777777
44444444444444444444
66666666666666666666
55555555555555555555
55555555555555555555
77777777777777777777
55555555555555555555
22222222222222222222
66666666666666666666
55555555555555555555
55555555555555555555
44444444444444444444
55555555555555555555
55555555555555555555
77777777777777777777
44444444444444444444
66666666666666666666
55555555555555555555
55555555555555555555
77777777777777777777
55555555555555555555
33333333333333333333
66666666666666666666
55555555555555555555
55555555555555555555
44444444444444444444
55555555555555555555
55555555555555555555
77777777777777777777
44444444444444444444
66666666666666666666
55555555555555555555
55555555555555555555
77777777777777777777
55555555555555555555
44444444444444444444
66666666666666666666
55555555555555555555
55555555555555555555
44444444444444444444
55555555555555555555
55555555555555111111
77777777777777111111
44444444444444111111
66666666666666111111
55555555555555555511
55555555555555555511
77777777777777771111
55555555555555555511
44444444444444444411
66666666666666666611
55555555555555555511
55555555555555555511
44444444444444444411
55555555555555555511
55555555555555111111
77777777777777111111
44444444444444111111
66666666666666111111
55555555555555554511
55555555555555555511
77777777777777771111
55555555555555555511
44444444444444444411
66666666666666666611
55555555555555555511
55555555555555555511
44444444444444444411
55555555555555555511
55555555555555111111
77777777777777111111
44444444444444111111
66666666666666111111
45555555555555554511
55555555555555555511
77777777777777771111
55555555555555555511
44444444444444444411
66666666666666666611
55555555555555555511
55555555555555555511
44444444444444444411
55555555555555555511
55555555555555111111
77777777777777111111
44444444444444111111
66666666666666111111
55555555555555454511
55555555555555555511
77777777777777771111
55555555555555555511
44444444444444444411
66666666666666666611
55555555555555555511
55555555555555555511
44444444444444444411
55555555555555555511
55555555555555111111
77777777777777111111
44444444444444111111
66666666666666111111
55555555555555554411
55555555555555555511
77777777777777771111
55555555555555555511
44444444444444444411
66666666666666666611
55555555555555555511
55555555555555555511
44444444444444444411
55555555555555555511
55555555555555111111
77777777777777111111
44444444444444111111
66666666666666111111
55555555555555544411
55555555555555555511
77777777777777771111
55555555555555555511
44444444444444444411
66666666666666666611
55555555555555555511
55555555555555555511
44444444444444444411
55555555555555555511
55555555555555111111
77777777777777111111
44444444444444111111
66666666666666111111
55555555555554544411
55555555555555555511
77777777777777771111
55555555555555555511
44444444444444444411
66666666666666666611
55555555555555555511
55555555555555555511
44444444444444444411
55555555555555555511
55555555555555111111
77777777777777111111
44444444444444111111
66666666666666111111
55555555555555544411
55555555555555555511
77777777777777771111
55555555555555554511
44444444444444444411
66666666666666666611
55555555555555555511
55555555555555555511
44444444444444444411
55555555555555555511
55555555555555111111
77777777777777111111
44444444444444111111
66666666666666111111
55555555555555544411
55555555555555555511
77777777777777771111
45555555555555554511
44444444444444444411
66666666666666666611
55555555555555555511
55555555555555555511
44444444444444444411
55555555555555555511
55555555555555111111
77777777777777111111
44444444444444111111
66666666666666111111
55555555555555544411
55555555555555555511
77777777777777771111
55555555555555454511
44444444444444444411
66666666666666666611
55555555555555555511
55555555555555555511
44444444444444444411
55555555555555555511
55555555555555111111
77777777777777111111
44444444444444111111
66666666666666111111
55555555555555544411
55555555555555555511
77777777777777771111
55555555555545454511
44444444444444444411
66666666666666666611
55555555555555555511
55555555555555555511
44444444444444444411
55555555555555555511
55555555555555111111
77777777777777111111
44444444444444111111
66666666666666111111
55555555555555544411
55555555555555555511
77777777777777771111
55555555554545454511
44444444444444444411
66666666666666666611
55555555555555555511
55555555555555555511
44444444444444444411
55555555555555555511
55555555555555111111
77777777777777111111
44444444444444111111
66666666666666111111
55555555555555544411
55555555555555555511
77777777777777771111
55555555454545454511
44444444444444444411
66666666666666666611
55555555555555555511
55555555555555555511
44444444444444444411
55555555555555555511
55555555555555111111
77777777777777111111
44444444444444111111
66666666666666111111
55555555555555544411
55555555555555555511
77777777777777771111
55555545454545454511
44444444444444444411
66666666666666666611
55555555555555555511
55555555555555555511
44444444444444444411
55555555555555555511
55555555555555111111
77777777777777111111
44444444444444111111
66666666666666111111
55555555555555544411
55555555555555555511
77777777777777771111
55554545454545454511
44444444444444444411
66666666666666666611
55555555555555555511
55555555555555555511
44444444444444444411
55555555555555555511
55555555555555111111
77777777777777111111
44444444444444111111
66666666666666111111
55555555555555544411
55555555555555555511
77777777777777771111
55454545454545454511
44444444444444444411
66666666666666666611
55555555555555555511
55555555555555555511
44444444444444444411
55555555555555555511
55555555555555111111
77777777777777111111
44444444444444111111
66666666666666111111
55555555555555543411
55555555555555555511
77777777777777771111
55454545454545454511
44444444444444444411
66666666666666666611
55555555555555555511
55555555555555555511
44444444444444444411
55555555555555555511
55555555555555111111
77777777777777111111
44444444444444111111
66666666666666111111
55555555555555543411
55555555555555555511
77777777777777771111
55454545454545454511
44444444444444444411
66666666666666666611
55555555555555555511
55555555555555554511
44444444444444444411
55555555555555555511
55555555555555111111
77777777777777111111
44444444444444111111
66666666666666111111
55555555555555543411
55555555555555555511
77777777777777771111
55454545454545454511
44444444444444444411
66666666666666666611
55555555555555555511
45555555555555554511
44444444444444444411
55555555555555555511
55555555555555111111
77777777777777111111
44444444444444111111
66666666666666111111
55555555555555543411
55555555555555555511
77777777777777771111
55454545454545454511
44444444444444444411
66666666666666666611
55555555555555555511
45555555555555454511
44444444444444444411
55555555555555555511
55555555555555111111
77777777777777111111
44444444444444111111
66666666666666111111
55555555555555543411
55555555555555555511
77777777777777771111
55454545454545454511
44444444444444444411
66666666666666666611
55555555555555555511
45555555555545454511
44444444444444444411
55555555555555555511
55555555555555111111
77777777777777111111
44444444444444111111
66666666666666111111
55555555555555543411
55555555555555555511
77777777777777771111
55454545454545454511
44444444444444444411
66666666666666666611
55555555555555555511
45555555554545454511
44444444444444444411
55555555555555555511
55555555555555111111
77777777777777111111
44444444444444111111
66666666666666111111
55555555555555543411
55555555555555555511
77777777777777771111
55454545454545454511
44444444444444444411
66666666666666666611
55555555555555555511
45555555454545454511
44444444444444444411
55555555555555555511
55555555555555111111
77777777777777111111
44444444444444111111
66666666666666111111
55555555555555543411
55555555555555555511
77777777777777771111
55454545454545454511
44444444444444444411
66666666666666666611
55555555555555555511
45455555454545454511
44444444444444444411
55555555555555555511
55555555555555111111
77777777777777111111
44444444444444111111
66666666666666111111
55555555555555543411
55555555555555555511
77777777777777771111
55454545454545454511
44444444444444444411
66666666666666666611
55555555555555555511
45454555454545454511
44444444444444444411
55555555555555555511
55555555555555111111
77777777777777111111
44444444444444111111
66666666666666111111
55555555555555543411
55555555555555555511
77777777777777771111
55454545454545454511
44444444444444444411
66666666666666666611
55555555555555555511
45454545454545454511
44444444444444444411
55555555555555555511
55555555555555111111
77777777777777111111
44444444444444111111
66666666666666111111
55555555555555543411
55555555555555555511
77777777777767771111
55454545454545454511
44444444444444444411
66666666666666666611
55555555555555555511
45454545454545454511
44444444444444444411
55555555555555555511
55555555555555111111
77777777777777111111
44444444444444111111
66666666666666111111
55555555555555543411
55555555555555555511
77777777777767671111
55454545454545454511
44444444444444444411
66666666666666666611
55555555555555555511
45454545454545454511
44444444444444444411
55555555555555555511
55555555555555111111
77777777777777111111
44444444444444111111
66666666666666111111
55555555555555543411
55555555555555555511
67777777777767671111
55454545454545454511
44444444444444444411
66666666666666666611
55555555555555555511
45454545454545454511
44444444444444444411
55555555555555555511
55555555555555111111
77777777777777111111
44444444444444111111
66666666666666111111
55555555555555543411
55555555555555555511
67777777776767671111
55454545454545454511
44444444444444444411
66666666666666666611
55555555555555555511
45454545454545454511
44444444444444444411
55555555555555555511
55555555555555111111
77777777777777111111
44444444444444111111
66666666666666111111
55555555555555543411
55555555555555555511
67677777776767671111
55454545454545454511
44444444444444444411
66666666666666666611
55555555555555555511
45454545454545454511
44444444444444444411
55555555555555555511
55555555555555111111
77777777777777111111
44444444444444111111
66666666666666111111
55555555555555543411
55555555555555555511
67677777676767671111
55454545454545454511
44444444444444444411
66666666666666666611
55555555555555555511
45454545454545454511
44444444444444444411
55555555555555555511
55555555555555111111
77777777777777111111
44444444444444111111
66666666666666111111
55555555555555543411
55555555555555555511
67677767676767671111
55454545454545454511
44444444444444444411
66666666666666666611
55555555555555555511
45454545454545454511
44444444444444444411
55555555555555555511
55555555555555111111
77777777777777111111
44444444444444111111
66666666666666111111
55555555555555543411
55555555555555555511
67676767676767671111
55454545454545454511
44444444444444444411
66666666666666666611
55555555555555555511
45454545454545454511
44444444444444444411
55555555555555555511
55555555555555111111
77777777777777111111
44444444444444111111
66666666666666111111
55555555555555543411
55555555555555555511
67676767676767671111
55454545454545454411
44444444444444444411
66666666666666666611
55555555555555555511
45454545454545454511
44444444444444444411
55555555555555555511
55555555555555111111
77777777777777111111
44444444444444111111
66666666666666111111
55555555555555543411
55555555555555555511
67676767676767671111
55454545454545444411
44444444444444444411
66666666666666666611
55555555555555555511
45454545454545454511
44444444444444444411
55555555555555555511
55555555555555111111
77777777777777111111
44444444444444111111
66666666666666111111
55555555555555543411
55555555555555555511
67676767676767671111
55454545454544444411
44444444444444444411
66666666666666666611
55555555555555555511
45454545454545454511
44444444444444444411
55555555555555555511
55555555555555111111
77777777777777111111
44444444444444111111
66666666666666111111
55555555555555543411
55555555555555555511
67676767676767671111
55454545454444444411
44444444444444444411
66666666666666666611
55555555555555555511
45454545454545454511
44444444444444444411
55555555555555555511
55555555555555111111
77777777777777111111
44444444444444111111
66666666666666111111
55555555555555543411
55555555555555555511
67676767676767671111
55454545444444444411
44444444444444444411
66666666666666666611
55555555555555555511
45454545454545454511
44444444444444444411
55555555555555555511
55555555555555111111
77777777777777111111
44444444444444111111
66666666666666111111
55555555555555543411
55555555555555555511
67676767676767671111
55454544444444444411
44444444444444444411
66666666666666666611
55555555555555555511
45454545454545454511
44444444444444444411
55555555555555555511
55555555555555111111
77777777777777111111
44444444444444111111
66666666666666111111
55555555555555543411
55555555555555555511
67676767676767671111
55454444444444444411
44444444444444444411
66666666666666666611
55555555555555555511
45454545454545454511
44444444444444444411
55555555555555555511
55555555555555111111
77777777777777111111
44444444444444111111
66666666666666111111
55555555555555543411
55555555555555555511
67676767676767671111
55444444444444444411
44444444444444444411
66666666666666666611
55555555555555555511
45454545454545454511
44444444444444444411
55555555555555555511
55555555555555111111
77777777777777111111
44444444444444111111
66666666666666111111
55555555555555543411
55555555555555555511
67676767676767671111
54444444444444444411
44444444444444444411
66666666666666666611
55555555555555555511
45454545454545454511
44444444444444444411
55555555555555555511
55555555555555111111
77777777777777111111
44444444444444111111
66666666666666111111
55555555555555543411
55555555555555555511
67676767676767671111
55444444444444444411
44444444444444444411
66666666666666666611
55555555555555555511
45454545454545454411
44444444444444444411
55555555555555555511
55555555555555111111
77777777777777111111
44444444444444111111
66666666666666111111
55555555555555543411
55555555555555555511
67676767676767671111
55444444444444444411
44444444444444444411
66666666666666666611
55555555555555555511
44454545454545454411
44444444444444444411
55555555555555555511
55555555555555111111
77777777777777111111
44444444444444111111
66666666666666111111
55555555555555543411
55555555555555555511
67676767676767671111
55444444444444444411
44444444444444444411
66666666666666666611
55555555555555555511
45454545454545444411
44444444444444444411
55555555555555555511
55555555555555111111
77777777777777111111
44444444444444111111
66666666666666111111
55555555555555543411
55555555555555555511
67676767676767671111
55444444444444444411
44444444444444444411
66666666666666666611
55555555555555555511
45454545454544444411
44444444444444444411
55555555555555555511
55555555555555111111
77777777777777111111
44444444444444111111
66666666666666111111
55555555555555543411
55555555555555555511
67676767676767671111
55444444444444444411
44444444444444444411
66666666666666666611
55555555555555555511
45454545454444444411
44444444444444444411
55555555555555555511
55555555555555111111
77777777777777111111
44444444444444111111
66666666666666111111
55555555555555543411
55555555555555555511
67676767676767671111
55444444444444444411
44444444444444444411
66666666666666666611
55555555555555555511
45454545444444444411
44444444444444444411
55555555555555555511
55555555555555111111
77777777777777111111
44444444444444111111
66666666666666111111
55555555555555543411
55555555555555555511
67676767676767671111
55444444444444444411
44444444444444444411
66666666666666666611
55555555555555555511
45454544444444444411
44444444444444444411
55555555555555555511
55555555555555111111
77777777777777111111
44444444444444111111
66666666666666111111
55555555555555543411
55555555555555555511
67676767676767671111
55444444444444444411
44444444444444444411
66666666666666666611
55555555555555555511
45454444444444444411
44444444444444444411
55555555555555555511
55555555555555111111
77777777777777111111
44444444444444111111
66666666666666111111
55555555555555543411
55555555555555555511
67676767676767671111
55444444444444444411
44444444444444444411
66666666666666666611
55555555555555555511
45444444444444444411
44444444444444444411
55555555555555555511
55555555555555111111
77777777777777111111
44444444444444111111
66666666666666111111
55555555555555543411
55555555555555555511
67676767676767671111
55444444444444444411
44444444444444444411
66666666666666666611
55555555555555554511
45444444444444444411
44444444444444444411
55555555555555555511
55555555555555111111
77777777777777111111
44444444444444111111
66666666666666111111
55555555555555543411
55555555555555555511
67676767676767671111
55444444444444444411
44444444444444444411
66666666666666666611
45555555555555554511
45444444444444444411
44444444444444444411
55555555555555555511
55555555555555111111
77777777777777111111
44444444444444111111
66666666666666111111
55555555555555543411
55555555555555555511
67676767676767671111
55444444444444444411
44444444444444444411
66666666666666666611
55555555555555454511
45444444444444444411
44444444444444444411
55555555555555555511
55555555555555111111
77777777777777111111
44444444444444111111
66666666666666111111
55555555555555543411
55555555555555555511
67676767676767671111
55444444444444444411
44444444444444444411
66666666666666666611
55555555555545454511
45444444444444444411
44444444444444444411
55555555555555555511
55555555555555111111
77777777777777111111
44444444444444111111
66666666666666111111
55555555555555543411
55555555555555555511
67676767676767671111
55444444444444444411
44444444444444444411
66666666666666666611
55555555554545454511
45444444444444444411
44444444444444444411
55555555555555555511
55555555555555111111
77777777777777111111
44444444444444111111
66666666666666111111
55555555555555543411
55555555555555555511
67676767676767671111
55444444444444444411
44444444444444444411
66666666666666666611
55555555454545454511
45444444444444444411
44444444444444444411
55555555555555555511
55555555555555111111
77777777777777111111
44444444444444111111
66666666666666111111
55555555555555543411
55555555555555555511
67676767676767671111
55444444444444444411
44444444444444444411
66666666666666666611
55555545454545454511
45444444444444444411
44444444444444444411
55555555555555555511
55555555555555111111
77777777777777111111
44444444444444111111
66666666666666111111
55555555555555543411
55555555555555555511
67676767676767671111
55444444444444444411
44444444444444444411
66666666666666666611
55554545454545454511
45444444444444444411
44444444444444444411
55555555555555555511
55555555555555111111
77777777777777111111
44444444444444111111
66666666666666111111
55555555555555543411
55555555555555555511
67676767676767671111
55444444444444444411
44444444444444444411
66666666666666666611
55454545454545454511
45444444444444444411
44444444444444444411
55555555555555555511
55555555555555111111
77777777777777111111
44444444444444111111
66666666666666111111
55555555555555543411
55555555555555555511
67676767676767671111
55444444444444444411
44444444444444444411
66666666666666666611
55454545454545454511
45444444444444443411
44444444444444444411
55555555555555555511
