3420342367
10 11 300
6666666666666666666666
6666666666666666666666
6666666666666666666666
6666666666666666666666
6666666666666666666666
6666666666666666666666
6666666666666666666666
6666666666666666666666
6666666666666666666666
6666666666666666666666
5555555555555555555555
5555555555555555555555
5555555555555555555555
5555555555555555555555
5555555555555555555555
5555555555555555555555
5555555555555555555555
5555555555555555555555
5555555555555555555555
5555555555555555555555
5555555555555555555555
5555555555555555555555
5555555555555555555555
5555555555555555555555
3333333333333333333333
5555555555555555555555
5555555555555555555555
5555555555555555555555
5555555555555555555555
5555555555555555555555
5555555555555555555555
5555555555555555555555
5555555555555555555555
5555555555555555555555
4444444444444444444444
5555555555555555555555
5555555555555555555555
5555555555555555555555
5555555555555555555555
5555555555555555555555
5555555555555555555555
5555555555555555555555
5555555555555555555555
5555555555555555555555
5555555555555555555555
5555555555555555555555
5555555555555555555555
3333333333333333333333
5555555555555555555555
5555555555555555555555
5555555555555555555555
5555555555555555555555
5555555555555555555555
5555555555555555555555
5555555555555555555555
5555555555555555555555
5555555555555555555555
4444444444444444444444
5555555555555555555555
5555555555555555555555
5555555555555555555555
5555555555555555555555
5555555555555555555555
5555555555555555555555
5555555555555555555555
5555555555555555555555
3333333333333333333333
4444444444444444444444
5555555555555555555555
5555555555555555555555
5555555555555555555555
5555555555555555555555
5555555555555555555555
5555555555555555555555
5555555555555555555555
5555555555555555555555
4444444444444444444444
4444444444444444444444
5555555555555555555555
5555555555555555555555
5555555555555555555555
5555555555555555555555
5555555555555555555555
5555555555555555555555
5555555555555555555555
5555555555555555555555
5555555555555555555555
4444444444444444444444
5555555555555555555555
3333333333333333333333
5555555555555555555555
5555555555555555555555
5555555555555555555555
5555555555555555555555
5555555555555555555555
5555555555555555555555
5555555555555555555555
4444444444444444444444
5555555555555555555555
4444444444444444444444
3333333333333333333333
5555555555555555555555
5555555555555555555555
5555555555555555555555
5555555555555555555555
5555555555555555555555
5555555555555555555555
4444444444444444444444
5555555555555555555555
4444444444444444444444
4444444444444444444444
5555555555555555555555
5555555555555555555555
5555555555555555555555
5555555555555555555555
5555555555555555555555
5555555555555555555555
4444444444444444444444
5555555555555555555555
4444444444444444444444
4444444444444444444444
5555555555555555555555
3333333333333333333333
5555555555555555555555
5555555555555555555555
5555555555555555555555
5555555555555555555555
4444444444444444444444
5555555555555555555555
4444444444444444444444
4444444444444444444444
5555555555555555555555
4444444444444444444444
5555555555555555555555
5555555555555555555555
5555555555555555555555
5555555555555555555555
4444444444444444444444
5555555555555555555555
4444444444444444444444
4444444444444444444444
3333333333333333333333
4444444444444444444444
5555555555555555555555
5555555555555555555555
5555555555555555555555
5555555555555555555555
4444444444444444444444
5555555555555555555555
4444444444444444444444
4444444444444444444444
4444444444444444444444
4444444444444444444444
5555555555555555555555
5555555555555555555555
5555555555555555555555
5555555555555555555555
4444444444444444444444
5555555555555555555555
4444444444444444444444
4444444444444444444444
4444444444444444444444
4444444444444444444444
3333333333333333333333
5555555555555555555555
5555555555555555555555
5555555555555555555555
4444444444444444444444
5555555555555555555555
4444444444444444444444
4444444444444444444444
4444444444444444444444
4444444444444444444444
4444444444444444444444
5555555555555555555555
5555555555555555555555
5555555555555555555555
4444444444444444444444
5555555555555555555555
4444444444444444444444
4444444444444444444444
4444444444444444444444
4444444444444444444444
4444444444444444444444
5555555555555555555555
5555555555555555555555
5555555555555555555555
4444444444444444444444
3333333333333333333333
4444444444444444444444
4444444444444444444444
4444444444444444444444
4444444444444444444444
4444444444444444444444
5555555555555555555555
5555555555555555555555
5555555555555555555555
4444444444444444444444
4444444444444444444444
4444444444444444444444
4444444444444444444444
4444444444444444444444
4444444444444444444444
4444444444444444444444
5555555555555555555555
3333333333333333333333
5555555555555555555555
4444444444444444444444
5555555555555555555555
4444444444444444444444
4444444444444444444444
4444444444444444444444
4444444444444444444444
4444444444444444444444
5555555555555555555555
4444444444444444444444
5555555555555555555555
4444444444444444444444
5555555555555555555555
4444444444444444444444
4444444444444444444444
4444444444444444444444
4444444444444444444444
4444444444444444444444
5555555555555555555555
5555555555555555555555
5555555555555555555555
4444444444444444444444
5555555555555555555555
4444444444444444444444
4444444444441111111111
4444444444444411111111
4444444444444411111111
4444444444444444111111
5555555555555555551111
5555555555555555111111
5555555555555555555511
4444444444444444444411
5555555555555555555511
4444444444444444444444
4444444444441111111111
4444444444444411111111
4444444444444411111111
4444444444444444111111
5555555555555555551111
5555555555555555111111
5555555555555555555511
4444444444444444444411
5555555555555555555511
4444444444414141414141
4444444444441111111111
4444444444444411111111
4444444444444411111111
4444444444444444111111
5555555555555555551111
5555555555555555111111
5555555555555555555511
4444444444444444444411
5555555555555555555511
4444444444444444414141
4444444444441111111111
4444444444444411111111
4444444444444411111111
4444444444444444111111
5555555555555555551111
5555555555555555111111
5555555555555555555511
4444444444444444444411
5555555555555555555511
4444444444444444444141
4444444444441111111111
4444444444444411111111
4444444444444411111111
4444444444444444111111
5555555555555555551111
5555555555555555111111
5555555555555555555511
4444444444444444444411
5555555551515151515111
4444444444444444444141
4444444444441111111111
4444444444444411111111
4444444444444411111111
4444444444444444111111
5555555555555555551111
5555555555555555111111
5555555555555555555511
4444444444444444444411
5555555555555551515111
4444444444444444444141
4444444444441111111111
4444444444444411111111
4444444444444411111111
4444444444444444111111
5555555555555555551111
5555555555555555111111
5555555555555555555511
4444444444444444444411
5555555555555555515111
4444444444444444444141
4444444444441111111111
4444444444444411111111
4444444444444411111111
4444444444444444111111
5555555555555555551111
5555555555555555111111
5555555555555555555511
4444444444444444444411
5555555555555555555111
4444444444444444444141
4444444444441111111111
4444444444444411111111
4444444444444411111111
4444444444444444111111
5555555555555555551111
5555555555555555111111
5555555555555555555511
4444444441414141414111
5555555555555555555511
4444444444444444444141
4444444444441111111111
4444444444444411111111
4444444444444411111111
4444444444444444111111
5555555555555555551111
5555555555555555111111
5555555555555555555511
4444444444444441414111
5555555555555555555511
4444444444444444444141
4444444444441111111111
4444444444444411111111
4444444444444411111111
4444444444444444111111
5555555555555555551111
5555555555555555111111
5555555555555555555511
4444444444444444414111
5555555555555555555511
4444444444444444444141
4444444444441111111111
4444444444444411111111
4444444444444411111111
4444444444444444111111
5555555555555555551111
5555555555555555111111
5555555555555555555511
4444444444444444444111
5555555555555555555511
4444444444444444444141
4444444444441111111111
4444444444444411111111
4444444444444411111111
4444444444444444111111
5555555555555555551111
5555555555555555111111
5555555551515151515111
4444444444444444444411
5555555555555555555511
4444444444444444444141
4444444444441111111111
4444444444444411111111
4444444444444411111111
4444444444444444111111
5555555555555555551111
5555555555555555111111
5555555555555551515111
4444444444444444444411
5555555555555555555511
4444444444444444444141
4444444444441111111111
4444444444444411111111
4444444444444411111111
4444444444444444111111
5555555555555555551111
5555555555555555111111
5555555555515151515111
4444444444444444444411
5555555555555555555511
4444444444444444444141
4444444444441111111111
4444444444444411111111
4444444444444411111111
4444444444444444111111
5555555555555555551111
5555555555555555111111
5555555555555151515111
4444444444444444444411
5555555555555555555511
4444444444444444444141
4444444444441111111111
4444444444444411111111
4444444444444411111111
4444444444444444111111
5555555555555555551111
5555555151515151111111
5555555555555551515111
4444444444444444444411
5555555555555555555511
4444444444444444444141
4444444444441111111111
4444444444444411111111
4444444444444411111111
4444444444444444111111
5555555555555555551111
5555555555515151111111
5555555555555551515111
4444444444444444444411
5555555555555555555511
4444444444444444444141
4444444444441111111111
4444444444444411111111
4444444444444411111111
4444444444444444111111
5555555555555555551111
5555555555555151111111
5555555555555551515111
4444444444444444444411
5555555555555555555511
4444444444444444444141
4444444444441111111111
4444444444444411111111
4444444444444411111111
4444444444444444111111
5555555555555555551111
5555555555555551111111
5555555555555551515111
4444444444444444444411
5555555555555555555511
4444444444444444444141
4444444444441111111111
4444444444444411111111
4444444444444411111111
4444444444444444111111
5555555551515151511111
5555555555555555111111
5555555555555551515111
4444444444444444444411
5555555555555555555511
4444444444444444444141
4444444444441111111111
4444444444444411111111
4444444444444411111111
4444444444444444111111
5555555555555151511111
5555555555555555111111
5555555555555551515111
4444444444444444444411
5555555555555555555511
4444444444444444444141
4444444444441111111111
4444444444444411111111
4444444444444411111111
4444444444444444111111
5555555555555551511111
5555555555555555111111
5555555555555551515111
4444444444444444444411
5555555555555555555511
4444444444444444444141
4444444444441111111111
4444444444444411111111
4444444444444411111111
4444444141414141111111
5555555555555551511111
5555555555555555111111
5555555555555551515111
4444444444444444444411
5555555555555555555511
4444444444444444444141
4444444444441111111111
4444444444444411111111
4444444444444411111111
4444444444414141111111
5555555555555551511111
5555555555555555111111
5555555555555551515111
4444444444444444444411
5555555555555555555511
4444444444444444444141
4444444444441111111111
4444444444444411111111
4444444444444411111111
4444444444444141111111
5555555555555551511111
5555555555555555111111
5555555555555551515111
4444444444444444444411
5555555555555555555511
4444444444444444444141
4444444444441111111111
4444444444444411111111
4444444444444411111111
4444444444444441111111
5555555555555551511111
5555555555555555111111
5555555555555551515111
4444444444444444444411
5555555555555555555511
4444444444444444444141
4444444444441111111111
4444444444444411111111
4444444141414111111111
4444444444444444111111
5555555555555551511111
5555555555555555111111
5555555555555551515111
4444444444444444444411
5555555555555555555511
4444444444444444444141
4444444444441111111111
4444444444444411111111
4444444444414111111111
4444444444444444111111
5555555555555551511111
5555555555555555111111
5555555555555551515111
4444444444444444444411
5555555555555555555511
4444444444444444444141
4444444444441111111111
4444444444444411111111
4444444444444111111111
4444444444444444111111
5555555555555551511111
5555555555555555111111
5555555555555551515111
4444444444444444444411
5555555555555555555511
4444444444444444444141
4444444444441111111111
4444444141414111111111
4444444444444111111111
4444444444444444111111
5555555555555551511111
5555555555555555111111
5555555555555551515111
4444444444444444444411
5555555555555555555511
4444444444444444444141
4444444444441111111111
4444444444414111111111
4444444444444111111111
4444444444444444111111
5555555555555551511111
5555555555555555111111
5555555555555551515111
4444444444444444444411
5555555555555555555511
4444444444444444444141
4444444444441111111111
4444444444444111111111
4444444444444111111111
4444444444444444111111
5555555555555551511111
5555555555555555111111
5555555555555551515111
4444444444444444444411
5555555555555555555511
4444444444444444444141
4444414141411111111111
4444444444444111111111
4444444444444111111111
4444444444444444111111
5555555555555551511111
5555555555555555111111
5555555555555551515111
4444444444444444444411
5555555555555555555511
4444444444444444444141
4444444441411111111111
4444444444444111111111
4444444444444111111111
4444444444444444111111
5555555555555551511111
5555555555555555111111
5555555555555551515111
4444444444444444444411
5555555555555555555511
4444444444444444444141
4444444444411111111111
4444444444444111111111
4444444444444111111111
4444444444444444111111
5555555555555551511111
5555555555555555111111
5555555555555551515111
4444444444444444444411
5555555555555555555511
4444444444444444444141
4444444444441111111111
4444444444444111111111
4444444444444111111111
4444444444444444111111
5555555555555551511111
5555555555555555111111
5555555555555551515111
4444444444444444444411
5555555555555555555511
4444444444441414141111
4444444444441111111111
4444444444444111111111
4444444444444111111111
4444444444444444111111
5555555555555551511111
5555555555555555111111
5555555555555551515111
4444444444444444444411
5555555555555555555511
4444444444444444141111
4444444444441111111111
4444444444444111111111
4444444444444111111111
4444444444444444111111
5555555555555551511111
5555555555555555111111
5555555555555551515111
4444444444444444444411
5555555555555555555511
4444444444444444441111
4444444444441111111111
4444444444444111111111
4444444444444111111111
4444444444444444111111
5555555555555551511111
5555555555555555111111
5555555555555551515111
4444444444444444444411
5555555555555555555511
4444444444444444444111
4444444444441111111111
4444444444444111111111
4444444444444111111111
4444444444444444111111
5555555555555551511111
5555555555555555111111
5555555555555551515111
4444444444444444444411
5555555515151515151511
4444444444444444444141
4444444444441111111111
4444444444444111111111
4444444444444111111111
4444444444444444111111
5555555555555551511111
5555555555555555111111
5555555555555551515111
4444444444444444444411
5555555555555515151511
4444444444444444444141
4444444444441111111111
4444444444444111111111
4444444444444111111111
4444444444444444111111
5555555555555551511111
5555555555555555111111
5555555555555551515111
4444444444444444444411
5555555555555555151511
4444444444444444444141
4444444444441111111111
4444444444444111111111
4444444444444111111111
4444444444444444111111
5555555555555551511111
5555555555555555111111
5555555555555551515111
4444444444444444444411
5555555555555555551511
4444444444444444444141
4444444444441111111111
4444444444444111111111
4444444444444111111111
4444444444444444111111
5555555555555551511111
5555555555555555111111
5555555555555551515111
4444444414141414141411
5555555555555555555511
4444444444444444444141
4444444444441111111111
4444444444444111111111
4444444444444111111111
4444444444444444111111
5555555555555551511111
5555555555555555111111
5555555555555551515111
4444444444444414141411
5555555555555555555511
4444444444444444444141
4444444444441111111111
4444444444444111111111
4444444444444111111111
4444444444444444111111
5555555555555551511111
5555555555555555111111
5555555555555551515111
4444444444444444141411
5555555555555555555511
4444444444444444444141
4444444444441111111111
4444444444444111111111
4444444444444111111111
4444444444444444111111
5555555555555551511111
5555555555555555111111
5555555555555551515111
4444444444444444441411
5555555555555555555511
4444444444444444444141
4444444444441111111111
4444444444444111111111
4444444444444111111111
4444444444444444111111
5555555555555551511111
5555555555555555111111
5555555515151511111111
4444444444444444444411
5555555555555555555511
4444444444444444444141
4444444444441111111111
4444444444444111111111
4444444444444111111111
4444444444444444111111
5555555555555551511111
5555555555555555111111
5555555555555511111111
4444444444444444444411
5555555555555555555511
4444444444444444444141
4444444444441111111111
4444444444444111111111
4444444444444111111111
4444444444444444111111
5555555555555551511111
5555555555555555111111
5555555555555551111111
4444444444444444444411
5555555555555555555511
4444444444444444444141
4444444444441111111111
4444444444444111111111
4444444444444111111111
4444444444444444111111
5555555555555551511111
5555555555555555111111
5555555555555551511111
4444444444444444444411
5555555555555555555511
4444444444444444444141
4444444444441111111111
4444444444444111111111
4444444444444111111111
4444444444444444111111
5555555555555551511111
5555551515151515111111
5555555555555551515111
4444444444444444444411
5555555555555555555511
4444444444444444444141
4444444444441111111111
4444444444444111111111
4444444444444111111111
4444444444444444111111
5555555555555551511111
5555555555151515111111
5555555555555551515111
4444444444444444444411
5555555555555555555511
4444444444444444444141
4444444444441111111111
4444444444444111111111
4444444444444111111111
4444444444444444111111
5555555555555551511111
5555555555551515111111
5555555555555551515111
4444444444444444444411
5555555555555555555511
4444444444444444444141
4444444444441111111111
4444444444444111111111
4444444444444111111111
4444444444444444111111
5555555555555551511111
5555555555555515111111
5555555555555551515111
4444444444444444444411
5555555555555555555511
4444444444444444444141
4444444444441111111111
4444444444444111111111
4444444444444111111111
4444444444444444111111
5555555515151511111111
5555555555555555111111
5555555555555551515111
4444444444444444444411
5555555555555555555511
4444444444444444444141
4444444444441111111111
4444444444444111111111
4444444444444111111111
4444444444444444111111
5555555555551511111111
5555555555555555111111
5555555555555551515111
4444444444444444444411
5555555555555555555511
4444444444444444444141
4444444444441111111111
4444444444444111111111
4444444444444111111111
4444444444444444111111
5555555555555511111111
5555555555555555111111
5555555555555551515111
4444444444444444444411
5555555555555555555511
4444444444444444444141
4444444444441111111111
4444444444444111111111
4444444444444111111111
4444444444444444111111
5555555555555551111111
5555555555555555111111
5555555555555551515111
4444444444444444444411
5555555555555555555511
4444444444444444444141
4444444444441111111111
4444444444444111111111
4444444444444111111111
4444441414141414111111
5555555555555551511111
5555555555555555111111
5555555555555551515111
4444444444444444444411
5555555555555555555511
4444444444444444444141
4444444444441111111111
4444444444444111111111
4444444444444111111111
4444444444141414111111
5555555555555551511111
5555555555555555111111
5555555555555551515111
4444444444444444444411
5555555555555555555511
4444444444444444444141
4444444444441111111111
4444444444444111111111
4444444444444111111111
4444444444441414111111
5555555555555551511111
5555555555555555111111
5555555555555551515111
4444444444444444444411
5555555555555555555511
4444444444444444444141
4444444444441111111111
4444444444444111111111
4444444444444111111111
4444444444444414111111
5555555555555551511111
5555555555555555111111
5555555555555551515111
4444444444444444444411
5555555555555555555511
4444444444444444444141
4444444444441111111111
4444444444444111111111
4444441414141111111111
4444444444444444111111
5555555555555551511111
5555555555555555111111
5555555555555551515111
4444444444444444444411
5555555555555555555511
4444444444444444444141
4444444444441111111111
4444444444444111111111
4444444444141111111111
4444444444444444111111
5555555555555551511111
5555555555555555111111
5555555555555551515111
4444444444444444444411
5555555555555555555511
4444444444444444444141
4444444444441111111111
4444444444444111111111
4444444444441111111111
4444444444444444111111
5555555555555551511111
5555555555555555111111
5555555555555551515111
4444444444444444444411
5555555555555555555511
4444444444444444444141
4444444444441111111111
4444441414141111111111
4444444444444111111111
4444444444444444111111
5555555555555551511111
5555555555555555111111
5555555555555551515111
4444444444444444444411
5555555555555555555511
4444444444444444444141
4444444444441111111111
4444444444141111111111
4444444444444111111111
4444444444444444111111
5555555555555551511111
5555555555555555111111
5555555555555551515111
4444444444444444444411
5555555555555555555511
4444444444444444444141
4444444444441111111111
4444444444441111111111
4444444444444111111111
4444444444444444111111
5555555555555551511111
5555555555555555111111
5555555555555551515111
4444444444444444444411
5555555555555555555511
4444444444444444444141
4444141414141111111111
4444444444444111111111
4444444444444111111111
4444444444444444111111
5555555555555551511111
5555555555555555111111
5555555555555551515111
4444444444444444444411
5555555555555555555511
4444444444444444444141
4444444414141111111111
4444444444444111111111
4444444444444111111111
4444444444444444111111
5555555555555551511111
5555555555555555111111
5555555555555551515111
4444444444444444444411
5555555555555555555511
4444444444444444444141
4444444444141111111111
4444444444444111111111
4444444444444111111111
4444444444444444111111
5555555555555551511111
5555555555555555111111
5555555555555551515111
4444444444444444444411
5555555555555555555511
4444444444444444444141
4444444444441111111111
4444444444444111111111
4444444444444111111111
4444444444444444111111
4555555555555551511111
5555555555555555111111
5555555555555551515111
4444444444444444444411
5555555555555555555511
4444444444444444444141
4444444444441111111111
4444444444444111111111
4444444444444111111111
4444444444444444111111
5545555555555551511111
5555555555555555111111
5555555555555551515111
4444444444444444444411
5555555555555555555511
4444444444444444444141
4444444444441111111111
4444444444444111111111
4444444444444111111111
4444444444444444111111
5545555545555551511111
5555555555555555111111
5555555555555551515111
4444444444444444444411
5555555555555555555511
4444444444444444444141
4444444444441111111111
4444444444444111111111
4444444444444111111111
4444444444444444111111
5545555545555551411111
5555555555555555111111
5555555555555551515111
4444444444444444444411
5555555555555555555511
4444444444444444444141
4444444444441111111111
4444444444444111111111
4444444444444111111111
4444444444444444111111
5545554545555551511111
5555555555555555111111
5555555555555551515111
4444444444444444444411
5555555555555555555511
4444444444444444444141
4444444444441111111111
4444444444444111111111
4444444444444111111111
4444444444444444111111
5545554545455551511111
5555555555555555111111
5555555555555551515111
4444444444444444444411
5555555555555555555511
4444444444444444444141
4444444444441111111111
4444444444444111111111
4444444444444111111111
4444444444444444111111
5545454545555551511111
5555555555555555111111
5555555555555551515111
4444444444444444444411
5555555555555555555511
4444444444444444444141
4444444444441111111111
4444444444444111111111
4444444444444111111111
4444444444444444111111
5445554545555551511111
5555555555555555111111
5555555555555551515111
4444444444444444444411
5555555555555555555511
4444444444444444444141
4444444444441111111111
4444444444444111111111
4444444444444111111111
4444444444444444111111
5444554545555551511111
5555555555555555111111
5555555555555551515111
4444444444444444444411
5555555555555555555511
4444444444444444444141
4444444444441111111111
4444444444444111111111
4444444444444111111111
4444444444444444111111
5445554545555551511111
5555555555555555111111
4555555555555551515111
4444444444444444444411
5555555555555555555511
4444444444444444444141
4444444444441111111111
4444444444444111111111
4444444444444111111111
4444444444444444111111
5445554545555551511111
5555555555555555111111
5555555555555551514111
4444444444444444444411
5555555555555555555511
4444444444444444444141
4444444444441111111111
4444444444444111111111
4444444444444111111111
4444444444444444111111
5445554545555551511111
5555555555555555111111
5555555555555551415111
4444444444444444444411
5555555555555555555511
4444444444444444444141
4444444444441111111111
4444444444444111111111
4444444444444111111111
4444444444444444111111
5445554545555551511111
5555555555555555111111
5555555555555541515111
4444444444444444444411
5555555555555555555511
4444444444444444444141
4444444444441111111111
4444444444444111111111
4444444444444111111111
4444444444444444111111
5445554545555551511111
5555555555555555111111
5555555555554551515111
4444444444444444444411
5555555555555555555511
4444444444444444444141
4444444444441111111111
4444444444444111111111
4444444444444111111111
4444444444444444111111
5445554545555551511111
5555555555555555111111
5555555555455551515111
4444444444444444444411
5555555555555555555511
4444444444444444444141
4444444444441111111111
4444444444444111111111
4444444444444111111111
4444444444444444111111
5445554545555551511111
5555555555555555111111
5555555545555551515111
4444444444444444444411
5555555555555555555511
4444444444444444444141
4444444444441111111111
4444444444444111111111
4444444444444111111111
4444444444444444111111
5445554545555551511111
5555555555555555111111
5555554555555551515111
4444444444444444444411
5555555555555555555511
4444444444444444444141
4444444444441111111111
4444444444444111111111
4444444444444111111111
4444444444444444111111
5445554545555551511111
5555555555555555111111
5555455555555551515111
4444444444444444444411
5555555555555555555511
4444444444444444444141
4444444444441111111111
4444444444444111111111
4444444444444111111111
4444444444444444111111
5445554545555551511111
5555555555555555111111
5545555555555551515111
4444444444444444444411
5555555555555555555511
4444444444444444444141
4444444444441111111111
4444444444444111111111
4444444444444111111111
4444444444444444111111
5435554545555551511111
5555555555555555111111
5555555555555551515111
4444444444444444444411
5555555555555555555511
4444444444444444444141
4444444444441111111111
4444444444444111111111
4444444444444111111111
4444444444444444111111
5445554545555551511111
5555555555555555111111
5555555555555551515111
4434444444444444444411
5555555555555555555511
4444444444444444444141
4444444444441111111111
4444444444444111111111
4444444444444111111111
4444444444444444111111
5445554545555551511111
5555555555555555111111
5555555555555551515111
4434444444444444443411
5555555555555555555511
4444444444444444444141
4444444444441111111111
4444444444444111111111
4444444444444111111111
4444444444444444111111
5445554545555551511111
5555555555555555111111
5555555555555551515111
4434443444444444444411
5555555555555555555511
4444444444444444444141
4444444444441111111111
4444444444444111111111
4444444444444111111111
4444444444444444111111
5445554545555551511111
5555555555555555111111
5555555555555551515111
4434444444444444344411
5555555555555555555511
4444444444444444444141
4444444444441111111111
4444444444444111111111
4444444444444111111111
4444444444444444111111
5445554545555551511111
5555555555555555111111
5555555555555551515111
4434444444444434444411
5555555555555555555511
4444444444444444444141
4444444444441111111111
4444444444444111111111
4444444444444111111111
4444444444444444111111
5445554545555551511111
5555555555555555111111
5555555555555551515111
4434444444443444444411
5555555555555555555511
4444444444444444444141
4444444444441111111111
4444444444444111111111
4444444444444111111111
4444444444444444111111
5445554545555551511111
5555555555555555111111
5555555555555551515111
4434444444344444444411
5555555555555555555511
4444444444444444444141
4444444444441111111111
4444444444444111111111
4444444444444111111111
4444444444444444111111
5445554545555551511111
5555555555555555111111
5555555555555551515111
4434444434444444444411
5555555555555555555511
4444444444444444444141
4444444444441111111111
4444444444444111111111
4444444444444111111111
4444444444444444111111
5445554545555551511111
5555555555555555111111
5555555555555551515111
4434344444444444444411
5555555555555555555511
4444444444444444444141
4444444444441111111111
4444444444444111111111
4444444444444111111111
4444444444444444111111
5445554545555551511111
5555555555555555111111
5555555555555551515111
3434444444444444444411
5555555555555555555511
4444444444444444444141
4444444444441111111111
4444444444444111111111
4444444444444111111111
4444444444444444111111
5445554545555551511111
5555555555555555111111
5455555555555551515111
4434444444444444444411
5555555555555555555511
4444444444444444444141
4444444444441111111111
4444444444444111111111
4444444444444111111111
4444444444444444111111
5445554545555551511111
5555555555555555111111
5555555555555451515111
4434444444444444444411
5555555555555555555511
4444444444444444444141
4444444444441111111111
4444444444444111111111
4444444444444111111111
4444444444444444111111
5445554545555551511111
5555555555555555111111
5555555555545551515111
4434444444444444444411
5555555555555555555511
4444444444444444444141
4444444444441111111111
4444444444444111111111
4444444444444111111111
4444444444444444111111
5445554545555551511111
5555555555555555111111
5555555554555551515111
4434444444444444444411
5555555555555555555511
4444444444444444444141
4444444444441111111111
4444444444444111111111
4444444444444111111111
4444444444444444111111
5445554545555551511111
5555555555555555111111
5555555455555551515111
4434444444444444444411
5555555555555555555511
4444444444444444444141
4444444444441111111111
4444444444444111111111
4444444444444111111111
4444444444444444111111
5445554545555551511111
5555555555555555111111
5555545555555551515111
4434444444444444444411
5555555555555555555511
4444444444444444444141
4444444444441111111111
4444444444444111111111
4444444444444111111111
4444444444444444111111
5445554545555551511111
5555555555555555111111
5554555555555551515111
4434444444444444444411
5555555555555555555511
4444444444444444444141
4444444444441111111111
4444444444444111111111
4444444444444111111111
4444444444444444111111
5445554545555551511111
5555555555555555111111
5555555555555551515111
4434444444444444444411
5555555555555555555511
3444444444444444444141
4444444444441111111111
4444444444444111111111
4444444444444111111111
4444444444444444111111
5445554545555551511111
5555555555555555111111
5555555555555551515111
4434444444444444444411
5555555555555555555511
3444444444444444444131
4444444444441111111111
4444444444444111111111
4444444444444111111111
4444444444444444111111
5445554545555551511111
5555555555555555111111
5555555555555551515111
4434444444444444444411
5555555555555555555511
3444344444444444444141
4444444444441111111111
4444444444444111111111
4444444444444111111111
4444444444444444111111
5445554545555551511111
5555555555555555111111
5555555555555551515111
4434444444444444444411
5555555555555555555511
3444344444344444444141
4444444444441111111111
4444444444444111111111
4444444444444111111111
4444444444444444111111
5445554545555551511111
5555555555555555111111
5555555555555551515111
4434444444444444444411
5555555555555555555511
3434344444344444444141
4444444444441111111111
4444444444444111111111
4444444444444111111111
4444444444444444111111
5445554545555551511111
5555555555555555111111
5555555555555551515111
4434444444444444444411
5555555555555555555511
3434344444344444443141
4444444444441111111111
4444444444444111111111
4444444444444111111111
4444444444444444111111
5445554545555551511111
5555555555555555111111
5555555555555551515111
4434444444444444444411
5555555555555555555511
3434344444344444344141
4444444444441111111111
4444444444444111111111
4444444444444111111111
4444444444444444111111
5445554545555551511111
5555555555555555111111
5555555555555551515111
4434444444444444444411
5555555555555555555511
3434344444344434444141
4444444444441111111111
4444444444444111111111
4444444444444111111111
4444444444444444111111
5445554545555551511111
5555555555555555111111
5555555555555551515111
4434444444444444444411
5555555555555555555511
3434344444343444444141
4444444444441111111111
4444444444444111111111
4444444444444111111111
4444444444444444111111
5445554545555551511111
5555555555555555111111
5555555555555551515111
4434444444444444444411
5555555555555555555511
3434344434344444444141
4444444444441111111111
4444444444444111111111
4444444444444111111111
4444444444444444111111
5445554545555551511111
5555555555555555111111
5555555555555551515111
4434444444444444444411
5555555555555555555511
3434343444344444444141
4444444444441111111111
4444444444444111111111
4444444444444111111111
4444444444444444111111
5345554545555551511111
5555555555555555111111
5555555555555551515111
4434444444444444444411
5555555555555555555511
3434344444344444444141
4444444444441111111111
4444444444444111111111
4444444444444111111111
4444444444444444111111
5345554545555551511111
5555555555555555111111
5555555555555551515111
4434444444444444444311
5555555555555555555511
3434344444344444444141
4444444444441111111111
4444444444444111111111
4444444444444111111111
4444444444444444111111
5345554545555551511111
5555555555555555111111
5555555555555551515111
4434444344444444444411
5555555555555555555511
3434344444344444444141
4444444444441111111111
4444444444444111111111
4444444444444111111111
4444444444444444111111
5345554545555551511111
5555555555555555111111
5555555555555551515111
4434444444444444434411
5555555555555555555511
3434344444344444444141
4444444444441111111111
4444444444444111111111
4444444444444111111111
4444444444444444111111
5345554545555551511111
5555555555555555111111
5555555555555551515111
4434444444444443444411
5555555555555555555511
3434344444344444444141
4444444444441111111111
4444444444444111111111
4444444444444111111111
4444444444444444111111
5345554545555551511111
5555555555555555111111
5555555555555551515111
4434444444444344444411
5555555555555555555511
3434344444344444444141
4444444444441111111111
4444444444444111111111
4444444444444111111111
4444444444444444111111
5345554545555551511111
5555555555555555111111
5555555555555551515111
4434444444434444444411
5555555555555555555511
3434344444344444444141
4444444444441111111111
4444444444444111111111
4444444444444111111111
4444444444444444111111
5345554545555551511111
5555555555555555111111
5555555555555551515111
4434444443444444444411
5555555555555555555511
3434344444344444444141
4444444444441111111111
4444444444444111111111
4444444444444111111111
4444444444444444111111
5345554545555551511111
5555555555555555111111
5555555555555551515111
4434434444444444444411
5555555555555555555511
3434344444344444444141
4444444444441111111111
4444444444444111111111
4444444444444111111111
4444444444444444111111
5345554545555551511111
5555555555555555111111
5555555555555551515111
4433444444444444444411
5555555555555555555511
3434344444344444444141
4444444444441111111111
4444444444444111111111
4444444444444111111111
4444444444444444111111
5345554545555551511111
5555555555555555111111
5555555555555551515111
4334444444444444444411
5555555555555555555511
3434344444344444444141
4444444444341111111111
4444444444444111111111
4444444444444111111111
4444444444444444111111
5345554545555551511111
5555555555555555111111
5555555555555551515111
4434444444444444444411
5555555555555555555511
3434344444344444444141
4444444434441111111111
4444444444444111111111
4444444444444111111111
4444444444444444111111
5345554545555551511111
5555555555555555111111
5555555555555551515111
4434444444444444444411
5555555555555555555511
3434344444344444444141
4444443444441111111111
4444444444444111111111
4444444444444111111111
4444444444444444111111
5345554545555551511111
5555555555555555111111
5555555555555551515111
4434444444444444444411
5555555555555555555511
3434344444344444444141
4444344444441111111111
4444444444444111111111
4444444444444111111111
4444444444444444111111
5345554545555551511111
5555555555555555111111
5555555555555551515111
4434444444444444444411
5555555555555555555511
3434344444344444444141
4434444444441111111111
4444444444444111111111
4444444444444111111111
4444444444444444111111
5345554545555551511111
5555555555555555111111
5555555555555551515111
4434444444444444444411
5555555555555555555511
3434344444344444444141
3444444444441111111111
4444444444444111111111
4444444444444111111111
4444444444444444111111
5345554545555551511111
5555555555555555111111
5555555555555551515111
4434444444444444444411
5555555555555555555511
3434344444344444444141
4444444444441111111111
4444444444444111111111
4444444444444111111111
4444444444444444111111
5345554545555551511111
5555555555555555111111
5555555555555551515111
4424444444444444444411
5555555555555555555511
3434344444344444444141
4444444444441111111111
4444444444444111111111
4444444444443111111111
4444444444444444111111
5345554545555551511111
5555555555555555111111
5555555555555551515111
4434444444444444444411
5555555555555555555511
3434344444344444444141
4444444444441111111111
4444444444444111111111
4444444444344111111111
4444444444444444111111
5345554545555551511111
5555555555555555111111
5555555555555551515111
4434444444444444444411
5555555555555555555511
3434344444344444444141
4444444444441111111111
4444444444444111111111
4444444434444111111111
4444444444444444111111
5345554545555551511111
5555555555555555111111
5555555555555551515111
4434444444444444444411
5555555555555555555511
3434344444344444444141
4444444444441111111111
4444444444444111111111
4444443444444111111111
4444444444444444111111
5345554545555551511111
5555555555555555111111
5555555555555551515111
4434444444444444444411
5555555555555555555511
3434344444344444444141
4444444444441111111111
4444444444444111111111
4444344444444111111111
4444444444444444111111
5345554545555551511111
5555555555555555111111
5555555555555551515111
4434444444444444444411
5555555555555555555511
3434344444344444444141
4444444444441111111111
4444444444444111111111
4434444444444111111111
4444444444444444111111
5345554545555551511111
5555555555555555111111
5555555555555551515111
4434444444444444444411
5555555555555555555511
3434344444344444444141
4444444444441111111111
4444444444444111111111
3444444444444111111111
4444444444444444111111
5345554545555551511111
5555555555555555111111
5555555555555551515111
4434444444444444444411
5555555555555555555511
3434344444344444444141
4444444444441111111111
4444444444444111111111
4444444444444111111111
4444444444444444111111
5345554545555551511111
5555555555555555111111
5555555555555551515111
4434444444444444444411
5555555555555555555511
3334344444344444444141
4444444444441111111111
4444444444444111111111
4444444444444111111111
4444444444444444111111
5345554545555551511111
5555555555555555111111
5555555555555551515111
4434444444444444444411
5555555555555555555511
3433344444344444444141
4444444444441111111111
4444444444444111111111
4444444444444111111111
4444444444444444111111
5345554545555551511111
5555555555555555111111
5555555555555551515111
4434444444444444444411
5555555555555555555511
3434344444344444434141
4444444444441111111111
4444444444444111111111
4444444444444111111111
4444444444444444111111
5345554545555551511111
5555555555555555111111
5555555555555551515111
4434444444444444444411
5555555555555555555511
3434344444344443444141
4444444444441111111111
4444444444444111111111
4444444444444111111111
4444444444444444111111
5345554545555551511111
5555555555555555111111
5555555555555551515111
4434444444444444444411
5555555555555555555511
3434344444344344444141
4444444444441111111111
4444444444444111111111
4444444444444111111111
4444444444444444111111
5345554545555551511111
5555555555555555111111
5555555555555551515111
4434444444444444444411
5555555555555555555511
3434344444334444444141
4444444444441111111111
4444444444444111111111
4444444444444111111111
4444444444444444111111
5345554545555551511111
5555555555555555111111
5555555555555551515111
4434444444444444444411
5555555555555555555511
3434344443344444444141
4444444444441111111111
4444444444444111111111
4444444444444111111111
4444444444444444111111
5345554545555551511111
5555555555555555111111
5555555555555551515111
4434444444444444444411
5555555555555555555511
3434344344344444444141
4444444444441111111111
4444444444444111111111
4444444444444111111111
4444444444444444111111
5345554545555551511111
5555555555555555111111
5555555555555551515111
4434444444444444444411
5555555555555555555511
3434334444344444444141
4444444444441111111111
4444444444444111111111
4444444444444111111111
4444444444444444111111
5345554545555551511111
5555555555555555111111
5555555555555551515111
4434444444444444444411
5555555555555555555511
2434344444344444444141
4444444444441111111111
4444444444444111111111
4444444444444111111111
4444444444444444111111
5345554545555551511111
5555555555555555111111
5555555555555551515111
4434444444444444444411
5555555555555555555511
3424344444344444444141
4444444444441111111111
4444444444444111111111
4444444444444111111111
4444444444444444111111
5345554545555551511111
5555555555555555111111
5555555555555551515111
4434444444444444444411
5555555555555555555511
3434344444244444444141
4444444444441111111111
4444444444444111111111
4444444444444111111111
4444444444444444111111
5345554545555551511111
5555555555555555111111
5555555555555551515111
4434444444444444444411
5555555555555555555511
3434244444344444444141
4444444444431111111111
4444444444444111111111
4444444444444111111111
4444444444444444111111
5345554545555551511111
5555555555555555111111
5555555555555551515111
4434444444444444444411
5555555555555555555511
3434344444344444444141
4444444443441111111111
4444444444444111111111
4444444444444111111111
4444444444444444111111
5345554545555551511111
5555555555555555111111
5555555555555551515111
4434444444444444444411
5555555555555555555511
3434344444344444444141
4444444344441111111111
4444444444444111111111
4444444444444111111111
4444444444444444111111
5345554545555551511111
5555555555555555111111
5555555555555551515111
4434444444444444444411
5555555555555555555511
3434344444344444444141
4444434444441111111111
4444444444444111111111
4444444444444111111111
4444444444444444111111
5345554545555551511111
5555555555555555111111
5555555555555551515111
4434444444444444444411
5555555555555555555511
3434344444344444444141
4443444444441111111111
4444444444444111111111
4444444444444111111111
4444444444444444111111
5345554545555551511111
5555555555555555111111
5555555555555551515111
4434444444444444444411
5555555555555555555511
3434344444344444444141
4344444444441111111111
4444444444444111111111
4444444444444111111111
4444444444444444111111
5345554545555551511111
5555555555555555111111
5555555555555551515111
4434444444444444444411
5555555555555555555511
3434344444344444444141
4444444444441111111111
4444444444444111111111
4444444444444111111111
4444444444444444111111
5245554545555551511111
5555555555555555111111
5555555555555551515111
4434444444444444444411
5555555555555555555511
3434344444344444444141
4444444444441111111111
4444444444444111111111
4444444444434111111111
4444444444444444111111
5345554545555551511111
5555555555555555111111
5555555555555551515111
4434444444444444444411
5555555555555555555511
3434344444344444444141
4444444444441111111111
4444444444444111111111
4444444443444111111111
4444444444444444111111
5345554545555551511111
5555555555555555111111
5555555555555551515111
4434444444444444444411
5555555555555555555511
3434344444344444444141
4444444444441111111111
4444444444444111111111
4444444344444111111111
4444444444444444111111
5345554545555551511111
5555555555555555111111
5555555555555551515111
4434444444444444444411
5555555555555555555511
3434344444344444444141
4444444444441111111111
4444444444444111111111
4444434444444111111111
4444444444444444111111
5345554545555551511111
5555555555555555111111
5555555555555551515111
4434444444444444444411
5555555555555555555511
3434344444344444444141
4444444444441111111111
4444444444444111111111
4443444444444111111111
4444444444444444111111
5345554545555551511111
5555555555555555111111
5555555555555551515111
4434444444444444444411
5555555555555555555511
3434344444344444444141
4444444444441111111111
4444444444444111111111
4344444444444111111111
4444444444444444111111
5345554545555551511111
5555555555555555111111
5555555555555551515111
4434444444444444444411
5555555555555555555511
3434344444344444444141
4444444444441111111111
4444444444443111111111
4444444444444111111111
4444444444444444111111
5345554545555551511111
5555555555555555111111
5555555555555551515111
4434444444444444444411
5555555555555555555511
3434344444344444444141
4444444444441111111111
4444444444344111111111
4444444444444111111111
4444444444444444111111
5345554545555551511111
5555555555555555111111
5555555555555551515111
4434444444444444444411
5555555555555555555511
3434344444344444444141
4444444444441111111111
4444444434444111111111
4444444444444111111111
4444444444444444111111
5345554545555551511111
5555555555555555111111
5555555555555551515111
4434444444444444444411
5555555555555555555511
3434344444344444444141
4444444444441111111111
4444443444444111111111
4444444444444111111111
4444444444444444111111
5345554545555551511111
5555555555555555111111
5555555555555551515111
4434444444444444444411
5555555555555555555511
3434344444344444444141
4444444444441111111111
4444344444444111111111
4444444444444111111111
4444444444444444111111
5345554545555551511111
5555555555555555111111
5555555555555551515111
4434444444444444444411
5555555555555555555511
3434344444344444444141
4444444444441111111111
4434444444444111111111
4444444444444111111111
4444444444444444111111
5345554545555551511111
5555555555555555111111
5555555555555551515111
4434444444444444444411
5555555555555555555511
3434344444344444444141
4444444444441111111111
3444444444444111111111
4444444444444111111111
4444444444444444111111
5345554545555551511111
5555555555555555111111
5555555555555551515111
4434444444444444444411
5555555555555555555511
3434344444344444444141
4444444444441111111111
4444444444444111111111
4444444444444111111111
4444444444444444111111
5345554545555551511111
5555555555555555111111
5555555555555551515111
4434444444444444444411
4555555555555555555511
3434344444344444444141
4444444444441111111111
4444444444444111111111
4444444444444111111111
4444444444444444111111
5345554545555551511111
5555555555555555111111
5555555555555551515111
4434444444444444444411
5555555555555545555511
3434344444344444444141
4444444444441111111111
4444444444444111111111
4444444444444111111111
4444444444444444111111
5345554545555551511111
5555555555555555111111
5555555555555551515111
4434444444444444444411
5545555555555545555511
3434344444344444444141
4444444444441111111111
4444444444444111111111
4444444444444111111111
4444444444444444111111
5345554545555551511111
5555555555555555111111
5555555555555551515111
4434444444444444444411
5545555555554545555511
3434344444344444444141
4444444444441111111111
4444444444444111111111
4444444444444111111111
4444444444444444111111
5345554545555551511111
5555555555555555111111
5555555555555551515111
4434444444444444444411
5545555555454545555511
3434344444344444444141
4444444444441111111111
4444444444444111111111
4444444444444111111111
4444444444444444111111
5345554545555551511111
5555555555555555111111
5555555555555551515111
4434444444444444444411
5545555545454545555511
3434344444344444444141
4444444444441111111111
4444444444444111111111
4444444444444111111111
4444444444444444111111
5345554545555551511111
5555555555555555111111
5555555555555551515111
4434444444444444444411
5545555545454545554511
3434344444344444444141
4444444444441111111111
4444444444444111111111
4444444444444111111111
4444444444444444111111
5345554545555551511111
5555555555555555111111
5555555555555551515111
4434444444444444444411
5545455545454545555511
3434344444344444444141
4444444444441111111111
4444444444444111111111
4444444444444111111111
4444444444444444111111
5345554545555551511111
5555555555555555111111
5555555555555551515111
4434444444444444444411
5545555545454545455511
3434344444344444444141
4444444444441111111111
4444444444444111111111
4444444444444111111111
4444444444444444111111
5345554545555551511111
5555555555555555111111
5555555555555551515111
4434444444444444444411
5545554545454545555511
3434344444344444444141
4444444444441111111111
4444444444444111111111
4444444444444111111111
4444444444444434111111
5345554545555551511111
5555555555555555111111
5555555555555551515111
4434444444444444444411
5545555545454545555511
3434344444344444444141
4444444444441111111111
4444444444444111111111
4444444444444111111111
3444444444444444111111
5345554545555551511111
5555555555555555111111
5555555555555551515111
4434444444444444444411
5545555545454545555511
3434344444344444444141
4444444444441111111111
4444444444444111111111
4444444444444111111111
4444444444443444111111
5345554545555551511111
5555555555555555111111
5555555555555551515111
4434444444444444444411
5545555545454545555511
3434344444344444444141
4444444444441111111111
4444444444444111111111
4444444444444111111111
4444444444344444111111
5345554545555551511111
5555555555555555111111
5555555555555551515111
4434444444444444444411
5545555545454545555511
3434344444344444444141
4444444444441111111111
4444444444444111111111
4444444444444111111111
4444444434444444111111
5345554545555551511111
5555555555555555111111
5555555555555551515111
4434444444444444444411
5545555545454545555511
3434344444344444444141
4444444444441111111111
4444444444444111111111
4444444444444111111111
4444443444444444111111
5345554545555551511111
5555555555555555111111
5555555555555551515111
4434444444444444444411
5545555545454545555511
3434344444344444444141
4444444444441111111111
4444444444444111111111
4444444444444111111111
4444344444444444111111
5345554545555551511111
5555555555555555111111
5555555555555551515111
4434444444444444444411
5545555545454545555511
3434344444344444444141
4444444444441111111111
4444444444444111111111
4444444444444111111111
4434444444444444111111
5345554545555551511111
5555555555555555111111
5555555555555551515111
4434444444444444444411
5545555545454545555511
3434344444344444444141
4444444444441111111111
4444444444444111111111
4444444444444111111111
4444444444444444111111
5345554545555551511111
5555555555555555111111
5555555555555551515111
4434444444444444444411
5535555545454545555511
3434344444344444444141
4444444444441111111111
4444444444444111111111
4444444444444111111111
4444444444444444111111
5345554545555551511111
5555555555555555111111
5555555555555551515111
4434444444444444444411
5545555545454535555511
3434344444344444444141
4444444444441111111111
4444444444444111111111
4444444444444111111111
4444444444444444111111
5345554545555551511111
5555555555555555111111
5555555555555551515111
4434444444444444444411
5545555535454545555511
3434344444344444444141
4444444444441111111111
4444444444434111111111
4444444444444111111111
4444444444444444111111
5345554545555551511111
5555555555555555111111
5555555555555551515111
4434444444444444444411
5545555545454545555511
3434344444344444444141
4444444444441111111111
4444444443444111111111
4444444444444111111111
4444444444444444111111
5345554545555551511111
5555555555555555111111
5555555555555551515111
4434444444444444444411
5545555545454545555511
3434344444344444444141
4444444444441111111111
4444444344444111111111
4444444444444111111111
4444444444444444111111
5345554545555551511111
5555555555555555111111
5555555555555551515111
4434444444444444444411
5545555545454545555511
3434344444344444444141
4444444444441111111111
4444434444444111111111
4444444444444111111111
4444444444444444111111
5345554545555551511111
5555555555555555111111
5555555555555551515111
4434444444444444444411
5545555545454545555511
3434344444344444444141
4444444444441111111111
4443444444444111111111
4444444444444111111111
4444444444444444111111
5345554545555551511111
5555555555555555111111
5555555555555551515111
4434444444444444444411
5545555545454545555511
3434344444344444444141
4444444444441111111111
4344444444444111111111
4444444444444111111111
4444444444444444111111
5345554545555551511111
5555555555555555111111
5555555555555551515111
4434444444444444444411
5545555545454545555511
3434344444344444444141
4444444444441111111111
4444444444444111111111
4444444444444111111111
4444444444444444111111
5345554545555551511111
5555555555555555111111
5555555555555551515111
4434444444444444444411
5445555545454545555511
3434344444344444444141
4444444444441111111111
4444444444444111111111
4444444444444111111111
4444444444444444111111
5345554545555551511111
5555555555555555111111
5555555555555551515111
4434444444444444444411
5444555545454545555511
3434344444344444444141
4444444444441111111111
4444444444444111111111
4444444444444111111111
4444444444444444111111
5345554545555551511111
5555555555555555111111
5555555555555551515111
4434444444444444444411
5444545545454545555511
3434344444344444444141
4444444444441111111111
4444444444444111111111
4444444444444111111111
4444444444444444111111
5345554545555551511111
5555555555555555111111
5555555555555551515111
4434444444444444444411
5444545445454545555511
3434344444344444444141
4444444444441111111111
4444444444444111111111
4444444444444111111111
4444444444444443111111
5345554545555551511111
5555555555555555111111
5555555555555551515111
4434444444444444444411
5444545545454545555511
3434344444344444444141
4444444444441111111111
4444444444444111111111
4444444444444111111111
4344444444444443111111
5345554545555551511111
5555555555555555111111
5555555555555551515111
4434444444444444444411
5444545545454545555511
3434344444344444444141
4444444444441111111111
4444444444444111111111
4444444444444111111111
4444444444444343111111
5345554545555551511111
5555555555555555111111
5555555555555551515111
4434444444444444444411
5444545545454545555511
3434344444344444444141
4444444444441111111111
4444444444444111111111
4444444444444111111111
4444444444434343111111
5345554545555551511111
5555555555555555111111
5555555555555551515111
4434444444444444444411
5444545545454545555511
3434344444344444444141
4444444444441111111111
4444444444444111111111
4444444444444111111111
4444444443444343111111
5345554545555551511111
5555555555555555111111
5555555555555551515111
4434444444444444444411
5444545545454545555511
3434344444344444444141
4444444444441111111111
4444444444444111111111
4444444444444111111111
4444444344444343111111
5345554545555551511111
5555555555555555111111
5555555555555551515111
4434444444444444444411
5444545545454545555511
3434344444344444444141
4444444444441111111111
4444444444444111111111
4444444444444111111111
4444434444444343111111
5345554545555551511111
5555555555555555111111
5555555555555551515111
4434444444444444444411
5444545545454545555511
3434344444344444444141
4444444444441111111111
4444444444444111111111
4444444444444111111111
4443444444444343111111
5345554545555551511111
5555555555555555111111
5555555555555551515111
4434444444444444444411
5444545545454545555511
3434344444344444444141
4444444444441111111111
4444444444444111111111
4444444444444111111111
4444444444444342111111
5345554545555551511111
5555555555555555111111
5555555555555551515111
4434444444444444444411
5444545545454545555511
3434344444344444444141
4444444444441111111111
4444444444444111111111
4444444444444111111111
4444444444444243111111
5345554545555551511111
5555555555555555111111
5555555555555551515111
4434444444444444444411
5444545545454545555511
3434344444344444444141
4444444444441111111111
4444444444444111111111
4444444444444111111111
4444444444444343111111
5345554545555551511111
5555554555555555111111
5555555555555551515111
4434444444444444444411
5444545545454545555511
3434344444344444444141
4444444444441111111111
4444444444444111111111
4444444444444111111111
4444444444444343111111
5345554545555551511111
5555554555555545111111
5555555555555551515111
4434444444444444444411
5444545545454545555511
3434344444344444444141
4444444444441111111111
4444444444444111111111
4444444444444111111111
4444444444444343111111
5345554545555551511111
4555554555555545111111
5555555555555551515111
4434444444444444444411
5444545545454545555511
3434344444344444444141
4444444444441111111111
4444444444444111111111
4444444444444111111111
4444444444444343111111
5345554545555551511111
5555554555455545111111
5555555555555551515111
4434444444444444444411
5444545545454545555511
3434344444344444444141
4444444444441111111111
4444444444444111111111
4444444444444111111111
4444444444444343111111
5345554545555551511111
5545554555555545111111
5555555555555551515111
4434444444444444444411
5444545545454545555511
3434344444344444444141
4444444444441111111111
4444444444444111111111
4444444444444111111111
4444444444444343111111
5345554545555551511111
5545554545555545111111
5555555555555551515111
4434444444444444444411
5444545545454545555511
3434344444344444444141
4444444444441111111111
4444444444444111111111
4444444444444111111111
4444444444444343111111
5345554545555551511111
5545554555554545111111
5555555555555551515111
4434444444444444444411
5444545545454545555511
3434344444344444444141
4444444444441111111111
4444444444444111111111
4444444444444111111111
4444444444444343111111
5345554545555551511111
5545454555555545111111
5555555555555551515111
4434444444444444444411
5444545545454545555511
3434344444344444444141
4444444444441111111111
4444444444444111111111
4444444444444111111111
4444444444444343111111
5345554545555551511111
5545553555555545111111
5555555555555551515111
4434444444444444444411
5444545545454545555511
3434344444344444444141
4444444444441111111111
4444444444444111111111
4444444444444111111111
4444444444444343111111
5345554545555551511111
5535554555555545111111
5555555555555551515111
4434444444444444444411
5444545545454545555511
3434344444344444444141
4444444444441111111111
4444444444444111111111
4444444444444111111111
4444444444444343111111
5345554545555551511111
5545554555555535111111
5555555555555551515111
4434444444444444444411
5444545545454545555511
3434344444344444444141
4444444444441111111111
4444444444444111111111
4444444444444111111111
4444444444444343111111
5345554545555551511111
5545554555555545111111
5555555555555551515111
4434444444444444444411
5444545545454545555511
3434344444344444444141
4444444444441111111111
4444444444444111111111
4444444444444111111111
4444444444444343111111
4345554545555551511111
5545554555555545111111
5555555555555551515111
4434444444444444444411
5444545545454545555511
3434344444344444444141
4444444444441111111111
4444444444444111111111
4444444444444111111111
4444444444444343111111
4345554545555551511111
5545554555555545111111
5555555555555551515111
4434444444444444444411
5444545545454545555511
3434344444344444444141
4444444444441111111111
4444444444444111111111
4444444444444111111111
4444444444444343111111
4345554545555551511111
5545554555555545111111
5555555555555551515111
4434444444444444444411
5444545545454545555511
3434344444344444444141
4444444444441111111111
4444444444444111111111
4444444444444111111111
4444444444444343111111
4345554545555551511111
5545554555555545111111
5555555555555551515111
4434444444444444444411
5444545545454545555511
3434344444344444444141
4444444444441111111111
4444444444444111111111
4444444444444111111111
4444444444444343111111
4345554545555551511111
5545554555555545111111
5555555555555551515111
4434444444444444444411
5444545545454545555511
3434344444344444444141
4444444444441111111111
4444444444444111111111
4444444444444111111111
4444444444444343111111
4345554545555551511111
5545554555555545111111
5555555555555551515111
4434444444444444444411
5444545545454545555511
3434344444344444444141
4444444444441111111111
4444444444444111111111
4444444444444111111111
4444444444444343111111
4345554545555551511111
5545554555555545111111
5555555555555551515111
4434444444444444444411
5444545545454545555511
3434344444344444444141
4444444444441111111111
4444444444444111111111
4444444444444111111111
4444444444444343111111
4345554545555551511111
5545554555555545111111
5555555555555551515111
4434444444444444444411
5444545545454545555511
3434344444344444444141
4444444444441111111111
4444444444444111111111
4444444444444111111111
4444444444444343111111
4345554545555551511111
5545554555555545111111
5555555555555551515111
4434444444444444444411
5444545545454545555511
3434344444344444444141
4444444444441111111111
4444444444444111111111
4444444444444111111111
4444444444444343111111
4345554545555551511111
5545554555555545111111
5555555555555551515111
4434444444444444444411
5444545545454545555511
3434344444344444444141
4444444444441111111111
4444444444444111111111
4444444444444111111111
4444444444444343111111
4345554545555551511111
5545554555555545111111
5555555555555551515111
4434444444444444444411
5444545545454545555511
3434344444344444444141
4444444444441111111111
4444444444444111111111
4444444444444111111111
4444444444444343111111
4345554545555551511111
5545554555555545111111
5555555555555551515111
4434444444444444444411
5444545545454545555511
3434344444344444444141
4444444444441111111111
4444444444444111111111
4444444444444111111111
4444444444444343111111
4345554545555551511111
5545554555555545111111
5555555555555551515111
4434444444444444444411
5444545545454545555511
3434344444344444444141
4444444444441111111111
4444444444444111111111
4444444444444111111111
4444444444444343111111
4345554545555551511111
5545554555555545111111
5555555555555551515111
4434444444444444444411
5444545545454545555511
3434344444344444444141
4444444444441111111111
4444444444444111111111
4444444444444111111111
4444444444444343111111
4345554545555551511111
5545554555555545111111
5555555555555551515111
4434444444444444444411
5444545545454545555511
3434344444344444444141
4444444444441111111111
4444444444444111111111
4444444444444111111111
4444444444444343111111
4345554545555551511111
5545554555555545111111
5555555555555551515111
4434444444444444444411
5444545545454545555511
3434344444344444444141
4444444444441111111111
4444444444444111111111
4444444444444111111111
4444444444444343111111
4345554545555551511111
5545554555555545111111
5555555555555551515111
4434444444444444444411
5444545545454545555511
3434344444344444444141
4444444444441111111111
4444444444444111111111
4444444444444111111111
4444444444444343111111
4345554545555551511111
5545554555555545111111
5555555555555551515111
4434444444444444444411
5444545545454545555511
3434344444344444444141
4444444444441111111111
4444444444444111111111
4444444444444111111111
4444444444444343111111
4345554545555551511111
5545554555555545111111
5555555555555551515111
4434444444444444444411
5444545545454545555511
3434344444344444444141
4444444444441111111111
4444444444444111111111
4444444444444111111111
4444444444444343111111
4345554545555551511111
5545554555555545111111
5555555555555551515111
4434444444444444444411
5444545545454545555511
3434344444344444444141
4444444444441111111111
4444444444444111111111
4444444444444111111111
4444444444444343111111
4345554545555551511111
5545554555555545111111
5555555555555551515111
4434444444444444444411
5444545545454545555511
3434344444344444444141
4444444444441111111111
4444444444444111111111
4444444444444111111111
4444444444444343111111
4345554545555551511111
5545554555555545111111
5555555555555551515111
4434444444444444444411
5444545545454545555511
3434344444344444444141
4444444444441111111111
4444444444444111111111
4444444444444111111111
4444444444444343111111
4345554545555551511111
5545554555555545111111
5555555555555551515111
4434444444444444444411
5444545545454545555511
3434344444344444444141
4444444444441111111111
4444444444444111111111
4444444444444111111111
4444444444444343111111
4345554545555551511111
5545554555555545111111
5555555555555551515111
4434444444444444444411
5444545545454545555511
3434344444344444444141
4444444444441111111111
4444444444444111111111
4444444444444111111111
4444444444444343111111
4345554545555551511111
5545554555555545111111
5555555555555551515111
4434444444444444444411
5444545545454545555511
3434344444344444444141
4444444444441111111111
4444444444444111111111
4444444444444111111111
4444444444444343111111
4345554545555551511111
5545554555555545111111
5555555555555551515111
4434444444444444444411
5444545545454545555511
3434344444344444444141
4444444444441111111111
4444444444444111111111
4444444444444111111111
4444444444444343111111
4345554545555551511111
5545554555555545111111
5555555555555551515111
4434444444444444444411
5444545545454545555511
3434344444344444444141
4444444444441111111111
4444444444444111111111
4444444444444111111111
4444444444444343111111
4345554545555551511111
5545554555555545111111
5555555555555551515111
4434444444444444444411
5444545545454545555511
3434344444344444444141
4444444444441111111111
4444444444444111111111
4444444444444111111111
4444444444444343111111
4345554545555551511111
5545554555555545111111
5555555555555551515111
4434444444444444444411
5444545545454545555511
3434344444344444444141
4444444444441111111111
4444444444444111111111
4444444444444111111111
4444444444444343111111
4345554545555551511111
5545554555555545111111
5555555555555551515111
4434444444444444444411
5444545545454545555511
3434344444344444444141
4444444444441111111111
4444444444444111111111
4444444444444111111111
4444444444444343111111
4345554545555551511111
5545554555555545111111
5555555555555551515111
4434444444444444444411
5444545545454545555511
3434344444344444444141
4444444444441111111111
4444444444444111111111
4444444444444111111111
4444444444444343111111
4345554545555551511111
5545554555555545111111
5555555555555551515111
4434444444444444444411
5444545545454545555511
3434344444344444444141
4444444444441111111111
4444444444444111111111
4444444444444111111111
4444444444444343111111
4345554545555551511111
5545554555555545111111
5555555555555551515111
4434444444444444444411
5444545545454545555511
3434344444344444444141
4444444444441111111111
4444444444444111111111
4444444444444111111111
4444444444444343111111
4345554545555551511111
5545554555555545111111
5555555555555551515111
4434444444444444444411
5444545545454545555511
3434344444344444444141
4444444444441111111111
4444444444444111111111
4444444444444111111111
4444444444444343111111
4345554545555551511111
5545554555555545111111
5555555555555551515111
4434444444444444444411
5444545545454545555511
3434344444344444444141
4444444444441111111111
4444444444444111111111
4444444444444111111111
4444444444444343111111
4345554545555551511111
5545554555555545111111
5555555555555551515111
4434444444444444444411
5444545545454545555511
3434344444344444444141
4444444444441111111111
4444444444444111111111
4444444444444111111111
4444444444444343111111
4345554545555551511111
5545554555555545111111
5555555555555551515111
4434444444444444444411
5444545545454545555511
3434344444344444444141
4444444444441111111111
4444444444444111111111
4444444444444111111111
4444444444444343111111
4345554545555551511111
5545554555555545111111
5555555555555551515111
4434444444444444444411
5444545545454545555511
3434344444344444444141
4444444444441111111111
4444444444444111111111
4444444444444111111111
4444444444444343111111
4345554545555551511111
5545554555555545111111
5555555555555551515111
4434444444444444444411
5444545545454545555511
3434344444344444444141
4444444444441111111111
4444444444444111111111
4444444444444111111111
4444444444444343111111
4345554545555551511111
5545554555555545111111
5555555555555551515111
4434444444444444444411
5444545545454545555511
3434344444344444444141
4444444444441111111111
4444444444444111111111
4444444444444111111111
4444444444444343111111
4345554545555551511111
5545554555555545111111
5555555555555551515111
4434444444444444444411
5444545545454545555511
3434344444344444444141
4444444444441111111111
4444444444444111111111
4444444444444111111111
4444444444444343111111
4345554545555551511111
5545554555555545111111
5555555555555551515111
4434444444444444444411
5444545545454545555511
3434344444344444444141
4444444444441111111111
4444444444444111111111
4444444444444111111111
4444444444444343111111
4345554545555551511111
5545554555555545111111
5555555555555551515111
4434444444444444444411
5444545545454545555511
3434344444344444444141
4444444444441111111111
4444444444444111111111
4444444444444111111111
4444444444444343111111
4345554545555551511111
5545554555555545111111
5555555555555551515111
4434444444444444444411
5444545545454545555511
3434344444344444444141
4444444444441111111111
4444444444444111111111
4444444444444111111111
4444444444444343111111
4345554545555551511111
5545554555555545111111
5555555555555551515111
4434444444444444444411
5444545545454545555511
3434344444344444444141
