2941121239
14 11 100
6666666666666666666666
6666666666666666666666
6666666666666666666666
6666666666666666666666
6666666666666666666666
6666666666666666666666
6666666666666666666666
6666666666666666666666
6666666666666666666666
6666666666666666666666
6666666666666666666666
6666666666666666666666
6666666666666666666666
6666666666666666666666
7777777777777777777777
7777777777777777777777
7777777777777777777777
7777777777777777777777
7777777777777777777777
7777777777777777777777
7777777777777777777777
7777777777777777777777
7777777777777777777777
7777777777777777777777
7777777777777777777777
7777777777777777777777
7777777777777777777777
7777777777777777777777
7777777777777777777777
7777777777777777777777
7777777777777777777777
7777777777777777777777
7777777777777777777777
7777777777777777777777
4444444444444444444444
7777777777777777777777
7777777777777777777777
7777777777777777777777
7777777777777777777777
7777777777777777777777
7777777777777777777777
7777777777777777777777
7777777777777777777777
7777777777777777777777
7777777777777777777777
7777777777777777777777
7777777777777777777777
7777777777777777777777
4444444444444444444444
7777777777777777777777
4444444444444444444444
7777777777777777777777
7777777777777777777777
7777777777777777777777
7777777777777777777777
7777777777777777777777
7777777777777777777777
7777777777777777777777
7777777777777777777777
7777777777777777777777
7777777777777777777777
7777777777777777777777
4444444444444444444444
7777777777777777777777
5555555555555555555555
7777777777777777777777
7777777777777777777777
7777777777777777777777
7777777777777777777777
7777777777777777777777
7777777777777777777777
7777777777777777777777
7777777777777777777777
7777777777777777777777
7777777777777777777777
7777777777777777777777
4444444444444444444444
7777777777777777777777
6666666666666666666666
7777777777777777777777
7777777777777777777777
7777777777777777777777
7777777777777777777777
7777777777777777777777
7777777777777777777777
7777777777777777777777
7777777777777777777777
7777777777777777777777
7777777777777777777777
7777777777777777777777
4444444444444444444444
7777777777777777777777
7777777777777777777777
4444444444444444444444
7777777777777777777777
7777777777777777777777
7777777777777777777777
7777777777777777777777
7777777777777777777777
7777777777777777777777
7777777777777777777777
7777777777777777777777
7777777777777777777777
7777777777777777777777
4444444444444444444444
7777777777777777777777
7777777777777777777777
5555555555555555555555
7777777777777777777777
7777777777777777777777
7777777777777777777777
7777777777777777777777
7777777777777777777777
7777777777777777777777
4444444444444444444444
7777777777777777777777
7777777777777777777777
7777777777777777777777
4444444444444444444444
7777777777777777777777
7777777777777777777777
5555555555555555555555
7777777777777777777777
7777777777777777777777
7777777777777777777777
7777777777777777777777
7777777777777777777777
7777777777777777777777
5555555555555555555555
7777777777777777777777
7777777777777777777777
7777777777777777777777
4444444444444444444444
7777777777777777777777
7777777777777777777777
5555555555555555555555
7777777777777777777777
7777777777777777777777
7777777777777777777777
7777777777777777777777
7777777777777777777777
7777777777777777777777
6666666666666666666666
7777777777777777777777
7777777777777777777777
7777777777777777777777
4444444444444444444444
7777777777777777777777
7777777777777777777777
5555555555555555555555
7777777777777777777777
7777777777777777777777
7777777777777777777777
7777777777777777777777
7777777777777777777777
7777777777777777777777
6666666666666666666666
7777777777777777777777
7777777777777777777777
4444444444444444444444
4444444444444444444444
7777777777777777777777
7777777777777777777777
5555555555555555555555
7777777777777777777777
7777777777777777777777
7777777777777777777777
7777777777777777777777
7777777777777777777777
7777777777777777777777
6666666666666666666666
7777777777777777777777
7777777777777777777777
5555555555555555555555
4444444444444444444444
7777777777777777777777
7777777777777777777777
5555555555555555555555
7777777777777777777777
7777777777777777777777
7777777777777777777777
7777777777777777777777
7777777777777777777777
7777777777777777777777
6666666666666666666666
7777777777777777777777
7777777777777777777777
5555555555555555555555
4444444444444444444444
7777777777777777777777
7777777777777777777777
5555555555555555555555
7777777777777777777777
4444444444444444444444
7777777777777777777777
7777777777777777777777
7777777777777777777777
7777777777777777777777
6666666666666666666666
7777777777777777777777
7777777777777777777777
5555555555555555555555
4444444444444444444444
7777777777777777777777
7777777777777777777777
5555555555555555555555
7777777777777777777777
5555555555555555555555
7777777777777777777777
7777777777777777777777
7777777777777777777777
7777777777777777777777
6666666666666666666666
7777777777777777777777
7777777777777777777777
5555555555555555555555
4444444444444444444444
7777777777777777777777
7777777777777777777777
5555555555555555555555
7777777777777777777777
6666666666666666666666
7777777777777777777777
7777777777777777777777
7777777777777777777777
4444444444444444444444
6666666666666666666666
7777777777777777777777
7777777777777777777777
5555555555555555555555
4444444444444444444444
7777777777777777777777
7777777777777777777777
5555555555555555555555
7777777777777777777777
7777777777777777777777
7777777777777777777777
7777777777777777777777
7777777777777777777777
4444444444444444444444
6666666666666666666666
7777777777777777777777
4444444444444444444444
5555555555555555555555
4444444444444444444444
7777777777777777777777
7777777777777777777777
5555555555555555555555
7777777777777777777777
7777777777777777777777
7777777777777777777777
7777777777777777777777
7777777777777777777777
4444444444444444444444
6666666666666666666666
7777777777777777777777
4444444444444444444444
5555555555555555555555
2222222222222222222222
7777777777777777777777
7777777777777777777777
5555555555555555555555
7777777777777777777777
7777777777777777777777
7777777777777777777777
7777777777777777777777
7777777777777777777777
4444444444444444444444
6666666666666666666666
7777777777777777777777
4444444444444444444444
5555555555555555555555
3333333333333333333333
7777777777777777777777
7777777777777777777777
5555555555555555555555
7777777777777777777777
7777777777777777777777
7777777777777777777777
7777777777777777777777
7777777777777777777777
4444444444444444444444
6666666666666666666666
7777777777777777777777
4444444444444444444444
5555555555555555555555
4444444444444444444444
7777777777777777777777
7777777777777777777777
5555555555555555555555
7777777777777777777777
7777777777777777777777
4444444444444444444444
7777777777777777777777
7777777777777777777777
4444444444444444444444
6666666666666666666666
7777777777777777777777
4444444444444444444444
5555555555555555555555
4444444444444444444444
7777777777777777777777
7777777777777777777777
5555555555555555555555
7777777777777777777777
7777777777777777777777
5555555555555555555555
7777777777777777777777
7777777777777777777777
4444444444444444444444
6666666666666666666666
7777777777777777777777
4444444444444444444444
5555555555555555555555
4444444444444444444444
7777777777777777777777
7777777777777777777777
5555555555555555555555
7777777777777777777777
7777777777777777777777
6666666666666666666666
7777777777777777777777
4444444444444444444444
4444444444444444444444
6666666666666666666666
7777777777777777777777
4444444444444444444444
5555555555555555555555
4444444444444444444444
7777777777777777777777
7777777777777777777777
5555555555555555555555
7777777777777777777777
7777777777777777777777
7777777777777777777777
7777777777777777777777
5555555555555555555555
4444444444444444444444
6666666666666666666666
7777777777777777777777
4444444444444444444444
5555555555555555555555
4444444444444444444444
7777777777777777777777
7777777777777777777777
5555555555555555555555
7777777777777777777777
7777777777777777777777
7777777777777777777777
7777777777777777777777
5555555555555555555555
2222222222222222222222
6666666666666666666666
7777777777777777777777
4444444444444444444444
5555555555555555555555
4444444444444444444444
7777777777777777777777
7777777777777777777777
5555555555555555555555
7777777777777777777777
7777777777777777777777
7777777777777777777777
7777777777777777777777
5555555555555555555555
3333333333333333333333
6666666666666666666666
7777777777777777777777
4444444444444444444444
5555555555555555555555
4444444444444444444444
7777777777777777777777
7777777777777777777777
5555555555555555555555
7777777777777777777777
7777777777777777777777
7777777777777777777777
7777777777777777777777
5555555555555555555555
4444444444444444444444
6666666666666666666666
4444444444444444444444
4444444444444444444444
5555555555555555555555
4444444444444444444444
7777777777777777777777
7777777777777777777777
5555555555555555555555
7777777777777777777777
7777777777777777777777
7777777777777777777777
7777777777777777777777
5555555555555555555555
4444444444444444444444
6666666666666666666666
5555555555555555555555
4444444444444444444444
5555555555555555555555
4444444444444444444444
7777777777777777777777
7777777777777777777777
5555555555555555555555
7777777777777777777777
7777777777777777777777
7777777777777777777777
7777777777777777777777
5555555555555555555555
4444444444444444444444
6666666666666666666666
5555555555555555555555
4444444444444444444444
5555555555555555555555
4444444444444444444444
7777777777777777777777
7777777777777777777777
5555555555555555555555
7777777777777777777777
7777777777777777777777
7777777777777777777777
4444444444444444444444
5555555555555555555555
4444444444444444444444
6666666666666666666666
5555555555555555555555
4444444444444444444444
5555555555555555555555
4444444444444444444444
7777777777777777777777
7777777777777777777777
5555555555555555555555
7777777777777777777777
7777777777777777777777
7777777777777777777777
5555555555555555555555
5555555555555555555555
4444444444444444444444
6666666666666666666666
5555555555555555555555
4444444444444444444444
5555555555555555555555
4444444444444444444444
7777777777777777777777
7777777777777777777777
5555555555555555555555
7777777777777777777777
7777777777777777777777
7777777777777777777777
6666666666666666666666
5555555555555555555555
4444444444444444444444
6666666666666666666666
5555555555555555555555
4444444444444444444444
5555555555555555555555
4444444444444444444444
4444444444444444444444
7777777777777777777777
5555555555555555555555
7777777777777777777777
7777777777777777777777
7777777777777777777777
7777777777777777777777
5555555555555555555555
4444444444444444444444
6666666666666666666666
5555555555555555555555
4444444444444444444444
5555555555555555555555
4444444444444444444444
5555555555555555555555
7777777777777777777777
5555555555555555555555
7777777777777777777777
7777777777777777777777
7777777777777777777777
7777777777777777777777
5555555555555555555555
4444444444444444444444
6666666666666666666666
5555555555555555555555
4444444444444444444444
5555555555555555555555
4444444444444444444444
6666666666666666666666
7777777777777777777777
5555555555555555555555
7777777777777777777777
7777777777777777777777
7777777777777777777777
7777777777777777777777
5555555555555555555555
4444444444444444444444
6666666666666666666666
5555555555555555555555
2222222222222222222222
5555555555555555555555
4444444444444444444444
7777777777777777777777
7777777777777777777777
5555555555555555555555
7777777777777777777777
7777777777777777777777
7777777777777777777777
7777777777777777777777
5555555555555555555555
4444444444444444444444
6666666666666666666666
5555555555555555555555
3333333333333333333333
5555555555555555555555
4444444444444444444444
7777777777777777777777
7777777777777777777777
5555555555555555555555
7777777777777777777777
7777777777777777777777
7777777777777777777777
7777777777777777777777
5555555555555555555555
4444444444444444444444
6666666666666666666666
5555555555555555555555
4444444444444444444444
5555555555555555555555
4444444444444444444444
7777777777777777777777
7777777777777777777777
5555555555555555555555
4444444444444444444444
7777777777777777777777
7777777777777777777777
7777777777777777777777
5555555555555555555555
4444444444444444444444
6666666666666666666666
5555555555555555555555
4444444444444444444444
5555555555555555555555
4444444444444444444444
7777777777777777777777
7777777777777777777777
5555555555555555555555
5555555555555555555555
7777777777777777777777
7777777777777777777777
7777777777777777777777
5555555555555555555555
4444444444444444444444
6666666666666666666666
5555555555555555555555
4444444444444444444444
5555555555555555555555
4444444444444444444444
7777777777777777777777
7777777777777777777777
5555555555555555555555
5555555555555555555555
7777777777777777777777
7777777777777777777777
7777777777777777777777
5555555555555511111111
4444444444444444441111
6666666666666666661111
5555555555555555551111
4444444444444444441111
5555555555555555551111
4444444444444444441111
7777777777777777771111
7777777777777777771111
5555555555555555555511
5555555555555555555511
7777777777777777777711
7777777777777777777711
7777777777777777777711
5555555555555511111111
4444444444444444441111
6666666666666666661111
5555555555555555551111
4444444444444444441111
5555555555555555551111
4444444444444444441111
7777777777777777771111
7777777777776777771111
5555555555555555555511
5555555555555555555511
7777777777777777777711
7777777777777777777711
7777777777777777777711
5555555555555511111111
4444444444444444441111
6666666666666666661111
5555555555555555551111
4444444444444444441111
5555555555555555551111
4444444444444444441111
7777777777777777771111
7777777777676777771111
5555555555555555555511
5555555555555555555511
7777777777777777777711
7777777777777777777711
7777777777777777777711
5555555555555511111111
4444444444444444441111
6666666666666666661111
5555555555555555551111
4444444444444444441111
5555555555555555551111
4444444444444444441111
7777777777777777771111
7767777777676777771111
5555555555555555555511
5555555555555555555511
7777777777777777777711
7777777777777777777711
7777777777777777777711
5555555555555511111111
4444444444444444441111
6666666666666666661111
5555555555555555551111
4444444444444444441111
5555555555555555551111
4444444444444444441111
7777777777777777771111
7767777777676767771111
5555555555555555555511
5555555555555555555511
7777777777777777777711
7777777777777777777711
7777777777777777777711
5555555555555511111111
4444444444444444441111
6666666666666666661111
5555555555555555551111
4444444444444444441111
5555555555555555551111
4444444444444444441111
7777777777777777771111
7767677777676767771111
5555555555555555555511
5555555555555555555511
7777777777777777777711
7777777777777777777711
7777777777777777777711
5555555555555511111111
4444444444444444441111
6666666666666666661111
5555555555555555551111
4444444444444444441111
5555555555555555551111
4444444444444444441111
7777777777777777771111
6767677777676767771111
5555555555555555555511
5555555555555555555511
7777777777777777777711
7777777777777777777711
7777777777777777777711
5555555555555511111111
4444444444444444441111
6666666666666666661111
5555555555555555551111
4444444444444444441111
5555555555555555551111
4444444444444444441111
7777777777777777771111
7767677777676767671111
5555555555555555555511
5555555555555555555511
7777777777777777777711
7777777777777777777711
7777777777777777777711
5555555555555511111111
4444444444444444441111
6666666666666666661111
5555555555555555551111
4444444444444444441111
5555555555555555551111
4444444444444444441111
7777777777777777771111
7767676777676767771111
5555555555555555555511
5555555555555555555511
7777777777777777777711
7777777777777777777711
7777777777777777777711
5555555555555511111111
4444444444444444441111
6666666666666666661111
5555555555555555551111
4444444444444444441111
5555555555555555551111
4444444444444444441111
7777777777777777771111
7767676767676767771111
5555555555555555555511
5555555555555555555511
7777777777777777777711
7777777777777777777711
7777777777777777777711
5555555555555511111111
4444444444444444441111
6666666666666666661111
5555555555555555551111
4444444444444444441111
5555555555555555551111
4444444444444444441111
7777777777777777771111
7667676767676767771111
5555555555555555555511
5555555555555555555511
7777777777777777777711
7777777777777777777711
7777777777777777777711
5555555555555511111111
4444444444444444441111
6666666666666666661111
5555555555555555551111
4444444444444444441111
5555555555555555551111
4444444444444444441111
7777777777777777771111
7767676767676767761111
5555555555555555555511
5555555555555555555511
7777777777777777777711
7777777777777777777711
7777777777777777777711
5555555555555511111111
4444444444444444441111
6666666666666666661111
5555555555555555551111
4444444444444444441111
5555555555555555551111
4444444444444444441111
7777777777777777771111
7767676767676766761111
5555555555555555555511
5555555555555555555511
7777777777777777777711
7777777777777777777711
7777777777777777777711
5555555555555511111111
4444444444444444441111
6666666666666666661111
5555555555555555551111
4444444444444444441111
5555555555555555551111
4444444444444444441111
7777777777777777771111
7767676767676666761111
5555555555555555555511
5555555555555555555511
7777777777777777777711
7777777777777777777711
7777777777777777777711
5555555555555511111111
4444444444444444441111
6666666666666666661111
5555555555555555551111
4444444444444444441111
5555555555555555551111
4444444444444444441111
7777777777777777771111
7767676767666666761111
5555555555555555555511
5555555555555555555511
7777777777777777777711
7777777777777777777711
7777777777777777777711
5555555555555511111111
4444444444444444441111
6666666666666666661111
5555555555555555551111
4444444444444444441111
5555555555555555551111
4444444444444444441111
7777777777777777771111
7757676767676666761111
5555555555555555555511
5555555555555555555511
7777777777777777777711
7777777777777777777711
7777777777777777777711
5555555555555511111111
4444444444444444441111
6666666666666666661111
5555555555555555551111
4444444444444444441111
5555555555555555551111
4444444444444444441111
7777777777777777771111
7767676767676656761111
5555555555555555555511
5555555555555555555511
7777777777777777777711
7777777777777777777711
7777777777777777777711
5555555555555511111111
4444444444444444441111
6666666666666666661111
5555555555555555551111
4444444444444444441111
5555555555555555551111
4444444444444444441111
7777777777777777771111
7767676767676666761111
5555555555555555555511
5555555555555555555511
7777777777777777776711
7777777777777777777711
7777777777777777777711
5555555555555511111111
4444444444444444441111
6666666666666666661111
5555555555555555551111
4444444444444444441111
5555555555555555551111
4444444444444444441111
7777777777777777771111
7767676767676666761111
5555555555555555555511
5555555555555555555511
7777777767777777776711
7777777777777777777711
7777777777777777777711
5555555555555511111111
4444444444444444441111
6666666666666666661111
5555555555555555551111
4444444444444444441111
5555555555555555551111
4444444444444444441111
7777777777777777771111
7767676767676666761111
5555555555555555555511
5555555555555555555511
7777776767777777776711
7777777777777777777711
7777777777777777777711
5555555555555511111111
4444444444444444441111
6666666666666666661111
5555555555555555551111
4444444444444444441111
5555555555555555551111
4444444444444444441111
7777777777777777771111
7767676767676666761111
5555555555555555555511
5555555555555555555511
6777776767777777776711
7777777777777777777711
7777777777777777777711
5555555555555511111111
4444444444444444441111
6666666666666666661111
5555555555555555551111
4444444444444444441111
5555555555555555551111
4444444444444444441111
7777777777777777771111
7767676767676666761111
5555555555555555555511
5555555555555555555511
6777676767777777776711
7777777777777777777711
7777777777777777777711
5555555555555511111111
4444444444444444441111
6666666666666666661111
5555555555555555551111
4444444444444444441111
5555555555555555551111
4444444444444444441111
7777777777777777771111
7767676767676666761111
5555555555555555555511
5555555555555555555511
6777676767677777776711
7777777777777777777711
7777777777777777777711
5555555555555511111111
4444444444444444441111
6666666666666666661111
5555555555555555551111
4444444444444444441111
5555555555555555551111
4444444444444444441111
7777777777777777771111
7767676767676666761111
5555555555555555555511
5555555555555555555511
6777676767677777676711
7777777777777777777711
7777777777777777777711
5555555555555511111111
4444444444444444441111
6666666666666666661111
5555555555555555551111
4444444444444444441111
5555555555555555551111
4444444444444444441111
7777777777777777771111
7767676767676666761111
5555555555555555555511
5555555555555555555511
6777676767677767676711
7777777777777777777711
7777777777777777777711
5555555555555511111111
4444444444444444441111
6666666666666666661111
5555555555555555551111
4444444444444444441111
5555555555555555551111
4444444444444444441111
7777777777777777771111
7767676767676666761111
5555555555555555555511
5555555555555555555511
6767676767677767676711
7777777777777777777711
7777777777777777777711
5555555555555511111111
4444444444444444441111
6666666666666666661111
5555555555555555551111
4444444444444444441111
5555555555555555551111
4444444444444444441111
7777777777777777771111
7767676767676666761111
5555555555555555555511
5555555555555555555511
6777676767676767676711
7777777777777777777711
7777777777777777777711
5555555555555511111111
4444444444444444441111
6666666666666666661111
5555555555555555551111
4444444444444444441111
5555555555555555551111
4444444444444444441111
7777777777777777771111
7767676767676666751111
5555555555555555555511
5555555555555555555511
6777676767676767676711
7777777777777777777711
7777777777777777777711
5555555555555511111111
4444444444444444441111
6666666666666666661111
5555555555555555551111
4444444444444444441111
5555555555555555551111
4444444444444444441111
7777777777777777771111
7767676767676566761111
5555555555555555555511
5555555555555555555511
6777676767676767676711
7777777777777777777711
7777777777777777777711
5555555555555511111111
4444444444444444441111
6666666666666666661111
5555555555555555551111
4444444444444444441111
5555555555555555551111
4444444444444444441111
7777777777777777771111
7767676767676666761111
5555555555555555555511
5555555555555555555511
6777676767676767676611
7777777777777777777711
7777777777777777777711
5555555555555511111111
4444444444444444441111
6666666666666666661111
5555555555555555551111
4444444444444444441111
5555555555555555551111
4444444444444444441111
7777777777777777771111
7767676767676666761111
5555555555555555555511
5555555555555555555511
6677676767676767676611
7777777777777777777711
7777777777777777777711
5555555555555511111111
4444444444444444441111
6666666666666666661111
5555555555555555551111
4444444444444444441111
5555555555555555551111
4444444444444444441111
7777777777777777771111
7767676767676666761111
5555555555555555555511
5555555555555555555511
6777676767676767666611
7777777777777777777711
7777777777777777777711
5555555555555511111111
4444444444444444441111
6666666666666666661111
5555555555555555551111
4444444444444444441111
5555555555555555551111
4444444444444444441111
7777777777777777771111
7767676767676666761111
5555555555555555555511
5555555555555555555511
6777676767676766666611
7777777777777777777711
7777777777777777777711
5555555555555511111111
4444444444444444441111
6666666666666666661111
5555555555555555551111
4444444444444444441111
5555555555555555551111
4444444444444444441111
7777777777777777771111
7767676767676666761111
5555555555555555555511
5555555555555555555511
6777676767676666666611
7777777777777777777711
7777777777777777777711
5555555555555511111111
4444444444444444441111
6666666666666666661111
5555555555555555551111
4444444444444444441111
5555555555555555551111
4444444444444444441111
7777777777777777771111
7767676767676666761111
5555555555555555555511
5555555555555555555511
6777676767666666666611
7777777777777777777711
7777777777777777777711
5555555555555511111111
4444444444444444441111
6666666666666666661111
5555555555555555551111
4444444444444444441111
5555555555555555551111
4444444444444444441111
7777777777777777771111
7767676767676666761111
5555555555555555555511
5555555555555555555511
6777676766666666666611
7777777777777777777711
7777777777777777777711
5555555555555511111111
4444444444444444441111
6666666666666666661111
5555555555555555551111
4444444444444444441111
5555555555555555551111
4444444444444444441111
7777777777777777771111
7767676767676666761111
5555555555555555555511
5555555555555555555511
6777676666666666666611
7777777777777777777711
7777777777777777777711
5555555555555511111111
4444444444444444441111
6666666666666666661111
5555555555555555551111
4444444444444444441111
5555555555555555551111
4444444444444444441111
7777777777777777771111
7767676767676666761111
5555555555555555555511
5555555555555555555511
6777666666666666666611
7777777777777777777711
7777777777777777777711
5555555555555511111111
4444444444444444441111
6666666666666666661111
5555555555555555551111
4444444444444444441111
5555555555555555551111
4444444444444444441111
7777777777777777771111
7767676767676666761111
5555555555555555555511
5555555555555555555511
6776666666666666666611
7777777777777777777711
7777777777777777777711
5555555555555511111111
4444444444444444441111
6666666666666666561111
5555555555555555551111
4444444444444444441111
5555555555555555551111
4444444444444444441111
7777777777777777771111
7767676767676666761111
5555555555555555555511
5555555555555555555511
6776666666666666666611
7777777777777777777711
7777777777777777777711
5555555555555511111111
4444444444444444441111
6666666666566666561111
5555555555555555551111
4444444444444444441111
5555555555555555551111
4444444444444444441111
7777777777777777771111
7767676767676666761111
5555555555555555555511
5555555555555555555511
6776666666666666666611
7777777777777777777711
7777777777777777777711
5555555555555511111111
4444444444444444441111
6666666666566656561111
5555555555555555551111
4444444444444444441111
5555555555555555551111
4444444444444444441111
7777777777777777771111
7767676767676666761111
5555555555555555555511
5555555555555555555511
6776666666666666666611
7777777777777777777711
7777777777777777777711
5555555555555511111111
4444444444444444441111
6666666666565656561111
5555555555555555551111
4444444444444444441111
5555555555555555551111
4444444444444444441111
7777777777777777771111
7767676767676666761111
5555555555555555555511
5555555555555555555511
6776666666666666666611
7777777777777777777711
7777777777777777777711
5555555555555511111111
4444444444444444441111
6666665666565656561111
5555555555555555551111
4444444444444444441111
5555555555555555551111
4444444444444444441111
7777777777777777771111
7767676767676666761111
5555555555555555555511
5555555555555555555511
6776666666666666666611
7777777777777777777711
7777777777777777777711
5555555555555511111111
4444444444444444441111
5666665666565656561111
5555555555555555551111
4444444444444444441111
5555555555555555551111
4444444444444444441111
7777777777777777771111
7767676767676666761111
5555555555555555555511
5555555555555555555511
6776666666666666666611
7777777777777777777711
7777777777777777777711
5555555555555511111111
4444444444444444441111
6666565666565656561111
5555555555555555551111
4444444444444444441111
5555555555555555551111
4444444444444444441111
7777777777777777771111
7767676767676666761111
5555555555555555555511
5555555555555555555511
6776666666666666666611
7777777777777777777711
7777777777777777777711
5555555555555511111111
4444444444444444441111
6656565666565656561111
5555555555555555551111
4444444444444444441111
5555555555555555551111
4444444444444444441111
7777777777777777771111
7767676767676666761111
5555555555555555555511
5555555555555555555511
6776666666666666666611
7777777777777777777711
7777777777777777777711
5555555555555511111111
4444444444444444441111
6666565656565656561111
5555555555555555551111
4444444444444444441111
5555555555555555551111
4444444444444444441111
7777777777777777771111
7767676767676666761111
5555555555555555555511
5555555555555555555511
6776666666666666666611
7777777777777777777711
7777777777777777777711
5555555555555511111111
4444444444444444441111
6666565656565656561111
5555555555555555551111
4444444444444444441111
5555555555555555551111
4444444444444444441111
7777777777777777771111
7767676767676666761111
5555555555555555555511
5555555555555555555511
6776666666666666665611
7777777777777777777711
7777777777777777777711
5555555555555511111111
4444444444444444441111
6666565656565656561111
5555555555555555551111
4444444444444444441111
5555555555555555551111
4444444444444444441111
7777777777777777771111
7767676767676666761111
5555555555555555555511
5555555555555555555511
5776666666666666665611
7777777777777777777711
7777777777777777777711
5555555555555511111111
4444444444444444441111
6666565656565656561111
5555555555555555551111
4444444444444444441111
5555555555555555551111
4444444444444444441111
7777777777777777771111
7767676767676666761111
5555555555555555555511
5555555555555555555511
6776666666666666565611
7777777777777777777711
7777777777777777777711
5555555555555511111111
4444444444444444441111
6666565656565656561111
5555555555555555551111
4444444444444444441111
5555555555555555551111
4444444444444444441111
7777777777777777771111
7767676767676666761111
5555555555555555555511
5555555555555555555511
6776666666666656565611
7777777777777777777711
7777777777777777777711
5555555555555511111111
4444444444444444441111
6666565656565656561111
5555555555555555551111
4444444444444444441111
5555555555555555551111
4444444444444444441111
7777777777777777771111
7767676767676666761111
5555555555555555555511
5555555555555555555511
6776666666665656565611
7777777777777777777711
7777777777777777777711
5555555555555511111111
4444444444444444441111
6666565656565656561111
5555555555555555551111
4444444444444444441111
5555555555555555551111
4444444444444444441111
7777777777777777771111
7767676767676666761111
5555555555555555555511
5555555555555555555511
6776666666565656565611
7777777777777777777711
7777777777777777777711
5555555555555511111111
4444444444444444441111
6666565656565656561111
5555555555555555551111
4444444444444444441111
5555555555555555551111
4444444444444444441111
7777777777777777771111
7767676767676666761111
5555555555555555555511
5555555555555555555511
6776666656565656565611
7777777777777777777711
7777777777777777777711
5555555555555511111111
4444444444444444441111
6666565656565656561111
5555555555555555551111
4444444444444444441111
5555555555555555551111
4444444444444444441111
7777777777777777771111
7767676767676666761111
5555555555555555555511
5555555555555555555511
6776665656565656565611
7777777777777777777711
7777777777777777777711
5555555555555511111111
4444444444444444441111
6666565656565656561111
5555555555555555551111
4444444444444444441111
5555555555555555551111
4444444444444444441111
7777777777777777771111
7767676767676666761111
5555555555555555555511
5555555555555555555511
6776565656565656565611
7777777777777777777711
7777777777777777777711
5555555555555511111111
4444444444444444441111
6666565656565656561111
5555555555555555551111
4444444444444444441111
5555555555555555551111
4444444444444434441111
7777777777777777771111
7767676767676666761111
5555555555555555555511
5555555555555555555511
6776565656565656565611
7777777777777777777711
7777777777777777777711
5555555555555511111111
4444444444444444441111
6666565656565656561111
5555555555555555551111
4444444444444444441111
5555555555555555551111
4444344444444444441111
7777777777777777771111
7767676767676666761111
5555555555555555555511
5555555555555555555511
6776565656565656565611
7777777777777777777711
7777777777777777777711
5555555555555511111111
4444444444444444441111
6666565656565656561111
5555555555555555551111
4444444444444444441111
5555555555555555551111
3444444444444444441111
7777777777777777771111
7767676767676666761111
5555555555555555555511
5555555555555555555511
6776565656565656565611
7777777777777777777711
7777777777777777777711
