2821986269
15 12 50
666666666666666666666666
666666666666666666666666
666666666666666666666666
666666666666666666666666
666666666666666666666666
666666666666666666666666
666666666666666666666666
666666666666666666666666
666666666666666666666666
666666666666666666666666
666666666666666666666666
666666666666666666666666
666666666666666666666666
666666666666666666666666
666666666666666666666666
777777777777777777777777
777777777777777777777777
777777777777777777777777
777777777777777777777777
777777777777777777777777
777777777777777777777777
777777777777777777777777
777777777777777777777777
777777777777777777777777
777777777777777777777777
777777777777777777777777
777777777777777777777777
777777777777777777777777
777777777777777777777777
777777777777777777777777
777777777777777777777777
777777777777777777777777
777777777777777777777777
444444444444444444444444
777777777777777777777777
777777777777777777777777
777777777777777777777777
777777777777777777777777
777777777777777777777777
777777777777777777777777
777777777777777777777777
777777777777777777777777
777777777777777777777777
777777777777777777777777
777777777777777777777777
777777777777777777777777
777777777777777777777777
777777777777777777777777
555555555555555555555555
777777777777777777777777
777777777777777777777777
777777777777777777777777
777777777777777777777777
777777777777777777777777
777777777777777777777777
777777777777777777777777
777777777777777777777777
777777777777777777777777
777777777777777777777777
777777777777777777777777
777777777777777777777777
777777777777777777777777
777777777777777777777777
666666666666666666666666
777777777777777777777777
777777777777777777777777
777777777777777777777777
777777777777777777777777
777777777777777777777777
777777777777777777777777
777777777777777777777777
777777777777777777777777
777777777777777777777777
777777777777777777777777
777777777777777777777777
777777777777777777777777
777777777777777777777777
777777777777777777777777
666666666666666666666666
777777777777777777777777
777777777777777777777777
777777777777777777777777
444444444444444444444444
777777777777777777777777
777777777777777777777777
777777777777777777777777
777777777777777777777777
777777777777777777777777
777777777777777777777777
777777777777777777777777
777777777777777777777777
444444444444444444444444
777777777777777777777777
666666666666666666666666
777777777777777777777777
777777777777777777777777
777777777777777777777777
444444444444444444444444
777777777777777777777777
777777777777777777777777
777777777777777777777777
777777777777777777777777
777777777777777777777777
777777777777777777777777
777777777777777777777777
777777777777777777777777
555555555555555555555555
777777777777777777777777
666666666666666666666666
777777777777777777777777
777777777777777777777777
777777777777777777777777
444444444444444444444444
777777777777777777777777
777777777777777777777777
777777777777777777777777
777777777777777777777777
777777777777777777777777
777777777777777777777777
777777777777777777777777
777777777777777777777777
666666666666666666666666
777777777777777777777777
666666666666666666666666
777777777777777777777777
777777777777777777777777
777777777777777777777777
444444444444444444444444
777777777777777777777777
777777777777777777777777
777777777777777777777777
777777777777777777777777
777777777777777777777777
777777777777777777777777
777777777777777777777777
777777777777777777777777
777777777777777777777777
777777777777777777777777
666666666666666666666666
777777777777777777777777
444444444444444444444444
777777777777777777777777
444444444444444444444444
777777777777777777777777
777777777777777777777777
777777777777777777777777
777777777777777777777777
777777777777777777777777
777777777777777777777777
777777777777777777777777
777777777777777777777777
777777777777777777777777
777777777777777777777777
666666666666666666666666
777777777777777777777777
444444444444444444444444
777777777777777777777777
444444444444444444444444
444444444444444444444444
777777777777777777777777
777777777777777777777777
777777777777777777777777
777777777777777777777777
777777777777777777777777
777777777777777777777777
777777777777777777777777
777777777777777777777777
777777777777777777777777
666666666666666666666666
777777777777777777777777
444444444444444444444444
777777777777777777777777
444444444444444444444444
555555555555555555555555
777777777777777777777777
777777777777777777777777
777777777777777777777777
777777777777777777777777
777777777777777777777777
777777777777777777777777
777777777777777777777777
777777777777777777777777
777777777777777777777777
666666666666666666666666
777777777777777777777777
444444444444444444444444
777777777777777777777777
444444444444444444444444
555555555555555555555555
777777777777777777777777
777777777777777777777777
777777777777777777777777
777777777777777777777777
444444444444444444444444
777777777777777777777777
777777777777777777777777
777777777777777777777777
777777777777777777777777
666666666666666666666666
777777777777777777777777
444444444444444444444444
777777777777777777777777
444444444444444444444444
555555555555555555555555
777777777777777777777777
777777777777777777777777
777777777777777777777777
444444444444444444444444
444444444444444444444444
777777777777777777777777
777777777777777777777777
777777777777777777777777
777777777777777777777777
666666666666666666666666
777777777777777777777777
444444444444444444444444
777777777777777777777777
444444444444444444444444
555555555555555555555555
444444444444444444444444
777777777777777777777777
777777777777777777777777
444444444444444444444444
444444444444444444444444
777777777777777777777777
777777777777777777777777
777777777777777777777777
777777777777777777777777
666666666666666666666666
777777777777777777777777
444444444444444444444444
444444444444444444444444
444444444444444444444444
555555555555555555555555
444444444444444444444444
777777777777777777777777
777777777777777777777777
444444444444444444444444
444444444444444444444444
777777777777777777777777
444444444444444444444444
777777777777777777777777
777777777777777777777777
666666666666666666666666
777777777777777777777777
444444444444444444444444
444444444444444444444444
444444444444444444444444
555555555555555555555555
444444444444444444444444
777777777777777777777777
777777777777777777777777
444444444444444444444444
444444444444444444444444
777777777777777777777777
444444444444444444444444
777777777777777777777777
777777777777777777777777
666666666666666666666666
777777777777777777777777
444444444444444444444444
444444444444444444444444
444444444444444444444444
555555555555555555555555
444444444444444444444444
777777777777777777777777
444444444444444444444444
444444444444444444444444
444444444444444444444444
777777777777777777777777
444444444444444444444444
777777777777777777777777
777777777777777777777777
666666666666666666666666
777777777777777777777777
444444444444444444444444
444444444444444444444444
444444444444444444444444
555555555555555555555555
444444444444444444444444
444444444444444444444444
444444444444444444444444
444444444444444444444444
444444444444444444444444
777777777777777777777777
444444444444444444444444
777777777777777777777777
777777777777777777777777
666666666666666666666666
777777777777777777777777
444444444444444444444444
444444444444444444444444
222222222222222222222222
555555555555555555555555
444444444444444444444444
444444444444444444444444
444444444444444444444444
444444444444444444444444
444444444444444444444444
777777777777777777777777
444444444444444444444444
777777777777777777777777
777777777777777777777777
666666666666666666666666
777777777777777777777777
444444444444444444444444
444444444444444444444444
333333333333333333333333
555555555555555555555555
444444444444444444444444
444444444444444444444444
444444444444444444444444
444444444444444444444444
444444444444444444444444
777777777777777777777777
444444444444444444444444
777777777777777777777777
777777777777777777777777
666666666666666666666666
777777777777777777777777
444444444444444444444444
444444444444444444444444
333333333333333333333333
555555555555555555555555
444444444444444444444444
444444444444444444444444
444444444444444444444444
444444444444444444444444
444444444444444444444444
444444444444444444444444
444444444444444444444444
777777777777777777777777
777777777777777777777777
666666666666666666666666
777777777777777777777777
222222222222222222222222
444444444444444444444444
333333333333333333333333
555555555555555555555555
444444444444444444444444
444444444444444444444444
444444444444444444444444
444444444444444444444444
444444444444444444444444
444444444444444444444444
444444444444444444444444
777777777777777777777777
777777777777777777777777
666666666666666666666666
777777777777777777777777
333333333333333333333333
444444444444444444444444
333333333333333333333333
555555555555555555555555
444444444444444444444444
444444444444444444444444
444444444444444444444444
444444444444444444444444
444444444444444444444444
444444444444444444444444
444444444444444444444444
777777777777777777777777
777777777777777777777777
666666666666666666666666
777777777777777777777777
333333333333333333333333
222222222222222222222222
333333333333333333333333
555555555555555555555555
444444444444444444444444
444444444444444444444444
444444444444444444444444
444444444444444444444444
444444444444444444444444
444444444444444444444444
444444444444444444444444
777777777777777777777777
777777777777777777777777
666666666666666666666666
777777777777777777777777
333333333333333333333333
333333333333333333333333
333333333333333333333333
555555555555555555555555
444444444444444444444444
444444444444444444444444
444444444444444444444444
444444444444444444444444
444444444444444444444444
444444444444444444444444
444444444444444444444444
777777777777777777777777
777777777777777777777777
666666666666666666666666
777777777777777777777777
333333333333333333333333
444444444444444444444444
333333333333333333333333
555555555555555555555555
444444444444444444444444
444444444444444444444444
444444444444444444444444
222222222222222222222222
444444444444444444444444
444444444444444444444444
444444444444444444444444
777777777777777777777777
777777777777777777777777
666666666666666666666666
777777777777777777777777
333333333333333333333333
444444444444444444444444
333333333333333333333333
555555555555555555555555
444444444444444444444444
444444444444444444444444
444444444444444444444444
333333333333333333333333
444444444444444444444444
444444444444444444444444
444444444444444444444444
777777777777777777777777
777777777777777777777777
666666666666666666666666
777777777777777777777777
333333333333333333333333
444444444444444444444444
333333333333333333333333
555555555555555555555555
222222222222222222222222
444444444444444444444444
444444444444444444444444
333333333333333333333333
444444444444444444444444
444444444444444444444444
444444444444444444444444
777777777777777777777777
777777777777777777777777
666666666666666666666666
777777777777777777777777
333333333333333333333333
444444444444444444444444
333333333333333333333333
555555555555555555555555
333333333333333333333333
444444444444444444444444
444444444444444444444444
333333333333333333333333
444444444444444444444444
444444444444444444444444
444444444444444444444444
777777777777777777777777
777777777777777777777777
666666666666666666666666
777777777777777777777777
333333333333333333333333
444444444444444444444444
333333333333333333333333
555555555555555555555555
333333333333333333333333
222222222222222222222222
444444444444444444444444
333333333333333333333333
444444444444444444444444
444444444444444444444444
444444444444444444444444
777777777777777777777777
777777777777777777777777
666666666666666666666666
777777777777777777777777
333333333333333333333333
444444444444444444444444
333333333333333333333333
555555555555555555555555
333333333333333333333333
333333333333333333333333
444444444444444444444444
333333333333333333333333
444444444444444444444444
444444444444444444444444
444444444444444444444444
777777777777777777777777
777777777777777777777777
666666666666666666666666
444444444444444444444444
333333333333333333333333
444444444444444444444444
333333333333333333333333
555555555555555555555555
333333333333333333333333
333333333333333333333333
444444444444444444444444
333333333333333333333333
444444444444444444444444
444444444444444444444444
444444444444444444444444
777777777777777777777777
777777777777777777777777
666666666666666666666666
555555555555555555555555
333333333333333333333333
444444444444444444444444
333333333333333333333333
555555555555555555555555
333333333333333333333333
333333333333333333333333
444444444444444444444444
333333333333333333333333
444444444444444444444444
444444444444444444444444
444444444444444444444444
777777777777777777777777
777777777777777777777777
666666666666666666666666
666666666666666666666666
333333333333333333333333
444444444444444444444444
333333333333333333333333
555555555555555555555555
333333333333333333333333
333333333333333333333333
444444444444444444444444
333333333333333333333333
444444444444444444444444
444444444444444444444444
444444444444444444444444
777777777777777777777777
777777777777777777777777
666666666666666666666666
777777777777777777777777
333333333333333333333333
444444444444444444444444
333333333333333333333333
555555555555555555555555
333333333333333333333333
333333333333333333333333
444444444444444444444444
333333333333333333333333
222222222222222222222222
444444444444444444444444
444444444444444444444444
777777777777777777777777
777777777777777777777777
666666666666666666666666
777777777777777777777777
333333333333333333333333
444444444444444444444444
333333333333333333333333
555555555555555555555555
333333333333333333333333
333333333333333333333333
444444444444444444444444
333333333333333333333333
333333333333333333333333
444444444444444444444444
444444444444444444444444
777777777777777777777777
444444444444444444444444
666666666666666666666666
777777777777777777777777
333333333333333333333333
444444444444444444444444
333333333333333333333333
555555555555555555555555
333333333333333333333333
333333333333333333333333
444444444444444444444444
333333333333333333333333
444444444444444444444444
444444444444444444444444
222222222222222222222222
777777777777777777777777
444444444444444444444444
666666666666666666666666
777777777777777777777777
333333333333333333333333
444444444444444444444444
333333333333333333333333
555555555555555555555555
333333333333333333333333
333333333333333333333333
444444444444444444444444
333333333333333333333333
444444444444444444444444
444444444444444444444444
333333333333333333333333
777777777777777777777777
444444444444444444444444
666666666666666666666666
777777777777777777777777
333333333333333333333333
444444444444444444444444
333333333333333333333333
555555555555555555555555
333333333333333333333333
333333333333333333333333
444444444444444444444444
333333333333333333333333
444444444444444444444444
444444444444444444444444
444444444444444444444444
777777777777777777777777
444444444444444444444444
666666666666666666666666
777777777777777777777777
333333333333333333333333
444444444444444444444444
333333333333333333333333
555555555555555555555555
333333333333333333333333
333333333333333333333333
222222222222222222222222
333333333333333333333333
444444444444444444444444
444444444444444444444444
444444444444444444444444
777777777777777777777777
444444444444444444444444
666666666666666666666666
777777777777777777777777
333333333333333333333333
444444444444444444444444
333333333333333333333333
555555555555555555555555
333333333333333333333333
333333333333333333333333
333333333333333333333333
333333333333333333333333
444444444444444444444444
444444444444444444444444
444444444444444444444444
777777777777777777777777
444444444444444444444444
666666666666666666666666
777777777777777777777777
333333333333333333333333
444444444444444444444444
333333333333333333333333
555555555555555555555555
333333333333333333333333
333333333333333333333333
333333333333333333333333
333333333333333333333333
444444444444444444444444
222222222222222222222222
444444444444444444444444
777777777777777777777777
444444444444444444444444
666666666666666666666666
777777777777777777777777
333333333333333333333333
444444444444444444444444
333333333333333333333333
555555555555555555555555
333333333333333333333333
333333333333333333333333
333333333333333333333333
333333333333333333333333
444444444444444444444444
333333333333333333333333
444444444444444444444444
777777777777777777777777
222222222222222222222222
666666666666666666666666
777777777777777777777777
333333333333333333333333
444444444444444444444444
333333333333333333333333
555555555555555555555555
333333333333333333333333
333333333333333333333333
333333333333333333333333
333333333333333333333333
444444444444444444444444
444444444444444444444444
444444444444444444444444
777777777777777777777777
333333333333333333333333
666666666666666666666666
777777777777777777777777
333333333333333333333333
444444444444444444444444
333333333333333333333333
555555555555555555555555
333333333333333333333333
333333333333333333333333
333333333333333333333333
333333333333333333333333
444444444444444444444444
444444444444444444444444
444444444444444444444444
777777777777777777777777
444444444444444444444444
666666666666666666666666
777777777777777777777777
333333333333333333333333
444444444444444444444444
333333333333333333333333
555555555555555555555555
333333333333333333333333
333333333333333333333333
333333333333333333333333
333333333333333333333333
444444444444444444444444
444444444444444444444444
444444444444441111111111
777777777777777711111111
444444444444444411111111
666666666666666666661111
777777777777777777111111
333333333333333333333333
444444444444444444444444
333333333333333333333333
555555555555555555555555
333333333333333333333333
333333333333333333333333
333333333333333333333333
333333333333333333333333
444444444444444444444444
444444444444444444444444
444444444444441111111111
777777777777777711111111
444444444444444411111111
666666666666666666561111
777777777777777777111111
333333333333333333333333
444444444444444444444444
333333333333333333333333
555555555555555555555555
333333333333333333333333
333333333333333333333333
333333333333333333333333
333333333333333333333333
444444444444444444444444
444444444444444444444444
444444444444441111111111
777777777777777711111111
444444444444444411111111
566666666666666666561111
777777777777777777111111
333333333333333333333333
444444444444444444444444
333333333333333333333333
555555555555555555555555
333333333333333333333333
333333333333333333333333
333333333333333333333333
333333333333333333333333
444444444444444444444444
444444444444444444444444
