2815896485
19 13 100
66666666666666666666666666
66666666666666666666666666
66666666666666666666666666
66666666666666666666666666
66666666666666666666666666
66666666666666666666666666
66666666666666666666666666
66666666666666666666666666
66666666666666666666666666
66666666666666666666666666
66666666666666666666666666
66666666666666666666666666
66666666666666666666666666
66666666666666666666666666
66666666666666666666666666
66666666666666666666666666
66666666666666666666666666
66666666666666666666666666
66666666666666666666666666
77777777777777777777777777
77777777777777777777777777
77777777777777777777777777
77777777777777777777777777
77777777777777777777777777
77777777777777777777777777
77777777777777777777777777
77777777777777777777777777
77777777777777777777777777
77777777777777777777777777
77777777777777777777777777
77777777777777777777777777
77777777777777777777777777
77777777777777777777777777
77777777777777777777777777
77777777777777777777777777
77777777777777777777777777
77777777777777777777777777
77777777777777777777777777
88888888888888888888888888
88888888888888888888888888
88888888888888888888888888
88888888888888888888888888
88888888888888888888888888
88888888888888888888888888
88888888888888888888888888
88888888888888888888888888
88888888888888888888888888
88888888888888888888888888
88888888888888888888888888
88888888888888888888888888
88888888888888888888888888
88888888888888888888888888
88888888888888888888888888
88888888888888888888888888
88888888888888888888888888
88888888888888888888888888
88888888888888888888888888
99999999999999999999999999
99999999999999999999999999
99999999999999999999999999
99999999999999999999999999
99999999999999999999999999
99999999999999999999999999
99999999999999999999999999
99999999999999999999999999
99999999999999999999999999
99999999999999999999999999
99999999999999999999999999
99999999999999999999999999
99999999999999999999999999
99999999999999999999999999
99999999999999999999999999
99999999999999999999999999
99999999999999999999999999
55555555555555555555555555
99999999999999999999999999
99999999999999999999999999
99999999999999999999999999
55555555555555555555555555
99999999999999999999999999
99999999999999999999999999
99999999999999999999999999
99999999999999999999999999
99999999999999999999999999
99999999999999999999999999
99999999999999999999999999
99999999999999999999999999
99999999999999999999999999
99999999999999999999999999
99999999999999999999999999
99999999999999999999999999
99999999999999999999999999
99999999999999999999999999
55555555555555555555555555
99999999999999999999999999
99999999999999999999999999
55555555555555555555555555
55555555555555555555555555
99999999999999999999999999
99999999999999999999999999
99999999999999999999999999
99999999999999999999999999
99999999999999999999999999
99999999999999999999999999
99999999999999999999999999
99999999999999999999999999
99999999999999999999999999
99999999999999999999999999
99999999999999999999999999
99999999999999999999999999
99999999999999999999999999
99999999999999999999999999
55555555555555555555555555
99999999999999999999999999
99999999999999999999999999
77777777777777777777777777
55555555555555555555555555
99999999999999999999999999
99999999999999999999999999
99999999999999999999999999
99999999999999999999999999
99999999999999999999999999
99999999999999999999999999
99999999999999999999999999
99999999999999999999999999
99999999999999999999999999
99999999999999999999999999
99999999999999999999999999
99999999999999999999999999
99999999999999999999999999
99999999999999999999999999
55555555555555555555555555
99999999999999999999999999
99999999999999999999999999
77777777777777777777777777
55555555555555555555555555
99999999999999999999999999
99999999999999999999999999
99999999999999999999999999
99999999999999999999999999
99999999999999999999999999
99999999999999999999999999
99999999999999999999999999
55555555555555555555555555
99999999999999999999999999
99999999999999999999999999
99999999999999999999999999
99999999999999999999999999
99999999999999999999999999
99999999999999999999999999
55555555555555555555555555
99999999999999999999999999
99999999999999999999999999
77777777777777777777777777
55555555555555555555555555
55555555555555555555555555
99999999999999999999999999
99999999999999999999999999
99999999999999999999999999
99999999999999999999999999
99999999999999999999999999
99999999999999999999999999
55555555555555555555555555
99999999999999999999999999
99999999999999999999999999
99999999999999999999999999
99999999999999999999999999
99999999999999999999999999
99999999999999999999999999
55555555555555555555555555
99999999999999999999999999
99999999999999999999999999
77777777777777777777777777
55555555555555555555555555
77777777777777777777777777
99999999999999999999999999
99999999999999999999999999
99999999999999999999999999
99999999999999999999999999
99999999999999999999999999
99999999999999999999999999
55555555555555555555555555
99999999999999999999999999
99999999999999999999999999
99999999999999999999999999
99999999999999999999999999
99999999999999999999999999
99999999999999999999999999
55555555555555555555555555
99999999999999999999999999
99999999999999999999999999
77777777777777777777777777
55555555555555555555555555
88888888888888888888888888
99999999999999999999999999
99999999999999999999999999
99999999999999999999999999
99999999999999999999999999
99999999999999999999999999
99999999999999999999999999
55555555555555555555555555
99999999999999999999999999
99999999999999999999999999
99999999999999999999999999
99999999999999999999999999
99999999999999999999999999
99999999999999999999999999
55555555555555555555555555
99999999999999999999999999
99999999999999999999999999
77777777777777777777777777
55555555555555555555555555
99999999999999999999999999
99999999999999999999999999
99999999999999999999999999
55555555555555555555555555
99999999999999999999999999
99999999999999999999999999
99999999999999999999999999
55555555555555555555555555
99999999999999999999999999
99999999999999999999999999
99999999999999999999999999
99999999999999999999999999
99999999999999999999999999
99999999999999999999999999
55555555555555555555555555
99999999999999999999999999
99999999999999999999999999
77777777777777777777777777
55555555555555555555555555
99999999999999999999999999
99999999999999999999999999
99999999999999999999999999
55555555555555555555555555
99999999999999999999999999
55555555555555555555555555
99999999999999999999999999
55555555555555555555555555
99999999999999999999999999
99999999999999999999999999
99999999999999999999999999
99999999999999999999999999
99999999999999999999999999
99999999999999999999999999
55555555555555555555555555
99999999999999999999999999
99999999999999999999999999
77777777777777777777777777
55555555555555555555555555
99999999999999999999999999
99999999999999999999999999
99999999999999999999999999
55555555555555555555555555
99999999999999999999999999
55555555555555555555555555
99999999999999999999999999
55555555555555555555555555
99999999999999999999999999
99999999999999999999999999
99999999999999999999999999
99999999999999999999999999
99999999999999999999999999
99999999999999999999999999
55555555555555555555555555
55555555555555555555555555
99999999999999999999999999
77777777777777777777777777
55555555555555555555555555
99999999999999999999999999
99999999999999999999999999
99999999999999999999999999
55555555555555555555555555
55555555555555555555555555
55555555555555555555555555
99999999999999999999999999
55555555555555555555555555
99999999999999999999999999
99999999999999999999999999
99999999999999999999999999
99999999999999999999999999
99999999999999999999999999
99999999999999999999999999
55555555555555555555555555
55555555555555555555555555
99999999999999999999999999
66666666666666666666666666
55555555555555555555555555
99999999999999999999999999
99999999999999999999999999
99999999999999999999999999
55555555555555555555555555
55555555555555555555555555
55555555555555555555555555
99999999999999999999999999
55555555555555555555555555
99999999999999999999999999
99999999999999999999999999
99999999999999999999999999
99999999999999999999999999
99999999999999999999999999
99999999999999999999999999
55555555555555555555555555
55555555555555555555555555
99999999999999999999999999
66666666666666666666666666
55555555555555555555555555
99999999999999999999999999
99999999999999999999999999
55555555555555555555555555
55555555555555555555555555
55555555555555555555555555
55555555555555555555555555
99999999999999999999999999
55555555555555555555555555
99999999999999999999999999
99999999999999999999999999
99999999999999999999999999
99999999999999999999999999
99999999999999999999999999
99999999999999999999999999
55555555555555555555555555
55555555555555555555555555
99999999999999999999999999
66666666666666666666666666
55555555555555555555555555
99999999999999999999999999
99999999999999999999999999
55555555555555555555555555
55555555555555555555555555
55555555555555555555555555
55555555555555555555555555
99999999999999999999999999
55555555555555555555555555
99999999999999999999999999
99999999999999999999999999
99999999999999999999999999
99999999999999999999999999
55555555555555555555555555
99999999999999999999999999
55555555555555555555555555
55555555555555555555555555
99999999999999999999999999
66666666666666666666666666
55555555555555555555555555
99999999999999999999999999
99999999999999999999999999
55555555555555555555555555
55555555555555555555555555
55555555555555555555555555
55555555555555555555555555
99999999999999999999999999
55555555555555555555555555
55555555555555555555555555
99999999999999999999999999
99999999999999999999999999
99999999999999999999999999
55555555555555555555555555
99999999999999999999999999
55555555555555555555555555
55555555555555555555555555
99999999999999999999999999
66666666666666666666666666
55555555555555555555555555
99999999999999999999999999
99999999999999999999999999
55555555555555555555555555
55555555555555555555555555
55555555555555555555555555
55555555555555555555555555
99999999999999999999999999
55555555555555555555555555
77777777777777777777777777
99999999999999999999999999
99999999999999999999999999
99999999999999999999999999
55555555555555555555555555
99999999999999999999999999
55555555555555555555555555
55555555555555555555555555
99999999999999999999999999
66666666666666666666666666
55555555555555555555555555
99999999999999999999999999
99999999999999999999999999
55555555555555555555555555
55555555555555555555555555
55555555555555555555555555
55555555555555555555555555
99999999999999999999999999
55555555555555555555555555
77777777777777777777777777
99999999999999999999999999
99999999999999999999999999
55555555555555555555555555
55555555555555555555555555
99999999999999999999999999
55555555555555555555555555
55555555555555555555555555
99999999999999999999999999
66666666666666666666666666
55555555555555555555555555
99999999999999999999999999
99999999999999999999999999
55555555555555555555555555
55555555555555555555555555
55555555555555555555555555
55555555555555555555555555
99999999999999999999999999
55555555555555555555555555
77777777777777777777777777
99999999999999999999999999
99999999999999999999999999
55555555555555555555555555
55555555555555555555555555
99999999999999999999999999
33333333333333333333333333
55555555555555555555555555
99999999999999999999999999
66666666666666666666666666
55555555555555555555555555
99999999999999999999999999
99999999999999999999999999
55555555555555555555555555
55555555555555555555555555
55555555555555555555555555
55555555555555555555555555
99999999999999999999999999
55555555555555555555555555
77777777777777777777777777
99999999999999999999999999
99999999999999999999999999
55555555555555555555555555
55555555555555555555555555
99999999999999999999999999
44444444444444444444444444
55555555555555555555555555
55555555555555555555555555
66666666666666666666666666
55555555555555555555555555
99999999999999999999999999
99999999999999999999999999
55555555555555555555555555
55555555555555555555555555
55555555555555555555555555
55555555555555555555555555
99999999999999999999999999
55555555555555555555555555
77777777777777777777777777
99999999999999999999999999
99999999999999999999999999
55555555555555555555555555
55555555555555555555555555
99999999999999999999999999
44444444444444444444444444
55555555555555555555555555
77777777777777777777777777
66666666666666666666666666
55555555555555555555555555
99999999999999999999999999
99999999999999999999999999
55555555555555555555555555
55555555555555555555555555
55555555555555555555555555
55555555555555555555555555
99999999999999999999999999
55555555555555555555555555
77777777777777777777777777
99999999999999999999999999
99999999999999999999999999
55555555555555555555555555
55555555555555555555555555
99999999999999999999999999
44444444444444444444444444
55555555555555555555555555
77777777777777777777777777
66666666666666666666666666
55555555555555555555555555
99999999999999999999999999
99999999999999999999999999
55555555555555555555555555
55555555555555555555555555
55555555555555555555555555
55555555555555555555555555
99999999999999999999999999
55555555555555555555555555
77777777777777777777777777
55555555555555555555555555
99999999999999999999999999
55555555555555555555555555
55555555555555555555555555
99999999999999999999999999
44444444444444444444444444
55555555555555555555555555
77777777777777777777777777
66666666666666666666666666
55555555555555555555555555
99999999999999999999999999
99999999999999999999999999
55555555555555555555555555
55555555555555555555555555
55555555555555555555555555
55555555555555555555555555
99999999999999999999999999
55555555555555555555555555
77777777777777777777777777
55555555555555555555555555
99999999999999999999999999
55555555555555555555555555
55555555555555555555555555
55555555555555555555555555
44444444444444444444444444
55555555555555555555555555
77777777777777777777777777
66666666666666666666666666
55555555555555555555555555
99999999999999999999999999
55555555555555555555555555
55555555555555555555555555
55555555555555555555555555
55555555555555555555555555
55555555555555555555555555
99999999999999999999999999
55555555555555555555555555
77777777777777777777777777
55555555555555555555555555
99999999999999999999999999
55555555555555555555555555
55555555555555555555555555
55555555555555555555555555
44444444444444444444444444
55555555555555555555555555
77777777777777777777777777
66666666666666666666666666
55555555555555555555555555
99999999999999999999999999
55555555555555555555555555
55555555555555555555555555
33333333333333333333333333
55555555555555555555555555
55555555555555555555555555
99999999999999999999999999
55555555555555555555555555
77777777777777777777777777
55555555555555555555555555
99999999999999999999999999
55555555555555555555555555
55555555555555555555555555
55555555555555555555555555
44444444444444444444444444
55555555555555555555555555
77777777777777777777777777
66666666666666666666666666
55555555555555555555555555
99999999999999999999999999
55555555555555555555555555
55555555555555555555555555
44444444444444444444444444
55555555555555555555555555
55555555555555555555555555
99999999999999999999999999
55555555555555555555555555
77777777777777777777777777
55555555555555555555555555
99999999999999999999999999
55555555555555555555555555
55555555555555555555555555
55555555555555555555555555
44444444444444444444444444
55555555555555555555555555
77777777777777777777777777
66666666666666666666666666
33333333333333333333333333
99999999999999999999999999
55555555555555555555555555
55555555555555555555555555
44444444444444444444444444
55555555555555555555555555
55555555555555555555555555
99999999999999999999999999
55555555555555555555555555
77777777777777777777777777
55555555555555555555555555
99999999999999999999999999
55555555555555555555555555
55555555555555555555555555
55555555555555555555555555
44444444444444444444444444
55555555555555555555555555
77777777777777777777777777
66666666666666666666666666
44444444444444444444444444
99999999999999999999999999
55555555555555555555555555
55555555555555555555555555
44444444444444444444444444
55555555555555555555555555
55555555555555555555555555
99999999999999999999999999
55555555555555555555555555
77777777777777777777777777
55555555555555555555555555
99999999999999999999999999
55555555555555555555555555
55555555555555555555555555
55555555555555555555555555
44444444444444444444444444
55555555555555555555555555
77777777777777777777777777
66666666666666666666666666
44444444444444444444444444
99999999999999999999999999
55555555555555555555555555
55555555555555555555555555
44444444444444444444444444
55555555555555555555555555
55555555555555555555555555
99999999999999999999999999
33333333333333333333333333
77777777777777777777777777
55555555555555555555555555
99999999999999999999999999
55555555555555555555555555
55555555555555555555555555
55555555555555555555555555
44444444444444444444444444
55555555555555555555555555
77777777777777777777777777
66666666666666666666666666
44444444444444444444444444
99999999999999999999999999
55555555555555555555555555
55555555555555555555555555
44444444444444444444444444
55555555555555555555555555
55555555555555555555555555
99999999999999999999999999
33333333333333333333333333
66666666666666666666666666
55555555555555555555555555
99999999999999999999999999
55555555555555555555555555
55555555555555555555555555
55555555555555555555555555
44444444444444444444444444
55555555555555555555555555
66666666666666666666666666
66666666666666666666666666
44444444444444444444444444
99999999999999999999999999
55555555555555555555555555
55555555555555555555555555
44444444444444444444444444
55555555555555555555555555
55555555555555555555555555
99999999999999999999999999
33333333333333333333333333
66666666666666666666666666
55555555555555555555555555
99999999999999999999999999
55555555555555555555555555
55555555555555555555555555
55555555555555555555555555
44444444444444444444444444
55555555555555555555555555
66666666666666666666666666
66666666666666666666666666
44444444444444444444444444
99999999999999999999999999
55555555555555555555555555
33333333333333333333333333
44444444444444444444444444
55555555555555555555555555
55555555555555555555555555
99999999999999999999999999
33333333333333333333333333
66666666666666666666666666
55555555555555555555555555
99999999999999999999999999
55555555555555555555555555
55555555555555555555555555
55555555555555555555555555
44444444444444444444444444
55555555555555555555555555
66666666666666666666666666
66666666666666666666666666
44444444444444444444444444
99999999999999999999999999
55555555555555555555555555
44444444444444444444444444
44444444444444444444444444
55555555555555555555555555
55555555555555555555555555
99999999999999999999999999
33333333333333333333333333
66666666666666666666666666
55555555555555555555555555
99999999999999999999999999
55555555555555555555555555
55555555555555555555555555
55555555555555555555555555
44444444444444444444444444
55555555555555555555555555
66666666666666666666666666
66666666666666666666666666
44444444444444444444444444
99999999999999999999999999
55555555555555555555555555
44444444444444444444444444
44444444444444444444444444
55555555555555555555555555
55555555555555555555555555
99999999999999999999999999
33333333333333333333333333
66666666666666666666666666
55555555555555555555555555
99999999999999999999999999
55555555555555555555555555
55555555555555555555555555
55555555555555555555555555
44444444444444444444444444
33333333333333333333333333
66666666666666666666666666
66666666666666666666666666
44444444444444444444444444
99999999999999999999999999
55555555555555555555555555
44444444444444444444444444
44444444444444444444444444
55555555555555555555555555
55555555555555555555555555
99999999999999999999999999
33333333333333333333333333
66666666666666666666666666
55555555555555555555555555
99999999999999999999999999
55555555555555555555555555
55555555555555555555555555
55555555555555555555555555
44444444444444444444444444
44444444444444444444444444
66666666666666666666666666
66666666666666666666666666
44444444444444444444444444
99999999999999999999999999
55555555555555555555555555
44444444444444444444444444
44444444444444444444444444
55555555555555555555555555
33333333333333333333333333
99999999999999999999999999
33333333333333333333333333
66666666666666666666666666
55555555555555555555555555
99999999999999999999999999
55555555555555555555555555
55555555555555555555555555
55555555555555555555555555
44444444444444444444444444
44444444444444444444444444
66666666666666666666666666
66666666666666666666666666
44444444444444444444444444
99999999999999999999999999
55555555555555555555555555
44444444444444444444444444
44444444444444444444444444
55555555555555555555555555
44444444444444444444444444
99999999999999999999999999
33333333333333333333333333
66666666666666666666666666
55555555555555555555555555
99999999999999999999999999
55555555555555555555555555
55555555555555555555555555
55555555555555555555555555
44444444444444444444444444
44444444444444444444444444
66666666666666666666666666
66666666666666666666666666
44444444444444444444444444
99999999999999999999999999
55555555555555555555555555
44444444444444444444444444
44444444444444444444444444
33333333333333333333333333
44444444444444444444444444
99999999999999999999999999
33333333333333333333333333
66666666666666666666666666
55555555555555555555555555
99999999999999999999999999
55555555555555555555555555
55555555555555555555555555
55555555555555555555555555
44444444444444444444444444
44444444444444444444444444
66666666666666666666666666
66666666666666666666666666
44444444444444444444444444
99999999999999999999999999
55555555555555555555555555
44444444444444444444444444
44444444444444444444444444
44444444444444444444444444
44444444444444444444444444
99999999999999999999999999
33333333333333333333333333
66666666666666666666666666
55555555555555555555555555
99999999999999999999999999
55555555555555555555555555
55555555555555555555555555
55555555555555555555555555
44444444444444444444444444
44444444444444444444444444
66666666666666666666666666
66666666666666666666666666
44444444444444444444444444
99999999999999999999999999
55555555555555555555555555
44444444444444444444444444
44444444444444444444444444
44444444444444444444444444
44444444444444444444444444
99999999999999999999999999
33333333333333333333333333
66666666666666666666666666
55555555555555555555555555
99999999999999999999999999
55555555555555555555555555
33333333333333333333333333
55555555555555555555555555
44444444444444444444444444
44444444444444444444444444
66666666666666666666666666
66666666666666666666666666
44444444444444444444444444
99999999999999999999999999
55555555555555555555555555
44444444444444444444444444
44444444444444444444444444
44444444444444444444444444
44444444444444444444444444
99999999999999999999999999
33333333333333333333333333
66666666666666666666666666
55555555555555555555555555
99999999999999999999999999
55555555555555555555555555
44444444444444444444444444
55555555555555555555555555
44444444444444444444444444
44444444444444444444444444
66666666666666666666666666
66666666666666666666666666
44444444444444444444444444
99999999999999999999999999
33333333333333333333333333
44444444444444444444444444
44444444444444444444444444
44444444444444444444444444
44444444444444444444444444
99999999999999999999999999
33333333333333333333333333
66666666666666666666666666
55555555555555555555555555
99999999999999999999999999
55555555555555555555555555
44444444444444444444444444
55555555555555555555555555
44444444444444444444444444
44444444444444444444444444
66666666666666666666666666
66666666666666666666666666
44444444444444444444444444
99999999999999999999999999
44444444444444444444444444
44444444444444444444444444
44444444444444444444444444
44444444444444444444444444
44444444444444444444444444
99999999999999999999999999
33333333333333333333333333
66666666666666666666666666
55555555555555555555555555
99999999999999999999999999
55555555555555555555555555
44444444444444444444444444
55555555555555555555555555
44444444444444444444444444
44444444444444444444444444
66666666666666666666666666
66666666666666666666666666
44444444444444444444444444
99999999999999999999999999
44444444444444444444444444
44444444444444444444444444
44444444444444444444444444
44444444444444444444444444
44444444444444444444444444
55555555555555555555555555
33333333333333333333333333
66666666666666666666666666
55555555555555555555555555
99999999999999999999999999
55555555555555555555555555
44444444444444444444444444
55555555555555555555555555
44444444444444444444444444
44444444444444444444444444
66666666666666666666666666
66666666666666666666666666
44444444444444444444444444
99999999999999999999999999
44444444444444444444444444
44444444444444444444444444
44444444444444444444444444
44444444444444444444444444
44444444444444444444444444
55555555555555555555555555
33333333333333333333333333
66666666666666666666666666
33333333333333333333333333
99999999999999999999999999
55555555555555555555555555
44444444444444444444444444
55555555555555555555555555
44444444444444444444444444
44444444444444444444444444
66666666666666666666666666
66666666666666666666666666
44444444444444444444444444
99999999999999999999999999
44444444444444444444444444
44444444444444444444444444
44444444444444444444444444
44444444444444444444444444
44444444444444444444444444
55555555555555555555555555
33333333333333333333333333
66666666666666666666666666
44444444444444444444444444
99999999999999999999999999
55555555555555555555555555
44444444444444444444444444
55555555555555555555555555
44444444444444444444444444
44444444444444444444444444
66666666666666666666666666
66666666666666666666666666
44444444444444444444444444
99999999999999999999999999
44444444444444444444444444
44444444444444444444444444
44444444444444444444444444
44444444444444444444444444
44444444444444444444444444
55555555555555555555555555
33333333333333333333333333
66666666666666666666666666
44444444444444444444444444
99999999999999999999999999
55555555555555555555555555
44444444444444444444444444
33333333333333333333333333
44444444444444444444444444
44444444444444444444444444
66666666666666666666666666
66666666666666666666666666
44444444444444444444444444
99999999999999999999999999
44444444444444444444444444
44444444444444444444444444
44444444444444444444444444
44444444444444444444444444
44444444444444444444444444
55555555555555555555555555
33333333333333333333333333
66666666666666666666666666
44444444444444444444444444
99999999999999999999999999
55555555555555555555555555
44444444444444444444444444
44444444444444444444444444
44444444444444444444444444
44444444444444444444444444
66666666666666666666666666
66666666666666666666666666
44444444444444444444444444
99999999999999999999999999
44444444444444444444444444
44444444444444444444444444
44444444444444444444444444
44444444444444444444444444
44444444444444444444444444
55555555555555555555555555
33333333333333333333333333
66666666666666666666666666
44444444444444444444444444
99999999999999999999999999
33333333333333333333333333
44444444444444444444444444
55555555555555555555555555
44444444444444444444444444
44444444444444444444444444
66666666666666666666666666
66666666666666666666666666
44444444444444444444444444
99999999999999999999999999
44444444444444444444444444
44444444444444444444444444
44444444444444444444444444
44444444444444444444444444
44444444444444444444444444
55555555555555555555555555
33333333333333333333333333
66666666666666666666666666
44444444444444444444444444
99999999999999999999999999
44444444444444444444444444
44444444444444444444444444
55555555555555555555555555
44444444444444444444444444
44444444444444444444444444
66666666666666666666666666
66666666666666666666666666
44444444444444444444444444
99999999999999999999999999
44444444444444444444444444
44444444444444444444444444
44444444444444444444444444
44444444444444444444444444
44444444444444444444444444
55555555555555555555555555
33333333333333333333333333
66666666666666666666666666
44444444444444444444444444
55555555555555555555555555
44444444444444444444444444
44444444444444444444444444
55555555555555555555555555
44444444444444444444444444
44444444444444444444444444
66666666666666666666666666
66666666666666666666666666
44444444444444444444444444
99999999999999999999999999
44444444444444444444444444
44444444444444444444444444
44444444444444444444444444
44444444444444444444444444
44444444444444444444444444
55555555555555555555555555
22222222222222222222222222
66666666666666666666666666
44444444444444444444444444
55555555555555555555555555
44444444444444444444444444
44444444444444444444444444
55555555555555555555555555
44444444444444444444444444
44444444444444444444444444
66666666666666666666666666
66666666666666666666666666
44444444444444444444444444
99999999999999999999999999
44444444444444444444444444
44444444444444444444444444
44444444444444444444444444
44444444444444444444444444
44444444444444444444444444
33333333333333333333333333
33333333333333333333333333
66666666666666666666666666
44444444444444444444444444
55555555555555555555555555
44444444444444444444444444
44444444444444444444444444
55555555555555555555555555
44444444444444444444444444
44444444444444444444444444
66666666666666666666666666
66666666666666666666666666
44444444444444444444444444
99999999999999999999999999
44444444444444444444444444
44444444444444444444444444
44444444444444444444444444
44444444444444444444444444
44444444444444444444444444
44444444444444444444444444
33333333333333333333333333
66666666666666666666666666
44444444444444444444444444
55555555555555555555555555
44444444444444444444444444
44444444444444444444444444
55555555555555555555555555
44444444444444444444444444
44444444444444444444444444
66666666666666666666666666
66666666666666666666666666
44444444444444444444444444
99999999999999999999999999
44444444444444444444444444
44444444444444444444444444
44444444444444444444444444
44444444444444444444444444
44444444444444444444444444
44444444444444444444444444
33333333333333333333333333
66666666666666666666666666
44444444444444444444444444
33333333333333333333333333
44444444444444444444444444
44444444444444444444444444
55555555555555555555555555
44444444444444444444444444
44444444444444444444444444
66666666666666666666666666
66666666666666666666666666
44444444444444444444444444
99999999999999999999999999
44444444444444444444444444
44444444444444444444444444
44444444444444444444444444
44444444444444444444444444
44444444444444444444444444
44444444444444444444444444
33333333333333333333333333
66666666666666666666666666
44444444444444444444444444
44444444444444444444444444
44444444444444444444444444
44444444444444444444444444
55555555555555555555555555
44444444444444444444444444
44444444444444444444444444
66666666666666666666666666
66666666666666666666666666
44444444444444444444444444
99999999999999999999999999
44444444444444444444444444
44444444444444444444444444
44444444444444444444444444
44444444444444444444444444
44444444444444444444444444
44444444444444444444444444
33333333333333333333333333
66666666666666666666666666
44444444444444444444444444
55555555555555555555555555
44444444444444444444444444
44444444444444444444444444
55555555555555555555555555
44444444444444444444444444
44444444444444444444444444
66666666666666111111111111
66666666666666666611111111
44444444444444444411111111
99999911111111111111111111
44444444444444444411111111
44444444444444444411111111
44444444444444444411111111
44444444444444444444111111
44444444444444444444111111
44444444444444444444111111
33333333333333333333331111
66666666666666666666666611
44444444444444444444444411
55555555555555555555555511
44444444444444444444444411
44444444444444444444444411
55555555555555555555555555
44444444444444444444444411
44444444444444444444444444
66666666666666111111111111
66666666666666665611111111
44444444444444444411111111
99999911111111111111111111
44444444444444444411111111
44444444444444444411111111
44444444444444444411111111
44444444444444444444111111
44444444444444444444111111
44444444444444444444111111
33333333333333333333331111
66666666666666666666666611
44444444444444444444444411
55555555555555555555555511
44444444444444444444444411
44444444444444444444444411
55555555555555555555555555
44444444444444444444444411
44444444444444444444444444
66666666666666111111111111
56666666666666665611111111
44444444444444444411111111
99999911111111111111111111
44444444444444444411111111
44444444444444444411111111
44444444444444444411111111
44444444444444444444111111
44444444444444444444111111
44444444444444444444111111
33333333333333333333331111
66666666666666666666666611
44444444444444444444444411
55555555555555555555555511
44444444444444444444444411
44444444444444444444444411
55555555555555555555555555
44444444444444444444444411
44444444444444444444444444
66666666666666111111111111
66666666666666565611111111
44444444444444444411111111
99999911111111111111111111
44444444444444444411111111
44444444444444444411111111
44444444444444444411111111
44444444444444444444111111
44444444444444444444111111
44444444444444444444111111
33333333333333333333331111
66666666666666666666666611
44444444444444444444444411
55555555555555555555555511
44444444444444444444444411
44444444444444444444444411
55555555555555555555555555
44444444444444444444444411
44444444444444444444444444
66666666666666111111111111
66666666666656565611111111
44444444444444444411111111
99999911111111111111111111
44444444444444444411111111
44444444444444444411111111
44444444444444444411111111
44444444444444444444111111
44444444444444444444111111
44444444444444444444111111
33333333333333333333331111
66666666666666666666666611
44444444444444444444444411
55555555555555555555555511
44444444444444444444444411
44444444444444444444444411
55555555555555555555555555
44444444444444444444444411
44444444444444444444444444
66666666666666111111111111
66666666666666565611111111
44444444444444444411111111
99999911111111111111111111
44444444444444444411111111
44444444444444444411111111
44444444444444444411111111
44444444444444444444111111
44444444444444444444111111
44444444444444444444111111
33333333333333333333331111
66666666666666666666666611
44444444444444444444444411
55555555555555555555555511
44444444444444444444444411
44444444444444444444444411
55555555555555555555555555
44444444444444444444443411
44444444444444444444444444
66666666666666111111111111
66666666666666565611111111
44444444444444444411111111
99999911111111111111111111
44444444444444444411111111
44444444444444444411111111
44444444444444444411111111
44444444444444444444111111
44444444444444444444111111
44444444444444444444111111
33333333333333333333331111
66666666666666666666666611
44444444444444444444444411
55555555555555555555555511
44444444444444444444444411
44444444444444444444444411
55555555555555555555555555
34444444444444444444443411
44444444444444444444444444
66666666666666111111111111
66666666666666565611111111
44444444444444444411111111
99999911111111111111111111
44444444444444444411111111
44444444444444444411111111
44444444444444444411111111
44444444444444444444111111
44444444444444444444111111
44444444444444444444111111
33333333333333333333331111
66666666666666666666666611
44444444444444444444444411
55555555555555555555555511
44444444444444444444444411
44444444444444444444444411
55555555555555555555555555
34344444444444444444443411
44444444444444444444444444
66666666666666111111111111
66666666666666565611111111
44444444444444444411111111
99999911111111111111111111
44444444444444444411111111
44444444444444444411111111
44444444444444444411111111
44444444444444444444111111
44444444444444444444111111
44444444444444444444111111
33333333333333333333331111
66666666666666666666666611
44444444444444444444444411
55555555555555555555555511
44444444444444444444444411
44444444444444444444444411
55555555555555555555555555
34344444444444444444343411
44444444444444444444444444
66666666666666111111111111
66666666666666565611111111
44444444444444444411111111
99999911111111111111111111
44444444444444444411111111
44444444444444444411111111
44444444444444444411111111
44444444444444444444111111
44444444444444444444111111
44444444444444444444111111
33333333333333333333331111
66666666666666666666666611
44444444444444444444444411
55555555555555555555555511
44444444444444444444444411
44444444444444444444444411
55555555555555555555555555
34343444444444444444443411
44444444444444444444444444
66666666666666111111111111
66666666666666565611111111
44444444444444444411111111
99999911111111111111111111
44444444444444444411111111
44444444444444444411111111
44444444444444444411111111
44444444444444444444111111
44444444444444444444111111
44444444444444444444111111
33333333333333333333331111
66666666666666666666666611
44444444444444444444444411
55555555555555555555555511
44444444444444444444444411
44444444444444444444444411
55555555555555555555555555
34343434444444444444443411
44444444444444444444444444
66666666666666111111111111
66666666666666565611111111
44444444444444444411111111
99999911111111111111111111
44444444444444444411111111
44444444444444444411111111
44444444444444444411111111
44444444444444444444111111
44444444444444444444111111
44444444444444444444111111
33333333333333333333331111
66666666666666666666666611
44444444444444444444444411
55555555555555555555555511
44444444444444444444444411
44444444444444444444444411
55555555555555555555555555
34343434344444444444443411
44444444444444444444444444
66666666666666111111111111
66666666666666565611111111
44444444444444444411111111
99999911111111111111111111
44444444444444444411111111
44444444444444444411111111
44444444444444444411111111
44444444444444444444111111
44444444444444444444111111
44444444444444444444111111
33333333333333333333331111
66666666666666666666666611
44444444444444444444444411
55555555555555555555555511
44444444444444444444444411
44444444444444444444444411
55555555555555555555555555
34343434343444444444443411
44444444444444444444444444
66666666666666111111111111
66666666666666565611111111
44444444444444444411111111
99999911111111111111111111
44444444444444444411111111
44444444444444444411111111
44444444444444444411111111
44444444444444444444111111
44444444444444444444111111
44444444444444444444111111
33333333333333333333331111
66666666666666666666666611
44444444444444444444444411
55555555555555555555555511
44444444444444444444444411
44444444444444444444444411
55555555555555555555555555
34343434343434444444443411
44444444444444444444444444
66666666666666111111111111
66666666666666565611111111
44444444444444444411111111
99999911111111111111111111
44444444444444444411111111
44444444444444444411111111
44444444444444444411111111
44444444444444444444111111
44444444444444444444111111
44444444444444444444111111
33333333333333333333331111
66666666666666666666666611
44444444444444444444444411
55555555555555555555555511
44444444444444444444444411
44444444444444444444444411
55555555555555555555555555
34343434343434344444443411
44444444444444444444444444
66666666666666111111111111
66666666666666565611111111
44444444444444444411111111
99999911111111111111111111
44444444444444444411111111
44444444444444444411111111
44444444444444444411111111
44444444444444444444111111
44444444444444444444111111
44444444444444444444111111
33333333333333333333331111
66666666666666666666666611
44444444444444444444444411
55555555555555555555555511
44444444444444444444444411
44444444444444444444444411
55555555555555555555555555
34343434343434343444443411
44444444444444444444444444
66666666666666111111111111
66666666666666565511111111
44444444444444444411111111
99999911111111111111111111
44444444444444444411111111
44444444444444444411111111
44444444444444444411111111
44444444444444444444111111
44444444444444444444111111
44444444444444444444111111
33333333333333333333331111
66666666666666666666666611
44444444444444444444444411
55555555555555555555555511
44444444444444444444444411
44444444444444444444444411
55555555555555555555555555
34343434343434344444443411
44444444444444444444444444
66666666666666111111111111
66666666666666555511111111
44444444444444444411111111
99999911111111111111111111
44444444444444444411111111
44444444444444444411111111
44444444444444444411111111
44444444444444444444111111
44444444444444444444111111
44444444444444444444111111
33333333333333333333331111
66666666666666666666666611
44444444444444444444444411
55555555555555555555555511
44444444444444444444444411
44444444444444444444444411
55555555555555555555555555
34343434343434344444443411
44444444444444444444444444
66666666666666111111111111
66666666666665555511111111
44444444444444444411111111
99999911111111111111111111
44444444444444444411111111
44444444444444444411111111
44444444444444444411111111
44444444444444444444111111
44444444444444444444111111
44444444444444444444111111
33333333333333333333331111
66666666666666666666666611
44444444444444444444444411
55555555555555555555555511
44444444444444444444444411
44444444444444444444444411
55555555555555555555555555
34343434343434344444443411
44444444444444444444444444
66666666666666111111111111
66666666666666555511111111
44444444444444444411111111
99999911111111111111111111
44444444444444444411111111
44444444444444444411111111
44444444444434444411111111
44444444444444444444111111
44444444444444444444111111
44444444444444444444111111
33333333333333333333331111
66666666666666666666666611
44444444444444444444444411
55555555555555555555555511
44444444444444444444444411
44444444444444444444444411
55555555555555555555555555
34343434343434344444443411
44444444444444444444444444
66666666666666111111111111
66666666666666555511111111
44444444444444444411111111
99999911111111111111111111
44444444444444444411111111
44444444444444444411111111
44444444443434444411111111
44444444444444444444111111
44444444444444444444111111
44444444444444444444111111
33333333333333333333331111
66666666666666666666666611
44444444444444444444444411
55555555555555555555555511
44444444444444444444444411
44444444444444444444444411
55555555555555555555555555
34343434343434344444443411
44444444444444444444444444
66666666666666111111111111
66666666666666555511111111
44444444444444444411111111
99999911111111111111111111
44444444444444444411111111
44444444444444444411111111
44444444343434444411111111
44444444444444444444111111
44444444444444444444111111
44444444444444444444111111
33333333333333333333331111
66666666666666666666666611
44444444444444444444444411
55555555555555555555555511
44444444444444444444444411
44444444444444444444444411
55555555555555555555555555
34343434343434344444443411
44444444444444444444444444
66666666666666111111111111
66666666666666555511111111
44444444444444444411111111
99999911111111111111111111
44444444444444444411111111
44444444444444444411111111
44444444343434344411111111
44444444444444444444111111
44444444444444444444111111
44444444444444444444111111
33333333333333333333331111
66666666666666666666666611
44444444444444444444444411
55555555555555555555555511
44444444444444444444444411
44444444444444444444444411
55555555555555555555555555
34343434343434344444443411
44444444444444444444444444
66666666666666111111111111
66666666666666555511111111
44444444444444444411111111
99999911111111111111111111
44444444444444444411111111
44444444444444444411111111
44444444343434343411111111
44444444444444444444111111
44444444444444444444111111
44444444444444444444111111
33333333333333333333331111
66666666666666666666666611
44444444444444444444444411
55555555555555555555555511
44444444444444444444444411
44444444444444444444444411
55555555555555555555555555
34343434343434344444443411
44444444444444444444444444
66666666666666111111111111
66666666666666555511111111
44444444444444444411111111
99999911111111111111111111
44444444444444444411111111
44444444444444444411111111
44444434343434344411111111
44444444444444444444111111
44444444444444444444111111
44444444444444444444111111
33333333333333333333331111
66666666666666666666666611
44444444444444444444444411
55555555555555555555555511
44444444444444444444444411
44444444444444444444444411
55555555555555555555555555
34343434343434344444443411
44444444444444444444444444
66666666666666111111111111
66666666666666555511111111
44444444444444444411111111
99999911111111111111111111
44444444444444444411111111
44444444444444444411111111
44443434343434344411111111
44444444444444444444111111
44444444444444444444111111
44444444444444444444111111
33333333333333333333331111
66666666666666666666666611
44444444444444444444444411
55555555555555555555555511
44444444444444444444444411
44444444444444444444444411
55555555555555555555555555
34343434343434344444443411
44444444444444444444444444
66666666666666111111111111
66666666666666555511111111
44444444444444444411111111
99999911111111111111111111
44444444444444444411111111
44444444444444444411111111
44343434343434344411111111
44444444444444444444111111
44444444444444444444111111
44444444444444444444111111
33333333333333333333331111
66666666666666666666666611
44444444444444444444444411
55555555555555555555555511
44444444444444444444444411
44444444444444444444444411
55555555555555555555555555
34343434343434344444443411
44444444444444444444444444
66666666666666111111111111
66666666666666555511111111
44444444444444444411111111
99999911111111111111111111
44444444444444444411111111
44444444444444444411111111
34343434343434344411111111
44444444444444444444111111
44444444444444444444111111
44444444444444444444111111
33333333333333333333331111
66666666666666666666666611
44444444444444444444444411
55555555555555555555555511
44444444444444444444444411
44444444444444444444444411
55555555555555555555555555
34343434343434344444443411
44444444444444444444444444
66666666666666111111111111
66666666666666555511111111
44444444444444443411111111
99999911111111111111111111
44444444444444444411111111
44444444444444444411111111
44343434343434344411111111
44444444444444444444111111
44444444444444444444111111
44444444444444444444111111
33333333333333333333331111
66666666666666666666666611
44444444444444444444444411
55555555555555555555555511
44444444444444444444444411
44444444444444444444444411
55555555555555555555555555
34343434343434344444443411
44444444444444444444444444
66666666666666111111111111
66666666666666555511111111
34444444444444444411111111
99999911111111111111111111
44444444444444444411111111
44444444444444444411111111
44343434343434344411111111
44444444444444444444111111
44444444444444444444111111
44444444444444444444111111
33333333333333333333331111
66666666666666666666666611
44444444444444444444444411
55555555555555555555555511
44444444444444444444444411
44444444444444444444444411
55555555555555555555555555
34343434343434344444443411
44444444444444444444444444
66666666666666111111111111
66666666666666555511111111
44444444444444344411111111
99999911111111111111111111
44444444444444444411111111
44444444444444444411111111
44343434343434344411111111
44444444444444444444111111
44444444444444444444111111
44444444444444444444111111
33333333333333333333331111
66666666666666666666666611
44444444444444444444444411
55555555555555555555555511
44444444444444444444444411
44444444444444444444444411
55555555555555555555555555
34343434343434344444443411
44444444444444444444444444
66666666666666111111111111
66666666666666555511111111
44444444444434444411111111
99999911111111111111111111
44444444444444444411111111
44444444444444444411111111
44343434343434344411111111
44444444444444444444111111
44444444444444444444111111
44444444444444444444111111
33333333333333333333331111
66666666666666666666666611
44444444444444444444444411
55555555555555555555555511
44444444444444444444444411
44444444444444444444444411
55555555555555555555555555
34343434343434344444443411
44444444444444444444444444
66666666666666111111111111
66666666666666555511111111
44444444443444444411111111
99999911111111111111111111
44444444444444444411111111
44444444444444444411111111
44343434343434344411111111
44444444444444444444111111
44444444444444444444111111
44444444444444444444111111
33333333333333333333331111
66666666666666666666666611
44444444444444444444444411
55555555555555555555555511
44444444444444444444444411
44444444444444444444444411
55555555555555555555555555
34343434343434344444443411
44444444444444444444444444
66666666666666111111111111
66666666666666555511111111
44444444344444444411111111
99999911111111111111111111
44444444444444444411111111
44444444444444444411111111
44343434343434344411111111
44444444444444444444111111
44444444444444444444111111
44444444444444444444111111
33333333333333333333331111
66666666666666666666666611
44444444444444444444444411
55555555555555555555555511
44444444444444444444444411
44444444444444444444444411
55555555555555555555555555
34343434343434344444443411
44444444444444444444444444
66666666666666111111111111
66666666666666555511111111
44444434444444444411111111
99999911111111111111111111
44444444444444444411111111
44444444444444444411111111
44343434343434344411111111
44444444444444444444111111
44444444444444444444111111
44444444444444444444111111
33333333333333333333331111
66666666666666666666666611
44444444444444444444444411
55555555555555555555555511
44444444444444444444444411
44444444444444444444444411
55555555555555555555555555
34343434343434344444443411
44444444444444444444444444
66666666666666111111111111
66666666666666555511111111
44443444444444444411111111
99999911111111111111111111
44444444444444444411111111
44444444444444444411111111
44343434343434344411111111
44444444444444444444111111
44444444444444444444111111
44444444444444444444111111
33333333333333333333331111
66666666666666666666666611
44444444444444444444444411
55555555555555555555555511
44444444444444444444444411
44444444444444444444444411
55555555555555555555555555
34343434343434344444443411
44444444444444444444444444
66666666666666111111111111
66666666666666555511111111
44344444444444444411111111
99999911111111111111111111
44444444444444444411111111
44444444444444444411111111
44343434343434344411111111
44444444444444444444111111
44444444444444444444111111
44444444444444444444111111
33333333333333333333331111
66666666666666666666666611
44444444444444444444444411
55555555555555555555555511
44444444444444444444444411
44444444444444444444444411
55555555555555555555555555
34343434343434344444443411
44444444444444444444444444
66666666666666111111111111
66666666666666555511111111
44444444444444444411111111
99999911111111111111111111
44444444444444444411111111
44444444444444444411111111
44343434343434344411111111
44444444444444444444111111
44444444444444444444111111
44444444444444444444111111
33333333333333333333331111
66666666666666666666666611
44444444444444444444444411
55555555555555555555555511
44444444444444444444444411
44444444444444444444444411
55555555555555555555555555
34343434343434344444442411
44444444444444444444444444
66666666666666111111111111
66666666666666555511111111
44444444444444444411111111
99999911111111111111111111
44444444444444444411111111
44444444444444444411111111
44343434343434344411111111
44444444444444444444111111
44444444444444444444111111
44444444444444444444111111
33333333333333333333331111
66666666666666666666665611
44444444444444444444444411
55555555555555555555555511
44444444444444444444444411
44444444444444444444444411
55555555555555555555555555
34343434343434344444443411
44444444444444444444444444
