3246391129
15 9 300
666666666666666666
666666666666666666
666666666666666666
666666666666666666
666666666666666666
666666666666666666
666666666666666666
666666666666666666
666666666666666666
666666666666666666
666666666666666666
666666666666666666
666666666666666666
666666666666666666
666666666666666666
777777777777777777
777777777777777777
777777777777777777
777777777777777777
777777777777777777
777777777777777777
777777777777777777
777777777777777777
777777777777777777
777777777777777777
777777777777777777
777777777777777777
777777777777777777
777777777777777777
777777777777777777
777777777777777777
777777777777777777
777777777777777777
777777777777777777
777777777777777777
777777777777777777
777777777777777777
777777777777777777
777777777777777777
777777777777777777
444444444444444444
777777777777777777
777777777777777777
777777777777777777
777777777777777777
777777777777777777
777777777777777777
777777777777777777
777777777777777777
777777777777777777
777777777777777777
777777777777777777
777777777777777777
444444444444444444
777777777777777777
444444444444444444
777777777777777777
777777777777777777
777777777777777777
777777777777777777
777777777777777777
777777777777777777
777777777777777777
777777777777777777
777777777777777777
777777777777777777
777777777777777777
777777777777777777
444444444444444444
777777777777777777
444444444444444444
444444444444444444
777777777777777777
777777777777777777
777777777777777777
777777777777777777
777777777777777777
777777777777777777
777777777777777777
777777777777777777
777777777777777777
777777777777777777
777777777777777777
444444444444444444
777777777777777777
444444444444444444
555555555555555555
777777777777777777
777777777777777777
777777777777777777
777777777777777777
777777777777777777
777777777777777777
777777777777777777
777777777777777777
777777777777777777
777777777777777777
777777777777777777
444444444444444444
777777777777777777
444444444444444444
666666666666666666
777777777777777777
777777777777777777
777777777777777777
777777777777777777
777777777777777777
777777777777777777
444444444444444444
777777777777777777
777777777777777777
777777777777777777
777777777777777777
444444444444444444
777777777777777777
444444444444444444
666666666666666666
777777777777777777
777777777777777777
777777777777777777
777777777777777777
777777777777777777
777777777777777777
444444444444444444
777777777777777777
777777777777777777
444444444444444444
777777777777777777
444444444444444444
777777777777777777
444444444444444444
666666666666666666
777777777777777777
777777777777777777
777777777777777777
777777777777777777
777777777777777777
777777777777777777
444444444444444444
777777777777777777
777777777777777777
555555555555555555
777777777777777777
444444444444444444
777777777777777777
444444444444444444
666666666666666666
777777777777777777
777777777777777777
777777777777777777
777777777777777777
777777777777777777
777777777777777777
444444444444444444
777777777777777777
777777777777777777
666666666666666666
777777777777777777
444444444444444444
777777777777777777
444444444444444444
666666666666666666
777777777777777777
777777777777777777
777777777777777777
777777777777777777
444444444444444444
777777777777777777
444444444444444444
777777777777777777
777777777777777777
777777777777777777
777777777777777777
444444444444444444
777777777777777777
444444444444444444
666666666666666666
777777777777777777
777777777777777777
777777777777777777
777777777777777777
444444444444444444
777777777777777777
444444444444444444
777777777777777777
777777777777777777
777777777777777777
777777777777777777
444444444444444444
777777777777777777
222222222222222222
666666666666666666
777777777777777777
777777777777777777
777777777777777777
777777777777777777
444444444444444444
777777777777777777
444444444444444444
777777777777777777
777777777777777777
777777777777777777
777777777777777777
444444444444444444
777777777777777777
333333333333333333
666666666666666666
777777777777777777
777777777777777777
777777777777777777
444444444444444444
444444444444444444
777777777777777777
444444444444444444
777777777777777777
777777777777777777
777777777777777777
777777777777777777
444444444444444444
777777777777777777
333333333333333333
666666666666666666
777777777777777777
777777777777777777
777777777777777777
555555555555555555
444444444444444444
777777777777777777
444444444444444444
777777777777777777
777777777777777777
777777777777777777
777777777777777777
444444444444444444
777777777777777777
333333333333333333
666666666666666666
777777777777777777
777777777777777777
777777777777777777
666666666666666666
444444444444444444
777777777777777777
444444444444444444
777777777777777777
777777777777777777
777777777777777777
777777777777777777
444444444444444444
777777777777777777
333333333333333333
666666666666666666
777777777777777777
777777777777777777
777777777777777777
777777777777777777
444444444444444444
777777777777777777
444444444444444444
777777777777777777
444444444444444444
777777777777777777
777777777777777777
444444444444444444
777777777777777777
333333333333333333
666666666666666666
777777777777777777
777777777777777777
777777777777777777
777777777777777777
444444444444444444
777777777777777777
444444444444444444
777777777777777777
555555555555555555
777777777777777777
777777777777777777
444444444444444444
777777777777777777
333333333333333333
666666666666666666
777777777777777777
777777777777777777
777777777777777777
777777777777777777
444444444444444444
777777777777777777
444444444444444444
777777777777777777
666666666666666666
777777777777777777
777777777777777777
444444444444444444
777777777777777777
333333333333333333
666666666666666666
777777777777777777
777777777777777777
777777777777777777
777777777777777777
444444444444444444
777777777777777777
444444444444444444
777777777777777777
777777777777777777
777777777777777777
777777777777777777
444444444444444444
777777777777777777
333333333333333333
666666666666666666
777777777777777777
444444444444444444
777777777777777777
777777777777777777
444444444444444444
777777777777777777
444444444444444444
777777777777777777
777777777777777777
777777777777777777
777777777777777777
444444444444444444
777777777777777777
333333333333333333
666666666666666666
777777777777777777
555555555555555555
777777777777777777
777777777777777777
444444444444444444
777777777777777777
444444444444444444
777777777777777777
777777777777777777
777777777777777777
777777777777777777
222222222222222222
777777777777777777
333333333333333333
666666666666666666
777777777777777777
555555555555555555
777777777777777777
777777777777777777
444444444444444444
777777777777777777
444444444444444444
777777777777777777
777777777777777777
777777777777777777
777777777777777777
333333333333333333
777777777777777777
333333333333333333
666666666666666666
777777777777777777
555555555555555555
777777777777777777
777777777777777777
444444444444444444
777777777777777777
444444444444444444
777777777777777777
777777777777777777
777777777777777777
444444444444444444
444444444444444444
777777777777777777
333333333333333333
666666666666666666
777777777777777777
555555555555555555
777777777777777777
777777777777777777
444444444444444444
777777777777777777
444444444444444444
777777777777777777
777777777777777777
777777777777777777
555555555555555555
444444444444444444
777777777777777777
333333333333333333
666666666666666666
777777777777777777
555555555555555555
777777777777777777
777777777777777777
444444444444444444
777777777777777777
444444444444444444
777777777777777777
777777777777777777
777777777777777777
555555555555555555
444444444444444444
777777777777777777
333333333333333333
666666666666666666
777777777777777777
555555555555555555
444444444444444444
777777777777777777
444444444444444444
777777777777777777
444444444444444444
777777777777777777
777777777777777777
777777777777777777
555555555555555555
444444444444444444
777777777777777777
333333333333333333
666666666666666666
777777777777777777
555555555555555555
555555555555555555
777777777777777777
444444444444444444
777777777777777777
444444444444444444
444444444444444444
777777777777777777
777777777777777777
555555555555555555
444444444444444444
777777777777777777
333333333333333333
666666666666666666
777777777777777777
555555555555555555
555555555555555555
777777777777777777
444444444444444444
777777777777777777
444444444444444444
555555555555555555
777777777777777777
777777777777777777
555555555555555555
444444444444444444
777777777777777777
333333333333333333
666666666666666666
777777777777777777
555555555555555555
555555555555555555
777777777777777777
444444444444444444
777777777777777777
444444444444444444
666666666666666666
777777777777777777
777777777777777777
555555555555555555
444444444444444444
777777777777777777
333333333333333333
666666666666666666
777777777777777777
555555555555555555
555555555555555555
777777777777777777
444444444444444444
777777777777777777
444444444444444444
666666666666666666
777777777777777777
777777777777777777
555555555555555555
444444444444444444
444444444444444444
333333333333333333
666666666666666666
777777777777777777
555555555555555555
555555555555555555
777777777777777777
222222222222222222
777777777777777777
444444444444444444
666666666666666666
777777777777777777
777777777777777777
555555555555555555
444444444444444444
444444444444444444
333333333333333333
666666666666666666
777777777777777777
555555555555555555
555555555555555555
777777777777777777
333333333333333333
777777777777777777
444444444444444444
666666666666666666
777777777777777777
777777777777777777
555555555555555555
444444444444444444
444444444444444444
333333333333333333
666666666666666666
777777777777777777
555555555555555555
555555555555555555
777777777777777777
444444444444444444
444444444444444444
444444444444444444
666666666666666666
777777777777777777
777777777777777777
555555555555555555
444444444444444444
444444444444444444
333333333333333333
666666666666666666
777777777777777777
555555555555555555
555555555555555555
777777777777777777
444444444444444444
555555555555555555
444444444444444444
666666666666666666
777777777777777777
777777777777777777
555555555555555555
444444444444444444
444444444444444444
333333333333333333
666666666666666666
777777777777777777
555555555555555555
555555555555555555
777777777777777777
444444444444444444
666666666666666666
444444444444444444
666666666666666666
777777777777777777
777777777777777777
555555555555555555
444444444444444444
444444444444444444
333333333333333333
666666666666666666
777777777777777777
555555555555555555
555555555555555555
777777777777777777
444444444444444444
666666666666666666
444444444444444444
666666666666666666
777777777777777777
777777777777777777
555555555555555555
444444444444444444
444444444444444444
333333333333333333
666666666666666666
444444444444444444
555555555555555555
555555555555555555
777777777777777777
444444444444444444
666666666666666666
444444444444444444
666666666666666666
777777777777777777
777777777777777777
555555555555555555
444444444444444444
444444444444444444
333333333333333333
666666666666666666
555555555555555555
555555555555555555
555555555555555555
777777777777777777
444444444444444444
666666666666666666
222222222222222222
666666666666666666
777777777777777777
777777777777777777
555555555555555555
444444444444444444
444444444444444444
333333333333333333
666666666666666666
555555555555555555
555555555555555555
555555555555555555
777777777777777777
444444444444444444
666666666666666666
333333333333333333
666666666666666666
777777777777777777
777777777777777777
555555555555555555
444444444444444444
444444444444444444
333333333333333333
666666666666666666
555555555555555555
555555555555555555
555555555555555555
777777777777777777
444444444444444444
666666666666666666
444444444444444444
666666666666666666
777777777777777777
777777777777777777
555555555555555555
444444444444444444
222222222222222222
333333333333333333
666666666666666666
555555555555555555
555555555555555555
555555555555555555
777777777777777777
444444444444444444
666666666666666666
444444444444444444
666666666666666666
777777777777777777
777777777777777777
555555555555555555
444444444444444444
333333333333333333
333333333333333333
666666666666666666
555555555555555555
555555555555555555
555555555555555555
777777777777777777
444444444444444444
666666666666666666
444444444444444444
666666666666666666
777777777777777777
777777777777777777
555555555555555555
444444444444444444
444444444444444444
333333333333333333
666666666666666666
555555555555555555
555555555555555555
555555555555555555
777777777711111111
444444444411111111
666666666611111111
444444444411111111
666666666611111111
777777777777771111
777777777777771111
555555555555555511
444444444444444411
444444444444444411
333333333333333311
666666666666666666
555555555555555511
555555555555555555
555555555555555555
777777777711111111
444444444411111111
666666666611111111
444444444411111111
666666666611111111
777777777777771111
777777777777771111
555555555555555511
444444444444444411
444444444444444411
333333333333333311
666666666666666666
555555555555555511
555555555555555555
555555555151515151
777777777711111111
444444444411111111
666666666611111111
444444444411111111
666666666611111111
777777777777771111
777777777777771111
555555555555555511
444444444444444411
444444444444444411
333333333333333311
666666666666666666
555555555555555511
555555555555555555
555555555555515151
777777777711111111
444444444411111111
666666666611111111
444444444411111111
666666666611111111
777777777777771111
777777777777771111
555555555555555511
444444444444444411
444444444444444411
333333333333333311
666666666666666666
555555555555555511
555555555555555555
555555555551515151
777777777711111111
444444444411111111
666666666611111111
444444444411111111
666666666611111111
777777777777771111
777777777777771111
555555555555555511
444444444444444411
444444444444444411
333333333333333311
666666666666666666
555555555555555511
555555555151515151
555555555551515151
777777777711111111
444444444411111111
666666666611111111
444444444411111111
666666666611111111
777777777777771111
777777777777771111
555555555555555511
444444444444444411
444444444444444411
333333333333333311
666666666666666666
555555555555555511
555555555555515151
555555555551515151
777777777711111111
444444444411111111
666666666611111111
444444444411111111
666666666611111111
777777777777771111
777777777777771111
555555555555555511
444444444444444411
444444444444444411
333333333333333311
666666666666666666
555555555555555511
555555555555555151
555555555551515151
777777777711111111
444444444411111111
666666666611111111
444444444411111111
666666666611111111
777777777777771111
777777777777771111
555555555555555511
444444444444444411
444444444444444411
333333333333333311
666666666666666666
555555515151515111
555555555555555151
555555555551515151
777777777711111111
444444444411111111
666666666611111111
444444444411111111
666666666611111111
777777777777771111
777777777777771111
555555555555555511
444444444444444411
444444444444444411
333333333333333311
666666666666666666
555555555551515111
555555555555555151
555555555551515151
777777777711111111
444444444411111111
666666666611111111
444444444411111111
666666666611111111
777777777777771111
777777777777771111
555555555555555511
444444444444444411
444444444444444411
333333333333333311
666666666666666666
555555555555515111
555555555555555151
555555555551515151
777777777711111111
444444444411111111
666666666611111111
444444444411111111
666666666611111111
777777777777771111
777777777777771111
555555555555555511
444444444444444411
444444444444444411
333333333333333311
666666666666666666
555555555555555111
555555555555555151
555555555551515151
777777777711111111
444444444411111111
666666666611111111
444444444411111111
666666666611111111
777777777777771111
777777777777771111
555555555555555511
444444444444444411
444444444444444411
333333333333333311
666666666161616161
555555555555555511
555555555555555151
555555555551515151
777777777711111111
444444444411111111
666666666611111111
444444444411111111
666666666611111111
777777777777771111
777777777777771111
555555555555555511
444444444444444411
444444444444444411
333333333333333311
666666666666616161
555555555555555511
555555555555555151
555555555551515151
777777777711111111
444444444411111111
666666666611111111
444444444411111111
666666666611111111
777777777777771111
777777777777771111
555555555555555511
444444444444444411
444444444444444411
333333333333333311
666666666666666161
555555555555555511
555555555555555151
555555555551515151
777777777711111111
444444444411111111
666666666611111111
444444444411111111
666666666611111111
777777777777771111
777777777777771111
555555555555555511
444444444444444411
444444444444444411
333333333333333311
666666666666666661
555555555555555511
555555555555555151
555555555551515151
777777777711111111
444444444411111111
666666666611111111
444444444411111111
666666666611111111
777777777777771111
777777777777771111
555555555555555511
444444444444444411
444444444444444411
333333313131313111
666666666666666661
555555555555555511
555555555555555151
555555555551515151
777777777711111111
444444444411111111
666666666611111111
444444444411111111
666666666611111111
777777777777771111
777777777777771111
555555555555555511
444444444444444411
444444444444444411
333333333331313111
666666666666666661
555555555555555511
555555555555555151
555555555551515151
777777777711111111
444444444411111111
666666666611111111
444444444411111111
666666666611111111
777777777777771111
777777777777771111
555555555555555511
444444444444444411
444444444444444411
333333333333313111
666666666666666661
555555555555555511
555555555555555151
555555555551515151
777777777711111111
444444444411111111
666666666611111111
444444444411111111
666666666611111111
777777777777771111
777777777777771111
555555555555555511
444444444444444411
444444444444444411
333333333333333111
666666666666666661
555555555555555511
555555555555555151
555555555551515151
777777777711111111
444444444411111111
666666666611111111
444444444411111111
666666666611111111
777777777777771111
777777777777771111
555555555555555511
444444444444444411
444444414141414111
333333333333333311
666666666666666661
555555555555555511
555555555555555151
555555555551515151
777777777711111111
444444444411111111
666666666611111111
444444444411111111
666666666611111111
777777777777771111
777777777777771111
555555555555555511
444444444444444411
444444444441414111
333333333333333311
666666666666666661
555555555555555511
555555555555555151
555555555551515151
777777777711111111
444444444411111111
666666666611111111
444444444411111111
666666666611111111
777777777777771111
777777777777771111
555555555555555511
444444444444444411
444444444444414111
333333333333333311
666666666666666661
555555555555555511
555555555555555151
555555555551515151
777777777711111111
444444444411111111
666666666611111111
444444444411111111
666666666611111111
777777777777771111
777777777777771111
555555555555555511
444444444444444411
444444444444444111
333333333333333311
666666666666666661
555555555555555511
555555555555555151
555555555551515151
777777777711111111
444444444411111111
666666666611111111
444444444411111111
666666666611111111
777777777777771111
777777777777771111
555555555555555511
444444414141414111
444444444444444411
333333333333333311
666666666666666661
555555555555555511
555555555555555151
555555555551515151
777777777711111111
444444444411111111
666666666611111111
444444444411111111
666666666611111111
777777777777771111
777777777777771111
555555555555555511
444444444441414111
444444444444444411
333333333333333311
666666666666666661
555555555555555511
555555555555555151
555555555551515151
777777777711111111
444444444411111111
666666666611111111
444444444411111111
666666666611111111
777777777777771111
777777777777771111
555555555555555511
444444444444414111
444444444444444411
333333333333333311
666666666666666661
555555555555555511
555555555555555151
555555555551515151
777777777711111111
444444444411111111
666666666611111111
444444444411111111
666666666611111111
777777777777771111
777777777777771111
555555555555555511
444444444444444111
444444444444444411
333333333333333311
666666666666666661
555555555555555511
555555555555555151
555555555551515151
777777777711111111
444444444411111111
666666666611111111
444444444411111111
666666666611111111
777777777777771111
777777777777771111
555555515151515111
444444444444444411
444444444444444411
333333333333333311
666666666666666661
555555555555555511
555555555555555151
555555555551515151
777777777711111111
444444444411111111
666666666611111111
444444444411111111
666666666611111111
777777777777771111
777777777777771111
555555555551515111
444444444444444411
444444444444444411
333333333333333311
666666666666666661
555555555555555511
555555555555555151
555555555551515151
777777777711111111
444444444411111111
666666666611111111
444444444411111111
666666666611111111
777777777777771111
777777777777771111
555555555555515111
444444444444444411
444444444444444411
333333333333333311
666666666666666661
555555555555555511
555555555555555151
555555555551515151
777777777711111111
444444444411111111
666666666611111111
444444444411111111
666666666611111111
777777777777771111
777777777777771111
555555555555555111
444444444444444411
444444444444444411
333333333333333311
666666666666666661
555555555555555511
555555555555555151
555555555551515151
777777777711111111
444444444411111111
666666666611111111
444444444411111111
666666666611111111
777777777777771111
777777717171711111
555555555555555111
444444444444444411
444444444444444411
333333333333333311
666666666666666661
555555555555555511
555555555555555151
555555555551515151
777777777711111111
444444444411111111
666666666611111111
444444444411111111
666666666611111111
777777777777771111
777171717171711111
555555555555555111
444444444444444411
444444444444444411
333333333333333311
666666666666666661
555555555555555511
555555555555555151
555555555551515151
777777777711111111
444444444411111111
666666666611111111
444444444411111111
666666666611111111
777777777777771111
717171717171711111
555555555555555111
444444444444444411
444444444444444411
333333333333333311
666666666666666661
555555555555555511
555555555555555151
555555555551515151
777777777711111111
444444444411111111
666666666611111111
444444444411111111
666666666611111111
777777717171711111
777171717171711111
555555555555555111
444444444444444411
444444444444444411
333333333333333311
666666666666666661
555555555555555511
555555555555555151
555555555551515151
777777777711111111
444444444411111111
666666666611111111
444444444411111111
666666666611111111
777777777771711111
777171717171711111
555555555555555111
444444444444444411
444444444444444411
333333333333333311
666666666666666661
555555555555555511
555555555555555151
555555555551515151
777777777711111111
444444444411111111
666666666611111111
444444444411111111
666666666611111111
777777777171711111
777171717171711111
555555555555555111
444444444444444411
444444444444444411
333333333333333311
666666666666666661
555555555555555511
555555555555555151
555555555551515151
777777777711111111
444444444411111111
666666666611111111
444444444411111111
666661616111111111
777777777171711111
777171717171711111
555555555555555111
444444444444444411
444444444444444411
333333333333333311
666666666666666661
555555555555555511
555555555555555151
555555555551515151
777777777711111111
444444444411111111
666666666611111111
444444444411111111
666666616111111111
777777777171711111
777171717171711111
555555555555555111
444444444444444411
444444444444444411
333333333333333311
666666666666666661
555555555555555511
555555555555555151
555555555551515151
777777777711111111
444444444411111111
666666666611111111
444444444411111111
666666666111111111
777777777171711111
777171717171711111
555555555555555111
444444444444444411
444444444444444411
333333333333333311
666666666666666661
555555555555555511
555555555555555151
555555555551515151
777777777711111111
444444444411111111
666666666611111111
444441414111111111
666666666111111111
777777777171711111
777171717171711111
555555555555555111
444444444444444411
444444444444444411
333333333333333311
666666666666666661
555555555555555511
555555555555555151
555555555551515151
777777777711111111
444444444411111111
666666666611111111
414141414111111111
666666666111111111
777777777171711111
777171717171711111
555555555555555111
444444444444444411
444444444444444411
333333333333333311
666666666666666661
555555555555555511
555555555555555151
555555555551515151
777777777711111111
444444444411111111
666666666611111111
444141414111111111
666666666111111111
777777777171711111
777171717171711111
555555555555555111
444444444444444411
444444444444444411
333333333333333311
666666666666666661
555555555555555511
555555555555555151
555555555551515151
777777777711111111
444444444411111111
666661616111111111
444441414111111111
666666666111111111
777777777171711111
777171717171711111
555555555555555111
444444444444444411
444444444444444411
333333333333333311
666666666666666661
555555555555555511
555555555555555151
555555555551515151
777777777711111111
444444444411111111
616161616111111111
444441414111111111
666666666111111111
777777777171711111
777171717171711111
555555555555555111
444444444444444411
444444444444444411
333333333333333311
666666666666666661
555555555555555511
555555555555555151
555555555551515151
777777777711111111
444444444411111111
666161616111111111
444441414111111111
666666666111111111
777777777171711111
777171717171711111
555555555555555111
444444444444444411
444444444444444411
333333333333333311
666666666666666661
555555555555555511
555555555555555151
555555555551515151
777777777711111111
444441414111111111
666661616111111111
444441414111111111
666666666111111111
777777777171711111
777171717171711111
555555555555555111
444444444444444411
444444444444444411
333333333333333311
666666666666666661
555555555555555511
555555555555555151
555555555551515151
777777777711111111
444444414111111111
666661616111111111
444441414111111111
666666666111111111
777777777171711111
777171717171711111
555555555555555111
444444444444444411
444444444444444411
333333333333333311
666666666666666661
555555555555555511
555555555555555151
555555555551515151
777777777711111111
444444444111111111
666661616111111111
444441414111111111
666666666111111111
777777777171711111
777171717171711111
555555555555555111
444444444444444411
444444444444444411
333333333333333311
666666666666666661
555555555555555511
555555555555555151
555555555551515151
777771717111111111
444444444111111111
666661616111111111
444441414111111111
666666666111111111
777777777171711111
777171717171711111
555555555555555111
444444444444444411
444444444444444411
333333333333333311
666666666666666661
555555555555555511
555555555555555151
555555555551515151
777777717111111111
444444444111111111
666661616111111111
444441414111111111
666666666111111111
777777777171711111
777171717171711111
555555555555555111
444444444444444411
444444444444444411
333333333333333311
666666666666666661
555555555555555511
555555555555555151
555555555551515151
777777717111111111
444444444111111111
666661616111111111
444441414111111111
666666666111111111
777777777171711111
777171717171711111
555555555555555111
444444444444444411
444444444444444411
333333333333333311
666666666666666661
555555555555555511
555555555555555151
555555555511111111
777777717111111111
444444444111111111
666661616111111111
444441414111111111
666666666111111111
777777777171711111
777171717171711111
555555555555555111
444444444444444411
444444444444444411
333333333333333311
666666666666666661
555555555555555511
555555555555555151
555555555551511111
777777717111111111
444444444111111111
666661616111111111
444441414111111111
666666666111111111
777777777171711111
777171717171711111
555555555555555111
444444444444444411
444444444444444411
333333333333333311
666666666666666661
555555555555555511
555555555555555151
555555555551515111
777777717111111111
444444444111111111
666661616111111111
444441414111111111
666666666111111111
777777777171711111
777171717171711111
555555555555555111
444444444444444411
444444444444444411
333333333333333311
666666666666666661
555555555555555511
555555551515151111
555555555551515151
777777717111111111
444444444111111111
666661616111111111
444441414111111111
666666666111111111
777777777171711111
777171717171711111
555555555555555111
444444444444444411
444444444444444411
333333333333333311
666666666666666661
555555555555555511
555555555555151111
555555555551515151
777777717111111111
444444444111111111
666661616111111111
444441414111111111
666666666111111111
777777777171711111
777171717171711111
555555555555555111
444444444444444411
444444444444444411
333333333333333311
666666666666666661
555555555555555511
555555555555551111
555555555551515151
777777717111111111
444444444111111111
666661616111111111
444441414111111111
666666666111111111
777777777171711111
777171717171711111
555555555555555111
444444444444444411
444444444444444411
333333333333333311
666666666666666661
555555555555555511
555555555555555111
555555555551515151
777777717111111111
444444444111111111
666661616111111111
444441414111111111
666666666111111111
777777777171711111
777171717171711111
555555555555555111
444444444444444411
444444444444444411
333333333333333311
666666666666666661
555555151515151511
555555555555555151
555555555551515151
777777717111111111
444444444111111111
666661616111111111
444441414111111111
666666666111111111
777777777171711111
777171717171711111
555555555555555111
444444444444444411
444444444444444411
333333333333333311
666666666666666661
555555555515151511
555555555555555151
555555555551515151
777777717111111111
444444444111111111
666661616111111111
444441414111111111
666666666111111111
777777777171711111
777171717171711111
555555555555555111
444444444444444411
444444444444444411
333333333333333311
666666666666666661
555555555555151511
555555555555555151
555555555551515151
777777717111111111
444444444111111111
666661616111111111
444441414111111111
666666666111111111
777777777171711111
777171717171711111
555555555555555111
444444444444444411
444444444444444411
333333333333333311
666666666666666661
555555555555551511
555555555555555151
555555555551515151
777777717111111111
444444444111111111
666661616111111111
444441414111111111
666666666111111111
777777777171711111
777171717171711111
555555555555555111
444444444444444411
444444444444444411
333333333333333311
666666661616161611
555555555555555511
555555555555555151
555555555551515151
777777717111111111
444444444111111111
666661616111111111
444441414111111111
666666666111111111
777777777171711111
777171717171711111
555555555555555111
444444444444444411
444444444444444411
333333333333333311
666666666666161611
555555555555555511
555555555555555151
555555555551515151
777777717111111111
444444444111111111
666661616111111111
444441414111111111
666666666111111111
777777777171711111
777171717171711111
555555555555555111
444444444444444411
444444444444444411
333333333333333311
666666666666661611
555555555555555511
555555555555555151
555555555551515151
777777717111111111
444444444111111111
666661616111111111
444441414111111111
666666666111111111
777777777171711111
777171717171711111
555555555555555111
444444444444444411
444444444444444411
333333333333333311
666666666666666611
555555555555555511
555555555555555151
555555555551515151
777777717111111111
444444444111111111
666661616111111111
444441414111111111
666666666111111111
777777777171711111
777171717171711111
555555555555555111
444444444444444411
444444444444444411
333333131313131311
666666666666666661
555555555555555511
555555555555555151
555555555551515151
777777717111111111
444444444111111111
666661616111111111
444441414111111111
666666666111111111
777777777171711111
777171717171711111
555555555555555111
444444444444444411
444444444444444411
333333333313131311
666666666666666661
555555555555555511
555555555555555151
555555555551515151
777777717111111111
444444444111111111
666661616111111111
444441414111111111
666666666111111111
777777777171711111
777171717171711111
555555555555555111
444444444444444411
444444444444444411
333333333333131311
666666666666666661
555555555555555511
555555555555555151
555555555551515151
777777717111111111
444444444111111111
666661616111111111
444441414111111111
666666666111111111
777777777171711111
777171717171711111
555555555555555111
444444444444444411
444444444444444411
333333333333331311
666666666666666661
555555555555555511
555555555555555151
555555555551515151
777777717111111111
444444444111111111
666661616111111111
444441414111111111
666666666111111111
777777777171711111
777171717171711111
555555555555555111
444444444444444411
444444141414141411
333333333333333311
666666666666666661
555555555555555511
555555555555555151
555555555551515151
777777717111111111
444444444111111111
666661616111111111
444441414111111111
666666666111111111
777777777171711111
777171717171711111
555555555555555111
444444444444444411
444444444414141411
333333333333333311
666666666666666661
555555555555555511
555555555555555151
555555555551515151
777777717111111111
444444444111111111
666661616111111111
444441414111111111
666666666111111111
777777777171711111
777171717171711111
555555555555555111
444444444444444411
444444444444141411
333333333333333311
666666666666666661
555555555555555511
555555555555555151
555555555551515151
777777717111111111
444444444111111111
666661616111111111
444441414111111111
666666666111111111
777777777171711111
777171717171711111
555555555555555111
444444444444444411
444444444444441411
333333333333333311
666666666666666661
555555555555555511
555555555555555151
555555555551515151
777777717111111111
444444444111111111
666661616111111111
444441414111111111
666666666111111111
777777777171711111
777171717171711111
555555555555555111
444444141414141411
444444444444444411
333333333333333311
666666666666666661
555555555555555511
555555555555555151
555555555551515151
777777717111111111
444444444111111111
666661616111111111
444441414111111111
666666666111111111
777777777171711111
777171717171711111
555555555555555111
444444444414141411
444444444444444411
333333333333333311
666666666666666661
555555555555555511
555555555555555151
555555555551515151
777777717111111111
444444444111111111
666661616111111111
444441414111111111
666666666111111111
777777777171711111
777171717171711111
555555555555555111
444444444444141411
444444444444444411
333333333333333311
666666666666666661
555555555555555511
555555555555555151
555555555551515151
777777717111111111
444444444111111111
666661616111111111
444441414111111111
666666666111111111
777777777171711111
777171717171711111
555555555555555111
444444444444441411
444444444444444411
333333333333333311
666666666666666661
555555555555555511
555555555555555151
555555555551515151
777777717111111111
444444444111111111
666661616111111111
444441414111111111
666666666111111111
777777777171711111
777171717171711111
555555151515151111
444444444444444411
444444444444444411
333333333333333311
666666666666666661
555555555555555511
555555555555555151
555555555551515151
777777717111111111
444444444111111111
666661616111111111
444441414111111111
666666666111111111
777777777171711111
777171717171711111
555555555515151111
444444444444444411
444444444444444411
333333333333333311
666666666666666661
555555555555555511
555555555555555151
555555555551515151
777777717111111111
444444444111111111
666661616111111111
444441414111111111
666666666111111111
777777777171711111
777171717171711111
555555555555151111
444444444444444411
444444444444444411
333333333333333311
666666666666666661
555555555555555511
555555555555555151
555555555551515151
777777717111111111
444444444111111111
666661616111111111
444441414111111111
666666666111111111
777777777171711111
777171717171711111
555555555555551111
444444444444444411
444444444444444411
333333333333333311
666666666666666661
555555555555555511
555555555555555151
555555555551515151
777777717111111111
444444444111111111
666661616111111111
444441414111111111
666666666111111111
777777777171711111
777171111111111111
555555555555555111
444444444444444411
444444444444444411
333333333333333311
666666666666666661
555555555555555511
555555555555555151
555555555551515151
777777717111111111
444444444111111111
666661616111111111
444441414111111111
666666666111111111
777777777171711111
777171717111111111
555555555555555111
444444444444444411
444444444444444411
333333333333333311
666666666666666661
555555555555555511
555555555555555151
555555555551515151
777777717111111111
444444444111111111
666661616111111111
444441414111111111
666666666111111111
777777777171711111
777171717171111111
555555555555555111
444444444444444411
444444444444444411
333333333333333311
666666666666666661
555555555555555511
555555555555555151
555555555551515151
777777717111111111
444444444111111111
666661616111111111
444441414111111111
666666666111111111
777777171111111111
777171717171711111
555555555555555111
444444444444444411
444444444444444411
333333333333333311
666666666666666661
555555555555555511
555555555555555151
555555555551515151
777777717111111111
444444444111111111
666661616111111111
444441414111111111
666666666111111111
777777777111111111
777171717171711111
555555555555555111
444444444444444411
444444444444444411
333333333333333311
666666666666666661
555555555555555511
555555555555555151
555555555551515151
777777717111111111
444444444111111111
666661616111111111
444441414111111111
666666666111111111
777777777171111111
777171717171711111
555555555555555111
444444444444444411
444444444444444411
333333333333333311
666666666666666661
555555555555555511
555555555555555151
555555555551515151
777777717111111111
444444444111111111
666661616111111111
444441414111111111
666616161111111111
777777777171711111
777171717171711111
555555555555555111
444444444444444411
444444444444444411
333333333333333311
666666666666666661
555555555555555511
555555555555555151
555555555551515151
777777717111111111
444444444111111111
666661616111111111
444441414111111111
666666161111111111
777777777171711111
777171717171711111
555555555555555111
444444444444444411
444444444444444411
333333333333333311
666666666666666661
555555555555555511
555555555555555151
555555555551515151
777777717111111111
444444444111111111
666661616111111111
444441414111111111
666666661111111111
777777777171711111
777171717171711111
555555555555555111
444444444444444411
444444444444444411
333333333333333311
666666666666666661
555555555555555511
555555555555555151
555555555551515151
777777717111111111
444444444111111111
666661616111111111
444411111111111111
666666666111111111
777777777171711111
777171717171711111
555555555555555111
444444444444444411
444444444444444411
333333333333333311
666666666666666661
555555555555555511
555555555555555151
555555555551515151
777777717111111111
444444444111111111
666661616111111111
444441111111111111
666666666111111111
777777777171711111
777171717171711111
555555555555555111
444444444444444411
444444444444444411
333333333333333311
666666666666666661
555555555555555511
555555555555555151
555555555551515151
777777717111111111
444444444111111111
666661616111111111
444441411111111111
666666666111111111
777777777171711111
777171717171711111
555555555555555111
444444444444444411
444444444444444411
333333333333333311
666666666666666661
555555555555555511
555555555555555151
555555555551515151
777777717111111111
444444444111111111
666611111111111111
444441414111111111
666666666111111111
777777777171711111
777171717171711111
555555555555555111
444444444444444411
444444444444444411
333333333333333311
666666666666666661
555555555555555511
555555555555555151
555555555551515151
777777717111111111
444444444111111111
666661111111111111
444441414111111111
666666666111111111
777777777171711111
777171717171711111
555555555555555111
444444444444444411
444444444444444411
333333333333333311
666666666666666661
555555555555555511
555555555555555151
555555555551515151
777777717111111111
444444444111111111
666661611111111111
444441414111111111
666666666111111111
777777777171711111
777171717171711111
555555555555555111
444444444444444411
444444444444444411
333333333333333311
666666666666666661
555555555555555511
555555555555555151
555555555551515151
777777717111111111
444414141111111111
666661616111111111
444441414111111111
666666666111111111
777777777171711111
777171717171711111
555555555555555111
444444444444444411
444444444444444411
333333333333333311
666666666666666661
555555555555555511
555555555555555151
555555555551515151
777777717111111111
444444141111111111
666661616111111111
444441414111111111
666666666111111111
777777777171711111
777171717171711111
555555555555555111
444444444444444411
444444444444444411
333333333333333311
666666666666666661
555555555555555511
555555555555555151
555555555551515151
777777717111111111
444444441111111111
666661616111111111
444441414111111111
666666666111111111
777777777171711111
777171717171711111
555555555555555111
444444444444444411
444444444444444411
333333333333333311
666666666666666661
555555555555555511
555555555555555151
555555555551515151
777717111111111111
444444444111111111
666661616111111111
444441414111111111
666666666111111111
777777777171711111
777171717171711111
555555555555555111
444444444444444411
444444444444444411
333333333333333311
666666666666666661
555555555555555511
555555555555555151
555555555551515151
777777111111111111
444444444111111111
666661616111111111
444441414111111111
666666666111111111
777777777171711111
777171717171711111
555555555555555111
444444444444444411
444444444444444411
333333333333333311
666666666666666661
555555555555555511
555555555555555151
555555555551515151
777777711111111111
444444444111111111
666661616111111111
444441414111111111
666666666111111111
777777777171711111
777171717171711111
555555555555555111
444444444444444411
444444444444444411
333333333333333311
666666666666666661
555555555555555511
555555555555555151
555555555551515151
777777717111111111
444444444111111111
666661616111111111
444441414111111111
666666666111111111
777777777171711111
777171717171711111
555555555555555111
444444444444444411
444444444444444411
333333333333333311
666666666666666651
555555555555555511
555555555555555151
555555555551515151
777777717111111111
444444444111111111
666661616111111111
444441414111111111
666666666111111111
777777777171711111
777171717171711111
555555555555555111
444444444444444411
444444444444444411
333333333333333311
566666666666666651
555555555555555511
555555555555555151
555555555551515151
777777717111111111
444444444111111111
666661616111111111
444441414111111111
666666666111111111
777777777171711111
777171717171711111
555555555555555111
444444444444444411
444444444444444411
333333333333333311
565666666666666651
555555555555555511
555555555555555151
555555555551515151
777777717111111111
444444444111111111
666661616111111111
444441414111111111
666666666111111111
777777777171711111
777171717171711111
555555555555555111
444444444444444411
444444444444444411
333333333333333311
566666666656666651
555555555555555511
555555555555555151
555555555551515151
777777717111111111
444444444111111111
666661616111111111
444441414111111111
666666666111111111
777777777171711111
777171717171711111
555555555555555111
444444444444444411
444444444444444411
333333333333333311
566666665666666651
555555555555555511
555555555555555151
555555555551515151
777777717111111111
444444444111111111
666661616111111111
444441414111111111
666666666111111111
777777777171711111
777171717171711111
555555555555555111
444444444444444411
444444444444444411
333333333333333311
566666665666566651
555555555555555511
555555555555555151
555555555551515151
777777717111111111
444444444111111111
666661616111111111
444441414111111111
666666666111111111
777777777171711111
777171717171711111
555555555555555111
444444444444444411
444444444444444411
333333333333333311
566666665666665651
555555555555555511
555555555555555151
555555555551515151
777777717111111111
444444444111111111
666661616111111111
444441414111111111
666666666111111111
777777777171711111
777171717171711111
555555555555555111
444444444444444411
444444444444444411
333333333333333311
566666565666666651
555555555555555511
555555555555555151
555555555551515151
777777717111111111
444444444111111111
666661616111111111
444441414111111111
666666666111111111
777777777171711111
777171717171711111
555555555555555111
444444444444444411
444444444444444411
333333333333333311
566656665666666651
555555555555555511
555555555555555151
555555555551515151
777777717111111111
444444444111111111
666661616111111111
444441414111111111
666666666111111111
777777777171711111
776171717171711111
555555555555555111
444444444444444411
444444444444444411
333333333333333311
566666665666666651
555555555555555511
555555555555555151
555555555551515151
777777717111111111
444444444111111111
666661616111111111
444441414111111111
666666666111111111
777777777171711111
776171717171611111
555555555555555111
444444444444444411
444444444444444411
333333333333333311
566666665666666651
555555555555555511
555555555555555151
555555555551515151
777777717111111111
444444444111111111
666661616111111111
444441414111111111
666666666111111111
777777777171711111
676171717171611111
555555555555555111
444444444444444411
444444444444444411
333333333333333311
566666665666666651
555555555555555511
555555555555555151
555555555551515151
777777717111111111
444444444111111111
666661616111111111
444441414111111111
666666666111111111
777777777171711111
776171717161611111
555555555555555111
444444444444444411
444444444444444411
333333333333333311
566666665666666651
555555555555555511
555555555555555151
555555555551515151
777777717111111111
444444444111111111
666661616111111111
444441414111111111
666666666111111111
777777777171711111
776161717161611111
555555555555555111
444444444444444411
444444444444444411
333333333333333311
566666665666666651
555555555555555511
555555555555555151
555555555551515151
777777717111111111
444444444111111111
666661616111111111
444441414111111111
666666666111111111
777777777171711111
776171716161611111
555555555555555111
444444444444444411
444444444444444411
333333333333333311
566666665666666651
555555555555555511
555555555555555151
555555555551515151
777777717111111111
444444444111111111
666661616111111111
444441414111111111
666666666111111111
777777777171711111
776171617161611111
555555555555555111
444444444444444411
444444444444444411
333333333333333311
566666665666666651
555555555555555511
555555555555555151
555555555551515151
777777717111111111
444444444111111111
666661616111111111
444441414111111111
666666666111111111
777777777171711111
776171717161611111
555555555555555111
444444444444444411
444444444444444411
333333333333333311
566666665666666641
555555555555555511
555555555555555151
555555555551515151
777777717111111111
444444444111111111
666661616111111111
444441414111111111
666666666111111111
777777777171711111
776171717161611111
555555555555555111
444444444444444411
444444444444444411
333333333333333311
466666665666666641
555555555555555511
555555555555555151
555555555551515151
777777717111111111
444444444111111111
666661616111111111
444441414111111111
666666666111111111
777777777171711111
776171717161611111
555555555555555111
444444444444444411
444444444444444411
333333333333333311
466666664666666641
555555555555555511
555555555555555151
555555555551515151
777777717111111111
444444444111111111
666661616111111111
444441414111111111
666666666111111111
777777777171711111
776171717161611111
555555555555555111
444444444444444411
444444444444444411
333333333333333311
466566665666666641
555555555555555511
555555555555555151
555555555551515151
777777717111111111
444444444111111111
666661616111111111
444441414111111111
666666666111111111
777777777171711111
776171717161611111
555555555555555111
444444444444444411
444444444444444411
333333333333333311
456666665666666641
555555555555555511
555555555555555151
555555555551515151
777777717111111111
444444444111111111
666661616111111111
444441414111111111
666666666111111111
777777777171711111
776171717161611111
555555555555555111
444444444444444411
444444444444444411
333333333333333311
456666665666666541
555555555555555511
555555555555555151
555555555551515151
777777717111111111
444444444111111111
666661616111111111
444441414111111111
666666666111111111
777777777171711111
776171717161611111
555555555555555111
444444444444444411
444444444444444411
333333333333333311
456666665666656541
555555555555555511
555555555555555151
555555555551515151
777777717111111111
444444444111111111
666661616111111111
444441414111111111
666666666111111111
777777777171711111
775171717161611111
555555555555555111
444444444444444411
444444444444444411
333333333333333311
456666665666666541
555555555555555511
555555555555555151
555555555551515151
777777717111111111
444444444111111111
666661616111111111
444441414111111111
666666666111111111
777777777171711111
775171717161511111
555555555555555111
444444444444444411
444444444444444411
333333333333333311
456666665666666541
555555555555555511
555555555555555151
555555555551515151
777777717111111111
444444444111111111
666661616111111111
444441414111111111
666666666111111111
777777777171711111
775171717151611111
555555555555555111
444444444444444411
444444444444444411
333333333333333311
456666665666666541
555555555555555511
555555555555555151
555555555551515151
777777717111111111
444444444111111111
666661616111111111
444441414111111111
666666666111111111
777777777171711111
765171717161611111
555555555555555111
444444444444444411
444444444444444411
333333333333333311
456666665666666541
555555555555555511
555555555555555151
555555555551515151
777777717111111111
444444444111111111
666661616111111111
444441414111111111
666666666111111111
777777777171711111
765171717161611111
555555555555555111
344444444444444411
444444444444444411
333333333333333311
456666665666666541
555555555555555511
555555555555555151
555555555551515151
777777717111111111
444444444111111111
666661616111111111
444441414111111111
666666666111111111
777777777171711111
765171717161611111
555555555555555111
444444444444443411
444444444444444411
333333333333333311
456666665666666541
555555555555555511
555555555555555151
555555555551515151
777777717111111111
444444444111111111
666661616111111111
444441414111111111
666666666111111111
777777777171711111
765171717161611111
555555555555555111
444444444444344411
444444444444444411
333333333333333311
456666665666666541
555555555555555511
555555555555555151
555555555551515151
777777717111111111
444444444111111111
666661616111111111
444441414111111111
666666666111111111
777777777171711111
765171717161611111
555555555555555111
444444444434444411
444444444444444411
333333333333333311
456666665666666541
555555555555555511
555555555555555151
555555555551515151
777777717111111111
444444444111111111
666661616111111111
444441414111111111
666666666111111111
777777777171711111
765171717161611111
555555555555555111
444444443444444411
444444444444444411
333333333333333311
456666665666666541
555555555555555511
555555555555555151
555555555551515151
777777717111111111
444444444111111111
666661616111111111
444441414111111111
666666666111111111
777777777171711111
765171717161611111
555555555555555111
444444344444444411
444444444444444411
333333333333333311
456666665666666541
555555555555555511
555555555555555151
555555555551515151
777777717111111111
444444444111111111
666661616111111111
444441414111111111
666666666111111111
777777777171711111
765171717161611111
555555555555555111
444434444444444411
444444444444444411
333333333333333311
456666665666666541
555555555555555511
555555555555555151
555555555551515151
777777717111111111
444444444111111111
666661616111111111
444441414111111111
666666666111111111
777777777171711111
765171717161611111
555555555555555111
443444444444444411
444444444444444411
333333333333333311
456666665666666541
555555555555555511
555555555555555151
555555555551515151
777777716111111111
444444444111111111
666661616111111111
444441414111111111
666666666111111111
777777777171711111
765171717161611111
555555555555555111
444444444444444411
444444444444444411
333333333333333311
456666665666666541
555555555555555511
555555555555555151
555555555551515151
777777617111111111
444444444111111111
666661616111111111
444441414111111111
666666666111111111
777777777171711111
765171717161611111
555555555555555111
444444444444444411
444444444444444411
333333333333333311
456666665666666541
555555555555555511
555555555555555151
555555555551515151
777767717111111111
444444444111111111
666661616111111111
444441414111111111
666666666111111111
777777777171711111
765171717161611111
555555555555555111
444444444444444411
444444444444444411
333333333333333311
456666665666666541
555555555555555511
555555555555555151
555555555551515151
776777717111111111
444444444111111111
666661616111111111
444441414111111111
666666666111111111
777777777171711111
765171717161611111
555555555555555111
444444444444444411
444444444444444411
333333333333333311
456666665666666541
555555555555555511
555555555555555151
555555555551515151
677777717111111111
444444444111111111
666661616111111111
444441414111111111
666666666111111111
777777777171711111
765171717161611111
555555555555555111
444444444444444411
444444444444444411
333333333333333311
456666665666666541
555555555555555511
555555555555555151
555555555551515151
777777717111111111
444444444111111111
666661616111111111
444441414111111111
666666666111111111
777777777171611111
765171717161611111
555555555555555111
444444444444444411
444444444444444411
333333333333333311
456666665666666541
555555555555555511
555555555555555151
555555555551515151
777777717111111111
444444444111111111
666661616111111111
444441414111111111
666666666111111111
677777777171611111
765171717161611111
555555555555555111
444444444444444411
444444444444444411
333333333333333311
456666665666666541
555555555555555511
555555555555555151
555555555551515151
777777717111111111
444444444111111111
666661616111111111
444441414111111111
666666666111111111
777777777161611111
765171717161611111
555555555555555111
444444444444444411
444444444444444411
333333333333333311
456666665666666541
555555555555555511
555555555555555151
555555555551515151
777777717111111111
444444444111111111
666661616111111111
444441414111111111
666666666111111111
777777776171611111
765171717161611111
555555555555555111
444444444444444411
444444444444444411
333333333333333311
456666665666666541
555555555555555511
555555555555555151
555555555551515151
777777717111111111
444444444111111111
666661616111111111
444441414111111111
666666666111111111
777777677171611111
765171717161611111
555555555555555111
444444444444444411
444444444444444411
333333333333333311
456666665666666541
555555555555555511
555555555555555151
555555555551515151
777777717111111111
444444444111111111
666661616111111111
444441414111111111
666666666111111111
777767777171611111
765171717161611111
555555555555555111
444444444444444411
444444444444444411
333333333333333311
456666665666666541
555555555555555511
555555555555555151
555555555551515151
777777717111111111
444444444111111111
666661616111111111
444441414111111111
666666666111111111
776777777171611111
765171717161611111
555555555555555111
444444444444444411
444444444444444411
333333333333333311
456666665666666541
555555555555555511
555555555555555151
555555555551515151
777777717111111111
444444444111111111
666661616111111111
444441414111111111
666666666111111111
777777777171611111
765171717161611111
555555555555555111
444444444444444411
444444444444444411
333333333333332311
456666665666666541
555555555555555511
555555555555555151
555555555551515151
777777717111111111
444444444111111111
666661616111111111
444441414111111111
666666666111111111
777777777171611111
765171717161611111
555555555555555111
444444444444444411
444444444444444411
333333333333233311
456666665666666541
555555555555555511
555555555555555151
555555555551515151
777777717111111111
444444444111111111
666661616111111111
444441414111111111
666666666111111111
777777777171611111
765171717161611111
555555555555555111
444444444444444411
444444444444444411
333323333333333311
456666665666666541
555555555555555511
555555555555555151
555555555551515151
777777717111111111
444444444111111111
666661616111111111
444441414111111111
666666666111111111
777777777171611111
765171717161611111
555555555555555111
444444444444444411
444444444444444411
333333233333333311
456666665666666541
555555555555555511
555555555555555151
555555555551515151
777777717111111111
444444444111111111
666661616111111111
444441414111111111
666666666111111111
777777777171611111
765171717161611111
555555555555555111
444444444444444411
444444444444444411
333333333323333311
456666665666666541
555555555555555511
555555555555555151
555555555551515151
777777717111111111
444444444111111111
666661616111111111
444441414111111111
666666666111111111
777777777171611111
765171717161611111
555555555555555111
444444444444444411
444444444444444411
332333333323333311
456666665666666541
555555555555555511
555555555555555151
555555555551515151
777777717111111111
444444444111111111
666661616111111111
444441414111111111
666666666111111111
777777777171611111
765171717161611111
555555555555555111
444444444444444411
444444444444444411
233333333323333311
456666665666666541
555555555555555511
555555555555555151
555555555551515151
777777717111111111
444444444111111111
666661616111111111
444441414111111111
666666666111111111
777777777171611111
765171717161611111
555555555555555111
444444444444444411
444444444444444411
333333332323333311
456666665666666541
555555555555555511
555555555555555151
555555555551515151
777777717111111111
444444444111111111
666661616111111111
444441414111111111
666666666111111111
777777777171611111
765171717161611111
555555555555555111
444444444444444411
444444444444444411
333333333323333311
456666665666666531
555555555555555511
555555555555555151
555555555551515151
777777717111111111
444444444111111111
666661616111111111
444441414111111111
666666666111111111
777777777171611111
765171717161611111
555555555555555111
444444444444444411
444444444444444411
333333333323333311
356666665666666531
555555555555555511
555555555555555151
555555555551515151
777777717111111111
444444444111111111
666661616111111111
444441414111111111
666666666111111111
777777777171611111
765171717161611111
555555555555555111
444444444444444411
444444444444444411
333333333323333311
446666665666666531
555555555555555511
555555555555555151
555555555551515151
777777717111111111
444444444111111111
666661616111111111
444441414111111111
666666666111111111
777777777171611111
765171717161611111
555555555555555111
444444444444444411
444444444444444411
333333333323333311
446666665666666431
555555555555555511
555555555555555151
555555555551515151
777777717111111111
444444444111111111
666661616111111111
444441414111111111
666666666111111111
777777777171611111
764171717161611111
555555555555555111
444444444444444411
444444444444444411
333333333323333311
446666665666666431
555555555555555511
555555555555555151
555555555551515151
777777717111111111
444444444111111111
666661616111111111
444441414111111111
666666666111111111
777777777171611111
755171717161611111
555555555555555111
444444444444444411
444444444444444411
333333333323333311
446666665666666431
555555555555555511
555555555555555151
555555555551515151
777777717111111111
444444444111111111
666661616111111111
444441414111111111
666666666111111111
777777777171611111
765171717161611111
555555555555555111
434444444444444411
444444444444444411
333333333323333311
446666665666666431
555555555555555511
555555555555555151
555555555551515151
777777717111111111
444444444111111111
666661616111111111
444441414111111111
666666666111111111
777777777171611111
765171717161611111
555555555555555111
444444444444444311
444444444444444411
333333333323333311
446666665666666431
555555555555555511
555555555555555151
555555555551515151
777777717111111111
444444444111111111
666661616111111111
444441414111111111
666666666111111111
777777777171611111
765171717161611111
555555555555555111
444444444444434411
444444444444444411
333333333323333311
446666665666666431
555555555555555511
555555555555555151
555555555551515151
777777717111111111
444444444111111111
666661616111111111
444441414111111111
666666666111111111
777777777171611111
765171717161611111
555555555555555111
444444444443444411
444444444444444411
333333333323333311
446666665666666431
555555555555555511
555555555555555151
555555555551515151
777777717111111111
444444444111111111
666661616111111111
444441414111111111
666666666111111111
777777777171611111
765171717161611111
555555555555555111
444444444344444411
444444444444444411
333333333323333311
446666665666666431
555555555555555511
555555555555555151
555555555551515151
777777717111111111
444444444111111111
666661616111111111
444441414111111111
666666666111111111
777777777171611111
765171717161611111
555555555555555111
444444434444444411
444444444444444411
333333333323333311
446666665666666431
555555555555555511
555555555555555151
555555555551515151
777777717111111111
444444444111111111
666661616111111111
444441414111111111
666666666111111111
777777777171611111
765171717161611111
555555555555555111
444443444444444411
444444444444444411
333333333323333311
446666665666666431
555555555555555511
555555555555555151
555555555551515151
777777717111111111
444444444111111111
666661616111111111
444441414111111111
666666666111111111
777777777171611111
765171717161611111
555555555555555111
444344444444444411
444444444444444411
333333333323333311
446666665666666431
555555555555555511
555555555555555151
555555555551515151
777777717111111111
444444444111111111
666661616111111111
444441414111111111
666666666111111111
777777777171511111
765171717161611111
555555555555555111
444444444444444411
444444444444444411
333333333323333311
446666665666666431
555555555555555511
555555555555555151
555555555551515151
777776717111111111
444444444111111111
666661616111111111
444441414111111111
666666666111111111
777777777171611111
765171717161611111
555555555555555111
444444444444444411
444444444444444411
333333333323333311
446666665666666431
555555555555555511
555555555555555151
555555555551515151
777677717111111111
444444444111111111
666661616111111111
444441414111111111
666666666111111111
777777777171611111
765171717161611111
555555555555555111
444444444444444411
444444444444444411
333333333323333311
446666665666666431
555555555555555511
555555555555555151
555555555551515151
767777717111111111
444444444111111111
666661616111111111
444441414111111111
666666666111111111
777777777171611111
765171717161611111
555555555555555111
444444444444444411
444444444444444411
333333333323333311
446666665666666431
555555555555555511
555555555555555151
555555555551515151
777777717111111111
444444444111111111
666661616111111111
444441414111111111
666666666111111111
767777777171611111
765171717161611111
555555555555555111
444444444444444411
444444444444444411
333333333323333311
446666665666666431
555555555555555511
555555555555555151
555555555551515151
777777717111111111
444444444111111111
666661616111111111
444441414111111111
666666666111111111
777777767171611111
765171717161611111
555555555555555111
444444444444444411
444444444444444411
333333333323333311
446666665666666431
555555555555555511
555555555555555151
555555555551515151
777777717111111111
444444444111111111
666661616111111111
444441414111111111
666666666111111111
777776777171611111
765171717161611111
555555555555555111
444444444444444411
444444444444444411
333333333323333311
446666665666666431
555555555555555511
555555555555555151
555555555551515151
777777717111111111
444444444111111111
666661616111111111
444441414111111111
666666666111111111
777677777171611111
765171717161611111
555555555555555111
444444444444444411
444444444444444411
333333333323333311
446666665666666431
555555555555555511
555555555555555151
555555555551515151
777777717111111111
444444444111111111
666661616111111111
344441414111111111
666666666111111111
777777777171611111
765171717161611111
555555555555555111
444444444444444411
444444444444444411
333333333323333311
446666665666666431
555555555555555511
555555555555555151
555555555551515151
777777717111111111
444444444111111111
666661616111111111
444441413111111111
666666666111111111
777777777171611111
765171717161611111
555555555555555111
444444444444444411
444444444444444411
333333333323333311
446666665666666431
555555555555555511
555555555555555151
555555555551515151
777777717111111111
444444444111111111
666661616111111111
444431414111111111
666666666111111111
777777777171611111
765171717161611111
555555555555555111
444444444444444411
444444444444444411
333333333323333311
446666665666666431
555555555555555511
555555555555555151
555555555551515151
777777717111111111
444444444111111111
666661616111111111
444441314111111111
666666666111111111
777777777171611111
765171717161611111
555555555555555111
444444444444444411
444444444444444411
333333333323333311
446666665666666431
555555555555555511
555555555555555151
555555555551515151
777777717111111111
444444444111111111
666661616111111111
443441414111111111
666666666111111111
777777777171611111
765171717161611111
555555555555555111
444444444444444411
444444444444444411
333333333323333311
446666665666666431
555555555555555511
555555555555555151
555555555551515151
777777717111111111
444444444111111111
666661616111111111
444441414111111111
666666666111111111
777777777171611111
765171717161611111
555555555555555111
444444444444444411
444444444444444411
333333333323333211
446666665666666431
555555555555555511
555555555555555151
555555555551515151
777777717111111111
444444444111111111
666661616111111111
444441414111111111
666666666111111111
777777777171611111
765171717161611111
555555555555555111
444444444444444411
444444444444444411
333332333323333211
446666665666666431
555555555555555511
555555555555555151
555555555551515151
777777717111111111
444444444111111111
666661616111111111
444441414111111111
666666666111111111
777777777171611111
765171717161611111
555555555555555111
444444444444444411
444444444444444411
333333323323333211
446666665666666431
555555555555555511
555555555555555151
555555555551515151
777777717111111111
444444444111111111
666661616111111111
444441414111111111
666666666111111111
777777777171611111
765171717161611111
555555555555555111
444444444444444411
444444444444444411
333333333323323211
446666665666666431
555555555555555511
555555555555555151
555555555551515151
777777717111111111
444444444111111111
666661616111111111
444441414111111111
666666666111111111
777777777171611111
765171717161611111
555555555555555111
444444444444444411
444444444444444411
333233333323333211
446666665666666431
555555555555555511
555555555555555151
555555555551515151
777777717111111111
444444444111111111
666661616111111111
444441414111111111
666666666111111111
777777777171611111
765171717161611111
555555555555555111
444444444444444411
444444444444444411
323233333323333211
446666665666666431
555555555555555511
555555555555555151
555555555551515151
777777717111111111
444444444111111111
666661616111111111
444441414111111111
666666666111111111
777777777171611111
765171717161611111
555555555555555111
444444444444444411
444444444444444411
333233333323333211
436666665666666431
555555555555555511
555555555555555151
555555555551515151
777777717111111111
444444444111111111
666661616111111111
444441414111111111
666666666111111111
777777777171611111
765171717161611111
555555555555555111
444444444444444411
444444444444444411
333233333323333211
446666665666666331
555555555555555511
555555555555555151
555555555551515151
777777717111111111
444444444111111111
666661616111111111
444441414111111111
666666666111111111
777777777171611111
765171717161611111
555555555555555111
444444444444444411
444444444444444411
333233333323333211
446666665666666421
555555555555555511
555555555555555151
555555555551515151
777777717111111111
344444444111111111
666661616111111111
444441414111111111
666666666111111111
777777777171611111
765171717161611111
555555555555555111
444444444444444411
444444444444444411
333233333323333211
446666665666666421
555555555555555511
555555555555555151
555555555551515151
777777717111111111
344444443111111111
666661616111111111
444441414111111111
666666666111111111
777777777171611111
765171717161611111
555555555555555111
444444444444444411
444444444444444411
333233333323333211
446666665666666421
555555555555555511
555555555555555151
555555555551515151
777777717111111111
344444344111111111
666661616111111111
444441414111111111
666666666111111111
777777777171611111
765171717161611111
555555555555555111
444444444444444411
444444444444444411
333233333323333211
446666665666666421
555555555555555511
555555555555555151
555555555551515151
777777717111111111
344434444111111111
666661616111111111
444441414111111111
666666666111111111
777777777171611111
765171717161611111
555555555555555111
444444444444444411
444444444444444411
333233333323333211
446666665666666421
555555555555555511
555555555555555151
555555555551515151
777777717111111111
343444444111111111
666661616111111111
444441414111111111
666666666111111111
777777777171611111
765171717161611111
555555555555555111
444444444444444411
444444444444444411
333233333323333211
446666665666666421
555555555555555511
555555555555555151
555555555551515151
777777717111111111
344444444111111111
666661616111111111
444441414111111111
666666666111111111
777777777171611111
765171717161611111
555555555555555111
444444444444444411
444444444444444411
333233333323333211
446666665666666421
555555555555555511
455555555555555151
555555555551515151
777777717111111111
344444444111111111
666661616111111111
444441414111111111
666666666111111111
777777777171611111
765171717161611111
555555555555555111
444444444444444411
444444444444444411
333233333323333211
446666665666666421
555555555555555511
454555555555555151
555555555551515151
777777717111111111
344444444111111111
666661616111111111
444441414111111111
666666666111111111
777777777171611111
765171717161611111
555555555555555111
444444444444444411
444444444444444411
333233333323333211
446666665666666421
555555555555555511
454555555555555141
555555555551515151
777777717111111111
344444444111111111
666661616111111111
444441414111111111
666666666111111111
777777777171611111
765171717161611111
555555555555555111
444444444444444411
444444444444444411
333233333323333211
446666665666666421
555555555555555511
454555554555555141
555555555551515151
777777717111111111
344444444111111111
666661616111111111
444441414111111111
666666666111111111
777777777171611111
765171717161611111
555555555555555111
444444444444444411
444444444444444411
333233333323333211
446666665666666421
555555555555555511
454545554555555141
555555555551515151
777777717111111111
344444444111111111
666661616111111111
444441414111111111
666666666111111111
777777777171611111
765171717161611111
555555555555555111
444444444444444411
444444444444444411
333233333323333211
446666665666666421
555555555555555511
454545554545555141
555555555551515151
777777717111111111
344444444111111111
666661616111111111
444441414111111111
666666666111111111
777777777171611111
765171717161611111
555555555555555111
444444444444444411
444444444444444411
333233333323333211
446666665666666421
555555555555555511
454545454555555141
555555555551515151
777777717111111111
344444444111111111
666661616111111111
444441414111111111
666666666111111111
777777777171611111
765171717161611111
555555555555555111
444444444444444411
444444444444444411
333233333323333211
446666665666666421
555555555555555511
454545554555554141
555555555551515151
777777717111111111
344444444111111111
666661616111111111
444441414111111111
666666666111111111
777777777171611111
765171717161611111
555555555555555111
444444444444444411
444444444444444411
333233333323333211
446666665666666421
555555555555555511
454545554555455141
555555555551515151
777777717111111111
344444444111111111
666661616111111111
434441414111111111
666666666111111111
777777777171611111
765171717161611111
555555555555555111
444444444444444411
444444444444444411
333233333323333211
446666665666666421
555555555555555511
454545554555555141
555555555551515151
777777717111111111
344444444111111111
666661616111111111
444341414111111111
666666666111111111
777777777171611111
765171717161611111
555555555555555111
444444444444444411
444444444444444411
333233333323333211
446666665666666421
555555555555555511
454545554555555141
555555555551515151
777777717111111111
344444444111111111
666661616111111111
444441414111111111
666666666111111111
777777777171611111
765171717161611111
555555555555554111
444444444444444411
444444444444444411
333233333323333211
446666665666666421
555555555555555511
454545554555555141
555555555551515151
777777717111111111
344444444111111111
666661616111111111
444441414111111111
666666666111111111
777777777171611111
765171717161611111
455555555555554111
444444444444444411
444444444444444411
333233333323333211
446666665666666421
555555555555555511
454545554555555141
555555555551515151
777777717111111111
344444444111111111
666661616111111111
444441414111111111
666666666111111111
777777777171611111
765171717161611111
555555555555454111
444444444444444411
444444444444444411
333233333323333211
446666665666666421
555555555555555511
454545554555555141
555555555551515151
777777717111111111
344444444111111111
666661616111111111
444441414111111111
666666666111111111
777777777171611111
765171717161611111
555555555545554111
444444444444444411
444444444444444411
333233333323333211
446666665666666421
555555555555555511
454545554555555141
555555555551515151
777777717111111111
344444444111111111
666661616111111111
444441414111111111
666666666111111111
777777777171611111
765171717161611111
555555554555554111
444444444444444411
444444444444444411
333233333323333211
446666665666666421
555555555555555511
454545554555555141
555555555551515151
777777717111111111
344444444111111111
666661616111111111
444441414111111111
666666666111111111
777777777171611111
765171717161611111
555555455555554111
444444444444444411
444444444444444411
333233333323333211
446666665666666421
555555555555555511
454545554555555141
555555555551515151
777777717111111111
344444444111111111
666661616111111111
444441414111111111
666666666111111111
777777777171611111
765171717161611111
555545555555554111
444444444444444411
444444444444444411
333233333323333211
446666665666666421
555555555555555511
454545554555555141
555555555551515151
777777717111111111
344444444111111111
666661616111111111
444441414111111111
666666666111111111
777777777171611111
765171717161611111
554555555555554111
444444444444444411
444444444444444411
333233333323333211
446666665666666421
555555555555555511
454545554555555141
555555555551515151
777777717111111111
344444444111111111
666661616111111111
444441414111111111
666666666111111111
777777777171611111
765171717161611111
555555555555554111
444444444444444411
444444444444444411
333233333323333211
446666665666666421
555555555555555511
354545554555555141
555555555551515151
777777717111111111
344444444111111111
666661616111111111
444441414111111111
666666666111111111
777777777171611111
765171717161611111
555555555555554111
444444444444444411
444444444444444411
333233333323333211
446666665666666421
555555555555555511
353545554555555141
555555555551515151
777777717111111111
344444444111111111
666661616111111111
444441414111111111
666666666111111111
777777777171611111
765171717161611111
555555555555554111
444444444444444411
444444444444444411
333233333323333211
446666665666666421
555555555555555511
354545554555555131
555555555551515151
777777717111111111
344444444111111111
666661616111111111
444441414111111111
666666666111111111
777777777171611111
765171717161611111
555555555555554111
444444444444444411
444444444444444411
333233333323333211
446666665666666421
555555555555555511
354545553555555141
555555555551515151
777777717111111111
344444444111111111
666661616111111111
444441414111111111
666666666111111111
777777777171611111
765171717161611111
555555555555554111
444444444444444411
444444444444444411
333233333323333211
446666665666666421
555555555555555511
354535554555555141
555555555551515151
777777717111111111
344444444111111111
666661616111111111
444441414111111111
666666665111111111
777777777171611111
765171717161611111
555555555555554111
444444444444444411
444444444444444411
333233333323333211
446666665666666421
555555555555555511
354545554555555141
555555555551515151
777777717111111111
344444444111111111
666661616111111111
444441414111111111
566666665111111111
777777777171611111
765171717161611111
555555555555554111
444444444444444411
444444444444444411
333233333323333211
446666665666666421
555555555555555511
354545554555555141
555555555551515151
777777717111111111
344444444111111111
666661616111111111
444441414111111111
666666565111111111
777777777171611111
765171717161611111
555555555555554111
444444444444444411
444444444444444411
333233333323333211
446666665666666421
555555555555555511
354545554555555141
555555555551515151
777777717111111111
344444444111111111
666661616111111111
444441414111111111
666656665111111111
777777777171611111
765171717161611111
555555555555554111
444444444444444411
444444444444444411
333233333323333211
446666665666666421
555555555555555511
354545554555555141
555555555551515151
777777717111111111
344444444111111111
666661616111111111
444441414111111111
665666665111111111
777777777171611111
765171717161611111
555555555555554111
444444444444444411
444444444444444411
333233333323333211
446666665666666421
555555555555555511
354545554555555141
555555555551515151
777777717111111111
344444444111111111
666661616111111111
444441414111111111
666666665111111111
777777777171611111
765171717161611111
555555555555554111
444444444444444411
444444444444444411
333233333323333211
446666665666666421
555555555555555511
354545554555555141
455555555551515151
777777717111111111
344444444111111111
666661616111111111
444441414111111111
666666665111111111
777777777171611111
765171717161611111
555555555555554111
444444444444444411
444444444444444411
333233333323333211
446666665666666421
555555555555555511
354545554555555141
454555555551515151
777777717111111111
344444444111111111
666661616111111111
444441414111111111
666666665111111111
777777777171611111
765171717161611111
555555555555554111
444444444444444411
444444444444444411
333233333323333211
446666665666666421
555555555555555511
354545554555555141
454555554551515151
777777717111111111
344444444111111111
666661616111111111
444441414111111111
666666665111111111
777777777171611111
765171717161611111
555555555555554111
444444444444444411
444444444444444411
333233333323333211
446666665666666421
555555555555555511
354545554555555141
454555554541515151
777777717111111111
344444444111111111
666661616111111111
444441414111111111
666666665111111111
777777777171611111
765171717161611111
555555555555554111
444444444444444411
444444444444444411
333233333323333211
446666665666666421
555555555555555511
354545554555555141
454555554541515141
777777717111111111
344444444111111111
666661616111111111
444441414111111111
666666665111111111
777777777171611111
765171717161611111
555555555555554111
444444444444444411
444444444444444411
333233333323333211
446666665666666421
555555555555555511
354545554555555141
454545554541515151
777777717111111111
344444444111111111
666661616111111111
444441414111111111
666666665111111111
777777777171611111
765171717161611111
555555555555554111
444444444444444411
444444444444444411
333233333323333211
446666665666666421
555555555555555511
354545554555555141
454545554541514151
777777717111111111
344444444111111111
666661616111111111
444441414111111111
666666665111111111
777777777171611111
765171717161611111
555555555555554111
444444444444444411
444444444444444411
333233333323333211
446666665666666421
555555555555555511
354545554555555141
454545554541415151
777777717111111111
344444444111111111
666661616111111111
444441414111111111
666666665111111111
777777777171611111
765171717161611111
555555555555554111
444444444444444411
444444444444444411
333233333323333211
446666665666666421
555555555555555511
354545554555555141
454545454541515151
777777717111111111
334444444111111111
666661616111111111
444441414111111111
666666665111111111
777777777171611111
765171717161611111
555555555555554111
444444444444444411
444444444444444411
333233333323333211
446666665666666421
555555555555555511
354545554555555141
454545454541515151
777777717111111111
344444434111111111
666661616111111111
444441414111111111
666666665111111111
777777777171611111
765171717161611111
555555555555554111
444444444444444411
444444444444444411
333233333323333211
446666665666666421
555555555555555511
354545554555555141
454545454541515151
777777717111111111
344443434111111111
666661616111111111
444441414111111111
666666665111111111
777777777171611111
765171717161611111
555555555555554111
444444444444444411
444444444444444411
333233333323333211
446666665666666421
555555555555555511
354545554555555141
454545454541515151
777777717111111111
344344434111111111
666661616111111111
444441414111111111
666666665111111111
777777777171611111
765171717161611111
555555555555554111
444444444444444411
444444444444444411
333233333323333211
446666665666666421
555555555555555511
354545554555555141
454545454541515151
777777717111111111
244444434111111111
666661616111111111
444441414111111111
666666665111111111
777777777171611111
765171717161611111
555555555555554111
444444444444444411
444444444444444411
333233333323333211
446666665666666421
555555555555555511
354545554555555141
454545454541515151
777777717111111111
344444434111111111
666651616111111111
444441414111111111
666666665111111111
777777777171611111
765171717161611111
555555555555554111
444444444444444411
444444444444444411
333233333323333211
446666665666666421
555555555555555511
354545554555555141
454545454541515151
777777717111111111
344444434111111111
666651615111111111
444441414111111111
666666665111111111
777777777171611111
765171717161611111
555555555555554111
444444444444444411
444444444444444411
333233333323333211
446666665666666421
555555555555555511
354545554555555141
454545454541515151
777777717111111111
344444434111111111
566651615111111111
444441414111111111
666666665111111111
777777777171611111
765171717161611111
555555555555554111
444444444444444411
444444444444444411
333233333323333211
446666665666666421
555555555555555511
354545554555555141
454545454541515151
777777717111111111
344444434111111111
565651615111111111
444441414111111111
666666665111111111
777777777171611111
765171717161611111
555555555555554111
444444444444444411
444444444444444411
333233333323333211
446666665666666421
555555555555555511
354545554555555141
454545454541515151
777777717111111111
344444434111111111
565651515111111111
444441414111111111
666666665111111111
777777777171611111
765171717161611111
555555555555554111
444444444444444411
444444444444444411
333233333323333211
446666665666666421
555555555555555511
354545554555555141
454545454541515151
777777717111111111
344444434111111111
565651515111111111
444441414111111111
666666665111111111
777777777171611111
765171717161611111
555555555555554111
444444444444444411
444444444444444411
333233333323333211
446666665666666421
555555555555555511
344545554555555141
454545454541515151
777777717111111111
344444434111111111
565651515111111111
444441414111111111
666666665111111111
777777777171611111
765171717161611111
555555555555554111
444444444444444411
444444444444444411
333233333323333211
446666665666666421
555555555555555511
344445554555555141
454545454541515151
777777717111111111
344444434111111111
565651515111111111
444441414111111111
666666665111111111
777777777171611111
765171717161611111
555555555555553111
444444444444444411
444444444444444411
333233333323333211
446666665666666421
555555555555555511
344545554555555141
454545454541515151
777777717111111111
344444434111111111
565651515111111111
444441414111111111
666666665111111111
777777777171611111
765171717161611111
555555555555554111
444444444444444411
444444444444444411
333233333323333211
446666665666666421
555555555555555511
244545554555555141
454545454541515151
777777717111111111
344444434111111111
565651515111111111
444441414111111111
666666664111111111
777777777171611111
765171717161611111
555555555555554111
444444444444444411
444444444444444411
333233333323333211
446666665666666421
555555555555555511
344545554555555141
454545454541515151
777777717111111111
344444434111111111
565651515111111111
444441414111111111
666666665111111111
777777777171611111
765171717161611111
555555555555554111
444444444444444411
444444444444444411
333233333323333211
446666665666666421
555555555555555511
344545554555555141
354545454541515151
777777717111111111
344444434111111111
565651515111111111
444441414111111111
666666665111111111
777777777171611111
765171717161611111
555555555555554111
444444444444444411
444444444444444411
333233333323333211
446666665666666421
555555555555555511
344545554555555141
453545454541515151
777777717111111111
344444434111111111
565651515111111111
444441414111111111
666666665111111111
777777777171611111
765171717161611111
555555555555554111
444444444444444411
444444444444444411
333233333323333211
446666665666666421
555555555555555511
344545554555555141
453545454531515151
777777717111111111
344444434111111111
565651515111111111
444441414111111111
666666665111111111
777777777171611111
765171717161611111
555555555555554111
444444444444444411
444444444444444411
333233333323333211
446666665666666421
555555555555555511
344545554555555141
453545453541515151
