3510468295
13 15 50
666666666666666666666666666666
666666666666666666666666666666
666666666666666666666666666666
666666666666666666666666666666
666666666666666666666666666666
666666666666666666666666666666
666666666666666666666666666666
666666666666666666666666666666
666666666666666666666666666666
666666666666666666666666666666
666666666666666666666666666666
666666666666666666666666666666
666666666666666666666666666666
555555555555555555555555555555
555555555555555555555555555555
555555555555555555555555555555
555555555555555555555555555555
555555555555555555555555555555
555555555555555555555555555555
555555555555555555555555555555
555555555555555555555555555555
555555555555555555555555555555
555555555555555555555555555555
555555555555555555555555555555
555555555555555555555555555555
555555555555555555555555555555
555555555555555555555555555555
555555555555555555555555555555
555555555555555555555555555555
555555555555555555555555555555
555555555555555555555555555555
555555555555555555555555555555
555555555555555555555555555555
333333333333333333333333333333
555555555555555555555555555555
555555555555555555555555555555
555555555555555555555555555555
555555555555555555555555555555
555555555555555555555555555555
555555555555555555555555555555
555555555555555555555555555555
555555555555555555555555555555
555555555555555555555555555555
555555555555555555555555555555
555555555555555555555555555555
555555555555555555555555555555
444444444444444444444444444444
555555555555555555555555555555
555555555555555555555555555555
555555555555555555555555555555
555555555555555555555555555555
555555555555555555555555555555
555555555555555555555555555555
555555555555555555555555555555
555555555555555555555555555555
333333333333333333333333333333
555555555555555555555555555555
555555555555555555555555555555
555555555555555555555555555555
444444444444444444444444444444
555555555555555555555555555555
555555555555555555555555555555
555555555555555555555555555555
555555555555555555555555555555
555555555555555555555555555555
555555555555555555555555555555
555555555555555555555555555555
555555555555555555555555555555
444444444444444444444444444444
555555555555555555555555555555
555555555555555555555555555555
555555555555555555555555555555
444444444444444444444444444444
555555555555555555555555555555
555555555555555555555555555555
555555555555555555555555555555
555555555555555555555555555555
555555555555555555555555555555
555555555555555555555555555555
555555555555555555555555555555
555555555555555555555555555555
444444444444444444444444444444
555555555555555555555555555555
555555555555555555555555555555
555555555555555555555555555555
444444444444444444444444444444
555555555555555555555555555555
333333333333333333333333333333
555555555555555555555555555555
555555555555555555555555555555
555555555555555555555555555555
555555555555555555555555555555
555555555555555555555555555555
555555555555555555555555555555
444444444444444444444444444444
555555555555555555555555555555
555555555555555555555555555555
555555555555555555555555555555
444444444444444444444444444444
555555555555555555555555555555
444444444444444444444444444444
555555555555555555555555555555
555555555555555555555555555555
555555555555555555555555555555
555555555555555555555555555555
555555555555555555555555555555
555555555555555555555555555555
444444444444444444444444444444
555555555555555555555555555555
555555555555555555555555555555
555555555555555555555555555555
444444444444444444444444444444
555555555555555555555555555555
555555555555555555555555555555
555555555555555555555555555555
333333333333333333333333333333
555555555555555555555555555555
555555555555555555555555555555
555555555555555555555555555555
555555555555555555555555555555
444444444444444444444444444444
555555555555555555555555555555
555555555555555555555555555555
555555555555555555555555555555
444444444444444444444444444444
555555555555555555555555555555
555555555555555555555555555555
555555555555555555555555555555
444444444444444444444444444444
555555555555555555555555555555
555555555555555555555555555555
555555555555555555555555555555
555555555555555555555555555555
444444444444444444444444444444
555555555555555555555555555555
555555555555555555555555555555
555555555555555555555555555555
444444444444444444444444444444
555555555555555555555555555555
555555555555555555555555555555
555555555555555555555555555555
555555555555555555555555555555
333333333333333333333333333333
555555555555555555555555555555
555555555555555555555555555555
555555555555555555555555555555
444444444444444444444444444444
555555555555555555555555555555
555555555555555555555555555555
555555555555555555555555555555
444444444444444444444444444444
555555555555555555555555555555
555555555555555555555555555555
555555555555555555555555555555
555555555555555555555555555555
444444444444444444444444444444
555555555555555555555555555555
555555555555555555555555555555
555555555555555555555555555555
444444444444444444444444444444
333333333333333333333333333333
555555555555555555555555555555
555555555555555555555555555555
444444444444444444444444444444
555555555555555555555555555555
555555555555555555555555555555
555555555555555555555555555555
555555555555555555555555555555
555555555555555555555555555555
555555555555555555555555555555
555555555555555555555555555555
555555555555555555555555555555
444444444444444444444444444444
444444444444444444444444444444
555555555555555555555555555555
555555555555555555555555555555
444444444444444444444444444444
555555555555555555555555555555
555555555555555555555555555555
555555555555555555555555555555
555555555555555555555555555555
555555555555555555555555555555
555555555555555555555555555555
333333333333333333333333333333
555555555555555555555555555555
444444444444444444444444444444
444444444444444444444444444444
555555555555555555555555555555
555555555555555555555555555555
444444444444444444444444444444
555555555555555555555555555555
555555555555555555555555555555
555555555555555555555555555555
555555555555555555555555555555
555555555555555555555555555555
555555555555555555555555555555
444444444444444444444444444444
555555555555555555555555555555
444444444444444444444444444444
444444444444444444444444444444
555555555555555555555555555555
555555555555555555555555555555
444444444444444444444444444444
555555555555555555555555555555
555555555555555555555555555555
555555555555555555555555555555
555555555555555555555555555555
555555555555555555555555555555
555555555555555555555555555555
444444444444444444444444444444
555555555555555555555555555555
444444444444444444444444444444
444444444444444444444444444444
555555555555555555555555555555
555555555555555555555555555555
444444444444444444444444444444
555555555555555555555555555555
555555555555555555555555555555
333333333333333333333333333333
555555555555555555555555555555
555555555555555555555555555555
555555555555555555555555555555
444444444444444444444444444444
555555555555555555555555555555
444444444444444444444444444444
444444444444444444444444444444
555555555555555555555555555555
555555555555555555555555555555
444444444444444444444444444444
555555555555555555555555555555
555555555555555555555555555555
444444444444444444444444444444
555555555555555555555555555555
555555555555555555555555555555
555555555555555555555555555555
444444444444444444444444444444
555555555555555555555555555555
444444444444444444444444444444
444444444444444444444444444444
555555555555555555555555555555
555555555555555555555555555555
444444444444444444444444444444
333333333333333333333333333333
555555555555555555555555555555
555555555555555555555555555555
555555555555555555555555555555
555555555555555555555555555555
555555555555555555555555555555
444444444444444444444444444444
555555555555555555555555555555
444444444444444444444444444444
444444444444444444444444444444
555555555555555555555555555555
555555555555555555555555555555
444444444444444444444444444444
444444444444444444444444444444
555555555555555555555555555555
555555555555555555555555555555
555555555555555555555555555555
555555555555555555555555555555
555555555555555555555555555555
444444444444444444444444444444
555555555555555555555555555555
444444444444444444444444444444
444444444444444444444444444444
333333333333333333333333333333
555555555555555555555555555555
444444444444444444444444444444
444444444444444444444444444444
555555555555555555555555555555
555555555555555555555555555555
555555555555555555555555555555
555555555555555555555555555555
555555555555555555555555555555
444444444444444444444444444444
555555555555555555555555555555
444444444444444444444444444444
444444444444444444444444444444
444444444444444444444444444444
555555555555555555555555555555
444444444444444444444444444444
444444444444444444444444444444
555555555555555555555555555555
555555555555555555555555555555
555555555555555555555555555555
555555555555555555555555555555
555555555555555555555555555555
444444444444444444444444444444
555555555555555555555555555555
444444444444444444444444444444
444444444444444444444444444444
555555555555555555555555555555
333333333333333333333333333333
444444444444444444444444444444
444444444444444444444444444444
555555555555555555555555555555
555555555555555555555555555555
555555555555555555555555555555
555555555555555555555555555555
333333333333333333333333333333
444444444444444444444444444444
555555555555555555555555555555
444444444444444444444444444444
444444444444444444444444444444
555555555555555555555555555555
333333333333333333333333333333
444444444444444444444444444444
444444444444444444444444444444
555555555555555555555555555555
555555555555555555555555555555
555555555555555555555555555555
555555555555555555555555555555
444444444444444444444444444444
444444444444444444444444444444
555555555555555555555555555555
444444444444444444444444444444
444444444444444444444444444444
555555555555555555555555555555
333333333333333333333333333333
444444444444444444444444444444
444444444444444444444444444444
555555555555555555555555555555
555555555555555555555555555555
555555555555555555555555555555
555555555555555555555555555555
555555555555555555555555555555
444444444444444444444444444444
333333333333333333333333333333
444444444444444444444444444444
444444444444444444444444444444
555555555555555555555555555555
333333333333333333333333333333
444444444444444444444444444444
444444444444444444444444444444
555555555555555555555555555555
555555555555555555555555555555
555555555555555555555555555555
555555555555555555555555555555
555555555555555555555555555555
444444444444444444444444444444
333333333333333333333333333333
444444444444444444444444444444
444444444444444444444444444444
555555555555555555555555555555
222222222222222222222222222222
444444444444444444444444444444
444444444444444444444444444444
555555555555555555555555555555
555555555555555555555555555555
555555555555555555555555555555
555555555555555555555555555555
555555555555555555555555555555
444444444444444444444444444444
222222222222222222222222222222
444444444444444444444444444444
444444444444444444444444444444
555555555555555555555555555555
333333333333333333333333333333
444444444444444444444444444444
444444444444444444444444444444
555555555555555555555555555555
555555555555555555555555555555
555555555555555555555555555555
555555555555555555555555555555
555555555555555555555555555555
444444444444444444444444444444
333333333333333333333333333333
444444444444444444444444444444
444444444444444444444444444444
555555555555555555555555555555
333333333333333333333333333333
444444444444444444444444444444
444444444444444444444444444444
555555555555555555555555555555
555555555555555555555555555555
555555555555555555555555555555
555555555555555555555555555555
555555555555555555551111111111
444444444444444444444411111111
333333333333333333333311111111
444444444444444444444411111111
444444444444444444444411111111
555555555555555555555555111111
333333333333333333333333331111
444444444444444444444444441111
444444444444444444444444441111
555555555555555555555555551111
555555555555555555555555551111
555555555555555555555555551111
555555555555555555555555555511
555555555555555555551111111111
444444444444444444444411111111
333333333333333333333311111111
444444444444444444444411111111
444444444444444444444411111111
555555555555555555555555111111
333333333333333333333333331111
444444444444444444444444341111
444444444444444444444444441111
555555555555555555555555551111
555555555555555555555555551111
555555555555555555555555551111
555555555555555555555555555511
555555555555555555551111111111
444444444444444444444411111111
333333333333333333333311111111
444444444444444444444411111111
444444444444444444444411111111
555555555555555555555555111111
333333333333333333333333331111
444444444444444444344444341111
444444444444444444444444441111
555555555555555555555555551111
555555555555555555555555551111
555555555555555555555555551111
555555555555555555555555555511
555555555555555555551111111111
444444444444444444444411111111
333333333333333333333311111111
444444444444444444444411111111
444444444444444444444411111111
555555555555555555555555111111
333333333333333333333333331111
344444444444444444344444341111
444444444444444444444444441111
555555555555555555555555551111
555555555555555555555555551111
555555555555555555555555551111
555555555555555555555555555511
555555555555555555551111111111
444444444444444444444411111111
333333333333333333333311111111
444444444444444444444411111111
444444444444444444444411111111
555555555555555555555555111111
333333333333333333333333331111
444444444444444444344434341111
444444444444444444444444441111
555555555555555555555555551111
555555555555555555555555551111
555555555555555555555555551111
555555555555555555555555555511
555555555555555555551111111111
444444444444444444444411111111
333333333333333333333311111111
444444444444444444444411111111
444444444444444444444411111111
555555555555555555555555111111
333333333333333333333333331111
444444444444444434344434341111
444444444444444444444444441111
555555555555555555555555551111
555555555555555555555555551111
555555555555555555555555551111
555555555555555555555555555511
555555555555555555551111111111
444444444444444444444411111111
333333333333333333333311111111
444444444444444444444411111111
444444444444444444444411111111
555555555555555555555555111111
333333333333333333333333331111
444444444444444434343434341111
444444444444444444444444441111
555555555555555555555555551111
555555555555555555555555551111
555555555555555555555555551111
555555555555555555555555555511
555555555555555555551111111111
444444444444444444444411111111
333333333333333333333311111111
444444444444444444444411111111
444444444444444444444411111111
555555555555555555555555111111
333333333333333333333333331111
443444444444444434343434341111
444444444444444444444444441111
555555555555555555555555551111
555555555555555555555555551111
555555555555555555555555551111
555555555555555555555555555511
555555555555555555551111111111
444444444444444444444411111111
333333333333333333333311111111
444444444444444444444411111111
444444444444444444444411111111
555555555555555555555555111111
333333333333333333333333331111
443434444444444434343434341111
444444444444444444444444441111
555555555555555555555555551111
555555555555555555555555551111
555555555555555555555555551111
555555555555555555555555555511
555555555555555555551111111111
444444444444444444444411111111
333333333333333333333311111111
444444444444444444444411111111
444444444444444444444411111111
555555555555555555555555111111
333333333333333333333333331111
443434444444443434343434341111
444444444444444444444444441111
555555555555555555555555551111
555555555555555555555555551111
555555555555555555555555551111
555555555555555555555555555511
555555555555555555551111111111
444444444444444444444411111111
333333333333333333333311111111
444444444444444444444411111111
444444444444444444444411111111
555555555555555555555555111111
333333333333333333333333331111
443434444444343434343434341111
444444444444444444444444441111
555555555555555555555555551111
555555555555555555555555551111
555555555555555555555555551111
555555555555555555555555555511
555555555555555555551111111111
444444444444444444444411111111
333333333333333333333311111111
444444444444444444444411111111
444444444444444444444411111111
555555555555555555555555111111
333333333333333333333333331111
443434444434343434343434341111
444444444444444444444444441111
555555555555555555555555551111
555555555555555555555555551111
555555555555555555555555551111
555555555555555555555555555511
555555555555555555551111111111
444444444444444444444411111111
333333333333333333333311111111
444444444444444444444411111111
444444444444444444444411111111
555555555555555555555555111111
333333333333333333333333331111
443434344434343434343434341111
444444444444444444444444441111
555555555555555555555555551111
555555555555555555555555551111
555555555555555555555555551111
555555555555555555555555555511
555555555555555555551111111111
444444444444444444444411111111
333333333333333333333311111111
444444444444444444444411111111
444444444444444444444411111111
555555555555555555555555111111
333333333333333333333333331111
443434343434343434343434341111
444444444444444444444444441111
555555555555555555555555551111
555555555555555555555555551111
555555555555555555555555551111
555555555555555555555555555511
555555555555555555551111111111
444444444444444444444411111111
333333333333333333333311111111
444444444444444444444411111111
444444444444444444444411111111
555555555555555555555555111111
333333333333333333333333331111
443434344434343434343434331111
444444444444444444444444441111
555555555555555555555555551111
555555555555555555555555551111
555555555555555555555555551111
555555555555555555555555555511
555555555555555555551111111111
444444444444444444444411111111
333333333333333333333311111111
444444444444444444444411111111
444444444444444444444411111111
555555555555555555555555111111
333333333333333333333333331111
443434344434343434343433331111
444444444444444444444444441111
555555555555555555555555551111
555555555555555555555555551111
555555555555555555555555551111
555555555555555555555555555511
555555555555555555551111111111
444444444444444444444411111111
333333333333333333333311111111
444444444444444444444411111111
444444444444444444444411111111
555555555555555555555555111111
333333333333333333333333331111
443434344434343434343333331111
444444444444444444444444441111
555555555555555555555555551111
555555555555555555555555551111
555555555555555555555555551111
555555555555555555555555555511
555555555555555555551111111111
444444444444444444444411111111
333333333333333333333311111111
444444444444444444444411111111
444444444444444444444411111111
555555555555555555555555111111
333333333333333333333333331111
443434344434343434333333331111
444444444444444444444444441111
555555555555555555555555551111
555555555555555555555555551111
555555555555555555555555551111
555555555555555555555555555511
555555555555555555551111111111
444444444444444444444411111111
333333333333333333333311111111
444444444444444444444411111111
444444444444444444444411111111
555555555555555555555555111111
333333333333333333333333331111
443434344434343433333333331111
444444444444444444444444441111
555555555555555555555555551111
555555555555555555555555551111
555555555555555555555555551111
555555555555555555555555555511
555555555555555555551111111111
444444444444444444444411111111
333333333333333333333311111111
444444444444444444444411111111
444444444444444444444411111111
555555555555555555555555111111
333333333333333333333333331111
443434344434343333333333331111
444444444444444444444444441111
555555555555555555555555551111
555555555555555555555555551111
555555555555555555555555551111
555555555555555555555555555511
555555555555555555551111111111
444444444444444444444411111111
333333333333333333333311111111
444444444444444444444411111111
444444444444444444444411111111
555555555555555555555555111111
333333333333333333333333331111
443434344434333333333333331111
444444444444444444444444441111
555555555555555555555555551111
555555555555555555555555551111
555555555555555555555555551111
555555555555555555555555555511
