2785965249
13 14 100
6666666666666666666666666666
6666666666666666666666666666
6666666666666666666666666666
6666666666666666666666666666
6666666666666666666666666666
6666666666666666666666666666
6666666666666666666666666666
6666666666666666666666666666
6666666666666666666666666666
6666666666666666666666666666
6666666666666666666666666666
6666666666666666666666666666
6666666666666666666666666666
7777777777777777777777777777
7777777777777777777777777777
7777777777777777777777777777
7777777777777777777777777777
7777777777777777777777777777
7777777777777777777777777777
7777777777777777777777777777
7777777777777777777777777777
7777777777777777777777777777
7777777777777777777777777777
7777777777777777777777777777
7777777777777777777777777777
7777777777777777777777777777
4444444444444444444444444444
7777777777777777777777777777
7777777777777777777777777777
7777777777777777777777777777
7777777777777777777777777777
7777777777777777777777777777
7777777777777777777777777777
7777777777777777777777777777
7777777777777777777777777777
7777777777777777777777777777
7777777777777777777777777777
7777777777777777777777777777
7777777777777777777777777777
5555555555555555555555555555
7777777777777777777777777777
7777777777777777777777777777
7777777777777777777777777777
7777777777777777777777777777
7777777777777777777777777777
7777777777777777777777777777
7777777777777777777777777777
7777777777777777777777777777
7777777777777777777777777777
7777777777777777777777777777
7777777777777777777777777777
7777777777777777777777777777
6666666666666666666666666666
7777777777777777777777777777
7777777777777777777777777777
7777777777777777777777777777
7777777777777777777777777777
7777777777777777777777777777
7777777777777777777777777777
7777777777777777777777777777
7777777777777777777777777777
7777777777777777777777777777
7777777777777777777777777777
7777777777777777777777777777
7777777777777777777777777777
7777777777777777777777777777
7777777777777777777777777777
7777777777777777777777777777
7777777777777777777777777777
7777777777777777777777777777
7777777777777777777777777777
7777777777777777777777777777
7777777777777777777777777777
7777777777777777777777777777
7777777777777777777777777777
4444444444444444444444444444
7777777777777777777777777777
7777777777777777777777777777
7777777777777777777777777777
7777777777777777777777777777
7777777777777777777777777777
7777777777777777777777777777
7777777777777777777777777777
7777777777777777777777777777
7777777777777777777777777777
7777777777777777777777777777
7777777777777777777777777777
7777777777777777777777777777
4444444444444444444444444444
7777777777777777777777777777
4444444444444444444444444444
7777777777777777777777777777
7777777777777777777777777777
7777777777777777777777777777
7777777777777777777777777777
7777777777777777777777777777
7777777777777777777777777777
7777777777777777777777777777
7777777777777777777777777777
7777777777777777777777777777
7777777777777777777777777777
4444444444444444444444444444
7777777777777777777777777777
5555555555555555555555555555
7777777777777777777777777777
7777777777777777777777777777
7777777777777777777777777777
7777777777777777777777777777
7777777777777777777777777777
7777777777777777777777777777
7777777777777777777777777777
7777777777777777777777777777
7777777777777777777777777777
7777777777777777777777777777
4444444444444444444444444444
7777777777777777777777777777
6666666666666666666666666666
7777777777777777777777777777
7777777777777777777777777777
7777777777777777777777777777
7777777777777777777777777777
7777777777777777777777777777
7777777777777777777777777777
7777777777777777777777777777
7777777777777777777777777777
7777777777777777777777777777
4444444444444444444444444444
4444444444444444444444444444
7777777777777777777777777777
6666666666666666666666666666
7777777777777777777777777777
7777777777777777777777777777
7777777777777777777777777777
7777777777777777777777777777
7777777777777777777777777777
7777777777777777777777777777
7777777777777777777777777777
4444444444444444444444444444
7777777777777777777777777777
4444444444444444444444444444
4444444444444444444444444444
7777777777777777777777777777
6666666666666666666666666666
7777777777777777777777777777
7777777777777777777777777777
7777777777777777777777777777
7777777777777777777777777777
4444444444444444444444444444
7777777777777777777777777777
7777777777777777777777777777
4444444444444444444444444444
7777777777777777777777777777
4444444444444444444444444444
4444444444444444444444444444
7777777777777777777777777777
6666666666666666666666666666
7777777777777777777777777777
7777777777777777777777777777
7777777777777777777777777777
7777777777777777777777777777
4444444444444444444444444444
4444444444444444444444444444
7777777777777777777777777777
4444444444444444444444444444
7777777777777777777777777777
4444444444444444444444444444
4444444444444444444444444444
7777777777777777777777777777
6666666666666666666666666666
7777777777777777777777777777
7777777777777777777777777777
7777777777777777777777777777
7777777777777777777777777777
4444444444444444444444444444
4444444444444444444444444444
7777777777777777777777777777
4444444444444444444444444444
4444444444444444444444444444
4444444444444444444444444444
4444444444444444444444444444
7777777777777777777777777777
6666666666666666666666666666
7777777777777777777777777777
7777777777777777777777777777
4444444444444444444444444444
7777777777777777777777777777
4444444444444444444444444444
4444444444444444444444444444
7777777777777777777777777777
4444444444444444444444444444
4444444444444444444444444444
4444444444444444444444444444
4444444444444444444444444444
7777777777777777777777777777
6666666666666666666666666666
7777777777777777777777777777
7777777777777777777777777777
5555555555555555555555555555
7777777777777777777777777777
4444444444444444444444444444
4444444444444444444444444444
7777777777777777777777777777
4444444444444444444444444444
4444444444444444444444444444
4444444444444444444444444444
4444444444444444444444444444
7777777777777777777777777777
6666666666666666666666666666
7777777777777777777777777777
7777777777777777777777777777
5555555555555555555555555555
4444444444444444444444444444
4444444444444444444444444444
4444444444444444444444444444
7777777777777777777777777777
4444444444444444444444444444
4444444444444444444444444444
4444444444444444444444444444
4444444444444444444444444444
7777777777777777777777777777
6666666666666666666666666666
7777777777777777777777777777
7777777777777777777777777777
5555555555555555555555555555
5555555555555555555555555555
4444444444444444444444444444
4444444444444444444444444444
7777777777777777777777777777
4444444444444444444444444444
4444444444444444444444444444
4444444444444444444444444444
4444444444444444444444444444
7777777777777777777777777777
6666666666666666666666666666
7777777777777777777777777777
7777777777777777777777777777
5555555555555555555555555555
5555555555555555555555555555
4444444444444444444444444444
4444444444444444444444444444
7777777777777777777777777777
4444444444444444444444444444
4444444444444444444444444444
4444444444444444444444444444
2222222222222222222222222222
7777777777777777777777777777
6666666666666666666666666666
7777777777777777777777777777
7777777777777777777777777777
5555555555555555555555555555
5555555555555555555555555555
4444444444444444444444444444
4444444444444444444444444444
7777777777777777777777777777
4444444444444444444444444444
4444444444444444444444444444
4444444444444444444444444444
3333333333333333333333333333
7777777777777777777777777777
6666666666666666666666666666
7777777777777777777777777777
7777777777777777777777777777
5555555555555555555555555555
5555555555555555555555555555
4444444444444444444444444444
4444444444444444444444444444
4444444444444444444444444444
4444444444444444444444444444
4444444444444444444444444444
4444444444444444444444444444
4444444444444444444444444444
7777777777777777777777777777
6666666666666666666666666666
7777777777777777777777777777
7777777777777777777777777777
5555555555555555555555555555
5555555555555555555555555555
4444444444444444444444444444
4444444444444444444444444444
5555555555555555555555555555
4444444444444444444444444444
4444444444444444444444444444
4444444444444444444444444444
4444444444444444444444444444
7777777777777777777777777777
6666666666666666666666666666
7777777777777777777777777777
7777777777777777777777777777
5555555555555555555555555555
5555555555555555555555555555
4444444444444444444444444444
2222222222222222222222222222
5555555555555555555555555555
4444444444444444444444444444
4444444444444444444444444444
4444444444444444444444444444
4444444444444444444444444444
7777777777777777777777777777
6666666666666666666666666666
7777777777777777777777777777
7777777777777777777777777777
5555555555555555555555555555
5555555555555555555555555555
4444444444444444444444444444
3333333333333333333333333333
5555555555555555555555555555
4444444444444444444444444444
4444444444444444444444444444
4444444444444444444444444444
4444444444444444444444444444
7777777777777777777777777777
6666666666666666666666666666
7777777777777777777777777777
7777777777777777777777777777
5555555555555555555555555555
5555555555555555555555555555
4444444444444444444444444444
4444444444444444444444444444
5555555555555555555555555555
4444444444444444444444444444
4444444444444444444444444444
2222222222222222222222222222
4444444444444444444444444444
7777777777777777777777777777
6666666666666666666666666666
7777777777777777777777777777
7777777777777777777777777777
5555555555555555555555555555
5555555555555555555555555555
4444444444444444444444444444
4444444444444444444444444444
5555555555555555555555555555
4444444444444444444444444444
4444444444444444444444444444
3333333333333333333333333333
4444444444444444444444444444
7777777777777777777777777777
6666666666666666666666666666
7777777777777777777777777777
4444444444444444444444444444
5555555555555555555555555555
5555555555555555555555555555
4444444444444444444444444444
4444444444444444444444444444
5555555555555555555555555555
4444444444444444444444444444
4444444444444444444444444444
4444444444444444444444444444
4444444444444444444444444444
7777777777777777777777777777
6666666666666666666666666666
7777777777777777777777777777
5555555555555555555555555555
5555555555555555555555555555
5555555555555555555555555555
4444444444444444444444444444
4444444444444444444444444444
5555555555555555555555555555
4444444444444444444444444444
4444444444444444444444444444
4444444444444444444444444444
4444444444444444444444444444
7777777777777777777777777777
6666666666666666666666666666
7777777777777777777777777777
5555555555555555555555555555
5555555555555555555555555555
5555555555555555555555555555
2222222222222222222222222222
4444444444444444444444444444
5555555555555555555555555555
4444444444444444444444444444
4444444444444444444444444444
4444444444444444444444444444
4444444444444444444444444444
7777777777777777777777777777
6666666666666666666666666666
7777777777777777777777777777
5555555555555555555555555555
5555555555555555555555555555
5555555555555555555555555555
3333333333333333333333333333
4444444444444444444444444444
5555555555555555555555555555
4444444444444444444444444444
4444444444444444444444444444
4444444444444444444444444444
4444444444444444444444444444
7777777777777777777777777777
6666666666666666666666666666
7777777777777777777777777777
5555555555555555555555555555
5555555555555555555555555555
5555555555555555555555555555
4444444444444444444444444444
4444444444444444444444444444
5555555555555555555555555555
4444444444444444444444444444
2222222222222222222222222222
4444444444444444444444444444
4444444444444444444444444444
7777777777777777777777777777
6666666666666666666666666666
7777777777777777777777777777
5555555555555555555555555555
5555555555555555555555555555
5555555555555555555555555555
4444444444444444444444444444
4444444444444444444444444444
5555555555555555555555555555
4444444444444444444444444444
3333333333333333333333333333
4444444444444444444444444444
4444444444444444444444444444
7777777777777777777777777777
6666666666666666666666666666
7777777777777777777777777777
5555555555555555555555555555
5555555555555555555555555555
5555555555555555555555555555
4444444444444444444444444444
4444444444444444444444444444
5555555555555555555555555555
4444444444444444444444444444
4444444444444444444444444444
4444444444444444444444444444
4444444444444444444444444444
4444444444444444444444444444
6666666666666666666666666666
7777777777777777777777777777
5555555555555555555555555555
5555555555555555555555555555
5555555555555555555555555555
4444444444444444444444444444
4444444444444444444444444444
5555555555555555555555555555
2222222222222222222222222222
4444444444444444444444444444
4444444444444444444444444444
4444444444444444444444444444
4444444444444444444444444444
6666666666666666666666666666
7777777777777777777777777777
5555555555555555555555555555
5555555555555555555555555555
5555555555555555555555555555
4444444444444444444444444444
4444444444444444444444444444
5555555555555555555555555555
3333333333333333333333333333
4444444444444444444444444444
4444444444444444444444444444
4444444444444444444444444444
4444444444444444444444444444
6666666666666666666666666666
7777777777777777777777777777
5555555555555555555555555555
5555555555555555555555555555
5555555555555555555555555555
4444444444444444444444444444
4444444444444444444444444444
5555555555555555555555555555
4444444444444444444444444444
4444444444444444444444444444
4444444444444444444444444444
4444444444444444444444444444
2222222222222222222222222222
6666666666666666666666666666
7777777777777777777777777777
5555555555555555555555555555
5555555555555555555555555555
5555555555555555555555555555
4444444444444444444444444444
4444444444444444444444444444
5555555555555555555555555555
4444444444444444444444444444
4444444444444444444444444444
4444444444444444444444444444
4444444444444444444444444444
3333333333333333333333333333
6666666666666666666666666666
7777777777777777777777777777
5555555555555555555555555555
5555555555555555555555555555
5555555555555555555555555555
4444444444444444444444444444
4444444444444444444444444444
5555555555555555555555555555
4444444444444444444444444444
4444444444444444444444444444
4444444444444444444444444444
4444444444444444444444444444
4444444444444444444444444444
6666666666666666666666666666
7777777777777777777711111111
5555555555555555555511111111
5555555555555555555511111111
5555555555555555555511111111
4444444444444444444411111111
4444444444444444444411111111
5555555555555555555511111111
4444444444444444444411111111
4444444444444444444444111111
4444444444444444444444111111
4444444444444444444444111111
4444444444444444444444111111
6666666666666666666666111111
7777777777777777776711111111
5555555555555555555511111111
5555555555555555555511111111
5555555555555555555511111111
4444444444444444444411111111
4444444444444444444411111111
5555555555555555555511111111
4444444444444444444411111111
4444444444444444444444111111
4444444444444444444444111111
4444444444444444444444111111
4444444444444444444444111111
6666666666666666666666111111
7777777777777777676711111111
5555555555555555555511111111
5555555555555555555511111111
5555555555555555555511111111
4444444444444444444411111111
4444444444444444444411111111
5555555555555555555511111111
4444444444444444444411111111
4444444444444444444444111111
4444444444444444444444111111
4444444444444444444444111111
4444444444444444444444111111
6666666666666666666666111111
7777777777777767776711111111
5555555555555555555511111111
5555555555555555555511111111
5555555555555555555511111111
4444444444444444444411111111
4444444444444444444411111111
5555555555555555555511111111
4444444444444444444411111111
4444444444444444444444111111
4444444444444444444444111111
4444444444444444444444111111
4444444444444444444444111111
6666666666666666666666111111
7777777777776777776711111111
5555555555555555555511111111
5555555555555555555511111111
5555555555555555555511111111
4444444444444444444411111111
4444444444444444444411111111
5555555555555555555511111111
4444444444444444444411111111
4444444444444444444444111111
4444444444444444444444111111
4444444444444444444444111111
4444444444444444444444111111
6666666666666666666666111111
7777777777677777776711111111
5555555555555555555511111111
5555555555555555555511111111
5555555555555555555511111111
4444444444444444444411111111
4444444444444444444411111111
5555555555555555555511111111
4444444444444444444411111111
4444444444444444444444111111
4444444444444444444444111111
4444444444444444444444111111
4444444444444444444444111111
6666666666666666666666111111
7777777767777777776711111111
5555555555555555555511111111
5555555555555555555511111111
5555555555555555555511111111
4444444444444444444411111111
4444444444444444444411111111
5555555555555555555511111111
4444444444444444444411111111
4444444444444444444444111111
4444444444444444444444111111
4444444444444444444444111111
4444444444444444444444111111
6666666666666666666666111111
7777776777777777776711111111
5555555555555555555511111111
5555555555555555555511111111
5555555555555555555511111111
4444444444444444444411111111
4444444444444444444411111111
5555555555555555555511111111
4444444444444444444411111111
4444444444444444444444111111
4444444444444444444444111111
4444444444444444444444111111
4444444444444444444444111111
6666666666666666666666111111
7777677777777777776711111111
5555555555555555555511111111
5555555555555555555511111111
5555555555555555555511111111
4444444444444444444411111111
4444444444444444444411111111
5555555555555555555511111111
4444444444444444444411111111
4444444444444444444444111111
4444444444444444444444111111
4444444444444444444444111111
4444444444444444444444111111
6666666666666666666666111111
7767777777777777776711111111
5555555555555555555511111111
5555555555555555555511111111
5555555555555555555511111111
4444444444444444444411111111
4444444444444444444411111111
5555555555555555555511111111
4444444444444444444411111111
4444444444444444444444111111
4444444444444444444444111111
4444444444444444444444111111
4444444444444444444444111111
6666666666666666666666111111
6777777777777777776711111111
5555555555555555555511111111
5555555555555555555511111111
5555555555555555555511111111
4444444444444444444411111111
4444444444444444444411111111
5555555555555555555511111111
4444444444444444444411111111
4444444444444444444444111111
4444444444444444444444111111
4444444444444444444444111111
4444444444444444444444111111
6666666666666666666666111111
7777777777777777776611111111
5555555555555555555511111111
5555555555555555555511111111
5555555555555555555511111111
4444444444444444444411111111
4444444444444444444411111111
5555555555555555555511111111
4444444444444444444411111111
4444444444444444444444111111
4444444444444444444444111111
4444444444444444444444111111
4444444444444444444444111111
6666666666666666666666111111
7777777777777777766611111111
5555555555555555555511111111
5555555555555555555511111111
5555555555555555555511111111
4444444444444444444411111111
4444444444444444444411111111
5555555555555555555511111111
4444444444444444444411111111
4444444444444444444444111111
4444444444444444444444111111
4444444444444444444444111111
4444444444444444444444111111
6666666666666666666666111111
7777777777777776766611111111
5555555555555555555511111111
5555555555555555555511111111
5555555555555555555511111111
4444444444444444444411111111
4444444444444444444411111111
5555555555555555555511111111
4444444444444444444411111111
4444444444444444444444111111
4444444444444444444444111111
4444444444444444444444111111
4444444444444444444444111111
6666666666666666666666111111
7777777777777677766611111111
5555555555555555555511111111
5555555555555555555511111111
5555555555555555555511111111
4444444444444444444411111111
4444444444444444444411111111
5555555555555555555511111111
4444444444444444444411111111
4444444444444444444444111111
4444444444444444444444111111
4444444444444444444444111111
4444444444444444444444111111
6666666666666666666666111111
7777777777767777766611111111
5555555555555555555511111111
5555555555555555555511111111
5555555555555555555511111111
4444444444444444444411111111
4444444444444444444411111111
5555555555555555555511111111
4444444444444444444411111111
4444444444444444444444111111
4444444444444444444444111111
4444444444444444444444111111
4444444444444444444444111111
6666666666666666666666111111
7777777776777777766611111111
5555555555555555555511111111
5555555555555555555511111111
5555555555555555555511111111
4444444444444444444411111111
4444444444444444444411111111
5555555555555555555511111111
4444444444444444444411111111
4444444444444444444444111111
4444444444444444444444111111
4444444444444444444444111111
4444444444444444444444111111
6666666666666666666666111111
7777777677777777766611111111
5555555555555555555511111111
5555555555555555555511111111
5555555555555555555511111111
4444444444444444444411111111
4444444444444444444411111111
5555555555555555555511111111
4444444444444444444411111111
4444444444444444444444111111
4444444444444444444444111111
4444444444444444444444111111
4444444444444444444444111111
6666666666666666666666111111
7777767777777777766611111111
5555555555555555555511111111
5555555555555555555511111111
5555555555555555555511111111
4444444444444444444411111111
4444444444444444444411111111
5555555555555555555511111111
4444444444444444444411111111
4444444444444444444444111111
4444444444444444444444111111
4444444444444444444444111111
4444444444444444444444111111
6666666666666666666666111111
7776777777777777766611111111
5555555555555555555511111111
5555555555555555555511111111
5555555555555555555511111111
4444444444444444444411111111
4444444444444444444411111111
5555555555555555555511111111
4444444444444444444411111111
4444444444444444444444111111
4444444444444444444444111111
4444444444444444444444111111
4444444444444444444444111111
6666666666666666666666111111
7677777777777777766611111111
5555555555555555555511111111
5555555555555555555511111111
5555555555555555555511111111
4444444444444444444411111111
4444444444444444444411111111
5555555555555555555511111111
4444444444444444444411111111
4444444444444444444444111111
4444444444444444444444111111
4444444444444444444444111111
4444444444444444444444111111
6666666666666666666666111111
7777777777777777765611111111
5555555555555555555511111111
5555555555555555555511111111
5555555555555555555511111111
4444444444444444444411111111
4444444444444444444411111111
5555555555555555555511111111
4444444444444444444411111111
4444444444444444444444111111
4444444444444444444444111111
4444444444444444444444111111
4444444444444444444444111111
6666666666666666666666111111
7777777777777777766511111111
5555555555555555555511111111
5555555555555555555511111111
5555555555555555555511111111
4444444444444444444411111111
4444444444444444444411111111
5555555555555555555511111111
4444444444444444444411111111
4444444444444444444444111111
4444444444444444444444111111
4444444444444444444444111111
4444444444444444444444111111
6666666666666666666666111111
7777777777777777756511111111
5555555555555555555511111111
5555555555555555555511111111
5555555555555555555511111111
4444444444444444444411111111
4444444444444444444411111111
5555555555555555555511111111
4444444444444444444411111111
4444444444444444444444111111
4444444444444444444444111111
4444444444444444444444111111
4444444444444444444444111111
6666666666666666666666111111
7777777777777777766511111111
5555555555555555555511111111
5555555555555555555511111111
5555555555555555555511111111
4444444444444444444411111111
4444444444444444444411111111
5555555555555555555511111111
4444444444444444444411111111
4444444444444444444444111111
4444444444444444444444111111
4444444444444444444444111111
4444444444444444444444111111
6666666666666666666656111111
7777777777777777766511111111
5555555555555555555511111111
5555555555555555555511111111
5555555555555555555511111111
4444444444444444444411111111
4444444444444444444411111111
5555555555555555555511111111
4444444444444444444411111111
4444444444444444444444111111
4444444444444444444444111111
4444444444444444444444111111
4444444444444444444444111111
6666666666666666566656111111
7777777777777777766511111111
5555555555555555555511111111
5555555555555555555511111111
5555555555555555555511111111
4444444444444444444411111111
4444444444444444444411111111
5555555555555555555511111111
4444444444444444444411111111
4444444444444444444444111111
4444444444444444444444111111
4444444444444444444444111111
4444444444444444444444111111
6666666666666666565656111111
7777777777777777766511111111
5555555555555555555511111111
5555555555555555555511111111
5555555555555555555511111111
4444444444444444444411111111
4444444444444444444411111111
5555555555555555555511111111
4444444444444444444411111111
4444444444444444444444111111
4444444444444444444444111111
4444444444444444444444111111
4444444444444444444444111111
5666666666666666565656111111
7777777777777777766511111111
5555555555555555555511111111
5555555555555555555511111111
5555555555555555555511111111
4444444444444444444411111111
4444444444444444444411111111
5555555555555555555511111111
4444444444444444444411111111
4444444444444444444444111111
4444444444444444444444111111
4444444444444444444444111111
4444444444444444444444111111
6666666666666656565656111111
7777777777777777766511111111
5555555555555555555511111111
5555555555555555555511111111
5555555555555555555511111111
4444444444444444444411111111
4444444444444444444411111111
5555555555555555555511111111
4444444444444444444411111111
4444444444444444444444111111
4444444444444444444444111111
4444444444444444444444111111
4444444444444444444444111111
6666665666666656565656111111
7777777777777777766511111111
5555555555555555555511111111
5555555555555555555511111111
5555555555555555555511111111
4444444444444444444411111111
4444444444444444444411111111
5555555555555555555511111111
4444444444444444444411111111
4444444444444444444444111111
4444444444444444444444111111
4444444444444444444444111111
4444444444444444444444111111
6666665656666656565656111111
7777777777777777766511111111
5555555555555555555511111111
5555555555555555555511111111
5555555555555555555511111111
4444444444444444444411111111
4444444444444444444411111111
5555555555555555555511111111
4444444444444444444411111111
4444444444444444444444111111
4444444444444444444444111111
4444444444444444444444111111
4444444444444444444444111111
6666665656566656565656111111
7777777777777777766511111111
5555555555555555555511111111
5555555555555555555511111111
5555555555555555555511111111
4444444444444444444411111111
4444444444444444444411111111
5555555555555555555511111111
4444444444444444444411111111
4444444444444444444444111111
4444444444444444444444111111
4444444444444444444444111111
4444444444444444444444111111
6666665656565656565656111111
7777777777777777766511111111
5555555555555555555511111111
5555555555555555555511111111
5555555555555555555511111111
4444444444444444444411111111
4444444444444444444411111111
5555555555555555555511111111
4444444444444444444411111111
4444444444444444444444111111
4444444444444444444444111111
4444444444444444444444111111
4444444444444444444444111111
6656665656565656565656111111
7777777777777777766511111111
5555555555555555555511111111
5555555555555555555511111111
5555555555555555555511111111
4444444444444444444411111111
4444444444444444444411111111
5555555555555555555511111111
4444444444444444444411111111
4444444444444444444444111111
4444444444444444444444111111
4444444444444444444444111111
4444444444444444444444111111
6656565656565656565656111111
7777777777777777766411111111
5555555555555555555511111111
5555555555555555555511111111
5555555555555555555511111111
4444444444444444444411111111
4444444444444444444411111111
5555555555555555555511111111
4444444444444444444411111111
4444444444444444444444111111
4444444444444444444444111111
4444444444444444444444111111
4444444444444444444444111111
6656565656565656565656111111
7777777777777777766511111111
5555555555555555555511111111
5555555555555555555511111111
5555555555555555555511111111
4444444444444444444411111111
4444444444444444444411111111
5555555555555555555511111111
4444444444444444444411111111
4444444444444444444444111111
4444444444444444444444111111
4444444444444444444444111111
4444444444444444444444111111
6656565656565656565655111111
7777777777777777766511111111
5555555555555555555511111111
5555555555555555555511111111
5555555555555555555511111111
4444444444444444444411111111
4444444444444444444411111111
5555555555555555555511111111
4444444444444444444411111111
4444444444444444444444111111
4444444444444444444444111111
4444444444444444444444111111
4444444444444444444444111111
6656565656565656555655111111
7777777777777777766511111111
5555555555555555555511111111
5555555555555555555511111111
5555555555555555555511111111
4444444444444444444411111111
4444444444444444444411111111
5555555555555555555511111111
4444444444444444444411111111
4444444444444444444444111111
4444444444444444444444111111
4444444444444444444444111111
4444444444444444444444111111
6656565656565656555555111111
7777777777777777766511111111
5555555555555555555511111111
5555555555555555555511111111
5555555555555555555511111111
4444444444444444444411111111
4444444444444444444411111111
5555555555555555555511111111
4444444444444444444411111111
4444444444444444444444111111
4444444444444444444444111111
4444444444444444444444111111
4444444444444444444444111111
6556565656565656555555111111
7777777777777777766511111111
5555555555555555555511111111
5555555555555555555511111111
5555555555555555555511111111
4444444444444444444411111111
4444444444444444444411111111
5555555555555555555511111111
4444444444444444444411111111
4444444444444444444444111111
4444444444444444444444111111
4444444444444444444444111111
4444444444444444444444111111
6556565656565655555555111111
7777777777777777766511111111
5555555555555555555511111111
5555555555555555555511111111
5555555555555555555511111111
4444444444444444444411111111
4444444444444444444411111111
5555555555555555555511111111
4444444444444444444411111111
4444444444444444444444111111
4444444444444444444444111111
4444444444444444444444111111
4444444444444444444444111111
6555565656565655555555111111
7777777777777777766511111111
5555555555555555555511111111
5555555555555555555511111111
5555555555555555555511111111
4444444444444444444411111111
4444444444444444444411111111
5555555555555555555511111111
4444444444444444444411111111
4444444444444444444444111111
4444444444444444444444111111
4444444444444444444444111111
4444444444444444444444111111
6555565656565555555555111111
7777777777777777766511111111
5555555555555555555511111111
5555555555555555555511111111
5555555555555555555511111111
4444444444444444444411111111
4444444444444444444411111111
5555555555555555555511111111
4444444444444444444411111111
4444444444444444444444111111
4444444444444444444444111111
4444444444444444444444111111
4444444444444444444444111111
6555565656555555555555111111
7777777777777777766511111111
5555555555555555555511111111
5555555555555555555511111111
5555555555555555555511111111
4444444444444444444411111111
4444444444444444444411111111
5555555555555555555511111111
4444444444444444444411111111
4444444444444444444444111111
4444444444444444444444111111
4444444444444444444444111111
4444444444444444444444111111
6555565655555555555555111111
7777777777777777766511111111
5555555555555555555511111111
5555555555555555555511111111
5555555555555555555511111111
4444444444444444444411111111
4444444444444444444411111111
5555555555555555555511111111
4444444444444444444411111111
4444444444444444444444111111
4444444444444444444444111111
4444444444444444444444111111
4444444444444444444444111111
6555565555555555555555111111
7777777777777777766511111111
5555555555555555555511111111
5555555555555555555511111111
5555555555555555555511111111
4444444444444444444411111111
4444444444444444444411111111
5555555555555555555511111111
4444444444444444444411111111
4444444444444444444444111111
4444444444444444444444111111
4444444444444444444444111111
4444444444444444444444111111
6555555555555555555555111111
7777777777777777766511111111
5555555555555555555511111111
5555555555555555555511111111
5555555555555555555511111111
4444444444444444444411111111
4444444444444444444411111111
5555555555555555555511111111
4444444444444444444411111111
4444444444444444444444111111
4444444444444444444444111111
4444444444444444444444111111
4444444444444444444444111111
6555555555555555555545111111
7777777777777777766511111111
5555555555555555555511111111
5555555555555555555511111111
5555555555555555555511111111
4444444444444444444411111111
4444444444444444444411111111
5555555555555555555511111111
4444444444444444444411111111
4444444444444444444444111111
4444444444444444444444111111
4444444444444444444444111111
4444444444444444444444111111
6555555555555555455545111111
7777777777777777766511111111
5555555555555555555511111111
5555555555555555555511111111
5555555555555555555511111111
4444444444444444444411111111
4444444444444444444411111111
5555555555555555555511111111
4444444444444444444411111111
4444444444444444444444111111
4444444444444444444444111111
4444444444444444444444111111
4444444444444444444444111111
6555555555555555454545111111
7777777777777777766511111111
5555555555555555555511111111
5555555555555555555511111111
5555555555555555555511111111
4444444444444444444411111111
4444444444444444444411111111
5555555555555555555511111111
4444444444444444444411111111
4444444444444444444444111111
4444444444444444444444111111
4444444444444444444444111111
4444444444444444444444111111
6555555545555555454545111111
7777777777777777766511111111
5555555555555555555511111111
5555555555555555555511111111
5555555555555555555511111111
4444444444444444444411111111
4444444444444444444411111111
5555555555555555555511111111
4444444444444444444411111111
4444444444444444444444111111
4444444444444444444444111111
4444444444444444444444111111
4444444444444444444444111111
6555554545555555454545111111
7777777777777777766511111111
5555555555555555555511111111
5555555555555555555511111111
5555555555555555555511111111
4444444444444444444411111111
4444444444444444444411111111
5555555555555555555511111111
4444444444444444444411111111
4444444444444444444444111111
4444444444444444444444111111
4444444444444444444444111111
4444444444444444444444111111
6555554545555545454545111111
7777777777777777766511111111
5555555555555555555511111111
5555555555555555555511111111
5555555555555555555511111111
4444444444444444444411111111
4444444444444444444411111111
5555555555555555555511111111
4444444444444444444411111111
4444444444444444444444111111
4444444444444444444444111111
4444444444444444444444111111
4444444444444444444444111111
6555554545554545454545111111
7777777777777777766511111111
5555555555555555555511111111
5555555555555555555511111111
5555555555555555555511111111
4444444444444444444411111111
4444444444444444444411111111
5555555555555555555511111111
4444444444444444444411111111
4444444444444444444444111111
4444444444444444444444111111
4444444444444444444444111111
4444444444444444444444111111
6555554545454545454545111111
7777777777777777766511111111
5555555555555555555511111111
5555555555555555555511111111
5555555555555555555511111111
4444444444444444444411111111
4444444444444444444411111111
5555555555555555555511111111
4444444444444444444411111111
4444444444444444444444111111
4444444444444444444444111111
4444444444444444444444111111
4444444444444444444444111111
6545554545454545454545111111
7777777777777777766511111111
5555555555555555555511111111
5555555555555555555511111111
5555555555555555555511111111
4444444444444444444411111111
4444444444444444444411111111
5555555555555555555511111111
4444444444444444444411111111
4444444444444444444444111111
4444444444444444444444111111
4444444444444444444444111111
4444444444444444444444111111
6545454545454545454545111111
7777777777777777766511111111
5555555555555555555511111111
5555555555555555555511111111
5555555555555555555511111111
4444444444444444444411111111
4444444444444444444411111111
5555555555555555555511111111
4444444444444444444411111111
4444444444444444444444111111
4444444444444444444444111111
4444444444444444444434111111
4444444444444444444444111111
6545454545454545454545111111
7777777777777777766511111111
5555555555555555555511111111
5555555555555555555511111111
5555555555555555555511111111
4444444444444444444411111111
4444444444444444444411111111
5555555555555555555511111111
4444444444444444444411111111
4444444444444444444444111111
4444444444444444444444111111
3444444444444444444434111111
4444444444444444444444111111
6545454545454545454545111111
7777777777777777766511111111
5555555555555555555511111111
5555555555555555555511111111
5555555555555555555511111111
4444444444444444444411111111
4444444444444444444411111111
5555555555555555555511111111
4444444444444444444411111111
4444444444444444444444111111
4444444444444444444444111111
3444443444444444444434111111
4444444444444444444444111111
6545454545454545454545111111
7777777777777777766511111111
5555555555555555555511111111
5555555555555555555511111111
5555555555555555555511111111
4444444444444444444411111111
4444444444444444444411111111
5555555555555555555511111111
4444444444444444444411111111
4444444444444444444444111111
4444444444444444444444111111
3444343444444444444434111111
4444444444444444444444111111
6545454545454545454545111111
7777777777777777766511111111
5555555555555555555511111111
5555555555555555555511111111
5555555555555555555511111111
4444444444444444444411111111
4444444444444444444411111111
5555555555555555555511111111
4444444444444444444411111111
4444444444444444444444111111
4444444444444444444444111111
3444343434444444444434111111
4444444444444444444444111111
6545454545454545454545111111
