3245858462
11 13 300
66666666666666666666666666
66666666666666666666666666
66666666666666666666666666
66666666666666666666666666
66666666666666666666666666
66666666666666666666666666
66666666666666666666666666
66666666666666666666666666
66666666666666666666666666
66666666666666666666666666
66666666666666666666666666
55555555555555555555555555
55555555555555555555555555
55555555555555555555555555
55555555555555555555555555
55555555555555555555555555
55555555555555555555555555
55555555555555555555555555
55555555555555555555555555
55555555555555555555555555
55555555555555555555555555
55555555555555555555555555
66666666666666666666666666
66666666666666666666666666
66666666666666666666666666
33333333333333333333333333
66666666666666666666666666
66666666666666666666666666
66666666666666666666666666
66666666666666666666666666
66666666666666666666666666
66666666666666666666666666
66666666666666666666666666
66666666666666666666666666
66666666666666666666666666
66666666666666666666666666
44444444444444444444444444
66666666666666666666666666
66666666666666666666666666
66666666666666666666666666
66666666666666666666666666
66666666666666666666666666
66666666666666666666666666
66666666666666666666666666
66666666666666666666666666
66666666666666666666666666
66666666666666666666666666
55555555555555555555555555
66666666666666666666666666
66666666666666666666666666
66666666666666666666666666
66666666666666666666666666
66666666666666666666666666
66666666666666666666666666
66666666666666666666666666
66666666666666666666666666
66666666666666666666666666
66666666666666666666666666
55555555555555555555555555
66666666666666666666666666
66666666666666666666666666
66666666666666666666666666
33333333333333333333333333
66666666666666666666666666
66666666666666666666666666
66666666666666666666666666
66666666666666666666666666
66666666666666666666666666
66666666666666666666666666
55555555555555555555555555
66666666666666666666666666
66666666666666666666666666
66666666666666666666666666
44444444444444444444444444
66666666666666666666666666
66666666666666666666666666
66666666666666666666666666
66666666666666666666666666
66666666666666666666666666
66666666666666666666666666
55555555555555555555555555
66666666666666666666666666
66666666666666666666666666
66666666666666666666666666
55555555555555555555555555
66666666666666666666666666
66666666666666666666666666
66666666666666666666666666
66666666666666666666666666
66666666666666666666666666
66666666666666666666666666
55555555555555555555555555
33333333333333333333333333
66666666666666666666666666
66666666666666666666666666
55555555555555555555555555
66666666666666666666666666
66666666666666666666666666
66666666666666666666666666
66666666666666666666666666
66666666666666666666666666
66666666666666666666666666
55555555555555555555555555
44444444444444444444444444
66666666666666666666666666
66666666666666666666666666
55555555555555555555555555
66666666666666666666666666
66666666666666666666666666
66666666666666666666666666
66666666666666666666666666
66666666666666666666666666
66666666666666666666666666
55555555555555555555555555
55555555555555555555555555
66666666666666666666666666
66666666666666666666666666
55555555555555555555555555
66666666666666666666666666
66666666666666666666666666
66666666666666666666666666
66666666666666666666666666
66666666666666666666666666
66666666666666666666666666
55555555555555555555555555
55555555555555555555555555
66666666666666666666666666
66666666666666666666666666
55555555555555555555555555
33333333333333333333333333
66666666666666666666666666
66666666666666666666666666
66666666666666666666666666
66666666666666666666666666
66666666666666666666666666
55555555555555555555555555
55555555555555555555555555
66666666666666666666666666
66666666666666666666666666
55555555555555555555555555
44444444444444444444444444
66666666666666666666666666
66666666666666666666666666
66666666666666666666666666
66666666666666666666666666
66666666666666666666666666
55555555555555555555555555
55555555555555555555555555
66666666666666666666666666
66666666666666666666666666
55555555555555555555555555
55555555555555555555555555
66666666666666666666666666
66666666666666666666666666
33333333333333333333333333
66666666666666666666666666
66666666666666666666666666
55555555555555555555555555
55555555555555555555555555
66666666666666666666666666
66666666666666666666666666
55555555555555555555555555
55555555555555555555555555
66666666666666666666666666
66666666666666666666666666
44444444444444444444444444
66666666666666666666666666
66666666666666666666666666
55555555555555555555555555
55555555555555555555555555
66666666666666666666666666
66666666666666666666666666
55555555555555555555555555
55555555555555555555555555
66666666666666666666666666
66666666666666666666666666
44444444444444444444444444
66666666666666666666666666
66666666666666666666666666
55555555555555555555555555
55555555555555555555555555
66666666666666666666666666
33333333333333333333333333
55555555555555555555555555
55555555555555555555555555
66666666666666666666666666
66666666666666666666666666
44444444444444444444444444
66666666666666666666666666
66666666666666666666666666
55555555555555555555555555
55555555555555555555555555
66666666666666666666666666
44444444444444444444444444
55555555555555555555555555
55555555555555555555555555
66666666666666666666666666
66666666666666666666666666
44444444444444444444444444
66666666666666666666666666
66666666666666666666666666
55555555555555555555555555
55555555555555555555555555
66666666666666666666666666
55555555555555555555555555
55555555555555555555555555
55555555555555555555555555
66666666666666666666666666
66666666666666666666666666
44444444444444444444444444
66666666666666666666666666
66666666666666666666666666
55555555555555555555555555
55555555555555555555555555
66666666666666666666666666
55555555555555555555555555
55555555555555555555555555
55555555555555555555555555
66666666666666666666666666
33333333333333333333333333
44444444444444444444444444
66666666666666666666666666
66666666666666666666666666
55555555555555555555555555
55555555555555555555555555
66666666666666666666666666
55555555555555555555555555
55555555555555555555555555
55555555555555555555555555
66666666666666666666666666
44444444444444444444444444
44444444444444444444444444
66666666666666666666666666
66666666666666666666666666
55555555555555555555555555
55555555555555555555555555
33333333333333333333333333
55555555555555555555555555
55555555555555555555555555
55555555555555555555555555
66666666666666666666666666
44444444444444444444444444
44444444444444444444444444
66666666666666666666666666
66666666666666666666666666
55555555555555555555555555
55555555555555555555555555
44444444444444444444444444
55555555555555555555555555
55555555555555555555555555
55555555555555555555555555
66666666666666666666666666
44444444444444444444444444
44444444444444444444444444
66666666666666666666666666
66666666666666666666666666
55555555555555555555555555
55555555555555555555555555
55555555555555555555555555
55555555555555555555555555
55555555555555555555555555
55555555555555555555555555
66666666666666666666666666
44444444444444444444444444
44444444444444444444444444
66666666666666666666666666
66666666666666666666666666
55555555555555555555555555
55555555555555555555555555
55555555555555555555555555
55555555555555555555555555
55555555555555555555555555
55555555555555555555555555
33333333333333333333333333
44444444444444444444444444
44444444444444444444444444
33333333333333333333333333
66666666666666666666666666
55555555555555555555555555
55555555555555555555555555
55555555555555555555555555
55555555555555555555555555
55555555555555555555555555
55555555555555555555555555
33333333333333333333333333
44444444444444444444444444
44444444444444444444444444
44444444444444444444444444
66666666666666666666666666
55555555555555555555555555
55555555555555555555555555
55555555555555555555555555
55555555555555555555555555
55555555555555555555555555
55555555555555555555555555
33333333333333333333333333
44444444444444444444444444
44444444444444444444444444
44444444444444444444444444
33333333333333333333333333
55555555555555555555555555
55555555555555555555555555
55555555555555555555555555
55555555555555555555555555
55555555555555555555555555
55555555555555555555555555
33333333333333333333333333
44444444444444444444444444
44444444444444444444444444
44444444444444444444444444
44444444444444444444444444
55555555555555555555555555
55555555555555555555555555
55555555555555555555555555
55555555555555555555555555
55555555555555555555555555
55555555555555555555555555
33333333333333333333333333
44444444444444444444444444
44444444444444444444444444
44444444444444444444444444
55555555555555555555555555
55555555555555555555555555
55555555555555555555555555
55555555555555555555555555
55555555555555555555555555
55555555555555555555555555
55555555555555555555555555
33333333333333333333333333
44444444444444444444444444
44444444444444444444444444
44444444444444444444444444
66666666666666666666666666
55555555555555555555555555
55555555555555555555555555
55555555555555555555555555
55555555555555555555555555
55555555555555555555555555
55555555555555555555555555
22222222222222222222222222
44444444444444444444444444
44444444444444444444444444
44444444444444444444444444
66666666666666666666666666
55555555555555555555555555
55555555555555555555555555
55555555555555555555555555
55555555555555555555555555
55555555555555555555555555
55555555555555555555555555
33333333333333333333333333
44444444444444444444444444
44444444444444441111111111
44444444444444444444111111
66666666666666666666661111
55555555555555555555551111
55555555555555555555551111
55555555555555555555551111
55555555555555555555555511
55555555555555555555555511
55555555555555555555555511
33333333333333333333333333
44444444444444444444444444
44444444444444441111111111
44444444444444444444111111
66666666666666666666661111
55555555555555555555551111
55555555555555555555551111
55555555555555555555551111
55555555555555555555555511
55555555555555555555555511
55555555555555555555555511
33333333333333333333333333
44444444444441414141414141
44444444444444441111111111
44444444444444444444111111
66666666666666666666661111
55555555555555555555551111
55555555555555555555551111
55555555555555555555551111
55555555555555555555555511
55555555555555555555555511
55555555555555555555555511
33333333333333333333333333
44444444444444444441414141
44444444444444441111111111
44444444444444444444111111
66666666666666666666661111
55555555555555555555551111
55555555555555555555551111
55555555555555555555551111
55555555555555555555555511
55555555555555555555555511
55555555555555555555555511
33333333333333333333333333
44444444444444444444444141
44444444444444441111111111
44444444444444444444111111
66666666666666666666661111
55555555555555555555551111
55555555555555555555551111
55555555555555555555551111
55555555555555555555555511
55555555555555555555555511
55555555555555555555555511
33333333333333333333333333
44444444444444444444414141
44444444444444441111111111
44444444444444444444111111
66666666666666666666661111
55555555555555555555551111
55555555555555555555551111
55555555555555555555551111
55555555555555555555555511
55555555555555555555555511
55555555555555555555555511
33333333333331313131313131
44444444444444444444444141
44444444444444441111111111
44444444444444444444111111
66666666666666666666661111
55555555555555555555551111
55555555555555555555551111
55555555555555555555551111
55555555555555555555555511
55555555555555555555555511
55555555555555555555555511
33333333333333333331313131
44444444444444444444444141
44444444444444441111111111
44444444444444444444111111
66666666666666666666661111
55555555555555555555551111
55555555555555555555551111
55555555555555555555551111
55555555555555555555555511
55555555555555555555555511
55555555555555555555555511
33333333333333333333333131
44444444444444444444444141
44444444444444441111111111
44444444444444444444111111
66666666666666666666661111
55555555555555555555551111
55555555555555555555551111
55555555555555555555551111
55555555555555555555555511
55555555555555555555555511
55555555555555555555555511
33333333333333333333333331
44444444444444444444444141
44444444444444441111111111
44444444444444444444111111
66666666666666666666661111
55555555555555555555551111
55555555555555555555551111
55555555555555555555551111
55555555555555555555555511
55555555555555555555555511
55555555555151515151515111
33333333333333333333333331
44444444444444444444444141
44444444444444441111111111
44444444444444444444111111
66666666666666666666661111
55555555555555555555551111
55555555555555555555551111
55555555555555555555551111
55555555555555555555555511
55555555555555555555555511
55555555555555555151515111
33333333333333333333333331
44444444444444444444444141
44444444444444441111111111
44444444444444444444111111
66666666666666666666661111
55555555555555555555551111
55555555555555555555551111
55555555555555555555551111
55555555555555555555555511
55555555555555555555555511
55555555555555555555515111
33333333333333333333333331
44444444444444444444444141
44444444444444441111111111
44444444444444444444111111
66666666666666666666661111
55555555555555555555551111
55555555555555555555551111
55555555555555555555551111
55555555555555555555555511
55555555555555555555555511
55555555555555555555555111
33333333333333333333333331
44444444444444444444444141
44444444444444441111111111
44444444444444444444111111
66666666666666666666661111
55555555555555555555551111
55555555555555555555551111
55555555555555555555551111
55555555555555555555555511
55555555555151515151515111
55555555555555555555555111
33333333333333333333333331
44444444444444444444444141
44444444444444441111111111
44444444444444444444111111
66666666666666666666661111
55555555555555555555551111
55555555555555555555551111
55555555555555555555551111
55555555555555555555555511
55555555555555555151515111
55555555555555555555555111
33333333333333333333333331
44444444444444444444444141
44444444444444441111111111
44444444444444444444111111
66666666666666666666661111
55555555555555555555551111
55555555555555555555551111
55555555555555555555551111
55555555555555555555555511
55555555555555555555515111
55555555555555555555555111
33333333333333333333333331
44444444444444444444444141
44444444444444441111111111
44444444444444444444111111
66666666666666666666661111
55555555555555555555551111
55555555555555555555551111
55555555555555555555551111
55555555555555555555555511
55555555555555555555555111
55555555555555555555555111
33333333333333333333333331
44444444444444444444444141
44444444444444441111111111
44444444444444444444111111
66666666666666666666661111
55555555555555555555551111
55555555555555555555551111
55555555555555555555551111
55555555555151515151515111
55555555555555555555555111
55555555555555555555555111
33333333333333333333333331
44444444444444444444444141
44444444444444441111111111
44444444444444444444111111
66666666666666666666661111
55555555555555555555551111
55555555555555555555551111
55555555555555555555551111
55555555555555555151515111
55555555555555555555555111
55555555555555555555555111
33333333333333333333333331
44444444444444444444444141
44444444444444441111111111
44444444444444444444111111
66666666666666666666661111
55555555555555555555551111
55555555555555555555551111
55555555555555555555551111
55555555555555555555515111
55555555555555555555555111
55555555555555555555555111
33333333333333333333333331
44444444444444444444444141
44444444444444441111111111
44444444444444444444111111
66666666666666666666661111
55555555555555555555551111
55555555555555555555551111
55555555555555555555551111
55555555555555555551515111
55555555555555555555555111
55555555555555555555555111
33333333333333333333333331
44444444444444444444444141
44444444444444441111111111
44444444444444444444111111
66666666666666666666661111
55555555555555555555551111
55555555555555555555551111
55555555555151515151511111
55555555555555555555515111
55555555555555555555555111
55555555555555555555555111
33333333333333333333333331
44444444444444444444444141
44444444444444441111111111
44444444444444444444111111
66666666666666666666661111
55555555555555555555551111
55555555555555555555551111
55555555555555555151511111
55555555555555555555515111
55555555555555555555555111
55555555555555555555555111
33333333333333333333333331
44444444444444444444444141
44444444444444441111111111
44444444444444444444111111
66666666666666666666661111
55555555555555555555551111
55555555555555555555551111
55555555555555555551511111
55555555555555555555515111
55555555555555555555555111
55555555555555555555555111
33333333333333333333333331
44444444444444444444444141
44444444444444441111111111
44444444444444444444111111
66666666666666666666661111
55555555555555555555551111
55555555555555555555551111
55555555555555555555511111
55555555555555555555515111
55555555555555555555555111
55555555555555555555555111
33333333333333333333333331
44444444444444444444444141
44444444444444441111111111
44444444444444444444111111
66666666666666666666661111
55555555555555555555551111
55555555555151515151511111
55555555555555555555551111
55555555555555555555515111
55555555555555555555555111
55555555555555555555555111
33333333333333333333333331
44444444444444444444444141
44444444444444441111111111
44444444444444444444111111
66666666666666666666661111
55555555555555555555551111
55555555555555555151511111
55555555555555555555551111
55555555555555555555515111
55555555555555555555555111
55555555555555555555555111
33333333333333333333333331
44444444444444444444444141
44444444444444441111111111
44444444444444444444111111
66666666666666666666661111
55555555555555555555551111
55555555555555555551511111
55555555555555555555551111
55555555555555555555515111
55555555555555555555555111
55555555555555555555555111
33333333333333333333333331
44444444444444444444444141
44444444444444441111111111
44444444444444444444111111
66666666666666666666661111
55555555555555555555551111
55555555555555555555511111
55555555555555555555551111
55555555555555555555515111
55555555555555555555555111
55555555555555555555555111
33333333333333333333333331
44444444444444444444444141
44444444444444441111111111
44444444444444444444111111
66666666666666666666661111
55555555555151515151511111
55555555555555555555551111
55555555555555555555551111
55555555555555555555515111
55555555555555555555555111
55555555555555555555555111
33333333333333333333333331
44444444444444444444444141
44444444444444441111111111
44444444444444444444111111
66666666666666666666661111
55555555555555555151511111
55555555555555555555551111
55555555555555555555551111
55555555555555555555515111
55555555555555555555555111
55555555555555555555555111
33333333333333333333333331
44444444444444444444444141
44444444444444441111111111
44444444444444444444111111
66666666666666666666661111
55555555555555555551511111
55555555555555555555551111
55555555555555555555551111
55555555555555555555515111
55555555555555555555555111
55555555555555555555555111
33333333333333333333333331
44444444444444444444444141
44444444444444441111111111
44444444444444444444111111
66666666666666666666661111
55555555555555555555511111
55555555555555555555551111
55555555555555555555551111
55555555555555555555515111
55555555555555555555555111
55555555555555555555555111
33333333333333333333333331
44444444444444444444444141
44444444444444441111111111
44444444444444444444111111
66666666666161616161611111
55555555555555555555551111
55555555555555555555551111
55555555555555555555551111
55555555555555555555515111
55555555555555555555555111
55555555555555555555555111
33333333333333333333333331
44444444444444444444444141
44444444444444441111111111
44444444444444444444111111
66666666666666666161611111
55555555555555555555551111
55555555555555555555551111
55555555555555555555551111
55555555555555555555515111
55555555555555555555555111
55555555555555555555555111
33333333333333333333333331
44444444444444444444444141
44444444444444441111111111
44444444444444444444111111
66666666666666666661611111
55555555555555555555551111
55555555555555555555551111
55555555555555555555551111
55555555555555555555515111
55555555555555555555555111
55555555555555555555555111
33333333333333333333333331
44444444444444444444444141
44444444444444441111111111
44444444444444444444111111
66666666666666666666611111
55555555555555555555551111
55555555555555555555551111
55555555555555555555551111
55555555555555555555515111
55555555555555555555555111
55555555555555555555555111
33333333333333333333333331
44444444444444444444444141
44444444444444441111111111
44444444414141414141111111
66666666666666666666661111
55555555555555555555551111
55555555555555555555551111
55555555555555555555551111
55555555555555555555515111
55555555555555555555555111
55555555555555555555555111
33333333333333333333333331
44444444444444444444444141
44444444444444441111111111
44444444444444414141111111
66666666666666666666661111
55555555555555555555551111
55555555555555555555551111
55555555555555555555551111
55555555555555555555515111
55555555555555555555555111
55555555555555555555555111
33333333333333333333333331
44444444444444444444444141
44444444444444441111111111
44444444444444444141111111
66666666666666666666661111
55555555555555555555551111
55555555555555555555551111
55555555555555555555551111
55555555555555555555515111
55555555555555555555555111
55555555555555555555555111
33333333333333333333333331
44444444444444444444444141
44444444444444441111111111
44444444444444444441111111
66666666666666666666661111
55555555555555555555551111
55555555555555555555551111
55555555555555555555551111
55555555555555555555515111
55555555555555555555555111
55555555555555555555555111
33333333333333333333333331
44444444444444444444444141
44444441414141411111111111
44444444444444444444111111
66666666666666666666661111
55555555555555555555551111
55555555555555555555551111
55555555555555555555551111
55555555555555555555515111
55555555555555555555555111
55555555555555555555555111
33333333333333333333333331
44444444444444444444444141
44444444444141411111111111
44444444444444444444111111
66666666666666666666661111
55555555555555555555551111
55555555555555555555551111
55555555555555555555551111
55555555555555555555515111
55555555555555555555555111
55555555555555555555555111
33333333333333333333333331
44444444444444444444444141
44444444444441411111111111
44444444444444444444111111
66666666666666666666661111
55555555555555555555551111
55555555555555555555551111
55555555555555555555551111
55555555555555555555515111
55555555555555555555555111
55555555555555555555555111
33333333333333333333333331
44444444444444444444444141
44444444444444411111111111
44444444444444444444111111
66666666666666666666661111
55555555555555555555551111
55555555555555555555551111
55555555555555555555551111
55555555555555555555515111
55555555555555555555555111
55555555555555555555555111
33333333333333333333333331
44444444444444444444444141
44444444444444411111111111
44444444444444444444111111
66666666666666666666661111
55555555555555555555551111
55555555555555555555551111
55555555555555555555551111
55555555555555555555515111
55555555555555555555555111
55555555555555555555555111
33333333333333333333333331
44444444444444141414141111
44444444444444411111111111
44444444444444444444111111
66666666666666666666661111
55555555555555555555551111
55555555555555555555551111
55555555555555555555551111
55555555555555555555515111
55555555555555555555555111
55555555555555555555555111
33333333333333333333333331
44444444444444444444141111
44444444444444411111111111
44444444444444444444111111
66666666666666666666661111
55555555555555555555551111
55555555555555555555551111
55555555555555555555551111
55555555555555555555515111
55555555555555555555555111
55555555555555555555555111
33333333333333333333333331
44444444444444444444441111
44444444444444411111111111
44444444444444444444111111
66666666666666666666661111
55555555555555555555551111
55555555555555555555551111
55555555555555555555551111
55555555555555555555515111
55555555555555555555555111
55555555555555555555555111
33333333333333333333333331
44444444444444444444444111
44444444444444411111111111
44444444444444444444111111
66666666666666666666661111
55555555555555555555551111
55555555555555555555551111
55555555555555555555551111
55555555555555555555515111
55555555555555555555555111
55555555555555555555555111
33333333333313131313131311
44444444444444444444444141
44444444444444411111111111
44444444444444444444111111
66666666666666666666661111
55555555555555555555551111
55555555555555555555551111
55555555555555555555551111
55555555555555555555515111
55555555555555555555555111
55555555555555555555555111
33333333333333333313131311
44444444444444444444444141
44444444444444411111111111
44444444444444444444111111
66666666666666666666661111
55555555555555555555551111
55555555555555555555551111
55555555555555555555551111
55555555555555555555515111
55555555555555555555555111
55555555555555555555555111
33333333333333333333331311
44444444444444444444444141
44444444444444411111111111
44444444444444444444111111
66666666666666666666661111
55555555555555555555551111
55555555555555555555551111
55555555555555555555551111
55555555555555555555515111
55555555555555555555555111
55555555555555555555555111
33333333333333333333333311
44444444444444444444444141
44444444444444411111111111
44444444444444444444111111
66666666666666666666661111
55555555555555555555551111
55555555555555555555551111
55555555555555555555551111
55555555555555555555515111
55555555555555555555555111
55555555551515151515151111
33333333333333333333333331
44444444444444444444444141
44444444444444411111111111
44444444444444444444111111
66666666666666666666661111
55555555555555555555551111
55555555555555555555551111
55555555555555555555551111
55555555555555555555515111
55555555555555555555555111
55555555555555551515151111
33333333333333333333333331
44444444444444444444444141
44444444444444411111111111
44444444444444444444111111
66666666666666666666661111
55555555555555555555551111
55555555555555555555551111
55555555555555555555551111
55555555555555555555515111
55555555555555555555555111
55555555555555555555151111
33333333333333333333333331
44444444444444444444444141
44444444444444411111111111
44444444444444444444111111
66666666666666666666661111
55555555555555555555551111
55555555555555555555551111
55555555555555555555551111
55555555555555555555515111
55555555555555555555555111
55555555555555555555551111
33333333333333333333333331
44444444444444444444444141
44444444444444411111111111
44444444444444444444111111
66666666666666666666661111
55555555555555555555551111
55555555555555555555551111
55555555555555555555551111
55555555555555555555515111
55555555551515151515151111
55555555555555555555555111
33333333333333333333333331
44444444444444444444444141
44444444444444411111111111
44444444444444444444111111
66666666666666666666661111
55555555555555555555551111
55555555555555555555551111
55555555555555555555551111
55555555555555555555515111
55555555555555551515151111
55555555555555555555555111
33333333333333333333333331
44444444444444444444444141
44444444444444411111111111
44444444444444444444111111
66666666666666666666661111
55555555555555555555551111
55555555555555555555551111
55555555555555555555551111
55555555555555555555515111
55555555555555555555151111
55555555555555555555555111
33333333333333333333333331
44444444444444444444444141
44444444444444411111111111
44444444444444444444111111
66666666666666666666661111
55555555555555555555551111
55555555555555555555551111
55555555555555555555551111
55555555555555555555515111
55555555555555555555551111
55555555555555555555555111
33333333333333333333333331
44444444444444444444444141
44444444444444411111111111
44444444444444444444111111
66666666666666666666661111
55555555555555555555551111
55555555555555555555551111
55555555555555555555551111
55555555551515151515111111
55555555555555555555555111
55555555555555555555555111
33333333333333333333333331
44444444444444444444444141
44444444444444411111111111
44444444444444444444111111
66666666666666666666661111
55555555555555555555551111
55555555555555555555551111
55555555555555555555551111
55555555555555551515111111
55555555555555555555555111
55555555555555555555555111
33333333333333333333333331
44444444444444444444444141
44444444444444411111111111
44444444444444444444111111
66666666666666666666661111
55555555555555555555551111
55555555555555555555551111
55555555555555555555551111
55555555555555555555111111
55555555555555555555555111
55555555555555555555555111
33333333333333333333333331
44444444444444444444444141
44444444444444411111111111
44444444444444444444111111
66666666666666666666661111
55555555555555555555551111
55555555555555555555551111
55555555555555555555551111
55555555555555555555511111
55555555555555555555555111
55555555555555555555555111
33333333333333333333333331
44444444444444444444444141
44444444444444411111111111
44444444444444444444111111
66666666666666666666661111
55555555555555555555551111
55555555555555555555551111
55555555551515151515151111
55555555555555555555515111
55555555555555555555555111
55555555555555555555555111
33333333333333333333333331
44444444444444444444444141
44444444444444411111111111
44444444444444444444111111
66666666666666666666661111
55555555555555555555551111
55555555555555555555551111
55555555555555551515151111
55555555555555555555515111
55555555555555555555555111
55555555555555555555555111
33333333333333333333333331
44444444444444444444444141
44444444444444411111111111
44444444444444444444111111
66666666666666666666661111
55555555555555555555551111
55555555555555555555551111
55555555555555555515151111
55555555555555555555515111
55555555555555555555555111
55555555555555555555555111
33333333333333333333333331
44444444444444444444444141
44444444444444411111111111
44444444444444444444111111
66666666666666666666661111
55555555555555555555551111
55555555555555555555551111
55555555555555555555151111
55555555555555555555515111
55555555555555555555555111
55555555555555555555555111
33333333333333333333333331
44444444444444444444444141
44444444444444411111111111
44444444444444444444111111
66666666666666666666661111
55555555555555555555551111
55555555551515151515151111
55555555555555555555551111
55555555555555555555515111
55555555555555555555555111
55555555555555555555555111
33333333333333333333333331
44444444444444444444444141
44444444444444411111111111
44444444444444444444111111
66666666666666666666661111
55555555555555555555551111
55555555555555551515151111
55555555555555555555551111
55555555555555555555515111
55555555555555555555555111
55555555555555555555555111
33333333333333333333333331
44444444444444444444444141
44444444444444411111111111
44444444444444444444111111
66666666666666666666661111
55555555555555555555551111
55555555555555555515151111
55555555555555555555551111
55555555555555555555515111
55555555555555555555555111
55555555555555555555555111
33333333333333333333333331
44444444444444444444444141
44444444444444411111111111
44444444444444444444111111
66666666666666666666661111
55555555555555555555551111
55555555555555555555151111
55555555555555555555551111
55555555555555555555515111
55555555555555555555555111
55555555555555555555555111
33333333333333333333333331
44444444444444444444444141
44444444444444411111111111
44444444444444444444111111
66666666666666666666661111
55555555551515151515151111
55555555555555555555551111
55555555555555555555551111
55555555555555555555515111
55555555555555555555555111
55555555555555555555555111
33333333333333333333333331
44444444444444444444444141
44444444444444411111111111
44444444444444444444111111
66666666666666666666661111
55555555555555551515151111
55555555555555555555551111
55555555555555555555551111
55555555555555555555515111
55555555555555555555555111
55555555555555555555555111
33333333333333333333333331
44444444444444444444444141
44444444444444411111111111
44444444444444444444111111
66666666666666666666661111
55555555555555555515151111
55555555555555555555551111
55555555555555555555551111
55555555555555555555515111
55555555555555555555555111
55555555555555555555555111
33333333333333333333333331
44444444444444444444444141
44444444444444411111111111
44444444444444444444111111
66666666666666666666661111
55555555555555555555151111
55555555555555555555551111
55555555555555555555551111
55555555555555555555515111
55555555555555555555555111
55555555555555555555555111
33333333333333333333333331
44444444444444444444444141
44444444444444411111111111
44444444444444444444111111
66666666661616161616161111
55555555555555555555551111
55555555555555555555551111
55555555555555555555551111
55555555555555555555515111
55555555555555555555555111
55555555555555555555555111
33333333333333333333333331
44444444444444444444444141
44444444444444411111111111
44444444444444444444111111
66666666666666661616161111
55555555555555555555551111
55555555555555555555551111
55555555555555555555551111
55555555555555555555515111
55555555555555555555555111
55555555555555555555555111
33333333333333333333333331
44444444444444444444444141
44444444444444411111111111
44444444444444444444111111
66666666666666666616161111
55555555555555555555551111
55555555555555555555551111
55555555555555555555551111
55555555555555555555515111
55555555555555555555555111
55555555555555555555555111
33333333333333333333333331
44444444444444444444444141
44444444444444411111111111
44444444444444444444111111
66666666666666666666161111
55555555555555555555551111
55555555555555555555551111
55555555555555555555551111
55555555555555555555515111
55555555555555555555555111
55555555555555555555555111
33333333333333333333333331
44444444444444444444444141
44444444444444411111111111
44444444141414141414111111
66666666666666666666661111
55555555555555555555551111
55555555555555555555551111
55555555555555555555551111
55555555555555555555515111
55555555555555555555555111
55555555555555555555555111
33333333333333333333333331
44444444444444444444444141
44444444444444411111111111
44444444444444141414111111
66666666666666666666661111
55555555555555555555551111
55555555555555555555551111
55555555555555555555551111
55555555555555555555515111
55555555555555555555555111
55555555555555555555555111
33333333333333333333333331
44444444444444444444444141
44444444444444411111111111
44444444444444441414111111
66666666666666666666661111
55555555555555555555551111
55555555555555555555551111
55555555555555555555551111
55555555555555555555515111
55555555555555555555555111
55555555555555555555555111
33333333333333333333333331
44444444444444444444444141
44444444444444411111111111
44444444444444444414111111
66666666666666666666661111
55555555555555555555551111
55555555555555555555551111
55555555555555555555551111
55555555555555555555515111
55555555555555555555555111
55555555555555555555555111
33333333333333333333333331
44444444444444444444444141
44444414141414111111111111
44444444444444444444111111
66666666666666666666661111
55555555555555555555551111
55555555555555555555551111
55555555555555555555551111
55555555555555555555515111
55555555555555555555555111
55555555555555555555555111
33333333333333333333333331
44444444444444444444444141
44444444441414111111111111
44444444444444444444111111
66666666666666666666661111
55555555555555555555551111
55555555555555555555551111
55555555555555555555551111
55555555555555555555515111
55555555555555555555555111
55555555555555555555555111
33333333333333333333333331
44444444444444444444444141
44444444444414111111111111
44444444444444444444111111
66666666666666666666661111
55555555555555555555551111
55555555555555555555551111
55555555555555555555551111
55555555555555555555515111
55555555555555555555555111
55555555555555555555555111
33333333333333333333333331
44444444444444444444444141
44444444444444111111111111
44444444444444444444111111
66666666666666666666661111
55555555555555555555551111
55555555555555555555551111
55555555555555555555551111
55555555555555555555515111
55555555555555555555555111
55555555555555555555555111
33333333333333333333333331
44444444444444444444444141
44444444444444411111111111
44444444444444444444111111
66666666666666666666661111
55555555554555555555551111
55555555555555555555551111
55555555555555555555551111
55555555555555555555515111
55555555555555555555555111
55555555555555555555555111
33333333333333333333333331
44444444444444444444444141
44444444444444411111111111
44444444444444444444111111
66666666666666666666661111
45555555554555555555551111
55555555555555555555551111
55555555555555555555551111
55555555555555555555515111
55555555555555555555555111
55555555555555555555555111
33333333333333333333333331
44444444444444444444444141
44444444444444411111111111
44444444444444444444111111
66666666666666666666661111
55555555454555555555551111
55555555555555555555551111
55555555555555555555551111
55555555555555555555515111
55555555555555555555555111
55555555555555555555555111
33333333333333333333333331
44444444444444444444444141
44444444444444411111111111
44444444444444444444111111
66666666666666666666661111
55555545454555555555551111
55555555555555555555551111
55555555555555555555551111
55555555555555555555515111
55555555555555555555555111
55555555555555555555555111
33333333333333333333333331
44444444444444444444444141
44444444444444411111111111
44444444444444444444111111
66666666666666666666661111
55555555454555555555451111
55555555555555555555551111
55555555555555555555551111
55555555555555555555515111
55555555555555555555555111
55555555555555555555555111
33333333333333333333333331
44444444444444444444444141
44444444444444411111111111
44444444444444444444111111
66666666666666666666661111
55555555454545555555551111
55555555555555555555551111
55555555555555555555551111
55555555555555555555515111
55555555555555555555555111
55555555555555555555555111
33333333333333333333333331
44444444444444444444444141
44444444444444411111111111
44444444444444444444111111
66666666666666666666661111
55555555454555555555551111
55555555555555555555551111
55555555555555555555551111
55555555555555555555515111
45555555555555555555555111
55555555555555555555555111
33333333333333333333333331
44444444444444444444444141
44444444444444411111111111
44444444444444444444111111
66666666666666666666661111
55555555454555555555551111
55555555555555555555551111
55555555555555555555551111
55555555555555555555515111
45455555555555555555555111
55555555555555555555555111
33333333333333333333333331
44444444444444444444444141
44444444444444411111111111
44444444444444444444111111
66666666666666666666661111
55555555454555555555551111
55555555555555555555551111
55555555555555555555551111
55555555555555555555515111
45555555555555555555554111
55555555555555555555555111
33333333333333333333333331
44444444444444444444444141
44444444444444411111111111
44444444444444444444111111
66666666666666666666661111
55555555454555555555551111
55555555555555555555551111
55555555555555555555551111
55555555555555555555515111
45554555555555555555555111
55555555555555555555555111
33333333333333333333333331
44444444444444444444444141
44444444444444411111111111
44444444444444444444111111
66666666666666666666661111
55555555454555555555551111
55555555555555555555551111
55555555555555555555551111
55555555555555555555515111
45555555555555555555455111
55555555555555555555555111
33333333333333333333333331
44444444444444444444444141
44444444444444411111111111
44444444444444444444111111
66666666666666666666661111
55555555454555555555551111
55555555555555555555551111
55555555555555555555551111
55555555555555555555515111
45555555555555555545555111
55555555555555555555555111
33333333333333333333333331
44444444444444444444444141
44444444444444411111111111
44444444444444444444111111
66666666666666666666661111
55555555454555555555551111
55555555555555555555551111
55555555555555555555551111
55555555555555555555515111
45555555555555554555555111
55555555555555555555555111
33333333333333333333333331
44444444444444444444444141
44444444444444411111111111
44444444444444444444111111
66666666666666666666661111
55555555454555555555551111
55555555555555555555551111
55555555555555555555551111
55555555555555555555515111
45555555555555455555555111
55555555555555555555555111
33333333333333333333333331
44444444444444444444444141
44444444444444411111111111
44444444444444444444111111
66666666666666666666661111
55555555454555555555551111
55555555555555555555551111
55555555555555555555551111
55555555555555555555515111
45555555555545555555555111
55555555555555555555555111
33333333333333333333333331
44444444444444444444444141
44444444444444411111111111
44444444444444444444111111
66666666666666666666661111
55555555454555555555551111
55555555555555555555551111
55555555555555555555551111
55555555555555555555515111
45555555554555555555555111
55555555555555555555555111
33333333333333333333333331
44444444444444444444444141
44444444444444411111111111
44444444444444444444111111
66666666666666666666661111
55555555454555555555551111
55555555555555555555551111
55555555555555555555551111
55555555555555555555515111
45555555455555555555555111
55555555555555555555555111
33333333333333333333333331
44444444444444444444444141
44444444444444411111111111
44444444444444444444111111
66666666666666666666661111
55555555454555555555551111
55555555555555555555551111
55555555555555555555551111
55555555555555555555515111
45555545555555555555555111
55555555555555555555555111
33333333333333333333333331
44444444444444444444444141
44444444444444411111111111
44444444444444444444111111
66666666666666666666661111
54555555454555555555551111
55555555555555555555551111
55555555555555555555551111
55555555555555555555515111
45555555555555555555555111
55555555555555555555555111
33333333333333333333333331
44444444444444444444444141
44444444444444411111111111
44444444444444444444111111
66666666666666666666661111
54545555454555555555551111
55555555555555555555551111
55555555555555555555551111
55555555555555555555515111
45555555555555555555555111
55555555555555555555555111
33333333333333333333333331
44444444444444444444444141
44444444444444411111111111
44444444444444444444111111
66666666666666666666661111
54545455454555555555551111
55555555555555555555551111
55555555555555555555551111
55555555555555555555515111
45555555555555555555555111
55555555555555555555555111
33333333333333333333333331
44444444444444444444444141
44444444444444411111111111
44444444444444444444111111
66666666666666666666661111
54545555454555555555551111
55555555455555555555551111
55555555555555555555551111
55555555555555555555515111
45555555555555555555555111
55555555555555555555555111
33333333333333333333333331
44444444444444444444444141
44444444444444411111111111
44444444444444444444111111
66666666666666666666661111
54545555454555555555551111
55555545555555555555551111
55555555555555555555551111
55555555555555555555515111
45555555555555555555555111
55555555555555555555555111
33333333333333333333333331
44444444444444444444444141
44444444444444411111111111
44444444444444444444111111
66666666666666666666661111
54545555454555555555551111
45555545555555555555551111
55555555555555555555551111
55555555555555555555515111
45555555555555555555555111
55555555555555555555555111
33333333333333333333333331
44444444444444444444444141
44444444444444411111111111
44444444444444444444111111
66666666666666666666661111
54545555454555555555551111
55554545555555555555551111
55555555555555555555551111
55555555555555555555515111
45555555555555555555555111
55555555555555555555555111
33333333333333333333333331
44444444444444444444444141
44444444444444411111111111
44444444444444444444111111
66666666666666666666661111
54545555454555555555551111
55555545555555555555451111
55555555555555555555551111
55555555555555555555515111
45555555555555555555555111
55555555555555555555555111
33333333333333333333333331
44444444444444444444444141
44444444444444411111111111
44444444444444444444111111
66666666666666666666661111
54545555454555555555551111
55555545555555555555551111
55555555555555555555551111
55555555555555555555515111
44555555555555555555555111
55555555555555555555555111
33333333333333333333333331
44444444444444444444444141
44444444444444411111111111
44444444444444444444111111
66666666666666666666661111
54545555454555555555551111
55555545555555555555551111
55555555555555555555551111
55555555555555555555515111
44545555555555555555555111
55555555555555555555555111
33333333333333333333333331
44444444444444444444444141
44444444444444411111111111
44444444444444444444111111
66666666666666666666661111
54545555454555555555551111
55555545555555555555551111
55555555555555555555551111
55555555555555555555515111
44545455555555555555555111
55555555555555555555555111
33333333333333333333333331
44444444444444444444444141
44444444444444411111111111
44444444444444444444111111
66666666666666666666661111
54545555454555555555551111
55555545555555555555551111
55555555555555555555551111
55555555555555555555515111
44545555555555555555545111
55555555555555555555555111
33333333333333333333333331
44444444444444444444444141
44444444444444411111111111
44444444444444444444111111
66666666666666666666661111
54545555454555555555551111
55555545555555555555551111
55555555555555555555551111
55555555555555555555515111
44545555555555555555555111
55455555555555555555555111
33333333333333333333333331
44444444444444444444444141
44444444444444411111111111
44444444444444444444111111
66666666666666666666661111
54545555454555555555551111
55555545555555555555551111
55555555555555555555551111
55555555555555555555515111
44545555555555555555555111
45455555555555555555555111
33333333333333333333333331
44444444444444444444444141
44444444444444411111111111
44444444444444444444111111
66666666666666666666661111
54545555454555555555551111
55555545555555555555551111
55555555555555555555551111
55555555555555555555515111
44545555555555555555555111
45455545555555555555555111
33333333333333333333333331
44444444444444444444444141
44444444444444411111111111
44444444444444444444111111
66666666666666666666661111
54545555454555555555551111
55555545555555555555551111
55555555555555555555551111
55555555555555555555515111
44545555555555555555555111
45455545455555555555555111
33333333333333333333333331
44444444444444444444444141
44444444444444411111111111
44444444444444444444111111
66666666666666666666661111
54545555454555555555551111
55555545555555555555551111
55555555555555555555551111
55555555555555555555515111
44545555555555555555555111
45455545454555555555555111
33333333333333333333333331
44444444444444444444444141
44444444444444411111111111
44444444444444444444111111
66666666666666666666661111
54545555454555555555551111
55555545555555555555551111
55555555555555555555551111
55555555555555555555515111
44545555555555555555555111
45454545454555555555555111
33333333333333333333333331
44444444444444444444444141
44444444444444411111111111
44444444444444444444111111
66666666666666666666661111
54545555454555555555551111
55555545555555555555551111
55555555555555555555551111
55555555555555555555515111
44545555555555555555555111
45454545454555554555555111
33333333333333333333333331
44444444444444444444444141
44444444444444411111111111
44444444444444444444111111
66666666666666666666661111
54545555454555555555551111
55555545555555555555551111
55555555555555555555551111
55555555555555555555515111
44545555555555555555555111
45454545454555554545555111
33333333333333333333333331
44444444444444444444444141
44444444444444411111111111
44444444444444444444111111
66666666666666666666661111
54545555454555555555551111
55555545555555555555551111
55555555555555555555551111
55555555555555555555515111
44545555555555555555555111
45454545454555554545455111
33333333333333333333333331
44444444444444444444444141
44444444444444411111111111
44444444444444444444111111
66666666666666666666661111
54545555454555555555551111
55555545555555555555551111
55555555555555555555551111
55555555555555555555515111
44545555555555555555555111
45454545454555454545555111
33333333333333333333333331
44444444444444444444444141
44444444444444411111111111
44444444444444444444111111
66666666666666666666661111
54545555454555555555551111
55555545555555555555551111
55555555555555555555551111
55555555555555555555515111
44545555555555555555555111
45454545454545554545555111
33333333333333333333333331
44444444444444444444444141
44444444444444411111111111
44444444444444444444111111
66666666666666666666661111
54545555454555555555551111
55555545555555555555551111
55555555555555555555551111
55555555555555555555515111
34545555555555555555555111
45454545454555554545555111
33333333333333333333333331
44444444444444444444444141
44444444444444411111111111
44444444444444444444111111
66666666666666666666661111
54545555454555555555551111
55555535555555555555551111
55555555555555555555551111
55555555555555555555515111
34545555555555555555555111
45454545454555554545555111
33333333333333333333333331
44444444444444444444444141
44444444444444411111111111
44444444444444444444111111
66666666666666666666661111
54545555454555555555551111
54555545555555555555551111
55555555555555555555551111
55555555555555555555515111
34545555555555555555555111
45454545454555554545555111
33333333333333333333333331
44444444444444444444444141
44444444444444411111111111
44444444444444444444111111
66666666666666666666661111
54545555454555555555551111
54545545555555555555551111
55555555555555555555551111
55555555555555555555515111
34545555555555555555555111
45454545454555554545555111
33333333333333333333333331
44444444444444444444444141
44444444444444411111111111
44444444444444444444111111
66666666666666666666661111
54545555454555555555551111
54555545555555555555551111
55555555555555555555551111
55555555555555555555514111
34545555555555555555555111
45454545454555554545555111
33333333333333333333333331
44444444444444444444444141
44444444444444411111111111
44444444444444444444111111
66666666666666666666661111
54545555454555555555551111
54555545555555555555551111
55555555555555555555551111
45555555555555555555514111
34545555555555555555555111
45454545454555554545555111
33333333333333333333333331
44444444444444444444444141
44444444444444411111111111
44444444444444444444111111
66666666666666666666661111
54545555454555555555551111
54555545555555555555551111
55555555555555555555551111
55555545555555555555514111
34545555555555555555555111
45454545454555554545555111
33333333333333333333333331
44444444444444444444444141
44444444444444411111111111
44444444444444444444111111
66666666666666666666661111
54545555454555555555551111
54555545555555555555551111
55555555555555555555551111
55555555555555555555414111
34545555555555555555555111
45454545454555554545555111
33333333333333333333333331
44444444444444444444444141
44444444444444411111111111
44444444444444444444111111
66666666666666666666661111
54545555454555555555551111
54555545555555555555551111
55555555555555555555551111
55555555555555555545514111
34545555555555555555555111
45454545454555554545555111
33333333333333333333333331
44444444444444444444444141
44444444444444411111111111
44444444444444444444111111
66666666666666666666661111
54545555454555555555551111
54555545555555555555551111
55555555555555555555551111
55555555555555554555514111
34545555555555555555555111
45454545454555554545555111
33333333333333333333333331
44444444444444444444444141
44444444444444411111111111
44444444444444444444111111
66666666666666666666661111
54545555454555555555551111
54555545555555555555551111
55555555555555555555551111
55555555555555455555514111
34545555555555555555555111
45454545454555554545555111
33333333333333333333333331
44444444444444444444444141
44444444444444411111111111
44444444444444444444111111
66666666666666666666661111
54545555454555555555551111
54555545555555555555551111
55555555555555555555551111
55555555555545555555514111
34545555555555555555555111
45454545454555554545555111
33333333333333333333333331
44444444444444444444444141
44444444444444411111111111
44444444444444444444111111
66666666666666666666661111
54545555454555555555551111
54555545555555555555551111
55555555555555555555551111
55555555554555555555514111
34545555555555555555555111
45454545454555554545555111
33333333333333333333333331
44444444444444444444444141
44444444444444411111111111
44444444444444444444111111
66666666666666666666661111
54545555454555555555551111
54555545555555555555551111
55555555555555555555551111
55555555455555555555514111
34545555555555555555555111
45454545454555554545555111
33333333333333333333333331
44444444444444444444444141
44444444444444411111111111
44444444444444444444111111
66666666666666666666661111
54545555454555555555551111
54555545555555555555551111
55555555555555555555551111
55554555555555555555514111
34545555555555555555555111
45454545454555554545555111
33333333333333333333333331
44444444444444444444444141
44444444444444411111111111
44444444444444444444111111
66666666666666666666661111
54545555454555555555551111
54555545555555555555551111
55555555555555555555551111
55455555555555555555514111
34545555555555555555555111
45454545454555554545555111
33333333333333333333333331
44444444444444444444444141
44444444444444411111111111
44444444444444444444111111
66666666666666666666661111
54545555454555555555551111
54555545555555555555551111
55555555555555555555551111
55555555555555555555514111
34535555555555555555555111
45454545454555554545555111
33333333333333333333333331
44444444444444444444444141
44444444444444411111111111
44444444444444444444111111
66666666666666666666661111
54545555454555555555551111
54555545555555555555551111
55555555555555555555551111
55555555555555555555514111
33545555555555555555555111
45454545454555554545555111
33333333333333333333333331
44444444444444444444444141
44444444444444411111111111
44444444444444444444111111
66666666666666666666661111
54545555454555555555551111
54555545555555555555551111
55555555555555555555551111
55555555555555555555514111
24545555555555555555555111
45454545454555554545555111
33333333333333333333333331
44444444444444444444444141
44444444444444311111111111
44444444444444444444111111
66666666666666666666661111
54545555454555555555551111
54555545555555555555551111
55555555555555555555551111
55555555555555555555514111
34545555555555555555555111
45454545454555554545555111
33333333333333333333333331
44444444444444444444444141
44444444444434411111111111
44444444444444444444111111
66666666666666666666661111
54545555454555555555551111
54555545555555555555551111
55555555555555555555551111
55555555555555555555514111
34545555555555555555555111
45454545454555554545555111
33333333333333333333333331
44444444444444444444444141
44444444443444411111111111
44444444444444444444111111
66666666666666666666661111
54545555454555555555551111
54555545555555555555551111
55555555555555555555551111
55555555555555555555514111
34545555555555555555555111
45454545454555554545555111
33333333333333333333333331
44444444444444444444444141
44444444344444411111111111
44444444444444444444111111
66666666666666666666661111
54545555454555555555551111
54555545555555555555551111
55555555555555555555551111
55555555555555555555514111
34545555555555555555555111
45454545454555554545555111
33333333333333333333333331
44444444444444444444444141
44444434444444411111111111
44444444444444444444111111
66666666666666666666661111
54545555454555555555551111
54555545555555555555551111
55555555555555555555551111
55555555555555555555514111
34545555555555555555555111
45454545454555554545555111
33333333333333333333333331
44444444444444444444444141
44443444444444411111111111
44444444444444444444111111
66666666666666666666661111
54545555454555555555551111
54555545555555555555551111
55555555555555555555551111
55555555555555555555514111
34545555555555555555555111
45454545454555554545555111
33333333333333333333333331
44444444444444444444444141
44344444444444411111111111
44444444444444444444111111
66666666666666666666661111
54545555454555555555551111
54555545555555555555551111
55555555555555555555551111
55555555555555555555514111
34545555555555555555555111
45454545454555554545555111
33333333333333333333333331
44444444444444444444444141
34444444444444411111111111
44444444444444444444111111
66666666666666666666661111
54545555454555555555551111
54555545555555555555551111
55555555555555555555551111
55555555555555555555514111
34545555555555555555555111
45454545454555554545555111
33333333333333333333333331
44444444444444444444444141
44444444444444411111111111
44444444444444444444111111
66666666666666666666661111
54545555454555555555551111
53555545555555555555551111
55555555555555555555551111
55555555555555555555514111
34545555555555555555555111
45454545454555554545555111
33333333333333333333333331
44444444444444444444444141
44444444444444411111111111
44444444444444444444111111
66666666666666666666661111
54545555454555555555551111
54555545555555555555551111
55555555555555555555551111
55555555555555555555513111
34545555555555555555555111
45454545454555554545555111
33333333333333333333333331
44444444444444444444444141
44444444444444411111111111
44444444444444444444111111
66666666666666666666661111
54545555454555555555551111
54555545555555555555551111
55555555555555555555551111
54555555555555555555514111
34545555555555555555555111
45454545454555554545555111
33333333333333333333333331
44444444444444444444444141
44444444444444411111111111
44444444444444444444111111
66666666666666666666661111
54545555454555555555551111
54555545555555555555551111
55555555555555555555551111
55555554555555555555514111
34545555555555555555555111
45454545454555554545555111
33333333333333333333333331
44444444444444444444444141
44444444444444411111111111
44444444444444444444111111
66666666666666666666661111
54545555454555555555551111
54555545555555555555551111
55555555555555555555551111
55555555555555555554514111
34545555555555555555555111
45454545454555554545555111
33333333333333333333333331
44444444444444444444444141
44444444444444411111111111
44444444444444444444111111
66666666666666666666661111
54545555454555555555551111
54555545555555555555551111
55555555555555555555551111
55555555555555555454514111
34545555555555555555555111
45454545454555554545555111
33333333333333333333333331
44444444444444444444444141
44444444444444411111111111
44444444444444444444111111
66666666666666666666661111
54545555454555555555551111
54555545555555555555551111
55555555555555555555551111
55555555555555555554514111
34545555555555555555555111
45454545454555554545555111
33333333333333333333333331
34444444444444444444444141
44444444444444411111111111
44444444444444444444111111
66666666666666666666661111
54545555454555555555551111
54555545555555555555551111
55555555555555555555551111
55555555555555555554514111
34545555555555555555555111
45454545454555554545555111
33333333333333333333333331
34444444444444443444444141
44444444444444411111111111
44444444444444444444111111
66666666666666666666661111
54545555454555555555551111
54555545555555555555551111
55555555555555555555551111
55555555555555555554514111
34545555555555555555555111
45454545454555554545555111
33333333333333333333333331
34444444444444443434444141
44444444444444411111111111
44444444444444444444111111
66666666666666666666661111
54545555454555555555551111
54555545555555555555551111
55555555555555555555551111
55555555555555555554514111
34545555555555555555555111
45454545454555554545555111
33333333333333333333333331
34344444444444443434444141
44444444444444411111111111
44444444444444444444111111
66666666666666666666661111
54545555454555555555551111
54555545555555555555551111
55555555555555555555551111
55555555555555555554514111
34545555555555555555555111
45454545454555554545555111
33333333333333333333333331
34344444444444343434444141
44444444444444411111111111
44444444444444444444111111
66666666666666666666661111
54545555454555555555551111
54555545555555555555551111
55555555555555555555551111
55555555555555555554514111
34545555555555555555555111
45454545454555554545555111
33333333333333333333333331
34344444444444443434344141
44444444444444411111111111
44444444444444444444111111
66666666666666666666661111
54545555454555555555551111
54555545555555555555551111
55555555555555555555551111
55555555555555555554514111
34545555555555555555555111
45454545454555554545555111
33333333333333333333333331
34343444444444443434444141
44444444444444411111111111
44444444444444444444111111
66666666666666666666661111
54545555454555555555551111
54555545555555555555551111
55555555555555555555551111
55555555555555555554514111
34545555555555555555555111
45454545454555554545555111
33333333333333333333333331
34343444444444443434444131
44444444444444411111111111
44444444444444444444111111
66666666666666666666661111
54545555454555555555551111
54555545555555555555551111
55555555555555555555551111
55555555555555555554514111
34545555555555555555555111
45454545454555554545555111
33333333333333333333333331
34343434444444443434444141
44444444444444411111111111
44444444444444444444111111
66666666666666666666661111
54545555454555555555551111
54555545555555555555551111
55554555555555555555551111
55555555555555555554514111
34545555555555555555555111
45454545454555554545555111
33333333333333333333333331
34343444444444443434444141
44444444444444411111111111
44444444444444444444111111
66666666666666666666661111
54545555454555555555551111
54555545555555555555551111
45554555555555555555551111
55555555555555555554514111
34545555555555555555555111
45454545454555554545555111
33333333333333333333333331
34343444444444443434444141
44444444444444411111111111
44444444444444444444111111
66666666666666666666661111
54545555454555555555551111
54555545555555555555551111
55454555555555555555551111
55555555555555555554514111
34545555555555555555555111
45454545454555554545555111
33333333333333333333333331
34343444444444443434444141
44444444444444411111111111
44444444444444444444111111
66666666666666666666661111
54545555454555555555551111
54555545555555555555551111
55554555555555555555451111
55555555555555555554514111
34545555555555555555555111
45454545454555554545555111
33333333333333333333333331
34343444444444443434444141
44444444444444411111111111
44444444444444444444111111
66666666666666666666661111
54545555454555555555551111
54555545555555555555551111
55554545555555555555451111
55555555555555555554514111
34545555555555555555555111
45454545454555554545555111
33333333333333333333333331
34343444444444443434444141
44444444444444411111111111
44444444444444444444111111
66666666666666666666661111
54545555454555555555551111
54555545555555555555551111
55554545555555555545451111
55555555555555555554514111
34545555555555555555555111
45454545454555554545555111
33333333333333333333333331
34343444444444443434444141
44444444444444411111111111
44444444444444444444111111
66666666666666666666661111
54545555454555555555551111
54555545555555555555551111
55554545555555554545451111
55555555555555555554514111
34545555555555555555555111
45454545454555554545555111
33333333333333333333333331
34343444444444443434444141
44444444444444411111111111
44444444444444444444111111
66666666666666666666661111
54545555454555555555551111
54555545555555555555551111
55554545555555454545451111
55555555555555555554514111
34545555555555555555555111
45454545454555554545555111
33333333333333333333333331
34343444444444443434444141
44444444444444411111111111
44444444444444444444111111
66666666666666666666661111
54545555454555555555551111
54555545555555555555551111
55554545455555454545451111
55555555555555555554514111
34545555555555555555555111
45454545454555554545555111
33333333333333333333333331
34343444444444443434444141
44444444444444411111111111
44444444444444444444111111
66666666666666666666661111
54545555454555555555551111
54555545555555555555551111
55554545454555454545451111
55555555555555555554514111
34545555555555555555555111
45454545454555554545555111
33333333333333333333333331
34343444444444443434444141
44444444444444411111111111
44444444444444444444111111
66666666666666666666661111
54545555454555555555551111
54555545555555555555551111
55554545454545454545451111
55555555555555555554514111
34545555555555555555555111
45454545454555554545555111
33333333333333333333333331
34343444444444443434444141
44444444444443411111111111
44444444444444444444111111
66666666666666666666661111
54545555454555555555551111
54555545555555555555551111
55554545454545454545451111
55555555555555555554514111
34545555555555555555555111
45454545454555554545555111
33333333333333333333333331
34343444444444443434444141
44444444444343411111111111
44444444444444444444111111
66666666666666666666661111
54545555454555555555551111
54555545555555555555551111
55554545454545454545451111
55555555555555555554514111
34545555555555555555555111
45454545454555554545555111
33333333333333333333333331
34343444444444443434444141
44444444434343411111111111
44444444444444444444111111
66666666666666666666661111
54545555454555555555551111
54555545555555555555551111
55554545454545454545451111
55555555555555555554514111
34545555555555555555555111
45454545454555554545555111
33333333333333333333333331
34343444444444443434444141
44444443444343411111111111
44444444444444444444111111
66666666666666666666661111
54545555454555555555551111
54555545555555555555551111
55554545454545454545451111
55555555555555555554514111
34545555555555555555555111
45454545454555554545555111
33333333333333333333333331
34343444444444443434444141
44444344444343411111111111
44444444444444444444111111
66666666666666666666661111
54545555454555555555551111
54555545555555555555551111
55554545454545454545451111
55555555555555555554514111
34545555555555555555555111
45454545454555554545555111
33333333333333333333333331
34343444444444443434444141
44434444444343411111111111
44444444444444444444111111
66666666666666666666661111
54545555454555555555551111
54555545555555555555551111
55554545454545454545451111
55555555555555555554514111
34545555555555555555555111
45454545454555554545555111
33333333333333333333333331
34343444444444443434444141
43444444444343411111111111
44444444444444444444111111
66666666666666666666661111
54545555454555555555551111
54555545555555555555551111
55554545454545454545451111
55555555555555555554514111
34545555555555555555555111
45454545454555554545555111
33333333333333333333333331
34343444444444443434444141
44444444444343411111111111
44444444444444444444111111
66666666666666666666661111
54545555454555555555551111
54555545555555555555551111
55553545454545454545451111
55555555555555555554514111
34545555555555555555555111
45454545454555554545555111
33333333333333333333333331
34343444444444443434444141
44444444444343411111111111
44444444444444444444111111
66666666666666666666661111
54545555454555555555551111
54555545555555555555551111
55553545454545454545351111
55555555555555555554514111
34545555555555555555555111
45454545454555554545555111
33333333333333333333333331
34343444444444443434444141
44444444444343411111111111
44444444444444444444111111
66666666666666666666661111
54545555454555555555551111
54555545555555555555551111
55553535454545454545451111
55555555555555555554514111
34545555555555555555555111
45454545454555554545555111
33333333333333333333333331
34343444444444443434444141
44444444444343411111111111
44444444444444444444111111
66666666666666666666661111
54545555454555555555551111
54555545555555555555551111
55553545454545454545451111
55555555555555555553514111
34545555555555555555555111
45454545454555554545555111
33333333333333333333333331
34343444444444443434444141
44444444444343411111111111
44444444444444444444111111
66666666666666666666661111
54545555454555555555551111
54555545555555555555551111
55553545454545454545451111
55555555555555555554514111
34545555555555555555555111
45454545454555554545555111
33333333333333333333333331
33343444444444443434444141
44444444444343411111111111
44444444444444444444111111
66666666666666666666661111
54545555454555555555551111
54555545555555555555551111
55553545454545454545451111
55555555555555555554514111
34545555555555555555555111
45454545454555554545555111
33333333333333333333333331
33333444444444443434444141
44444444444343411111111111
44444444444444444444111111
66666666666666666666661111
54545555454555555555551111
54555545555555555555551111
55553545454545454545451111
55555555555555555554514111
34545555555555555555555111
45454545454555554545555111
33333333333333333333333331
33333344444444443434444141
44444444444343411111111111
44444444444444444444111111
66666666666666666666661111
54545555454555555555551111
54555545555555555555551111
55553545454545454545451111
55555555555555555554514111
34545555555555555555555111
45454545454555554545555111
33333333333333333333333331
33333343444444443434444141
44444444444343411111111111
44444444444444444444111111
66666666666666666666661111
54545555454555555555551111
54555545555555555555551111
54553545454545454545451111
55555555555555555554514111
34545555555555555555555111
45454545454555554545555111
33333333333333333333333331
33333344444444443434444141
44444444444343411111111111
44444444444444444444111111
66666666666666666666661111
54545555454555555555551111
54555545555555555555551111
55553545454545454545441111
55555555555555555554514111
34545555555555555555555111
45454545454555554545555111
33333333333333333333333331
33333344444444443434444141
44444444444343411111111111
44444444444444444444111111
66666666666666666666661111
54545555454555555555551111
54555545555555555555551111
55553545454545454544441111
55555555555555555554514111
34545555555555555555555111
45454545454555554545555111
33333333333333333333333331
33333344444444443434444141
44444444444343411111111111
44444444444444444444111111
66666666666666666666661111
54545555454555555555551111
54555545555555555555551111
55553545454545454444441111
55555555555555555554514111
34545555555555555555555111
45454545454555554545555111
33333333333333333333333331
33333344444444443434444141
44444444444343411111111111
44444444444444444444111111
66666666666666666666661111
54545555454555555555551111
54555545555555555555551111
55553545454545444444441111
55555555555555555554514111
34545555555555555555555111
45454545454555554545555111
33333333333333333333333331
33333344444444443434444141
44444444444343411111111111
44444444444444444444111111
66666666666666666666661111
54545555454555555555551111
54555545555555555555551111
55553545454544444444441111
55555555555555555554514111
34545555555555555555555111
45454545454555554545555111
33333333333333333333333331
33333344444444443434444141
44444444444343411111111111
44444444444444444444111111
66666666666666666666661111
54545555454555555555551111
54555545555555555555551111
55553545454444444444441111
55555555555555555554514111
34545555555555555555555111
45454545454555554545555111
33333333333333333333333331
33333344444444443434444141
44444444444343411111111111
44444444444444444444111111
66666666666666666666661111
54545555454555555555551111
54555545555555555555551111
55553545444444444444441111
55555555555555555554514111
34545555555555555555555111
45454545454555554545555111
33333333333333333333333331
33333344444444443434444141
44444444444343411111111111
44444444444444444444111111
66666666666666666666661111
54545555454555555555551111
54555545555555555555551111
55553544444444444444441111
55555555555555555554514111
34545555555555555555555111
45454545454555554545555111
33333333333333333333333331
33333344444444443434444141
44444444444343411111111111
44444444444444444444111111
66666666666666666666661111
54545555454555555555551111
54555545555555555555551111
55553444444444444444441111
55555555555555555554514111
34545555555555555555555111
45454545454555554545555111
33333333333333333333333331
33333344444444443434444141
44444444444343411111111111
44444444444444444444111111
66666666666666666666661111
54545555454555555555551111
54555545555555555555551111
55543444444444444444441111
55555555555555555554514111
34545555555555555555555111
45454545454555554545555111
33333333333333333333333331
33333344444444443434444141
44444444444343411111111111
44444444444444444444111111
66666666666666666666661111
54545555454555555555551111
54555545555555555555551111
55552444444444444444441111
55555555555555555554514111
34545555555555555555555111
45454545454555554545555111
33333333333333333333333331
33333344444444443434444141
44444444444342411111111111
44444444444444444444111111
66666666666666666666661111
54545555454555555555551111
54555545555555555555551111
55553444444444444444441111
55555555555555555554514111
34545555555555555555555111
45454545454555554545555111
33333333333333333333333331
33333344444444443434444141
44444444444243411111111111
44444444444444444444111111
66666666666666666666661111
54545555454555555555551111
54555545555555555555551111
55553444444444444444441111
55555555555555555554514111
34545555555555555555555111
45454545454555554545555111
33333333333333333333333331
33333344444444443434444141
44444444444343411111111111
44444444444444444434111111
66666666666666666666661111
54545555454555555555551111
54555545555555555555551111
55553444444444444444441111
55555555555555555554514111
34545555555555555555555111
45454545454555554545555111
33333333333333333333333331
33333344444444443434444141
44444444444343411111111111
34444444444444444444111111
66666666666666666666661111
54545555454555555555551111
54555545555555555555551111
55553444444444444444441111
55555555555555555554514111
34545555555555555555555111
45454545454555554545555111
33333333333333333333333331
33333344444444443434444141
44444444444343411111111111
44444444444444443444111111
66666666666666666666661111
54545555454555555555551111
54555545555555555555551111
55553444444444444444441111
55555555555555555554514111
34545555555555555555555111
45454545454555554545555111
33333333333333333333333331
33333344444444443434444141
44444444444343411111111111
44444444444444344444111111
66666666666666666666661111
54545555454555555555551111
54555545555555555555551111
55553444444444444444441111
55555555555555555554514111
34545555555555555555555111
45454545454555554545555111
33333333333333333333333331
33333344444444443434444141
44444444444343411111111111
44444444444434444444111111
66666666666666666666661111
54545555454555555555551111
54555545555555555555551111
55553444444444444444441111
55555555555555555554514111
34545555555555555555555111
45454545454555554545555111
33333333333333333333333331
33333344444444443434444141
44444444444343411111111111
44444444443444444444111111
66666666666666666666661111
54545555454555555555551111
54555545555555555555551111
55553444444444444444441111
55555555555555555554514111
34545555555555555555555111
45454545454555554545555111
33333333333333333333333331
33333344444444443434444141
44444444444343411111111111
44444444344444444444111111
66666666666666666666661111
54545555454555555555551111
54555545555555555555551111
55553444444444444444441111
55555555555555555554514111
34545555555555555555555111
45454545454555554545555111
33333333333333333333333331
33333344444444443434444141
44444444444343411111111111
44444434444444444444111111
66666666666666666666661111
54545555454555555555551111
54555545555555555555551111
55553444444444444444441111
55555555555555555554514111
34545555555555555555555111
45454545454555554545555111
33333333333333333333333331
33333344444444443434444141
44444444444343411111111111
44443444444444444444111111
66666666666666666666661111
54545555454555555555551111
54555545555555555555551111
55553444444444444444441111
55555555555555555554514111
34545555555555555555555111
45454545454555554545555111
33333333333333333333333331
33333344444444443434444141
44444444444343411111111111
44344444444444444444111111
66666666666666666666661111
54545555454555555555551111
54555545555555555555551111
55553444444444444444441111
55555555555555555554514111
34545555555555555555555111
45454545454555554545555111
33333333333333333333333331
33333344444444443434444141
44444444444343411111111111
44444444444444444444111111
66666666666666666666561111
54545555454555555555551111
54555545555555555555551111
55553444444444444444441111
55555555555555555554514111
34545555555555555555555111
45454545454555554545555111
33333333333333333333333331
33333344444444443434444141
44444444444343411111111111
44444444444444444444111111
56666666666666666666561111
54545555454555555555551111
54555545555555555555551111
55553444444444444444441111
55555555555555555554514111
34545555555555555555555111
45454545454555554545555111
33333333333333333333333331
33333344444444443434444141
44444444444343411111111111
44444444444444444444111111
66666666666666666656561111
54545555454555555555551111
54555545555555555555551111
55553444444444444444441111
55555555555555555554514111
34545555555555555555555111
45454545454555554545555111
33333333333333333333333331
33333344444444443434444141
44444444444343411111111111
44444444444444444444111111
66666666666666665666561111
54545555454555555555551111
54555545555555555555551111
55553444444444444444441111
55555555555555555554514111
34545555555555555555555111
45454545454555554545555111
33333333333333333333333331
33333344444444443434444141
44444444444343411111111111
44444444444444444444111111
66666666666666566666561111
54545555454555555555551111
54555545555555555555551111
55553444444444444444441111
55555555555555555554514111
34545555555555555555555111
45454545454555554545555111
33333333333333333333333331
33333344444444443434444141
44444444444343411111111111
44444444444444444444111111
66666666666656666666561111
54545555454555555555551111
54555545555555555555551111
55553444444444444444441111
55555555555555555554514111
34545555555555555555555111
45454545454555554545555111
33333333333333333333333331
33333344444444443434444141
44444444444343411111111111
44444444444444444444111111
66666666665666666666561111
54545555454555555555551111
54555545555555555555551111
55553444444444444444441111
55555555555555555554514111
34545555555555555555555111
45454545454555554545555111
33333333333333333333333331
33333344444444443434444141
44444444444343411111111111
44444444444444444444111111
66666666566666666666561111
54545555454555555555551111
54555545555555555555551111
55553444444444444444441111
55555555555555555554514111
34545555555555555555555111
45454545454555554545555111
33333333333333333333333331
33333344444444443434444141
44444444444343411111111111
44444444444444444444111111
66666656666666666666561111
54545555454555555555551111
54555545555555555555551111
55553444444444444444441111
55555555555555555554514111
34545555555555555555555111
45454545454555554545555111
33333333333333333333333331
33333344444444443434444141
44444444444343411111111111
44444444444444444444111111
66665666666666666666561111
54545555454555555555551111
54555545555555555555551111
55553444444444444444441111
55555555555555555554514111
34545555555555555555555111
45454545454555554545555111
33333333333333333333333331
33333344444444443434444141
44444444444343411111111111
44444444444444444444111111
66566666666666666666561111
54545555454555555555551111
54555545555555555555551111
55553444444444444444441111
55555555555555555554514111
34545555555555555555555111
45454545454555554545555111
33333333333333333333333331
33333344444444443434444141
44444444444343411111111111
44444444444444444444111111
66666666666666666666561111
54545555454555555555551111
54555545555555555555551111
55553444444444444444441111
55555555555555555554514111
34545555555555555555555111
45454545454555554545555111
33333333333333333333333321
33333344444444443434444141
44444444444343411111111111
44444444444444444444111111
66666666666666666666561111
54545555454555555555551111
54555545555555555555551111
55553444444444444444441111
55555555555555555554514111
34545555555555555555555111
45454545454555554545555111
23333333333333333333333331
33333344444444443434444141
44444444444343411111111111
44444444444444444444111111
66666666666666666666561111
54545555454555555555551111
54555545555555555555551111
55553444444444444444441111
55555555555555555554514111
34545555555555555555555111
45454545454555554545555111
33333333233333333333333331
33333344444444443434444141
44444444444343411111111111
44444444444444444444111111
66666666666666666666561111
54545555454555555555551111
54555545555555555555551111
55553444444444444444441111
55555555555555555554514111
34545555555555555555555111
45454545454555554545555111
33333333333333333333332331
33333344444444443434444141
44444444444343411111111111
44444444444444444444111111
66666666666666666666561111
54545555454555555555551111
54555545555555555555551111
55553444444444444444441111
55555555555555555554514111
34545555555555555555555111
45454545454555554545555111
33333333333333333333233331
33333344444444443434444141
44444444444343411111111111
44444444444444444444111111
66666666666666666666561111
54545555454555555555551111
54555545555555555555551111
55553444444444444444441111
55555555555555555554514111
34545555555555555555555111
45454545454555554545555111
33333333333333333323333331
33333344444444443434444141
44444444444343411111111111
44444444444444444444111111
66666666666666666666561111
54545555454555555555551111
54555545555555555555551111
55553444444444444444441111
55555555555555555554514111
34545555555555555555555111
45454545454555554545555111
33333333333333332333333331
33333344444444443434444141
44444444444343411111111111
44444444444444444444111111
66666666666666666666561111
54545555454555555555551111
54555545555555555555551111
55553444444444444444441111
55555555555555555554514111
34545555555555555555555111
45454545454555554545555111
33333333333333233333333331
33333344444444443434444141
44444444444343411111111111
44444444444444444444111111
66666666666666666666561111
54545555454555555555551111
54555545555555555555551111
55553444444444444444441111
55555555555555555554514111
34545555555555555555555111
45454545454555554545555111
33333333333323333333333331
33333344444444443434444141
44444444444343411111111111
44444444444444444444111111
66666666666666666666561111
54545555454555555555551111
54555545555555555555551111
55553444444444444444441111
55555555555555555554514111
34545555555555555555555111
45454545454555554545555111
33333333332333333333333331
33333344444444443434444141
44444444444343411111111111
44444444444444444444111111
66666666666666666666561111
54545555454555555555551111
54555545555555555555551111
55553444444444444444441111
55555555555555555554514111
34545555555555555555555111
45454545454555554545555111
33333323333333333333333331
33333344444444443434444141
44444444444343411111111111
44444444444444444444111111
66666666666666666666561111
54545555454555555555551111
54555545555555555555551111
55553444444444444444441111
55555555555555555554514111
34545555555555555555555111
45454545454555554545555111
33332333333333333333333331
33333344444444443434444141
44444444444343411111111111
44444444444444444444111111
66666666666666666666561111
54545555454555555555551111
54555545555555555555551111
55553444444444444444441111
55555555555555555554514111
34545555555555555555555111
45454545454555554545555111
33233333333333333333333331
33333344444444443434444141
44444444444343411111111111
44444444444444444444111111
66666666666666666666461111
54545555454555555555551111
54555545555555555555551111
55553444444444444444441111
55555555555555555554514111
34545555555555555555555111
45454545454555554545555111
33333333333333333333333331
33333344444444443434444141
44444444444343411111111111
44444444444444444443111111
66666666666666666666561111
54545555454555555555551111
54555545555555555555551111
55553444444444444444441111
55555555555555555554514111
34545555555555555555555111
45454545454555554545555111
33333333333333333333333331
33333344444444443434444141
44444444444343411111111111
43444444444444444443111111
66666666666666666666561111
54545555454555555555551111
54555545555555555555551111
55553444444444444444441111
55555555555555555554514111
34545555555555555555555111
45454545454555554545555111
33333333333333333333333331
33333344444444443434444141
44444444444343411111111111
44444444444444444343111111
66666666666666666666561111
54545555454555555555551111
54555545555555555555551111
55553444444444444444441111
55555555555555555554514111
34545555555555555555555111
45454545454555554545555111
33333333333333333333333331
33333344444444443434444141
44444444444343411111111111
44444444444444434443111111
66666666666666666666561111
54545555454555555555551111
54555545555555555555551111
55553444444444444444441111
55555555555555555554514111
34545555555555555555555111
45454545454555554545555111
33333333333333333333333331
33333344444444443434444141
44444444444343411111111111
44444444444443444443111111
66666666666666666666561111
54545555454555555555551111
54555545555555555555551111
55553444444444444444441111
55555555555555555554514111
34545555555555555555555111
45454545454555554545555111
33333333333333333333333331
33333344444444443434444141
44444444444343411111111111
44444444444344444443111111
66666666666666666666561111
54545555454555555555551111
54555545555555555555551111
55553444444444444444441111
55555555555555555554514111
34545555555555555555555111
45454545454555554545555111
33333333333333333333333331
33333344444444443434444141
44444444444343411111111111
44444444434444444443111111
66666666666666666666561111
54545555454555555555551111
54555545555555555555551111
55553444444444444444441111
55555555555555555554514111
34545555555555555555555111
45454545454555554545555111
33333333333333333333333331
33333344444444443434444141
44444444444343411111111111
44444443444444444443111111
66666666666666666666561111
54545555454555555555551111
54555545555555555555551111
55553444444444444444441111
55555555555555555554514111
34545555555555555555555111
45454545454555554545555111
33333333333333333333333331
33333344444444443434444141
44444444444343411111111111
44444344444444444443111111
66666666666666666666561111
54545555454555555555551111
54555545555555555555551111
55553444444444444444441111
55555555555555555554514111
34545555555555555555555111
45454545454555554545555111
33333333333333333333333331
33333344444444443434444141
44444444444343411111111111
44434444444444444443111111
66666666666666666666561111
54545555454555555555551111
54555545555555555555551111
55553444444444444444441111
55555555555555555554514111
34545555555555555555555111
45454545454555554545555111
33333333333333333333333331
33333344444444443434444141
44444444444343411111111111
44444444444444444443111111
66666666666666666666551111
54545555454555555555551111
54555545555555555555551111
55553444444444444444441111
55555555555555555554514111
34545555555555555555555111
45454545454555554545555111
33333333333333333333333331
33333344444444443434444141
44444444444343411111111111
44444444444444444443111111
65666666666666666666551111
54545555454555555555551111
54555545555555555555551111
55553444444444444444441111
55555555555555555554514111
34545555555555555555555111
45454545454555554545555111
33333333333333333333333331
33333344444444443434444141
44444444444343411111111111
44444444444444444443111111
66666666666666666665551111
54545555454555555555551111
54555545555555555555551111
55553444444444444444441111
55555555555555555554514111
34545555555555555555555111
45454545454555554545555111
33333333333333333333333331
33333344444444443434444141
44444444444343411111111111
44444444444444444443111111
66666666666666666666551111
54545555454555555555551111
54555545555555555555551111
55553444444444444444441111
55555555555555555554514111
34545555555555555555555111
45454545454555554545555111
32333333333333333333333331
33333344444444443434444141
44444444444343411111111111
44444444444444444443111111
66666666666666666666551111
54545555454555555555551111
54555545555555555555551111
55553444444444444444441111
55555555555555555554514111
34545555555555555555555111
45454545454555554545555111
33333333323333333333333331
33333344444444443434444141
44444444444343411111111111
44444444444444444443111111
66666666666666666666551111
54545555454555555555551111
54555545555555555555551111
55553444444444444444441111
55555555555555555554514111
34545555555555555555555111
45454545454555554545555111
33333333333333333333333231
33333344444444443434444141
44444444444343411111111111
44444444444444444443111111
66666666666666666666551111
54545555454555555555551111
54555545555555555555551111
55553444444444444444441111
55555555555555555554514111
34545555555555555555555111
45454545454555554545555111
33333333333333333333323331
33333344444444443434444141
44444444444343411111111111
44444444444444444443111111
66666666666666666666551111
54545555454555555555551111
54555545555555555555551111
55553444444444444444441111
55555555555555555554514111
34545555555555555555555111
45454545454555554545555111
33333333333333333332333331
33333344444444443434444141
44444444444343411111111111
44444444444444444443111111
66666666666666666666551111
54545555454555555555551111
54555545555555555555551111
55553444444444444444441111
55555555555555555554514111
34545555555555555555555111
45454545454555554545555111
33333333333333333233333331
33333344444444443434444141
44444444444343411111111111
44444444444444444443111111
66666666666666666666551111
54545555454555555555551111
54555545555555555555551111
55553444444444444444441111
55555555555555555554514111
34545555555555555555555111
45454545454555554545555111
33333333333333323333333331
33333344444444443434444141
44444444444343411111111111
44444444444444444443111111
66666666666666666666551111
54545555454555555555551111
54555545555555555555551111
55553444444444444444441111
55555555555555555554514111
34545555555555555555555111
45454545454555554545555111
33333333333332333333333331
33333344444444443434444141
