3487169041
11 10 100
66666666666666666666
66666666666666666666
66666666666666666666
66666666666666666666
66666666666666666666
66666666666666666666
66666666666666666666
66666666666666666666
66666666666666666666
66666666666666666666
66666666666666666666
77777777777777777777
77777777777777777777
77777777777777777777
77777777777777777777
77777777777777777777
77777777777777777777
77777777777777777777
77777777777777777777
77777777777777777777
77777777777777777777
77777777777777777777
77777777777777777777
77777777777777777777
77777777777777777777
77777777777777777777
44444444444444444444
77777777777777777777
77777777777777777777
77777777777777777777
77777777777777777777
77777777777777777777
77777777777777777777
77777777777777777777
77777777777777777777
77777777777777777777
77777777777777777777
44444444444444444444
77777777777777777777
77777777777777777777
77777777777777777777
77777777777777777777
77777777777777777777
44444444444444444444
77777777777777777777
77777777777777777777
77777777777777777777
77777777777777777777
44444444444444444444
77777777777777777777
77777777777777777777
44444444444444444444
77777777777777777777
77777777777777777777
44444444444444444444
77777777777777777777
77777777777777777777
77777777777777777777
77777777777777777777
44444444444444444444
77777777777777777777
77777777777777777777
55555555555555555555
77777777777777777777
77777777777777777777
44444444444444444444
77777777777777777777
77777777777777777777
77777777777777777777
77777777777777777777
22222222222222222222
77777777777777777777
77777777777777777777
55555555555555555555
77777777777777777777
77777777777777777777
44444444444444444444
77777777777777777777
77777777777777777777
77777777777777777777
77777777777777777777
33333333333333333333
77777777777777777777
77777777777777777777
55555555555555555555
77777777777777777777
77777777777777777777
44444444444444444444
77777777777777777777
77777777777777777777
77777777777777777777
77777777777777777777
44444444444444444444
77777777777777777777
77777777777777777777
55555555555555555555
44444444444444444444
77777777777777777777
44444444444444444444
77777777777777777777
77777777777777777777
77777777777777777777
77777777777777777777
44444444444444444444
77777777777777777777
77777777777777777777
55555555555555555555
55555555555555555555
77777777777777777777
44444444444444444444
77777777777777777777
77777777777777777777
77777777777777777777
77777777777777777777
44444444444444444444
77777777777777777777
77777777777777777777
55555555555555555555
55555555555555555555
44444444444444444444
44444444444444444444
77777777777777777777
77777777777777777777
77777777777777777777
77777777777777777777
44444444444444444444
77777777777777777777
77777777777777777777
55555555555555555555
55555555555555555555
55555555555555555555
44444444444444444444
77777777777777777777
77777777777777777777
77777777777777777777
77777777777777777777
44444444444444444444
77777777777777777777
77777777777777777777
55555555555555555555
55555555555555555555
66666666666666666666
44444444444444444444
77777777777777777777
77777777777777777777
77777777777777777777
44444444444444444444
44444444444444444444
77777777777777777777
77777777777777777777
55555555555555555555
55555555555555555555
77777777777777777777
44444444444444444444
77777777777777777777
44444444444444444444
77777777777777777777
44444444444444444444
44444444444444444444
77777777777777777777
77777777777777777777
55555555555555555555
55555555555555555555
77777777777777777777
44444444444444444444
77777777777777777777
55555555555555555555
77777777777777777777
44444444444444444444
44444444444444444444
77777777777777777777
77777777777777777777
55555555555555555555
55555555555555555555
77777777777777777777
44444444444444444444
77777777777777777777
66666666666666666666
77777777777777777777
44444444444444444444
44444444444444444444
77777777777777777777
77777777777777777777
55555555555555555555
55555555555555555555
77777777777777777777
44444444444444444444
77777777777777777777
77777777777777777777
44444444444444444444
44444444444444444444
44444444444444444444
77777777777777777777
77777777777777777777
55555555555555555555
55555555555555555555
77777777777777777777
44444444444444444444
77777777777777777777
77777777777777777777
55555555555555555555
44444444444444444444
44444444444444444444
77777777777777777777
77777777777777777777
55555555555555555555
55555555555555555555
77777777777777777777
44444444444444444444
77777777777777777777
77777777777777777777
66666666666666666666
44444444444444444444
44444444444444444444
77777777777777777777
77777777777777777777
55555555555555555555
55555555555555555555
77777777777777777777
44444444444444444444
77777777777777777777
77777777777777777777
77777777777777777777
44444444444444444444
44444444444444444444
77777777777777777777
77777777777777777777
55555555555555555555
55555555555555555555
77777777777777777777
22222222222222222222
77777777777777777777
77777777777777777777
77777777777777777777
44444444444444444444
44444444444444444444
77777777777777777777
77777777777777777777
55555555555555555555
55555555555555555555
77777777777777777777
33333333333333333333
44444444444444444444
77777777777777777777
77777777777777777777
44444444444444444444
44444444444444444444
77777777777777777777
77777777777777777777
55555555555555555555
55555555555555555555
77777777777777777777
44444444444444444444
55555555555555555555
77777777777777777777
77777777777777777777
44444444444444444444
44444444444444444444
77777777777777777777
77777777777777777777
55555555555555555555
55555555555555555555
77777777777777777777
44444444444444444444
66666666666666666666
77777777777777777777
77777777777777777777
44444444444444444444
44444444444444444444
77777777777777777777
77777777777777777777
55555555555555555555
55555555555555555555
77777777777777777777
44444444444444444444
77777777777777777777
77777777777777777777
77777777777777777777
44444444444444444444
44444444444444444444
44444444444444444444
77777777777777777777
55555555555555555555
55555555555555555555
77777777777777777777
44444444444444444444
77777777777777777777
77777777777777777777
77777777777777777777
44444444444444444444
44444444444444444444
55555555555555555555
77777777777777777777
55555555555555555555
55555555555555555555
77777777777777777777
44444444444444444444
77777777777777777777
77777777777777777777
77777777777777777777
44444444444444444444
44444444444444444444
55555555555555555555
44444444444444444444
55555555555555555555
55555555555555555555
77777777777777777777
44444444444444444444
77777777777777777777
77777777777777777777
77777777777777777777
22222222222222222222
44444444444444444444
55555555555555555555
44444444444444444444
55555555555555555555
55555555555555555555
77777777777777777777
44444444444444444444
77777777777777777777
77777777777777777777
77777777777777777777
33333333333333333333
44444444444444444444
55555555555555555555
44444444444444444444
55555555555555555555
55555555555555555555
77777777777777777777
44444444444444444444
77777777777777777777
77777777777777777777
77777777777777777777
44444444444444444444
44444444444444444444
55555555555555555555
22222222222222222222
55555555555555555555
55555555555555555555
77777777777777777777
44444444444444444444
77777777777777777777
77777777777777777777
77777777777777777777
44444444444444444444
44444444444444444444
55555555555555555555
33333333333333333333
55555555555555555555
55555555555555555555
77777777777777777777
44444444444444444444
77777777777777777777
77777777777777777777
77777777777777777777
44444444444444444444
44444444444444444444
55555555555555555555
44444444444444444444
55555555555555555555
55555555555555555555
77777777777777777777
44444444444444444444
77777777771111111111
77777777111111111111
77777777777777111111
44444444444444111111
44444411111111111111
55555555555555551111
44444444444444111111
55555555555555551111
55555555555555555511
77777777777777771111
44444444444444444411
77777777771111111111
77777777111111111111
77777777777777111111
44444444444444111111
44443411111111111111
55555555555555551111
44444444444444111111
55555555555555551111
55555555555555555511
77777777777777771111
44444444444444444411
77777777771111111111
77777777111111111111
77777777777777111111
44444444444444111111
34444411111111111111
55555555555555551111
44444444444444111111
55555555555555551111
55555555555555555511
77777777777777771111
44444444444444444411
77777777771111111111
77777777111111111111
77777777777777111111
44444444444444111111
44444311111111111111
55555555555555551111
44444444444444111111
55555555555555551111
55555555555555555511
77777777777777771111
44444444444444444411
77777777771111111111
77777777111111111111
77777777777777111111
44444444444444111111
43444411111111111111
55555555555555551111
44444444444444111111
55555555555555551111
55555555555555555511
77777777777777771111
44444444444444444411
77777777771111111111
77777777111111111111
77777777777777111111
44444444444444111111
44444411111111111111
55555555555555551111
44444444444444111111
55555555555555551111
55555555555555555511
77777777777777771111
34444444444444444411
77777777771111111111
77777777111111111111
77777777777777111111
44444444444444111111
44444411111111111111
55555555555555551111
44444444444444111111
55555555555555551111
55555555555555555511
77777777777777771111
44444444444444443411
77777777771111111111
77777777111111111111
77777777777777111111
44444444444444111111
44444411111111111111
55555555555555551111
44444444444444111111
55555555555555551111
55555555555555555511
77777777777777771111
44444444444444343411
77777777771111111111
77777777111111111111
77777777777777111111
44444444444444111111
44444411111111111111
55555555555555551111
44444444444444111111
55555555555555551111
55555555555555555511
67777777777777771111
44444444444444443411
77777777771111111111
77777777111111111111
77777777777777111111
44444444444444111111
44444411111111111111
55555555555555551111
44444444444444111111
55555555555555551111
55555555555555555511
77777777777777671111
44444444444444443411
77777777771111111111
77777777111111111111
77777777777777111111
44444444444444111111
44444411111111111111
55555555555555551111
44444444444444111111
55555555555555451111
55555555555555555511
77777777777777771111
44444444444444443411
77777777771111111111
77777777111111111111
77777777777777111111
44444444444444111111
44444411111111111111
55555555555555551111
44444444444444111111
45555555555555551111
55555555555555555511
77777777777777771111
44444444444444443411
77777777771111111111
77777777111111111111
77777777777767111111
44444444444444111111
44444411111111111111
55555555555555551111
44444444444444111111
55555555555555551111
55555555555555555511
77777777777777771111
44444444444444443411
77777777771111111111
77777777111111111111
67777777777777111111
44444444444444111111
44444411111111111111
55555555555555551111
44444444444444111111
55555555555555551111
55555555555555555511
77777777777777771111
44444444444444443411
77777777771111111111
77777777111111111111
77777777777777111111
44444444444444111111
44444411111111111111
55555555555555551111
44444444444444111111
55555555555555551111
55555555555555555511
76777777777777771111
44444444444444443411
77777777771111111111
77777777111111111111
77777777777777111111
44444444444444111111
44444411111111111111
55555555555555551111
44444444444444111111
55555555555555551111
55555555555555555511
76767777777777771111
44444444444444443411
77777777771111111111
77777777111111111111
77777777777777111111
44444444444444111111
44444411111111111111
55555555555555551111
44444444444444111111
55555555555555551111
55555555555555555511
76767677777777771111
44444444444444443411
77777777771111111111
77777777111111111111
77777777777777111111
44444444444444111111
44444411111111111111
55555555555555551111
44444444444444111111
55555555555555551111
55555555555555554511
76767777777777771111
44444444444444443411
77777777771111111111
77777777111111111111
77777777777777111111
44444444444444111111
44444411111111111111
55555555555555551111
44444444444444111111
55555555555555551111
55555555555555454511
76767777777777771111
44444444444444443411
77777777771111111111
77777777111111111111
77777777777777111111
44444444444444111111
44444411111111111111
55555555555555551111
44444444444444111111
55555555555555551111
55555555555545454511
76767777777777771111
44444444444444443411
77777777771111111111
77777767111111111111
77777777777777111111
44444444444444111111
44444411111111111111
55555555555555551111
44444444444444111111
55555555555555551111
55555555555555454511
76767777777777771111
44444444444444443411
77777777771111111111
67777777111111111111
77777777777777111111
44444444444444111111
44444411111111111111
55555555555555551111
44444444444444111111
55555555555555551111
55555555555555454511
76767777777777771111
44444444444444443411
77777777771111111111
77777777111111111111
77777777777777111111
44444444444444111111
44444411111111111111
55555555555555551111
44444444444444111111
55555555555555551111
55555555555555454511
76767777777777771111
44444444444444442411
77777777771111111111
77777777111111111111
77777777777777111111
44444444444444111111
44444411111111111111
55555555555555551111
44444444444444111111
55555555555555541111
55555555555555454511
76767777777777771111
44444444444444443411
77777777771111111111
77777777111111111111
77777777777777111111
44444444444444111111
44444411111111111111
55555555555555551111
44444444444444111111
55555555555554541111
55555555555555454511
76767777777777771111
44444444444444443411
77777777771111111111
77777777111111111111
77777777777777111111
44444444444444111111
44444411111111111111
55555555555555551111
44444444444444111111
55555555555454541111
55555555555555454511
76767777777777771111
44444444444444443411
77777777771111111111
77777777111111111111
77777777777776111111
44444444444444111111
44444411111111111111
55555555555555551111
44444444444444111111
55555555555554541111
55555555555555454511
76767777777777771111
44444444444444443411
77777777771111111111
77777777111111111111
77777777777676111111
44444444444444111111
44444411111111111111
55555555555555551111
44444444444444111111
55555555555554541111
55555555555555454511
76767777777777771111
44444444444444443411
77777777671111111111
77777777111111111111
77777777777776111111
44444444444444111111
44444411111111111111
55555555555555551111
44444444444444111111
55555555555554541111
55555555555555454511
76767777777777771111
44444444444444443411
67777777771111111111
77777777111111111111
77777777777776111111
44444444444444111111
44444411111111111111
55555555555555551111
44444444444444111111
55555555555554541111
55555555555555454511
76767777777777771111
44444444444444443411
77777777771111111111
77777776111111111111
77777777777776111111
44444444444444111111
44444411111111111111
55555555555555551111
44444444444444111111
55555555555554541111
55555555555555454511
76767777777777771111
44444444444444443411
77777777771111111111
77777676111111111111
77777777777776111111
44444444444444111111
44444411111111111111
55555555555555551111
44444444444444111111
55555555555554541111
55555555555555454511
76767777777777771111
44444444444444443411
77777777771111111111
77777776111111111111
77777777777775111111
44444444444444111111
44444411111111111111
55555555555555551111
44444444444444111111
55555555555554541111
55555555555555454511
76767777777777771111
44444444444444443411
77777777771111111111
77777776111111111111
77777777777775111111
34444444444444111111
44444411111111111111
55555555555555551111
44444444444444111111
55555555555554541111
55555555555555454511
76767777777777771111
44444444444444443411
77777777771111111111
77777776111111111111
77777777777775111111
44444444444434111111
44444411111111111111
55555555555555551111
44444444444444111111
55555555555554541111
55555555555555454511
76767777777777771111
44444444444444443411
77777777771111111111
77777775111111111111
77777777777775111111
44444444444444111111
44444411111111111111
55555555555555551111
44444444444444111111
55555555555554541111
55555555555555454511
76767777777777771111
44444444444444443411
77777777761111111111
77777775111111111111
77777777777775111111
44444444444444111111
44444411111111111111
55555555555555551111
44444444444444111111
55555555555554541111
55555555555555454511
76767777777777771111
44444444444444443411
77777776761111111111
77777775111111111111
77777777777775111111
44444444444444111111
44444411111111111111
55555555555555551111
44444444444444111111
55555555555554541111
55555555555555454511
76767777777777771111
44444444444444443411
77777777761111111111
77777774111111111111
77777777777775111111
44444444444444111111
44444411111111111111
55555555555555551111
44444444444444111111
55555555555554541111
55555555555555454511
76767777777777771111
44444444444444443411
77777777761111111111
77777774111111111111
77777777777774111111
44444444444444111111
44444411111111111111
55555555555555551111
44444444444444111111
55555555555554541111
55555555555555454511
76767777777777771111
44444444444444443411
77777777761111111111
77777773111111111111
77777777777774111111
44444444444444111111
44444411111111111111
55555555555555551111
44444444444444111111
55555555555554541111
55555555555555454511
76767777777777771111
44444444444444443411
77777777761111111111
77777773111111111111
77777777777774111111
44444444444444111111
44444411111111111111
55555555555555451111
44444444444444111111
55555555555554541111
55555555555555454511
76767777777777771111
44444444444444443411
77777777761111111111
77777773111111111111
77777777777774111111
44444444444444111111
44444411111111111111
55555555555545451111
44444444444444111111
55555555555554541111
55555555555555454511
76767777777777771111
44444444444444443411
77777777761111111111
77777773111111111111
77777777777774111111
44444444444444111111
44444411111111111111
55555555554545451111
44444444444444111111
55555555555554541111
55555555555555454511
76767777777777771111
44444444444444443411
77777777761111111111
77777773111111111111
77777777777774111111
44444444444444111111
44444411111111111111
55555555454545451111
44444444444444111111
55555555555554541111
55555555555555454511
76767777777777771111
44444444444444443411
77777777761111111111
77777773111111111111
77777777777774111111
44444444444444111111
44444411111111111111
55555545454545451111
44444444444444111111
55555555555554541111
55555555555555454511
76767777777777771111
44444444444444443411
77777777761111111111
77777773111111111111
77777777777774111111
44444444444444111111
44444411111111111111
55554545454545451111
44444444444444111111
55555555555554541111
55555555555555454511
76767777777777771111
44444444444444443411
77777777761111111111
77777773111111111111
77777777777774111111
43444444444444111111
44444411111111111111
55555545454545451111
44444444444444111111
55555555555554541111
55555555555555454511
76767777777777771111
44444444444444443411
77777777761111111111
77777773111111111111
77777777777774111111
44444444444443111111
44444411111111111111
55555545454545451111
44444444444444111111
55555555555554541111
55555555555555454511
76767777777777771111
44444444444444443411
77777777751111111111
77777773111111111111
77777777777774111111
44444444444444111111
44444411111111111111
55555545454545451111
44444444444444111111
55555555555554541111
55555555555555454511
76767777777777771111
44444444444444443411
77777777761111111111
77777773111111111111
77777777777773111111
44444444444444111111
44444411111111111111
55555545454545451111
44444444444444111111
55555555555554541111
55555555555555454511
76767777777777771111
44444444444444443411
77777777761111111111
77777772111111111111
77777777777774111111
44444444444444111111
44444411111111111111
55555545454545451111
44444444444444111111
55555555555554541111
55555555555555454511
76767777777777771111
44444444444444443411
77777777761111111111
77777772111111111111
77777777777774111111
44444444444444111111
44444411111111111111
55555545454545451111
34444444444444111111
55555555555554541111
55555555555555454511
76767777777777771111
44444444444444443411
77777777761111111111
77777772111111111111
77777777777774111111
44444444444444111111
44444411111111111111
55555545454545451111
44444444444434111111
55555555555554541111
55555555555555454511
76767777777777771111
44444444444444443411
77777777761111111111
77777771111111111111
77777777777774111111
44444444444444111111
44444411111111111111
55555545454545451111
44444444444444111111
55555555555554541111
55555555555555454511
76767777777777771111
44444444444444443411
77777777761111111111
76777771111111111111
77777777777774111111
44444444444444111111
44444411111111111111
55555545454545451111
44444444444444111111
55555555555554541111
55555555555555454511
76767777777777771111
44444444444444443411
77777777761111111111
77777771111111111111
77777777777774111111
44444444444444111111
44444411111111111111
55555545454545451111
43444444444444111111
55555555555554541111
55555555555555454511
76767777777777771111
44444444444444443411
77777777761111111111
77777771111111111111
77777777777774111111
44444444444444111111
44444411111111111111
55555545454545451111
43434444444444111111
55555555555554541111
55555555555555454511
76767777777777771111
44444444444444443411
77777777761111111111
77777771111111111111
77777777777774111111
44444444444444111111
44444411111111111111
55555545454545451111
43434344444444111111
55555555555554541111
55555555555555454511
76767777777777771111
44444444444444443411
77777777761111111111
77777771111111111111
77777777777774111111
44444444444444111111
44444411111111111111
55555545454545451111
43434343444444111111
55555555555554541111
55555555555555454511
76767777777777771111
44444444444444443411
77777777761111111111
77777771111111111111
77777777777774111111
44444444444444111111
44444411111111111111
55555545454545451111
43434344444444111111
55555555555554541111
55555555555555454511
76767777777777771111
44444444444444443411
77777777761111111111
77777771111111111111
77777777777774111111
44444444444444111111
44443411111111111111
55555545454545451111
43434344444444111111
55555555555554541111
55555555555555454511
76767777777777771111
44444444444444443411
77777777761111111111
77777771111111111111
77777777777774111111
44444444444444111111
44443411111111111111
55555545454545451111
43434344444444111111
55555555555554541111
55555555555555454511
76767777777777771111
44444444444444443411
77777777761111111111
77777771111111111111
77777777777774111111
44444444444444111111
44443411111111111111
55555545454545451111
43434344444444111111
55555555555554541111
55555555555555454511
76767777777777771111
44444444444444443411
77777777761111111111
77777771111111111111
77777777777774111111
44444444444444111111
44443411111111111111
55555545454545451111
43434344444444111111
55555555555554541111
55555555555555454511
76767777777777771111
44444444444444443411
77777777761111111111
77777771111111111111
77777777777774111111
44444444444444111111
44443411111111111111
55555545454545451111
43434344444444111111
55555555555554541111
55555555555555454511
76767777777777771111
44444444444444443411
77777777761111111111
77777771111111111111
77777777777774111111
44444444444444111111
44443411111111111111
55555545454545451111
43434344444444111111
55555555555554541111
55555555555555454511
76767777777777771111
44444444444444443411
