3021864285
14 15 100
666666666666666666666666666666
666666666666666666666666666666
666666666666666666666666666666
666666666666666666666666666666
666666666666666666666666666666
666666666666666666666666666666
666666666666666666666666666666
666666666666666666666666666666
666666666666666666666666666666
666666666666666666666666666666
666666666666666666666666666666
666666666666666666666666666666
666666666666666666666666666666
666666666666666666666666666666
777777777777777777777777777777
777777777777777777777777777777
777777777777777777777777777777
777777777777777777777777777777
777777777777777777777777777777
777777777777777777777777777777
777777777777777777777777777777
777777777777777777777777777777
777777777777777777777777777777
777777777777777777777777777777
777777777777777777777777777777
777777777777777777777777777777
777777777777777777777777777777
777777777777777777777777777777
777777777777777777777777777777
777777777777777777777777777777
777777777777777777777777777777
777777777777777777777777777777
777777777777777777777777777777
777777777777777777777777777777
777777777777777777777777777777
777777777777777777777777777777
777777777777777777777777777777
777777777777777777777777777777
777777777777777777777777777777
777777777777777777777777777777
777777777777777777777777777777
444444444444444444444444444444
777777777777777777777777777777
777777777777777777777777777777
777777777777777777777777777777
777777777777777777777777777777
777777777777777777777777777777
777777777777777777777777777777
777777777777777777777777777777
777777777777777777777777777777
777777777777777777777777777777
777777777777777777777777777777
777777777777777777777777777777
777777777777777777777777777777
777777777777777777777777777777
555555555555555555555555555555
777777777777777777777777777777
777777777777777777777777777777
777777777777777777777777777777
777777777777777777777777777777
777777777777777777777777777777
777777777777777777777777777777
777777777777777777777777777777
777777777777777777777777777777
777777777777777777777777777777
777777777777777777777777777777
777777777777777777777777777777
777777777777777777777777777777
777777777777777777777777777777
666666666666666666666666666666
777777777777777777777777777777
777777777777777777777777777777
777777777777777777777777777777
777777777777777777777777777777
777777777777777777777777777777
444444444444444444444444444444
777777777777777777777777777777
777777777777777777777777777777
777777777777777777777777777777
777777777777777777777777777777
777777777777777777777777777777
777777777777777777777777777777
777777777777777777777777777777
666666666666666666666666666666
777777777777777777777777777777
777777777777777777777777777777
777777777777777777777777777777
777777777777777777777777777777
777777777777777777777777777777
555555555555555555555555555555
777777777777777777777777777777
777777777777777777777777777777
777777777777777777777777777777
777777777777777777777777777777
777777777777777777777777777777
777777777777777777777777777777
777777777777777777777777777777
666666666666666666666666666666
777777777777777777777777777777
777777777777777777777777777777
777777777777777777777777777777
777777777777777777777777777777
777777777777777777777777777777
666666666666666666666666666666
777777777777777777777777777777
777777777777777777777777777777
777777777777777777777777777777
777777777777777777777777777777
777777777777777777777777777777
777777777777777777777777777777
777777777777777777777777777777
666666666666666666666666666666
777777777777777777777777777777
777777777777777777777777777777
777777777777777777777777777777
777777777777777777777777777777
777777777777777777777777777777
666666666666666666666666666666
777777777777777777777777777777
777777777777777777777777777777
777777777777777777777777777777
777777777777777777777777777777
777777777777777777777777777777
444444444444444444444444444444
777777777777777777777777777777
666666666666666666666666666666
777777777777777777777777777777
777777777777777777777777777777
777777777777777777777777777777
777777777777777777777777777777
777777777777777777777777777777
666666666666666666666666666666
777777777777777777777777777777
777777777777777777777777777777
777777777777777777777777777777
777777777777777777777777777777
777777777777777777777777777777
555555555555555555555555555555
777777777777777777777777777777
666666666666666666666666666666
777777777777777777777777777777
777777777777777777777777777777
444444444444444444444444444444
777777777777777777777777777777
777777777777777777777777777777
666666666666666666666666666666
777777777777777777777777777777
777777777777777777777777777777
777777777777777777777777777777
777777777777777777777777777777
777777777777777777777777777777
555555555555555555555555555555
777777777777777777777777777777
666666666666666666666666666666
777777777777777777777777777777
777777777777777777777777777777
444444444444444444444444444444
777777777777777777777777777777
444444444444444444444444444444
666666666666666666666666666666
777777777777777777777777777777
777777777777777777777777777777
777777777777777777777777777777
777777777777777777777777777777
777777777777777777777777777777
555555555555555555555555555555
777777777777777777777777777777
666666666666666666666666666666
777777777777777777777777777777
777777777777777777777777777777
444444444444444444444444444444
777777777777777777777777777777
555555555555555555555555555555
666666666666666666666666666666
777777777777777777777777777777
777777777777777777777777777777
777777777777777777777777777777
777777777777777777777777777777
777777777777777777777777777777
555555555555555555555555555555
777777777777777777777777777777
666666666666666666666666666666
777777777777777777777777777777
777777777777777777777777777777
444444444444444444444444444444
777777777777777777777777777777
666666666666666666666666666666
666666666666666666666666666666
777777777777777777777777777777
777777777777777777777777777777
777777777777777777777777777777
777777777777777777777777777777
777777777777777777777777777777
555555555555555555555555555555
777777777777777777777777777777
666666666666666666666666666666
777777777777777777777777777777
777777777777777777777777777777
444444444444444444444444444444
444444444444444444444444444444
666666666666666666666666666666
666666666666666666666666666666
777777777777777777777777777777
777777777777777777777777777777
777777777777777777777777777777
777777777777777777777777777777
777777777777777777777777777777
555555555555555555555555555555
777777777777777777777777777777
666666666666666666666666666666
777777777777777777777777777777
777777777777777777777777777777
444444444444444444444444444444
555555555555555555555555555555
666666666666666666666666666666
666666666666666666666666666666
777777777777777777777777777777
777777777777777777777777777777
777777777777777777777777777777
777777777777777777777777777777
777777777777777777777777777777
555555555555555555555555555555
777777777777777777777777777777
666666666666666666666666666666
777777777777777777777777777777
777777777777777777777777777777
444444444444444444444444444444
666666666666666666666666666666
666666666666666666666666666666
666666666666666666666666666666
777777777777777777777777777777
777777777777777777777777777777
777777777777777777777777777777
777777777777777777777777777777
777777777777777777777777777777
555555555555555555555555555555
777777777777777777777777777777
666666666666666666666666666666
777777777777777777777777777777
777777777777777777777777777777
444444444444444444444444444444
666666666666666666666666666666
666666666666666666666666666666
666666666666666666666666666666
777777777777777777777777777777
777777777777777777777777777777
777777777777777777777777777777
777777777777777777777777777777
777777777777777777777777777777
555555555555555555555555555555
444444444444444444444444444444
666666666666666666666666666666
777777777777777777777777777777
777777777777777777777777777777
444444444444444444444444444444
666666666666666666666666666666
666666666666666666666666666666
666666666666666666666666666666
777777777777777777777777777777
777777777777777777777777777777
777777777777777777777777777777
777777777777777777777777777777
777777777777777777777777777777
555555555555555555555555555555
555555555555555555555555555555
666666666666666666666666666666
777777777777777777777777777777
777777777777777777777777777777
444444444444444444444444444444
666666666666666666666666666666
666666666666666666666666666666
666666666666666666666666666666
777777777777777777777777777777
777777777777777777777777777777
444444444444444444444444444444
777777777777777777777777777777
777777777777777777777777777777
555555555555555555555555555555
555555555555555555555555555555
666666666666666666666666666666
777777777777777777777777777777
777777777777777777777777777777
444444444444444444444444444444
666666666666666666666666666666
666666666666666666666666666666
666666666666666666666666666666
777777777777777777777777777777
777777777777777777777777777777
555555555555555555555555555555
777777777777777777777777777777
777777777777777777777777777777
555555555555555555555555555555
555555555555555555555555555555
666666666666666666666666666666
777777777777777777777777777777
777777777777777777777777777777
444444444444444444444444444444
666666666666666666666666666666
666666666666666666666666666666
666666666666666666666666666666
777777777777777777777777777777
777777777777777777777777777777
666666666666666666666666666666
777777777777777777777777777777
777777777777777777777777777777
555555555555555555555555555555
555555555555555555555555555555
666666666666666666666666666666
777777777777777777777777777777
777777777777777777777777777777
444444444444444444444444444444
666666666666666666666666666666
666666666666666666666666666666
666666666666666666666666666666
777777777777777777777777777777
777777777777777777777777777777
777777777777777777777777777777
777777777777777777777777777777
444444444444444444444444444444
555555555555555555555555555555
555555555555555555555555555555
666666666666666666666666666666
777777777777777777777777777777
777777777777777777777777777777
444444444444444444444444444444
666666666666666666666666666666
666666666666666666666666666666
666666666666666666666666666666
777777777777777777777777777777
777777777777777777777777777777
777777777777777777777777777777
777777777777777777777777777777
555555555555555555555555555555
555555555555555555555555555555
555555555555555555555555555555
666666666666666666666666666666
777777777777777777777777777777
777777777777777777777777777777
222222222222222222222222222222
666666666666666666666666666666
666666666666666666666666666666
666666666666666666666666666666
777777777777777777777777777777
777777777777777777777777777777
777777777777777777777777777777
777777777777777777777777777777
555555555555555555555555555555
555555555555555555555555555555
555555555555555555555555555555
666666666666666666666666666666
777777777777777777777777777777
777777777777777777777777777777
333333333333333333333333333333
666666666666666666666666666666
666666666666666666666666666666
666666666666666666666666666666
777777777777777777777777777777
777777777777777777777777777777
777777777777777777777777777777
777777777777777777777777777777
555555555555555555555555555555
555555555555555555555555555555
555555555555555555555555555555
666666666666666666666666666666
777777777777777777777777777777
777777777777777777777777777777
333333333333333333333333333333
666666666666666666666666666666
666666666666666666666666666666
666666666666666666666666666666
444444444444444444444444444444
777777777777777777777777777777
777777777777777777777777777777
777777777777777777777777777777
555555555555555555555555555555
555555555555555555555555555555
555555555555555555555555555555
666666666666666666666666666666
777777777777777777777777777777
777777777777777777777777777777
333333333333333333333333333333
666666666666666666666666666666
666666666666666666666666666666
666666666666666666666666666666
555555555555555555555555555555
777777777777777777777777777777
777777777777777777777777777777
777777777777777777777777777777
555555555555555555555555555555
555555555555555555555555555555
555555555555555555555555555555
666666666666666666666666666666
777777777777777777777777777777
777777777777777777777777777777
333333333333333333333333333333
666666666666666666666666666666
666666666666666666666666666666
666666666666666666666666666666
666666666666666666666666666666
777777777777777777777777777777
777777777777777777777777777777
777777777777777777777777777777
555555555555555555555555555555
555555555555555555555555555555
555555555555555555555555555555
666666666666666666666666666666
777777777777777777777777777777
444444444444444444444444444444
333333333333333333333333333333
666666666666666666666666666666
666666666666666666666666666666
666666666666666666666666666666
666666666666666666666666666666
777777777777777777777777777777
777777777777777777777777777777
777777777777777777777777777777
555555555555555555555555555555
555555555555555555555555555555
555555555555555555555555555555
666666666666666666666666666666
777777777777777777777777777777
444444444444444444444444444444
333333333333333333333333333333
666666666666666666666666666666
666666666666666666666666666666
666666666666666666666666666666
666666666666666666666666666666
444444444444444444444444444444
777777777777777777777777777777
777777777777777777777777777777
555555555555555555555555555555
555555555555555555555555555555
555555555555555555555555555555
666666666666666666666666666666
777777777777777777777777777777
444444444444444444444444444444
333333333333333333333333333333
666666666666666666666666666666
666666666666666666666666666666
666666666666666666666666666666
666666666666666666666666666666
555555555555555555555555555555
777777777777777777777777777777
777777777777777777777777777777
555555555555555555555555555555
555555555555555555555555555555
555555555555555555555555555555
666666666666666666666666666666
444444444444444444444444444444
444444444444444444444444444444
333333333333333333333333333333
666666666666666666666666666666
666666666666666666666666666666
666666666666666666666666666666
666666666666666666666666666666
555555555555555555555555555555
777777777777777777777777777777
777777777777777777777777777777
555555555555555555555555555555
555555555555555555555555555555
555555555555555555555555555555
666666666666666666666666666666
444444444444444444444444444444
444444444444444444444444444444
333333333333333333333333333333
666666666666666666666666666666
666666666666666666666666666666
666666666666666666666666666666
666666666666666666666666666666
555555555555555555555555555555
777777777777777777777777777777
444444444444444444444444444444
555555555555555555555555555555
555555555555555555555555555555
555555555555555555555555555555
666666666666666666666666666666
444444444444444444444444444444
444444444444444444444444444444
333333333333333333333333333333
666666666666666666666666666666
666666666666666666666666666666
666666666666666666666666666666
666666666666666666666666666666
555555555555555555555555555555
777777777777777777777777777777
555555555555555555555555555555
555555555555555555555555555555
555555555555555555555555555555
555555555555555555555555555555
666666666666666666666666666666
444444444444444444444444444444
222222222222222222222222222222
333333333333333333333333333333
666666666666666666666666666666
666666666666666666666666666666
666666666666666666666666666666
666666666666666666666666666666
555555555555555555555555555555
777777777777777777777777777777
555555555555555555555555555555
555555555555555555555555555555
555555555555555555555555555555
555555555555555555555555555555
666666666666666666666666666666
444444444444444444444444444444
333333333333333333333333333333
333333333333333333333333333333
666666666666666666666666666666
666666666666666666666666666666
666666666666666666666666666666
666666666666666666666666666666
555555555555555555555555555555
777777777777777777777777777777
555555555555555555555555555555
555555555555555555555555555555
555555555555555555555555555555
555555555555555555555555555555
666666666666666666666666666666
222222222222222222222222222222
333333333333333333333333333333
333333333333333333333333333333
666666666666666666666666666666
666666666666666666666666666666
666666666666666666666666666666
666666666666666666666666666666
555555555555555555555555555555
777777777777777777777777777777
555555555555555555555555555555
555555555555555555555555555555
555555555555555555555555555555
555555555555555555555555555555
666666666666666666666666666666
222222222222222222222222222222
333333333333333333333333333333
333333333333333333333333333333
666666666666666666666666666666
666666666666666666666666666666
666666666666666666666666666666
666666666666666666666666666666
555555555555555555555555555555
777777777777777777777777777777
555555555555555555555555555555
555555555555555555555555555555
555555555555555555555555555555
555555555555555555555555555555
666666666666666666666666666666
222222222222222222222222222222
333333331111111111111111111111
333333331111111111111111111111
666666666666111111111111111111
666666666611111111111111111111
666666666666666666661111111111
666666666666666666661111111111
555555555555551111111111111111
777777777777111111111111111111
555555555555555555551111111111
555555555555111111111111111111
555555555555555511111111111111
555555555555551111111111111111
666666666666666666666666661111
222222222222222222222222222222
333333331111111111111111111111
333333331111111111111111111111
666666666666111111111111111111
666666666611111111111111111111
666666666666666666661111111111
666666666666666666661111111111
555555555555551111111111111111
777777777777111111111111111111
555555555555555555551111111111
555555555555111111111111111111
555555555555555511111111111111
555555555555551111111111111111
666666666666666666666666561111
222222222222222222222222222222
333333331111111111111111111111
333333331111111111111111111111
666666666666111111111111111111
666666666611111111111111111111
666666666666666666661111111111
666666666666666666661111111111
555555555555551111111111111111
777777777777111111111111111111
555555555555555555551111111111
555555555555111111111111111111
555555555555555511111111111111
555555555555551111111111111111
666666666666666666666656561111
222222222222222222222222222222
333333331111111111111111111111
333333331111111111111111111111
666666666666111111111111111111
666666666611111111111111111111
666666666666666666661111111111
666666666666666666661111111111
555555555555551111111111111111
777777777777111111111111111111
555555555555555555551111111111
555555555555111111111111111111
555555555555555511111111111111
555555555555551111111111111111
666666666666666666665656561111
222222222222222222222222222222
333333331111111111111111111111
333333331111111111111111111111
666666666666111111111111111111
666666666611111111111111111111
666666666666666666661111111111
666666666666666666661111111111
555555555555551111111111111111
777777777777111111111111111111
555555555555555555551111111111
555555555555111111111111111111
555555555555555511111111111111
555555555555551111111111111111
666666666666666666566656561111
222222222222222222222222222222
333333331111111111111111111111
333333331111111111111111111111
666666666666111111111111111111
666666666611111111111111111111
666666666666666666661111111111
666666666666666666661111111111
555555555555551111111111111111
777777777777111111111111111111
555555555555555555551111111111
555555555555111111111111111111
555555555555555511111111111111
555555555555551111111111111111
666666666666666656666656561111
222222222222222222222222222222
333333331111111111111111111111
333333331111111111111111111111
666666666666111111111111111111
666666666611111111111111111111
666666666666666666661111111111
666666666666666666661111111111
555555555555551111111111111111
777777777777111111111111111111
555555555555555555551111111111
555555555555111111111111111111
555555555555555511111111111111
555555555555551111111111111111
666666666666665666666656561111
222222222222222222222222222222
333333331111111111111111111111
333333331111111111111111111111
666666666666111111111111111111
666666666611111111111111111111
666666666666666666661111111111
666666666666666666661111111111
555555555555551111111111111111
777777777777111111111111111111
555555555555555555551111111111
555555555555111111111111111111
555555555555555511111111111111
555555555555551111111111111111
666666666666566666666656561111
222222222222222222222222222222
333333331111111111111111111111
333333331111111111111111111111
666666666666111111111111111111
666666666611111111111111111111
666666666666666666661111111111
666666666666666666661111111111
555555555555551111111111111111
777777777777111111111111111111
555555555555555555551111111111
555555555555111111111111111111
555555555555555511111111111111
555555555555551111111111111111
666666666656666666666656561111
222222222222222222222222222222
333333331111111111111111111111
333333331111111111111111111111
666666666666111111111111111111
666666666611111111111111111111
666666666666666666661111111111
666666666666666666661111111111
555555555555551111111111111111
777777777777111111111111111111
555555555555555555551111111111
555555555555111111111111111111
555555555555555511111111111111
555555555555551111111111111111
666666665666666666666656561111
222222222222222222222222222222
333333331111111111111111111111
333333331111111111111111111111
666666666666111111111111111111
666666666611111111111111111111
666666666666666666661111111111
666666666666666666661111111111
555555555555551111111111111111
777777777777111111111111111111
555555555555555555551111111111
555555555555111111111111111111
555555555555555511111111111111
555555555555551111111111111111
666666566666666666666656561111
222222222222222222222222222222
333333331111111111111111111111
333333331111111111111111111111
666666666666111111111111111111
666666666611111111111111111111
666666666666666666661111111111
666666666666666666661111111111
555555555555551111111111111111
777777777777111111111111111111
555555555555555555551111111111
555555555555111111111111111111
555555555555555511111111111111
555555555555551111111111111111
666656666666666666666656561111
222222222222222222222222222222
333333331111111111111111111111
333333331111111111111111111111
666666666666111111111111111111
666666666611111111111111111111
666666666666666666661111111111
666666666666666666661111111111
555555555555551111111111111111
777777777777111111111111111111
555555555555555555551111111111
555555555555111111111111111111
555555555555555511111111111111
555555555555551111111111111111
665666666666666666666656561111
222222222222222222222222222222
333333331111111111111111111111
333333331111111111111111111111
666666666666111111111111111111
666666666611111111111111111111
666666666666666666661111111111
666666666666666666661111111111
555555555555551111111111111111
777777777777111111111111111111
555555555555555555551111111111
555555555555111111111111111111
555555555555555511111111111111
555555555555551111111111111111
566666666666666666666656561111
222222222222222222222222222222
333333331111111111111111111111
333333331111111111111111111111
666666666666111111111111111111
666666666611111111111111111111
666666666666666666561111111111
666666666666666666661111111111
555555555555551111111111111111
777777777777111111111111111111
555555555555555555551111111111
555555555555111111111111111111
555555555555555511111111111111
555555555555551111111111111111
666666666666666666666656561111
222222222222222222222222222222
333333331111111111111111111111
333333331111111111111111111111
666666666666111111111111111111
666666666611111111111111111111
666666666666666656561111111111
666666666666666666661111111111
555555555555551111111111111111
777777777777111111111111111111
555555555555555555551111111111
555555555555111111111111111111
555555555555555511111111111111
555555555555551111111111111111
666666666666666666666656561111
222222222222222222222222222222
333333331111111111111111111111
333333331111111111111111111111
666666666666111111111111111111
666666666611111111111111111111
666666666666665656561111111111
666666666666666666661111111111
555555555555551111111111111111
777777777777111111111111111111
555555555555555555551111111111
555555555555111111111111111111
555555555555555511111111111111
555555555555551111111111111111
666666666666666666666656561111
222222222222222222222222222222
333333331111111111111111111111
333333331111111111111111111111
666666666666111111111111111111
666666666611111111111111111111
666666666666565656561111111111
666666666666666666661111111111
555555555555551111111111111111
777777777777111111111111111111
555555555555555555551111111111
555555555555111111111111111111
555555555555555511111111111111
555555555555551111111111111111
666666666666666666666656561111
222222222222222222222222222222
333333331111111111111111111111
333333331111111111111111111111
666666666666111111111111111111
666666666611111111111111111111
666666666656565656561111111111
666666666666666666661111111111
555555555555551111111111111111
777777777777111111111111111111
555555555555555555551111111111
555555555555111111111111111111
555555555555555511111111111111
555555555555551111111111111111
666666666666666666666656561111
222222222222222222222222222222
333333331111111111111111111111
333333331111111111111111111111
666666666666111111111111111111
666666666611111111111111111111
666666665656565656561111111111
666666666666666666661111111111
555555555555551111111111111111
777777777777111111111111111111
555555555555555555551111111111
555555555555111111111111111111
555555555555555511111111111111
555555555555551111111111111111
666666666666666666666656561111
222222222222222222222222222222
333333331111111111111111111111
333333331111111111111111111111
666666666666111111111111111111
666666666611111111111111111111
666666565656565656561111111111
666666666666666666661111111111
555555555555551111111111111111
777777777777111111111111111111
555555555555555555551111111111
555555555555111111111111111111
555555555555555511111111111111
555555555555551111111111111111
666666666666666666666656561111
222222222222222222222222222222
333333331111111111111111111111
333333331111111111111111111111
666666666666111111111111111111
666666666611111111111111111111
666656665656565656561111111111
666666666666666666661111111111
555555555555551111111111111111
777777777777111111111111111111
555555555555555555551111111111
555555555555111111111111111111
555555555555555511111111111111
555555555555551111111111111111
666666666666666666666656561111
222222222222222222222222222222
333333331111111111111111111111
333333331111111111111111111111
666666666666111111111111111111
666666666611111111111111111111
665666665656565656561111111111
666666666666666666661111111111
555555555555551111111111111111
777777777777111111111111111111
555555555555555555551111111111
555555555555111111111111111111
555555555555555511111111111111
555555555555551111111111111111
666666666666666666666656561111
222222222222222222222222222222
333333331111111111111111111111
333333331111111111111111111111
666666666666111111111111111111
666666666611111111111111111111
566666665656565656561111111111
666666666666666666661111111111
555555555555551111111111111111
777777777777111111111111111111
555555555555555555551111111111
555555555555111111111111111111
555555555555555511111111111111
555555555555551111111111111111
666666666666666666666656561111
222222222222222222222222222222
333333331111111111111111111111
333333331111111111111111111111
666666666666111111111111111111
666666666611111111111111111111
666666665656565656561111111111
666666666666666666661111111111
555555555555551111111111111111
777777777777111111111111111111
555555555555555555551111111111
555555555555111111111111111111
555555555555555511111111111111
555555555555551111111111111111
666666666666666666666656551111
222222222222222222222222222222
333333331111111111111111111111
333333331111111111111111111111
666666666666111111111111111111
666666666611111111111111111111
666666665656565656561111111111
666666666666666666661111111111
555555555555551111111111111111
777777777777111111111111111111
555555555555555555551111111111
555555555555111111111111111111
555555555555555511111111111111
555555555555551111111111111111
666666666666666666666655551111
222222222222222222222222222222
333333331111111111111111111111
333333331111111111111111111111
666666666666111111111111111111
666666666611111111111111111111
666666665656565656561111111111
666666666666666666661111111111
555555555555551111111111111111
777777777777111111111111111111
555555555555555555551111111111
555555555555111111111111111111
555555555555555511111111111111
555555555555551111111111111111
656666666666666666666656551111
222222222222222222222222222222
333333331111111111111111111111
333333331111111111111111111111
666666666666111111111111111111
666666666611111111111111111111
666666665656565656561111111111
666666666666666666661111111111
555555555555551111111111111111
777777777777111111111111111111
555555555555555555551111111111
555555555555111111111111111111
555555555555555511111111111111
555555555555551111111111111111
666666666666666666666656451111
222222222222222222222222222222
333333331111111111111111111111
333333331111111111111111111111
666666666666111111111111111111
666666666611111111111111111111
666666665656565656561111111111
666666666666666666661111111111
555555555555551111111111111111
777777777777111111111111111111
555555555555555555551111111111
555555555555111111111111111111
555555555555555511111111111111
555555555555551111111111111111
666666666666666666666646551111
222222222222222222222222222222
333333331111111111111111111111
333333331111111111111111111111
666666666666111111111111111111
666666666611111111111111111111
666666665656565656551111111111
666666666666666666661111111111
555555555555551111111111111111
777777777777111111111111111111
555555555555555555551111111111
555555555555111111111111111111
555555555555555511111111111111
555555555555551111111111111111
666666666666666666666656551111
222222222222222222222222222222
333333331111111111111111111111
333333331111111111111111111111
666666666666111111111111111111
666666666611111111111111111111
666666665656565655551111111111
666666666666666666661111111111
555555555555551111111111111111
777777777777111111111111111111
555555555555555555551111111111
555555555555111111111111111111
555555555555555511111111111111
555555555555551111111111111111
666666666666666666666656551111
222222222222222222222222222222
333333331111111111111111111111
333333331111111111111111111111
666666666666111111111111111111
666666666611111111111111111111
656666665656565656551111111111
666666666666666666661111111111
555555555555551111111111111111
777777777777111111111111111111
555555555555555555551111111111
555555555555111111111111111111
555555555555555511111111111111
555555555555551111111111111111
666666666666666666666656551111
222222222222222222222222222222
333333331111111111111111111111
333333331111111111111111111111
666666666666111111111111111111
666666666611111111111111111111
666666665656565656451111111111
666666666666666666661111111111
555555555555551111111111111111
777777777777111111111111111111
555555555555555555551111111111
555555555555111111111111111111
555555555555555511111111111111
555555555555551111111111111111
666666666666666666666656551111
222222222222222222222222222222
333333331111111111111111111111
333333331111111111111111111111
666666666666111111111111111111
666666666611111111111111111111
666666664656565656551111111111
666666666666666666661111111111
555555555555551111111111111111
777777777777111111111111111111
555555555555555555551111111111
555555555555111111111111111111
555555555555555511111111111111
555555555555551111111111111111
666666666666666666666656551111
222222222222222222222222222222
333333331111111111111111111111
333333331111111111111111111111
666666666666111111111111111111
666666666611111111111111111111
666666665656565656551111111111
666666666666666666661111111111
555555555555551111111111111111
777777777777111111111111111111
555555555555555555551111111111
555555555555111111111111111111
555555555555554511111111111111
555555555555551111111111111111
666666666666666666666656551111
222222222222222222222222222222
333333331111111111111111111111
333333331111111111111111111111
666666666666111111111111111111
666666666611111111111111111111
666666665656565656551111111111
666666666666666666661111111111
555555555555551111111111111111
777777777777111111111111111111
555555555555555555551111111111
555555555555111111111111111111
555555555555455511111111111111
555555555555551111111111111111
666666666666666666666656551111
222222222222222222222222222222
333333331111111111111111111111
333333331111111111111111111111
666666666666111111111111111111
666666666611111111111111111111
666666665656565656551111111111
666666666666666666661111111111
555555555555551111111111111111
777777777777111111111111111111
555555555555555555551111111111
555555555555111111111111111111
555555555545555511111111111111
555555555555551111111111111111
666666666666666666666656551111
222222222222222222222222222222
333333331111111111111111111111
333333331111111111111111111111
666666666666111111111111111111
666666666611111111111111111111
666666665656565656551111111111
666666666666666666661111111111
555555555555551111111111111111
777777777777111111111111111111
555555555555555555551111111111
555555555555111111111111111111
555555554555555511111111111111
555555555555551111111111111111
666666666666666666666656551111
222222222222222222222222222222
333333331111111111111111111111
333333331111111111111111111111
666666666666111111111111111111
666666666611111111111111111111
666666665656565656551111111111
666666666666666666661111111111
555555555555551111111111111111
777777777777111111111111111111
555555555555555555551111111111
555555555555111111111111111111
555555455555555511111111111111
555555555555551111111111111111
666666666666666666666656551111
222222222222222222222222222222
333333331111111111111111111111
333333331111111111111111111111
666666666666111111111111111111
666666666611111111111111111111
666666665656565656551111111111
666666666666666666661111111111
555555555555551111111111111111
777777777777111111111111111111
555555555555555555551111111111
555555555555111111111111111111
555545555555555511111111111111
555555555555551111111111111111
666666666666666666666656551111
222222222222222222222222222222
333333331111111111111111111111
333333331111111111111111111111
666666666666111111111111111111
666666666611111111111111111111
666666665656565656551111111111
666666666666666666661111111111
555555555555551111111111111111
777777777777111111111111111111
555555555555555555551111111111
555555555555111111111111111111
554555555555555511111111111111
555555555555551111111111111111
666666666666666666666656551111
222222222222222222222222222222
333333331111111111111111111111
333333331111111111111111111111
666666666666111111111111111111
666666666611111111111111111111
666666665656565656551111111111
666666666666666666661111111111
555555555555551111111111111111
777777777777111111111111111111
555555555555555555551111111111
555555555555111111111111111111
455555555555555511111111111111
555555555555551111111111111111
666666666666666666666656551111
222222222222222222222222222222
333333331111111111111111111111
333333331111111111111111111111
666666666666111111111111111111
666666665611111111111111111111
666666665656565656551111111111
666666666666666666661111111111
555555555555551111111111111111
777777777777111111111111111111
555555555555555555551111111111
555555555555111111111111111111
555555555555555511111111111111
555555555555551111111111111111
666666666666666666666656551111
222222222222222222222222222222
333333331111111111111111111111
333333331111111111111111111111
666666666666111111111111111111
666666565611111111111111111111
666666665656565656551111111111
666666666666666666661111111111
555555555555551111111111111111
777777777777111111111111111111
555555555555555555551111111111
555555555555111111111111111111
555555555555555511111111111111
555555555555551111111111111111
666666666666666666666656551111
222222222222222222222222222222
333333331111111111111111111111
333333331111111111111111111111
666666666666111111111111111111
666656565611111111111111111111
666666665656565656551111111111
666666666666666666661111111111
555555555555551111111111111111
777777777777111111111111111111
555555555555555555551111111111
555555555555111111111111111111
555555555555555511111111111111
555555555555551111111111111111
666666666666666666666656551111
222222222222222222222222222222
333333331111111111111111111111
333333331111111111111111111111
666666666666111111111111111111
665656565611111111111111111111
666666665656565656551111111111
666666666666666666661111111111
555555555555551111111111111111
777777777777111111111111111111
555555555555555555551111111111
555555555555111111111111111111
555555555555555511111111111111
555555555555551111111111111111
666666666666666666666656551111
222222222222222222222222222222
333333331111111111111111111111
333333331111111111111111111111
666666666666111111111111111111
565656565611111111111111111111
666666665656565656551111111111
666666666666666666661111111111
555555555555551111111111111111
777777777777111111111111111111
555555555555555555551111111111
555555555555111111111111111111
555555555555555511111111111111
555555555555551111111111111111
666666666666666666666656551111
222222222222222222222222222222
333333331111111111111111111111
333333331111111111111111111111
666666666656111111111111111111
665656565611111111111111111111
666666665656565656551111111111
666666666666666666661111111111
555555555555551111111111111111
777777777777111111111111111111
555555555555555555551111111111
555555555555111111111111111111
555555555555555511111111111111
555555555555551111111111111111
666666666666666666666656551111
222222222222222222222222222222
333333331111111111111111111111
333333331111111111111111111111
666666665656111111111111111111
665656565611111111111111111111
666666665656565656551111111111
666666666666666666661111111111
555555555555551111111111111111
777777777777111111111111111111
555555555555555555551111111111
555555555555111111111111111111
555555555555555511111111111111
555555555555551111111111111111
666666666666666666666656551111
222222222222222222222222222222
333333331111111111111111111111
333333331111111111111111111111
666666566656111111111111111111
665656565611111111111111111111
666666665656565656551111111111
666666666666666666661111111111
555555555555551111111111111111
777777777777111111111111111111
555555555555555555551111111111
555555555555111111111111111111
555555555555555511111111111111
555555555555551111111111111111
666666666666666666666656551111
222222222222222222222222222222
333333331111111111111111111111
333333331111111111111111111111
666656666656111111111111111111
665656565611111111111111111111
666666665656565656551111111111
666666666666666666661111111111
555555555555551111111111111111
777777777777111111111111111111
555555555555555555551111111111
555555555555111111111111111111
555555555555555511111111111111
555555555555551111111111111111
666666666666666666666656551111
222222222222222222222222222222
333333331111111111111111111111
333333331111111111111111111111
665666666656111111111111111111
665656565611111111111111111111
666666665656565656551111111111
666666666666666666661111111111
555555555555551111111111111111
777777777777111111111111111111
555555555555555555551111111111
555555555555111111111111111111
555555555555555511111111111111
555555555555551111111111111111
666666666666666666666656551111
222222222222222222222222222222
333333331111111111111111111111
333333331111111111111111111111
566666666656111111111111111111
665656565611111111111111111111
666666665656565656551111111111
666666666666666666661111111111
555555555555551111111111111111
777777777777111111111111111111
555555555555555555551111111111
555555555555111111111111111111
555555555555555511111111111111
555555555555551111111111111111
666666666666666666666656551111
222222222222222222222222222222
333333331111111111111111111111
333333331111111111111111111111
666666666656111111111111111111
665656565611111111111111111111
666666665656565656551111111111
666666666666666666661111111111
555555555555551111111111111111
777777777777111111111111111111
555555555555555555551111111111
555555555555111111111111111111
555555555555555511111111111111
555555555555551111111111111111
666666666666666666666656541111
222222222222222222222222222222
333333331111111111111111111111
333333331111111111111111111111
666666666656111111111111111111
665656565611111111111111111111
666666665656565656541111111111
666666666666666666661111111111
555555555555551111111111111111
777777777777111111111111111111
555555555555555555551111111111
555555555555111111111111111111
555555555555555511111111111111
555555555555551111111111111111
666666666666666666666656551111
222222222222222222222222222222
333333331111111111111111111111
333333331111111111111111111111
666666666656111111111111111111
665656565611111111111111111111
666666665656565656551111111111
666666666666666666661111111111
555555555555551111111111111111
777777777777111111111111111111
555555555555555555551111111111
555555555555111111111111111111
555555555555555411111111111111
555555555555551111111111111111
666666666666666666666656551111
222222222222222222222222222222
333333331111111111111111111111
333333331111111111111111111111
666666666656111111111111111111
665656565611111111111111111111
666666665656565656551111111111
666666666666666666661111111111
555555555555551111111111111111
777777777777111111111111111111
555555555555555555551111111111
555555555555111111111111111111
555555555555545411111111111111
555555555555551111111111111111
666666666666666666666656551111
222222222222222222222222222222
333333331111111111111111111111
333333331111111111111111111111
666666666656111111111111111111
665656565611111111111111111111
666666665656565656551111111111
666666666666666666661111111111
555555555555551111111111111111
777777777777111111111111111111
555555555555555555551111111111
555555555555111111111111111111
555555555554555411111111111111
555555555555551111111111111111
666666666666666666666656551111
222222222222222222222222222222
333333331111111111111111111111
333333331111111111111111111111
666666666656111111111111111111
665656565611111111111111111111
666666665656565656551111111111
666666666666666666661111111111
555555555555551111111111111111
777777777777111111111111111111
555555555555555555551111111111
555555555555111111111111111111
555555555455555411111111111111
555555555555551111111111111111
666666666666666666666656551111
222222222222222222222222222222
333333331111111111111111111111
333333331111111111111111111111
666666666656111111111111111111
665656565611111111111111111111
666666665656565656551111111111
666666666666666666661111111111
555555555555551111111111111111
777777777777111111111111111111
555555555555555555551111111111
555555555555111111111111111111
555555545555555411111111111111
555555555555551111111111111111
666666666666666666666656551111
222222222222222222222222222222
333333331111111111111111111111
333333331111111111111111111111
666666666656111111111111111111
665656565611111111111111111111
666666665656565656551111111111
666666666666666666661111111111
555555555555551111111111111111
777777777777111111111111111111
555555555555555555551111111111
555555555555111111111111111111
555554555555555411111111111111
555555555555551111111111111111
666666666666666666666656551111
