3170224871
16 15 50
666666666666666666666666666666
666666666666666666666666666666
666666666666666666666666666666
666666666666666666666666666666
666666666666666666666666666666
666666666666666666666666666666
666666666666666666666666666666
666666666666666666666666666666
666666666666666666666666666666
666666666666666666666666666666
666666666666666666666666666666
666666666666666666666666666666
666666666666666666666666666666
666666666666666666666666666666
666666666666666666666666666666
666666666666666666666666666666
555555555555555555555555555555
555555555555555555555555555555
555555555555555555555555555555
555555555555555555555555555555
555555555555555555555555555555
555555555555555555555555555555
555555555555555555555555555555
555555555555555555555555555555
555555555555555555555555555555
555555555555555555555555555555
555555555555555555555555555555
555555555555555555555555555555
555555555555555555555555555555
555555555555555555555555555555
555555555555555555555555555555
555555555555555555555555555555
666666666666666666666666666666
666666666666666666666666666666
666666666666666666666666666666
666666666666666666666666666666
333333333333333333333333333333
666666666666666666666666666666
666666666666666666666666666666
666666666666666666666666666666
666666666666666666666666666666
666666666666666666666666666666
666666666666666666666666666666
666666666666666666666666666666
666666666666666666666666666666
666666666666666666666666666666
666666666666666666666666666666
666666666666666666666666666666
666666666666666666666666666666
666666666666666666666666666666
333333333333333333333333333333
666666666666666666666666666666
333333333333333333333333333333
666666666666666666666666666666
666666666666666666666666666666
666666666666666666666666666666
666666666666666666666666666666
666666666666666666666666666666
666666666666666666666666666666
666666666666666666666666666666
666666666666666666666666666666
666666666666666666666666666666
666666666666666666666666666666
666666666666666666666666666666
666666666666666666666666666666
666666666666666666666666666666
444444444444444444444444444444
666666666666666666666666666666
333333333333333333333333333333
666666666666666666666666666666
666666666666666666666666666666
666666666666666666666666666666
666666666666666666666666666666
666666666666666666666666666666
666666666666666666666666666666
666666666666666666666666666666
666666666666666666666666666666
666666666666666666666666666666
666666666666666666666666666666
666666666666666666666666666666
666666666666666666666666666666
666666666666666666666666666666
555555555555555555555555555555
666666666666666666666666666666
333333333333333333333333333333
666666666666666666666666666666
666666666666666666666666666666
666666666666666666666666666666
666666666666666666666666666666
666666666666666666666666666666
666666666666666666666666666666
666666666666666666666666666666
666666666666666666666666666666
666666666666666666666666666666
666666666666666666666666666666
666666666666666666666666666666
666666666666666666666666666666
333333333333333333333333333333
666666666666666666666666666666
666666666666666666666666666666
333333333333333333333333333333
666666666666666666666666666666
666666666666666666666666666666
666666666666666666666666666666
666666666666666666666666666666
666666666666666666666666666666
666666666666666666666666666666
666666666666666666666666666666
666666666666666666666666666666
666666666666666666666666666666
666666666666666666666666666666
666666666666666666666666666666
666666666666666666666666666666
444444444444444444444444444444
666666666666666666666666666666
666666666666666666666666666666
333333333333333333333333333333
666666666666666666666666666666
666666666666666666666666666666
666666666666666666666666666666
666666666666666666666666666666
666666666666666666666666666666
666666666666666666666666666666
666666666666666666666666666666
666666666666666666666666666666
666666666666666666666666666666
666666666666666666666666666666
666666666666666666666666666666
666666666666666666666666666666
555555555555555555555555555555
666666666666666666666666666666
666666666666666666666666666666
333333333333333333333333333333
666666666666666666666666666666
666666666666666666666666666666
666666666666666666666666666666
666666666666666666666666666666
666666666666666666666666666666
666666666666666666666666666666
666666666666666666666666666666
666666666666666666666666666666
666666666666666666666666666666
666666666666666666666666666666
666666666666666666666666666666
666666666666666666666666666666
555555555555555555555555555555
666666666666666666666666666666
666666666666666666666666666666
333333333333333333333333333333
666666666666666666666666666666
666666666666666666666666666666
666666666666666666666666666666
666666666666666666666666666666
666666666666666666666666666666
666666666666666666666666666666
333333333333333333333333333333
666666666666666666666666666666
666666666666666666666666666666
666666666666666666666666666666
666666666666666666666666666666
666666666666666666666666666666
555555555555555555555555555555
666666666666666666666666666666
666666666666666666666666666666
333333333333333333333333333333
666666666666666666666666666666
666666666666666666666666666666
666666666666666666666666666666
666666666666666666666666666666
666666666666666666666666666666
666666666666666666666666666666
444444444444444444444444444444
666666666666666666666666666666
666666666666666666666666666666
666666666666666666666666666666
666666666666666666666666666666
666666666666666666666666666666
555555555555555555555555555555
666666666666666666666666666666
666666666666666666666666666666
333333333333333333333333333333
666666666666666666666666666666
666666666666666666666666666666
666666666666666666666666666666
666666666666666666666666666666
666666666666666666666666666666
666666666666666666666666666666
444444444444444444444444444444
666666666666666666666666666666
666666666666666666666666666666
666666666666666666666666666666
333333333333333333333333333333
666666666666666666666666666666
555555555555555555555555555555
666666666666666666666666666666
666666666666666666666666666666
333333333333333333333333333333
666666666666666666666666666666
666666666666666666666666666666
666666666666666666666666666666
666666666666666666666666666666
333333333333333333333333333333
666666666666666666666666666666
444444444444444444444444444444
666666666666666666666666666666
666666666666666666666666666666
666666666666666666666666666666
333333333333333333333333333333
666666666666666666666666666666
555555555555555555555555555555
666666666666666666666666666666
666666666666666666666666666666
333333333333333333333333333333
666666666666666666666666666666
666666666666666666666666666666
666666666666666666666666666666
666666666666666666666666666666
444444444444444444444444444444
666666666666666666666666666666
444444444444444444444444444444
666666666666666666666666666666
666666666666666666666666666666
666666666666666666666666666666
333333333333333333333333333333
666666666666666666666666666666
555555555555555555555555555555
666666666666666666666666666666
666666666666666666666666666666
333333333333333333333333333333
666666666666666666666666666666
666666666666666666666666666666
333333333333333333333333333333
666666666666666666666666666666
444444444444444444444444444444
666666666666666666666666666666
444444444444444444444444444444
666666666666666666666666666666
666666666666666666666666666666
666666666666666666666666666666
333333333333333333333333333333
666666666666666666666666666666
555555555555555555555555555555
666666666666666666666666666666
666666666666666666666666666666
333333333333333333333333333333
666666666666666666666666666666
666666666666666666666666666666
444444444444444444444444444444
666666666666666666666666666666
444444444444444444444444444444
666666666666666666666666666666
444444444444444444444444444444
666666666666666666666666666666
666666666666666666666666666666
666666666666666666666666666666
333333333333333333333333333333
666666666666666666666666666666
555555555555555555555555555555
666666666666666666666666666666
666666666666666666666666666666
333333333333333333333333333333
666666666666666666666666666666
666666666666666666666666666666
444444444444444444444444444444
666666666666666666666666666666
444444444444444444444444444444
666666666666666666666666666666
444444444444444444444444444444
666666666666666666666666666666
333333333333333333333333333333
666666666666666666666666666666
333333333333333333333333333333
666666666666666666666666666666
555555555555555555555555555555
666666666666666666666666666666
666666666666666666666666666666
333333333333333333333333333333
666666666666666666666666666666
666666666666666666666666666666
444444444444444444444444444444
666666666666666666666666666666
444444444444444444444444444444
666666666666666666666666666666
444444444444444444444444444444
666666666666666666666666666666
444444444444444444444444444444
666666666666666666666666666666
333333333333333333333333333333
666666666666666666666666666666
555555555555555555555555555555
666666666666666666666666666666
666666666666666666666666666666
333333333333333333333333333333
666666666666666666666666666666
666666666666666666666666666666
444444444444444444444444444444
666666666666666666666666666666
444444444444444444444444444444
333333333333333333333333333333
444444444444444444444444444444
666666666666666666666666666666
444444444444444444444444444444
666666666666666666666666666666
333333333333333333333333333333
666666666666666666666666666666
555555555555555555555555555555
666666666666666666666666666666
666666666666666666666666666666
333333333333333333333333333333
666666666666666666666666666666
666666666666666666666666666666
444444444444444444444444444444
666666666666666666666666666666
444444444444444444444444444444
444444444444444444444444444444
444444444444444444444444444444
666666666666666666666666666666
444444444444444444444444444444
666666666666666666666666666666
333333333333333333333333333333
666666666666666666666666666666
555555555555555555555555555555
666666666666666666666666666666
666666666666666666666666666666
333333333333333333333333333333
666666666666666666666666666666
666666666666666666666666666666
444444444444444444444444444444
333333333333333333333333333333
444444444444444444444444444444
444444444444444444444444444444
444444444444444444444444444444
666666666666666666666666666666
444444444444444444444444444444
666666666666666666666666666666
333333333333333333333333333333
666666666666666666666666666666
555555555555555555555555555555
666666666666666666666666666666
666666666666666666666666666666
333333333333333333333333333333
666666666666666666666666666666
666666666666666666666666666666
444444444444444444444444444444
444444444444444444444444444444
444444444444444444444444444444
444444444444444444444444444444
444444444444444444444444444444
666666666666666666666666666666
444444444444444444444444444444
666666666666666666666666666666
333333333333333333333333333333
666666666666666666666666666666
555555555555555555555555555555
666666666666666666666666666666
666666666666666666666666666666
333333333333333333333333333333
666666666666666666666666666666
666666666666666666666666666666
444444444444444444444444444444
444444444444444444444444444444
444444444444444444444444444444
444444444444444444444444444444
444444444444444444444444444444
333333333333333333333333333333
444444444444444444444444444444
666666666666666666666666666666
333333333333333333333333333333
666666666666666666666666666666
555555555555555555555555555555
666666666666666666666666666666
666666666666666666666666666666
333333333333333333333333333333
666666666666666666666666666666
666666666666666666666666666666
444444444444444444444444444444
444444444444444444444444444444
444444444444444444444444444444
444444444444444444444444444444
444444444444444444444444444444
444444444444444444444444444444
444444444444444444444444444444
666666666666666666666666666666
333333333333333333333333333333
333333333333333333333333333333
555555555555555555555555555555
666666666666666666666666666666
666666666666666666666666666666
333333333333333333333333333333
666666666666666666666666666666
666666666666666666666666666666
444444444444444444444444444444
444444444444444444444444444444
444444444444444444444444444444
444444444444444444444444444444
444444444444444444444444444444
444444444444444444444444444444
444444444444444444444444444444
666666666666666666666666666666
333333333333333333333333333333
444444444444444444444444444444
555555555555555555555555555555
666666666666666666666666666666
666666666666666666666666666666
333333333333333333333333333333
666666666666666666666666666666
666666666666666666666666666666
444444444444444444444444444444
444444444444444444444444444444
444444444444444444444444444444
444444444444444444444444444444
444444444444444444444444444444
444444444444444444444444444444
444444444444444444444444444444
666666666666666666666666666666
333333333333333333333333333333
555555555555555555555555555555
555555555555555555555555555555
666666666666666666666666666666
666666666666666666666666666666
333333333333333333333333333333
666666666666666666666666666666
666666666666666666666666666666
444444444444444444444444444444
444444444444444444444444444444
444444444444444444444444444444
444444444444444444444444444444
444444444444444444444444444444
444444444444444444444444444444
444444444444444444444444444444
666666666666666666666666666666
333333333333333333333333333333
555555555555555555555555555555
555555555555555555555555555555
666666666666666666666666666666
666666666666666666666666666666
333333333333333333333333333333
666666666666666666666666666666
333333333333333333333333333333
444444444444444444444444444444
444444444444444444444444444444
444444444444444444444444444444
444444444444444444444444444444
444444444444444444444444444444
444444444444444444444444444444
444444444444444444444444444444
666666666666666666666666666666
333333333333333333333333333333
555555555555555555555555555555
555555555555555555555555555555
666666666666666666666666666666
666666666666666666666666666666
333333333333333333333333333333
666666666666666666666666666666
444444444444444444444444444444
444444444444444444444444444444
444444444444444444444444444444
444444444444444444444444444444
444444444444444444444444444444
444444444444444444444444444444
444444444444444444444444444444
444444444444444444444444444444
666666666666666666666666666666
333333333333333333333333333333
555555555555555555555555555555
555555555555555555555555555555
666666666666666666666666666666
666666666666666666666666666666
333333333333333333333333333333
666666666666666666666666666666
555555555555555555555555555555
444444444444444444444444444444
444444444444444444444444444444
444444444444444444444444444444
444444444444444444444444444444
444444444444444444444444444444
444444444444444444444444444444
444444444444444444444444444444
666666666666666666666666666666
333333333333333333333333333333
555555555555555555555555555555
555555555555555555555555555555
666666666666666666666666666666
666666666666666666666666666666
333333333333333333333333333333
666666666666666666666666666666
555555555555555555555555555555
444444444444444444444444444444
444444444444444444444444444444
444444444444444444444444444444
444444444444444444444444444444
444444444444444444444444444444
444444444444444444444444444444
444444444444444444444444444444
333333333333333333333333333333
333333333333333333333333333333
555555555555555555555555555555
555555555555555555555555555555
666666666666666666666666666666
666666666666666666666666666666
333333333333333333333333333333
666666666666666666666666666666
555555555555555555555555555555
444444444444444444444444444444
444444444444444444444444444444
444444444444444444444444444444
444444444444444444444444444444
444444444444444444444444444444
444444444444444444444444444444
444444444444444444444444444444
444444444444444444444444444444
333333333333333333333333333333
555555555555555555555555555555
555555555555555555555555555555
666666666666666666666666666666
666666666666666666666666666666
333333333333333333333333333333
333333333333333333333333333333
555555555555555555555555555555
444444444444444444444444444444
444444444444444444444444444444
444444444444444444444444444444
444444444444444444444444444444
444444444444444444444444444444
444444444444444444444444444444
444444444444444444444444444444
444444444444444444444444444444
333333333333333333333333333333
555555555555555555555555555555
555555555555555555555555555555
666666666666666666666666666666
666666666666666666666666666666
333333333333333333333333333333
444444444444444444444444444444
555555555555555555555555555555
444444444444444444444444444444
444444444444444444444444444444
444444444444444444444444444444
444444444444444444444444444444
444444444444444444444444444444
444444444444444444444444444444
444444444444444444444444444444
444444444444444444444444444444
333333333333333333333333333333
555555555555555555555555555555
555555555555555555555555555555
666666666666666666666666666666
333333333333333333333333333333
333333333333333333333333333333
444444444444444444444444444444
555555555555555555555555555555
444444444444444444444444444444
444444444444444444444444444444
444444444444444444444444444444
444444444444444444444444444444
444444444444444444444444444444
444444444444444444444444444444
444444444444444444444444444444
444444444444444444444444444444
333333333333333333333333333333
555555555555555555555555555555
555555555555555555555555555555
666666666666666666666666666666
444444444444444444444444444444
333333333333333333333333333333
444444444444444444444444444444
555555555555555555555555555555
444444444444444444444444444444
444444444444444444444444444444
444444444444444444444444444444
444444444444444444444444444444
444444444444444444444444444444
444444444444444444444444444444
444444444444444444444444444444
444444444444444444444444444444
333333333333333333333333333333
555555555555555555555555555555
555555555555555555555555555555
666666666666666666666666666666
444444444444444444444444444444
222222222222222222222222222222
444444444444444444444444444444
555555555555555555555555555555
444444444444444444444444444444
444444444444444444444444444444
444444444444444444444444444444
444444444444444444444444444444
444444444444444444444444444444
444444444444444444444444444444
444444444444444444444444444444
444444444444444444444444444444
333333333333333333333333333333
555555555555555555555555555555
555555555555555555555555555555
666666666666666666666666666666
444444444444444444444444444444
333333333333333333333333333333
444444444444444444444444444444
555555555555555555555555555555
444444444444444444444444444444
444444444444444444444444444444
444444444444444444444444444444
444444444444444444444444444444
444444444444444444444444444444
444444444444444444444444444444
444444444444444444444444444444
444444444444444444444444444444
222222222222222222222222222222
555555555555555555555555555555
555555555555555555555555555555
666666666666666666666666666666
444444444444444444444444444444
333333333333333333333333333333
444444444444444444444444444444
555555555555555555555555555555
444444444444444444444444444444
444444444444444444444444444444
444444444444444444444444444444
444444444444444444444444444444
444444444444444444444444444444
444444444444444444444444444444
444444444444444444444444444444
444444444444444444444444444444
333333333333333333333333333333
555555555555555555551111111111
555555555555555555551111111111
666666666666666666661111111111
444444444444444444441111111111
333333333333333333333333111111
444444444444444444444444111111
555555555555555555555555111111
444444444444444444444444441111
444444444444444444444444441111
444444444444444444444444441111
444444444444444444444444441111
444444444444444444444444441111
444444444444444444444444441111
444444444444444444444444441111
444444444444444444444444441111
333333333333333333333333333311
555555555555555555551111111111
555555555555555555551111111111
666666666666666666561111111111
444444444444444444441111111111
333333333333333333333333111111
444444444444444444444444111111
555555555555555555555555111111
444444444444444444444444441111
444444444444444444444444441111
444444444444444444444444441111
444444444444444444444444441111
444444444444444444444444441111
444444444444444444444444441111
444444444444444444444444441111
444444444444444444444444441111
333333333333333333333333333311
555555555555555555551111111111
555555555555555555551111111111
666666666666666656561111111111
444444444444444444441111111111
333333333333333333333333111111
444444444444444444444444111111
555555555555555555555555111111
444444444444444444444444441111
444444444444444444444444441111
444444444444444444444444441111
444444444444444444444444441111
444444444444444444444444441111
444444444444444444444444441111
444444444444444444444444441111
444444444444444444444444441111
333333333333333333333333333311
555555555555555555551111111111
555555555555555555551111111111
666666666666665656561111111111
444444444444444444441111111111
333333333333333333333333111111
444444444444444444444444111111
555555555555555555555555111111
444444444444444444444444441111
444444444444444444444444441111
444444444444444444444444441111
444444444444444444444444441111
444444444444444444444444441111
444444444444444444444444441111
444444444444444444444444441111
444444444444444444444444441111
333333333333333333333333333311
555555555555555555551111111111
555555555555555555551111111111
666666666666565656561111111111
444444444444444444441111111111
333333333333333333333333111111
444444444444444444444444111111
555555555555555555555555111111
444444444444444444444444441111
444444444444444444444444441111
444444444444444444444444441111
444444444444444444444444441111
444444444444444444444444441111
444444444444444444444444441111
444444444444444444444444441111
444444444444444444444444441111
333333333333333333333333333311
555555555555555555551111111111
555555555555555555551111111111
666666666656565656561111111111
444444444444444444441111111111
333333333333333333333333111111
444444444444444444444444111111
555555555555555555555555111111
444444444444444444444444441111
444444444444444444444444441111
444444444444444444444444441111
444444444444444444444444441111
444444444444444444444444441111
444444444444444444444444441111
444444444444444444444444441111
444444444444444444444444441111
333333333333333333333333333311
555555555555555555551111111111
555555555555555555551111111111
666666665656565656561111111111
444444444444444444441111111111
333333333333333333333333111111
444444444444444444444444111111
555555555555555555555555111111
444444444444444444444444441111
444444444444444444444444441111
444444444444444444444444441111
444444444444444444444444441111
444444444444444444444444441111
444444444444444444444444441111
444444444444444444444444441111
444444444444444444444444441111
333333333333333333333333333311
555555555555555555551111111111
555555555555555555551111111111
666666565656565656561111111111
444444444444444444441111111111
333333333333333333333333111111
444444444444444444444444111111
555555555555555555555555111111
444444444444444444444444441111
444444444444444444444444441111
444444444444444444444444441111
444444444444444444444444441111
444444444444444444444444441111
444444444444444444444444441111
444444444444444444444444441111
444444444444444444444444441111
333333333333333333333333333311
555555555555555555551111111111
555555555555555555451111111111
666666665656565656561111111111
444444444444444444441111111111
333333333333333333333333111111
444444444444444444444444111111
555555555555555555555555111111
444444444444444444444444441111
444444444444444444444444441111
444444444444444444444444441111
444444444444444444444444441111
444444444444444444444444441111
444444444444444444444444441111
444444444444444444444444441111
444444444444444444444444441111
333333333333333333333333333311
555555555555555555551111111111
555555555555555545451111111111
666666665656565656561111111111
444444444444444444441111111111
333333333333333333333333111111
444444444444444444444444111111
555555555555555555555555111111
444444444444444444444444441111
444444444444444444444444441111
444444444444444444444444441111
444444444444444444444444441111
444444444444444444444444441111
444444444444444444444444441111
444444444444444444444444441111
444444444444444444444444441111
333333333333333333333333333311
555555555555555555551111111111
555555555555554545451111111111
666666665656565656561111111111
444444444444444444441111111111
333333333333333333333333111111
444444444444444444444444111111
555555555555555555555555111111
444444444444444444444444441111
444444444444444444444444441111
444444444444444444444444441111
444444444444444444444444441111
444444444444444444444444441111
444444444444444444444444441111
444444444444444444444444441111
444444444444444444444444441111
333333333333333333333333333311
