3093858925
16 12 100
666666666666666666666666
666666666666666666666666
666666666666666666666666
666666666666666666666666
666666666666666666666666
666666666666666666666666
666666666666666666666666
666666666666666666666666
666666666666666666666666
666666666666666666666666
666666666666666666666666
666666666666666666666666
666666666666666666666666
666666666666666666666666
666666666666666666666666
666666666666666666666666
777777777777777777777777
777777777777777777777777
777777777777777777777777
777777777777777777777777
777777777777777777777777
777777777777777777777777
777777777777777777777777
777777777777777777777777
777777777777777777777777
777777777777777777777777
777777777777777777777777
777777777777777777777777
777777777777777777777777
777777777777777777777777
777777777777777777777777
777777777777777777777777
777777777777777777777777
777777777777777777777777
777777777777777777777777
777777777777777777777777
777777777777777777777777
777777777777777777777777
777777777777777777777777
777777777777777777777777
777777777777777777777777
777777777777777777777777
777777777777777777777777
777777777777777777777777
444444444444444444444444
777777777777777777777777
777777777777777777777777
777777777777777777777777
777777777777777777777777
777777777777777777777777
777777777777777777777777
777777777777777777777777
777777777777777777777777
777777777777777777777777
777777777777777777777777
777777777777777777777777
777777777777777777777777
777777777777777777777777
777777777777777777777777
777777777777777777777777
555555555555555555555555
777777777777777777777777
777777777777777777777777
777777777777777777777777
777777777777777777777777
777777777777777777777777
777777777777777777777777
777777777777777777777777
777777777777777777777777
777777777777777777777777
777777777777777777777777
777777777777777777777777
777777777777777777777777
444444444444444444444444
777777777777777777777777
777777777777777777777777
555555555555555555555555
777777777777777777777777
777777777777777777777777
777777777777777777777777
777777777777777777777777
444444444444444444444444
777777777777777777777777
777777777777777777777777
777777777777777777777777
777777777777777777777777
777777777777777777777777
777777777777777777777777
777777777777777777777777
444444444444444444444444
777777777777777777777777
777777777777777777777777
555555555555555555555555
777777777777777777777777
777777777777777777777777
777777777777777777777777
777777777777777777777777
555555555555555555555555
777777777777777777777777
777777777777777777777777
777777777777777777777777
777777777777777777777777
777777777777777777777777
777777777777777777777777
777777777777777777777777
444444444444444444444444
777777777777777777777777
777777777777777777777777
555555555555555555555555
777777777777777777777777
777777777777777777777777
777777777777777777777777
777777777777777777777777
666666666666666666666666
777777777777777777777777
777777777777777777777777
777777777777777777777777
777777777777777777777777
777777777777777777777777
777777777777777777777777
777777777777777777777777
444444444444444444444444
777777777777777777777777
777777777777777777777777
555555555555555555555555
777777777777777777777777
777777777777777777777777
777777777777777777777777
777777777777777777777777
666666666666666666666666
777777777777777777777777
777777777777777777777777
777777777777777777777777
777777777777777777777777
444444444444444444444444
777777777777777777777777
777777777777777777777777
444444444444444444444444
777777777777777777777777
777777777777777777777777
555555555555555555555555
777777777777777777777777
777777777777777777777777
777777777777777777777777
777777777777777777777777
666666666666666666666666
777777777777777777777777
777777777777777777777777
444444444444444444444444
777777777777777777777777
444444444444444444444444
777777777777777777777777
777777777777777777777777
444444444444444444444444
777777777777777777777777
777777777777777777777777
555555555555555555555555
777777777777777777777777
777777777777777777777777
777777777777777777777777
444444444444444444444444
666666666666666666666666
777777777777777777777777
777777777777777777777777
444444444444444444444444
777777777777777777777777
444444444444444444444444
777777777777777777777777
777777777777777777777777
444444444444444444444444
777777777777777777777777
777777777777777777777777
555555555555555555555555
777777777777777777777777
777777777777777777777777
777777777777777777777777
555555555555555555555555
666666666666666666666666
777777777777777777777777
777777777777777777777777
444444444444444444444444
777777777777777777777777
444444444444444444444444
777777777777777777777777
777777777777777777777777
444444444444444444444444
777777777777777777777777
777777777777777777777777
555555555555555555555555
777777777777777777777777
777777777777777777777777
777777777777777777777777
666666666666666666666666
666666666666666666666666
777777777777777777777777
777777777777777777777777
444444444444444444444444
777777777777777777777777
444444444444444444444444
777777777777777777777777
777777777777777777777777
444444444444444444444444
777777777777777777777777
777777777777777777777777
555555555555555555555555
777777777777777777777777
777777777777777777777777
777777777777777777777777
777777777777777777777777
666666666666666666666666
777777777777777777777777
777777777777777777777777
444444444444444444444444
777777777777777777777777
444444444444444444444444
777777777777777777777777
444444444444444444444444
444444444444444444444444
777777777777777777777777
777777777777777777777777
555555555555555555555555
777777777777777777777777
777777777777777777777777
777777777777777777777777
777777777777777777777777
666666666666666666666666
777777777777777777777777
777777777777777777777777
444444444444444444444444
777777777777777777777777
444444444444444444444444
777777777777777777777777
444444444444444444444444
444444444444444444444444
777777777777777777777777
777777777777777777777777
555555555555555555555555
777777777777777777777777
444444444444444444444444
777777777777777777777777
777777777777777777777777
666666666666666666666666
777777777777777777777777
777777777777777777777777
444444444444444444444444
777777777777777777777777
444444444444444444444444
777777777777777777777777
444444444444444444444444
444444444444444444444444
777777777777777777777777
777777777777777777777777
555555555555555555555555
444444444444444444444444
444444444444444444444444
777777777777777777777777
777777777777777777777777
666666666666666666666666
777777777777777777777777
777777777777777777777777
444444444444444444444444
444444444444444444444444
444444444444444444444444
777777777777777777777777
444444444444444444444444
444444444444444444444444
777777777777777777777777
777777777777777777777777
555555555555555555555555
444444444444444444444444
444444444444444444444444
777777777777777777777777
777777777777777777777777
666666666666666666666666
777777777777777777777777
777777777777777777777777
444444444444444444444444
444444444444444444444444
444444444444444444444444
777777777777777777777777
444444444444444444444444
444444444444444444444444
444444444444444444444444
777777777777777777777777
555555555555555555555555
444444444444444444444444
444444444444444444444444
777777777777777777777777
777777777777777777777777
666666666666666666666666
777777777777777777777777
777777777777777777777777
444444444444444444444444
444444444444444444444444
444444444444444444444444
777777777777777777777777
444444444444444444444444
444444444444444444444444
555555555555555555555555
777777777777777777777777
555555555555555555555555
444444444444444444444444
444444444444444444444444
777777777777777777777777
777777777777777777777777
666666666666666666666666
777777777777777777777777
777777777777777777777777
444444444444444444444444
444444444444444444444444
444444444444444444444444
777777777777777777777777
444444444444444444444444
444444444444444444444444
555555555555555555555555
777777777777777777777777
555555555555555555555555
444444444444444444444444
444444444444444444444444
444444444444444444444444
777777777777777777777777
666666666666666666666666
777777777777777777777777
777777777777777777777777
444444444444444444444444
444444444444444444444444
444444444444444444444444
777777777777777777777777
444444444444444444444444
222222222222222222222222
555555555555555555555555
777777777777777777777777
555555555555555555555555
444444444444444444444444
444444444444444444444444
444444444444444444444444
777777777777777777777777
666666666666666666666666
777777777777777777777777
777777777777777777777777
444444444444444444444444
444444444444444444444444
444444444444444444444444
777777777777777777777777
444444444444444444444444
333333333333333333333333
555555555555555555555555
777777777777777777777777
555555555555555555555555
444444444444444444444444
444444444444444444444444
444444444444444444444444
777777777777777777777777
666666666666666666666666
777777777777777777777777
777777777777777777777777
444444444444444444444444
444444444444444444444444
222222222222222222222222
777777777777777777777777
444444444444444444444444
444444444444444444444444
555555555555555555555555
777777777777777777777777
555555555555555555555555
444444444444444444444444
444444444444444444444444
444444444444444444444444
777777777777777777777777
666666666666666666666666
777777777777777777777777
777777777777777777777777
444444444444444444444444
444444444444444444444444
333333333333333333333333
777777777777777777777777
444444444444444444444444
444444444444444444444444
555555555555555555555555
777777777777777777777777
555555555555555555555555
444444444444444444444444
444444444444444444444444
444444444444444444444444
777777777777777777777777
666666666666666666666666
777777777777777777777777
777777777777777777777777
444444444444444444444444
444444444444444444444444
444444444444444444444444
777777777777777777777777
222222222222222222222222
444444444444444444444444
555555555555555555555555
777777777777777777777777
555555555555555555555555
444444444444444444444444
444444444444444444444444
444444444444444444444444
777777777777777777777777
666666666666666666666666
777777777777777777777777
777777777777777777777777
444444444444444444444444
444444444444444444444444
444444444444444444444444
777777777777777777777777
333333333333333333333333
444444444444444444444444
555555555555555555555555
777777777777777777777777
555555555555555555555555
444444444444444444444444
444444444444444444444444
444444444444444444444444
777777777777777777777777
666666666666666666666666
777777777777777777777777
777777777777777777777777
222222222222222222222222
444444444444444444444444
444444444444444444444444
777777777777777777777777
444444444444444444444444
444444444444444444444444
555555555555555555555555
777777777777777777777777
555555555555555555555555
444444444444444444444444
444444444444444444444444
444444444444444444444444
777777777777777777777777
666666666666666666666666
777777777777777777777777
777777777777777777777777
333333333333333333333333
444444444444444444444444
444444444444444444444444
777777777777777777777777
444444444444444444444444
444444444444444444444444
555555555555555555555555
777777777777777777777777
555555555555555555555555
444444444444444444444444
444444444444444444444444
444444444444444444444444
777777777777777777777777
666666666666666666666666
777777777777777777777777
777777777777777777777777
444444444444444444444444
444444444444444444444444
444444444444444444444444
777777777777777777777777
444444444444444444444444
444444444444444444444444
555555555555555555555555
444444444444444444444444
555555555555555555555555
444444444444444444444444
444444444444444444444444
444444444444444444444444
777777777777777777777777
666666666666666666666666
777777777777777777777777
777777777777777777777777
444444444444444444444444
444444444444444444444444
444444444444444444444444
777777777777777777777777
444444444444444444444444
444444444444444444444444
555555555555555555555555
555555555555555555555555
555555555555555555555555
444444444444444444444444
444444444444444444444444
444444444444444444444444
777777777777777777777777
666666666666666666666666
444444444444444444444444
777777777777777777777777
444444444444444444444444
444444444444444444444444
444444444444444444444444
777777777777777777777777
444444444444444444444444
444444444444444444444444
555555555555555555555555
555555555555555555555555
555555555555555555555555
444444444444444444444444
444444444444444444444444
444444444444444444444444
777777777777777777777777
666666666666666666666666
444444444444444444444444
777777777777777777777777
444444444444444444444444
444444444444444444444444
444444444444444444444444
777777777777777777777777
444444444444444444444444
444444444444444444444444
555555555555555555555555
555555555555555555555555
555555555555555555555555
222222222222222222222222
444444444444444444444444
444444444444444444444444
777777777777777777777777
666666666666666666666666
444444444444444444444444
777777777777777777777777
444444444444444444444444
444444444444444444444444
444444444444444444444444
777777777777777777777777
444444444444444444444444
444444444444444444444444
555555555555555555555555
555555555555555555555555
555555555555555555555555
333333333333333333333333
444444444444444444444444
444444444444444444444444
777777777777777777777777
666666666666666666666666
444444444444444444444444
777777777777777777777777
444444444444444444444444
444444444444444444444444
444444444444444444444444
444444444444444444444444
444444444444444444444444
444444444444444444444444
555555555555555555555555
555555555555555555555555
555555555555555555555555
444444444444444444444444
444444444444444444444444
444444444444444444444444
777777777777777777777777
666666666666666666666666
444444444444444444444444
777777777777777777777777
444444444444444444444444
444444444444444444444444
444444444444444444444444
444444444444444444444444
444444444444444444444444
444444444444444444444444
555555555555555555555555
555555555555555555555555
555555555555555555555555
444444444444444444444444
444444444444444444444444
222222222222222222222222
777777777777777777777777
666666666666666666666666
444444444444444444444444
777777777777777777777777
444444444444444444444444
444444444444444444444444
444444444444444444444444
444444444444444444444444
444444444444444444444444
444444444444444444444444
555555555555555555555555
555555555555555555555555
555555555555555555555555
444444444444444444444444
444444444444444444444444
333333333333333333333333
777777777777777777777777
666666666666666666666666
444444444444444444444444
777777777777777777777777
444444444444444444444444
444444444444444444444444
444444444444444444444444
444444444444444444444444
444444444444444444444444
444444444444444444444444
555555555555555555555555
555555555555555555555555
555555555555555555555555
444444444444444444444444
222222222222222222222222
333333333333333333333333
777777777777777777777777
666666666666666666666666
444444444444444444444444
777777777777777777777777
444444444444444444444444
444444444444444444444444
444444444444444444444444
444444444444444444444444
444444444444444444444444
444444444444444444444444
555555555555555555555555
555555555555555555555555
555555555555555555555555
444444444444444444444444
333333333333333333333333
333333333333333333333333
777777777777777777777777
666666666666666666666666
444444444444444444444444
444444444444444444444444
444444444444444444444444
444444444444444444444444
444444444444444444444444
444444444444444444444444
444444444444444444444444
444444444444444444444444
555555555555555555555555
555555555555555555555555
555555555555555555555555
444444444444444444444444
333333333333333333333333
333333333333333333333333
777777777777777777777777
666666666666666666666666
444444444444444444444444
555555555555555555555555
444444444444444444444444
444444444444444444444444
444444444444444444444444
444444444444444444444444
444444444444444444444444
444444444444444444444444
555555555555555555555555
555555555555555555555555
555555555555555555555555
444444444444444444444444
333333333333333333333333
333333333333333333333333
777777777777777777777777
666666666666666666666666
444444444444444444444444
666666666666666666666666
444444444444444444444444
444444444444444444444444
444444444444444444444444
444444444444444444444444
444444444444444444444444
444444444444444444444444
555555555555555555555555
555555555555555555555555
555555555555555555555555
444444444444444444444444
333333333333333333333333
333333333333333333333333
777777777777777777777777
666666666666666666666666
444444444444444444444444
777777777777777777777777
444444444444444444444444
222222222222222222222222
444444444444444444444444
444444444444444444444444
444444444444444444444444
444444444444444444444444
555555555555555555555555
555555555555555555555555
555555555555555555555555
444444444444444444444444
333333333333333333333333
333333333333333333333333
777777777777777777777777
666666666666666666666666
444444444444444444444444
777777777777777777777777
444444444444444444444444
333333333333333333333333
444444444444444444444444
444444444444444444444444
444444444444444444444444
444444444444444444444444
555555555555555555555555
555555555555555555555555
555555555555555555555555
444444444444444444444444
333333333333333333333333
333333333333333333333333
777777777777777777777777
666666666666666666666666
222222222222222222222222
777777777777777777777777
444444444444444444444444
333333333333333333333333
444444444444444444444444
444444444444444444444444
444444444444444444444444
444444444444444444444444
555555555555555555555555
555555555555555555555555
555555555555555555555555
444444444444444444444444
333333333333333333333333
333333333333333333333333
777777777777777777777777
666666666666666666666666
333333333333333333333333
777777777777777777777777
444444444444444444444444
333333333333333333333333
444444444444444444444444
444444444444444444444444
444444444444444444444444
444444444444444444444444
555555555555555555555555
555555555555555555555555
555555555555555555555555
444444444444444444444444
333333333333333333333333
333333333333333333333333
777777777777777777777777
666666666666666666666666
444444444444444444444444
777777777777777777777777
444444444444444444444444
333333333333333333333333
444444444444444444444444
222222222222222222222222
444444444444444444444444
444444444444444444444444
555555555555555555555555
555555555555555555555555
555555555555555555555555
444444444444444444444444
333333333333333333333333
333333333333333333333333
777777777777777777777777
666666666666666666666666
444444444444444444444444
777777777777777777777777
444444444444444444444444
333333333333333333333333
444444444444444444444444
333333333333333333333333
444444444444444444444444
444444444444444444444444
555555555555555555555555
555555555555555555555555
555555555555555555555555
444444444444444444444444
333333333333333333333333
333333333333333333333333
777777777777777777777777
666666666666666666666666
444444444444444444444444
777777777777777777777777
444444444444444444444444
333333333333333333333333
444444444444444444444444
444444444444444444444444
444444444444444444444444
444444444444444444444444
555555555555555555555555
555555555555555555555555
555555555555555555555555
444444444444444444444444
333333333333333333333333
333333333333333333333333
777777777777777777111111
666666666666666666111111
444444444444444444111111
777777777777777777111111
444444444444444444111111
333333333333333333331111
444444444444444444441111
444444444444444444441111
444444444444444444444411
444444444444444444444411
555555555555555555555511
555555555555555555555511
555555555555555555555511
444444444444444444444411
333333333333333333333311
333333333333333333333311
777777777777777777111111
666666666666666656111111
444444444444444444111111
777777777777777777111111
444444444444444444111111
333333333333333333331111
444444444444444444441111
444444444444444444441111
444444444444444444444411
444444444444444444444411
555555555555555555555511
555555555555555555555511
555555555555555555555511
444444444444444444444411
333333333333333333333311
333333333333333333333311
777777777777777777111111
666666566666666666111111
444444444444444444111111
777777777777777777111111
444444444444444444111111
333333333333333333331111
444444444444444444441111
444444444444444444441111
444444444444444444444411
444444444444444444444411
555555555555555555555511
555555555555555555555511
555555555555555555555511
444444444444444444444411
333333333333333333333311
333333333333333333333311
777777777777777777111111
566666666666666666111111
444444444444444444111111
777777777777777777111111
444444444444444444111111
333333333333333333331111
444444444444444444441111
444444444444444444441111
444444444444444444444411
444444444444444444444411
555555555555555555555511
555555555555555555555511
555555555555555555555511
444444444444444444444411
333333333333333333333311
333333333333333333333311
777777777777777777111111
665666666666666666111111
444444444444444444111111
777777777777777777111111
444444444444444444111111
333333333333333333331111
444444444444444444441111
444444444444444444441111
444444444444444444444411
444444444444444444444411
555555555555555555555511
555555555555555555555511
555555555555555555555511
444444444444444444444411
333333333333333333333311
333333333333333333333311
777777777777777777111111
665666666666665666111111
444444444444444444111111
777777777777777777111111
444444444444444444111111
333333333333333333331111
444444444444444444441111
444444444444444444441111
444444444444444444444411
444444444444444444444411
555555555555555555555511
555555555555555555555511
555555555555555555555511
444444444444444444444411
333333333333333333333311
333333333333333333333311
777777777777777777111111
665666666656666666111111
444444444444444444111111
777777777777777777111111
444444444444444444111111
333333333333333333331111
444444444444444444441111
444444444444444444441111
444444444444444444444411
444444444444444444444411
555555555555555555555511
555555555555555555555511
555555555555555555555511
444444444444444444444411
333333333333333333333311
333333333333333333333311
777777777777777777111111
665666666656566666111111
444444444444444444111111
777777777777777777111111
444444444444444444111111
333333333333333333331111
444444444444444444441111
444444444444444444441111
444444444444444444444411
444444444444444444444411
555555555555555555555511
555555555555555555555511
555555555555555555555511
444444444444444444444411
333333333333333333333311
333333333333333333333311
777777777777777777111111
665656666656666666111111
444444444444444444111111
777777777777777777111111
444444444444444444111111
333333333333333333331111
444444444444444444441111
444444444444444444441111
444444444444444444444411
444444444444444444444411
555555555555555555555511
555555555555555555555511
555555555555555555555511
444444444444444444444411
333333333333333333333311
333333333333333333333311
777777777777777777111111
665666665656666666111111
444444444444444444111111
777777777777777777111111
444444444444444444111111
333333333333333333331111
444444444444444444441111
444444444444444444441111
444444444444444444444411
444444444444444444444411
555555555555555555555511
555555555555555555555511
555555555555555555555511
444444444444444444444411
333333333333333333333311
333333333333333333333311
777777777777777767111111
665666666656666666111111
444444444444444444111111
777777777777777777111111
444444444444444444111111
333333333333333333331111
444444444444444444441111
444444444444444444441111
444444444444444444444411
444444444444444444444411
555555555555555555555511
555555555555555555555511
555555555555555555555511
444444444444444444444411
333333333333333333333311
333333333333333333333311
777777777777776777111111
665666666656666666111111
444444444444444444111111
777777777777777777111111
444444444444444444111111
333333333333333333331111
444444444444444444441111
444444444444444444441111
444444444444444444444411
444444444444444444444411
555555555555555555555511
555555555555555555555511
555555555555555555555511
444444444444444444444411
333333333333333333333311
333333333333333333333311
777777777777677777111111
665666666656666666111111
444444444444444444111111
777777777777777777111111
444444444444444444111111
333333333333333333331111
444444444444444444441111
444444444444444444441111
444444444444444444444411
444444444444444444444411
555555555555555555555511
555555555555555555555511
555555555555555555555511
444444444444444444444411
333333333333333333333311
333333333333333333333311
777777777767777777111111
665666666656666666111111
444444444444444444111111
777777777777777777111111
444444444444444444111111
333333333333333333331111
444444444444444444441111
444444444444444444441111
444444444444444444444411
444444444444444444444411
555555555555555555555511
555555555555555555555511
555555555555555555555511
444444444444444444444411
333333333333333333333311
333333333333333333333311
777777776777777777111111
665666666656666666111111
444444444444444444111111
777777777777777777111111
444444444444444444111111
333333333333333333331111
444444444444444444441111
444444444444444444441111
444444444444444444444411
444444444444444444444411
555555555555555555555511
555555555555555555555511
555555555555555555555511
444444444444444444444411
333333333333333333333311
333333333333333333333311
777777677777777777111111
665666666656666666111111
444444444444444444111111
777777777777777777111111
444444444444444444111111
333333333333333333331111
444444444444444444441111
444444444444444444441111
444444444444444444444411
444444444444444444444411
555555555555555555555511
555555555555555555555511
555555555555555555555511
444444444444444444444411
333333333333333333333311
333333333333333333333311
777767777777777777111111
665666666656666666111111
444444444444444444111111
777777777777777777111111
444444444444444444111111
333333333333333333331111
444444444444444444441111
444444444444444444441111
444444444444444444444411
444444444444444444444411
555555555555555555555511
555555555555555555555511
555555555555555555555511
444444444444444444444411
333333333333333333333311
333333333333333333333311
776777777777777777111111
665666666656666666111111
444444444444444444111111
777777777777777777111111
444444444444444444111111
333333333333333333331111
444444444444444444441111
444444444444444444441111
444444444444444444444411
444444444444444444444411
555555555555555555555511
555555555555555555555511
555555555555555555555511
444444444444444444444411
333333333333333333333311
333333333333333333333311
677777777777777777111111
665666666656666666111111
444444444444444444111111
777777777777777777111111
444444444444444444111111
333333333333333333331111
444444444444444444441111
444444444444444444441111
444444444444444444444411
444444444444444444444411
555555555555555555555511
555555555555555555555511
555555555555555555555511
444444444444444444444411
333333333333333333333311
333333333333333333333311
777777777777777777111111
665666666656666666111111
444444444444444444111111
777777777777777777111111
444444444444444444111111
333333333333333333331111
444444444444444444441111
444444444444444444441111
444444444444444444444411
444444444444444444444411
555555555555555555555511
555555555555555555555511
555555555555555555554511
444444444444444444444411
333333333333333333333311
333333333333333333333311
777777777777777777111111
665666666656666666111111
444444444444444444111111
777777777777777777111111
444444444444444444111111
333333333333333333331111
444444444444444444441111
444444444444444444441111
444444444444444444444411
444444444444444444444411
555555555555555555555511
555555555555555555555511
455555555555555555554511
444444444444444444444411
333333333333333333333311
333333333333333333333311
777777777777777777111111
665666666656666666111111
444444444444444444111111
777777777777777777111111
444444444444444444111111
333333333333333333331111
444444444444444444441111
444444444444444444441111
444444444444444444444411
444444444444444444444411
555555555555555555555511
555555555555555555555511
454555555555555555554511
444444444444444444444411
333333333333333333333311
333333333333333333333311
777777777777777777111111
665666666656666666111111
444444444444444444111111
777777777777777777111111
444444444444444444111111
333333333333333333331111
444444444444444444441111
444444444444444444441111
444444444444444444444411
444444444444444444444411
555555555555555555555511
555555555555555555555511
454555554555555555554511
444444444444444444444411
333333333333333333333311
333333333333333333333311
777777777777777777111111
665666666656666666111111
444444444444444444111111
777777777777777777111111
444444444444444444111111
333333333333333333331111
444444444444444444441111
444444444444444444441111
444444444444444444444411
444444444444444444444411
555555555555555555555511
555555555555555555555511
454555454555555555554511
444444444444444444444411
333333333333333333333311
333333333333333333333311
777777777777777777111111
665666666656666666111111
444444444444444444111111
777777777777777777111111
444444444444444444111111
333333333333333333331111
444444444444444444441111
444444444444444444441111
444444444444444444444411
444444444444444444444411
555555555555555555555511
555555555555555555555511
454545554555555555554511
444444444444444444444411
333333333333333333333311
333333333333333333333311
777777777777777777111111
665666666656666666111111
444444444444444444111111
777777777777777777111111
444444444444444444111111
333333333333333333331111
444444444444444444441111
444444444444444444441111
444444444444444444444411
444444444444444444444411
555555555555555555555511
555555555555555555555511
454555554545555555554511
444444444444444444444411
333333333333333333333311
333333333333333333333311
777777777777777777111111
665666666656666666111111
444444444444444444111111
777777777777777777111111
444444444444444444111111
333333333333333333331111
444444444444444444441111
444444444444444444441111
444444444444444444444411
444444444444444444444411
555555555555555555555511
555555555555555555555511
454555554545455555554511
444444444444444444444411
333333333333333333333311
333333333333333333333311
777777777777777777111111
665666666656666666111111
444444444444444444111111
777777777777777777111111
444444444444444444111111
333333333333333333331111
444444444444444444441111
444444444444444444441111
444444444444444444444411
444444444444444444444411
555555555555555555555511
555555555555555555555511
454555554545455555454511
444444444444444444444411
333333333333333333333311
333333333333333333333311
777777777777777777111111
665666666656666666111111
444444444444444444111111
777777777777777777111111
444444444444444444111111
333333333333333333331111
444444444444444444441111
444444444444444444441111
444444444444444444444411
444444444444444444444411
555555555555555555555511
555555555555555555555511
454555554545454555554511
444444444444444444444411
333333333333333333333311
333333333333333333333311
777777777777777777111111
665666666656666666111111
444444444444444444111111
777777777777777777111111
444444444444444444111111
333333333333333333331111
444444444444444444441111
444444444444444444441111
444444444444444444444411
444444444444444444444411
555555555555555555555511
555555555555555555555511
454555554545454545554511
444444444444444444444411
333333333333333333333311
333333333333333333333311
777777777777777777111111
665666666656666665111111
444444444444444444111111
777777777777777777111111
444444444444444444111111
333333333333333333331111
444444444444444444441111
444444444444444444441111
444444444444444444444411
444444444444444444444411
555555555555555555555511
555555555555555555555511
454555554545454555554511
444444444444444444444411
333333333333333333333311
333333333333333333333311
777777777777777777111111
665666666656666565111111
444444444444444444111111
777777777777777777111111
444444444444444444111111
333333333333333333331111
444444444444444444441111
444444444444444444441111
444444444444444444444411
444444444444444444444411
555555555555555555555511
555555555555555555555511
454555554545454555554511
444444444444444444444411
333333333333333333333311
333333333333333333333311
777777777777777777111111
665666666656656565111111
444444444444444444111111
777777777777777777111111
444444444444444444111111
333333333333333333331111
444444444444444444441111
444444444444444444441111
444444444444444444444411
444444444444444444444411
555555555555555555555511
555555555555555555555511
454555554545454555554511
444444444444444444444411
333333333333333333333311
333333333333333333333311
777777777777777777111111
664666666656666565111111
444444444444444444111111
777777777777777777111111
444444444444444444111111
333333333333333333331111
444444444444444444441111
444444444444444444441111
444444444444444444444411
444444444444444444444411
555555555555555555555511
555555555555555555555511
454555554545454555554511
444444444444444444444411
333333333333333333333311
333333333333333333333311
777777777777777777111111
665666666646666565111111
444444444444444444111111
777777777777777777111111
444444444444444444111111
333333333333333333331111
444444444444444444441111
444444444444444444441111
444444444444444444444411
444444444444444444444411
555555555555555555555511
555555555555555555555511
454555554545454555554511
444444444444444444444411
333333333333333333333311
333333333333333333333311
777777777777777776111111
665666666656666565111111
444444444444444444111111
777777777777777777111111
444444444444444444111111
333333333333333333331111
444444444444444444441111
444444444444444444441111
444444444444444444444411
444444444444444444444411
555555555555555555555511
555555555555555555555511
454555554545454555554511
444444444444444444444411
333333333333333333333311
333333333333333333333311
777777777777777676111111
665666666656666565111111
444444444444444444111111
777777777777777777111111
444444444444444444111111
333333333333333333331111
444444444444444444441111
444444444444444444441111
444444444444444444444411
444444444444444444444411
555555555555555555555511
555555555555555555555511
454555554545454555554511
444444444444444444444411
333333333333333333333311
333333333333333333333311
777777777777767776111111
665666666656666565111111
444444444444444444111111
777777777777777777111111
444444444444444444111111
333333333333333333331111
444444444444444444441111
444444444444444444441111
444444444444444444444411
444444444444444444444411
555555555555555555555511
555555555555555555555511
454555554545454555554511
444444444444444444444411
333333333333333333333311
333333333333333333333311
777777777776777776111111
665666666656666565111111
444444444444444444111111
777777777777777777111111
444444444444444444111111
333333333333333333331111
444444444444444444441111
444444444444444444441111
444444444444444444444411
444444444444444444444411
555555555555555555555511
555555555555555555555511
454555554545454555554511
444444444444444444444411
333333333333333333333311
333333333333333333333311
777777777677777776111111
665666666656666565111111
444444444444444444111111
777777777777777777111111
444444444444444444111111
333333333333333333331111
444444444444444444441111
444444444444444444441111
444444444444444444444411
444444444444444444444411
555555555555555555555511
555555555555555555555511
454555554545454555554511
444444444444444444444411
333333333333333333333311
333333333333333333333311
777777767777777776111111
665666666656666565111111
444444444444444444111111
777777777777777777111111
444444444444444444111111
333333333333333333331111
444444444444444444441111
444444444444444444441111
444444444444444444444411
444444444444444444444411
555555555555555555555511
555555555555555555555511
454555554545454555554511
444444444444444444444411
333333333333333333333311
333333333333333333333311
777776777777777776111111
665666666656666565111111
444444444444444444111111
777777777777777777111111
444444444444444444111111
333333333333333333331111
444444444444444444441111
444444444444444444441111
444444444444444444444411
444444444444444444444411
555555555555555555555511
555555555555555555555511
454555554545454555554511
444444444444444444444411
333333333333333333333311
333333333333333333333311
777677777777777776111111
665666666656666565111111
444444444444444444111111
777777777777777777111111
444444444444444444111111
333333333333333333331111
444444444444444444441111
444444444444444444441111
444444444444444444444411
444444444444444444444411
555555555555555555555511
555555555555555555555511
454555554545454555554511
444444444444444444444411
333333333333333333333311
333333333333333333333311
767777777777777776111111
665666666656666565111111
444444444444444444111111
777777777777777777111111
444444444444444444111111
333333333333333333331111
444444444444444444441111
444444444444444444441111
444444444444444444444411
444444444444444444444411
555555555555555555555511
555555555555555555555511
454555554545454555554511
444444444444444444444411
333333333333333333333311
333333333333333333333311
777777777777777776111111
665666666656666565111111
444444444444444444111111
777777777777777777111111
444444444444444444111111
333333333333333333331111
444444444444444444441111
444444444444444444441111
444444444444444444444411
444444444444444444444411
555555555555555555555511
555555555555555555555511
454555554545454555553511
444444444444444444444411
333333333333333333333311
333333333333333333333311
777777777777777776111111
665666666656666565111111
444444444444444444111111
777777777777777777111111
444444444444444444111111
333333333333333333331111
444444444444444444441111
444444444444444444441111
444444444444444444444411
444444444444444444444411
555555555555555555555511
555555555555555555555511
354555554545454555554511
444444444444444444444411
333333333333333333333311
333333333333333333333311
777777777777777776111111
665666666656666565111111
444444444444444444111111
777777777777777777111111
444444444444444444111111
333333333333333333331111
444444444444444444441111
444444444444444444441111
444444444444444444444411
444444444444444444444411
555555555555555555555511
555555555555555555555511
353555554545454555554511
444444444444444444444411
333333333333333333333311
333333333333333333333311
777777777777777776111111
665666666656666565111111
444444444444444444111111
777777777777777777111111
444444444444444444111111
333333333333333333331111
444444444444444444441111
444444444444444444441111
444444444444444444444411
444444444444444444443411
555555555555555555555511
555555555555555555555511
354555554545454555554511
444444444444444444444411
333333333333333333333311
333333333333333333333311
777777777777777776111111
665666666656666565111111
444444444444444444111111
777777777777777777111111
444444444444444444111111
333333333333333333331111
444444444444444444441111
444444444444444444441111
444444444444444444444411
444444344444444444443411
555555555555555555555511
555555555555555555555511
354555554545454555554511
444444444444444444444411
333333333333333333333311
333333333333333333333311
777777777777777776111111
665666666656666565111111
444444444444444444111111
777777777777777777111111
444444444444444444111111
333333333333333333331111
444444444444444444441111
444444444444444444441111
444444444444444444444411
444444343444444444443411
555555555555555555555511
555555555555555555555511
354555554545454555554511
444444444444444444444411
333333333333333333333311
333333333333333333333311
777777777777777776111111
665666666656666565111111
444444444444444444111111
777777777777777777111111
444444444444444444111111
333333333333333333331111
444444444444444444441111
444444444444444444441111
444444444444444444444411
444434343444444444443411
555555555555555555555511
555555555555555555555511
354555554545454555554511
444444444444444444444411
333333333333333333333311
333333333333333333333311
777777777777777776111111
665666666656666565111111
444444444444444444111111
777777777777777777111111
444444444444444444111111
333333333333333333331111
444444444444444444441111
444444444444444444441111
444444444444444444444411
444434343444444434443411
555555555555555555555511
555555555555555555555511
354555554545454555554511
444444444444444444444411
333333333333333333333311
333333333333333333333311
