2848041172
15 9 100
666666666666666666
666666666666666666
666666666666666666
666666666666666666
666666666666666666
666666666666666666
666666666666666666
666666666666666666
666666666666666666
666666666666666666
666666666666666666
666666666666666666
666666666666666666
666666666666666666
666666666666666666
777777777777777777
777777777777777777
777777777777777777
777777777777777777
777777777777777777
777777777777777777
777777777777777777
777777777777777777
777777777777777777
777777777777777777
777777777777777777
777777777777777777
777777777777777777
777777777777777777
777777777777777777
777777777777777777
777777777777777777
777777777777777777
777777777777777777
777777777777777777
444444444444444444
777777777777777777
777777777777777777
777777777777777777
777777777777777777
777777777777777777
777777777777777777
777777777777777777
777777777777777777
777777777777777777
777777777777777777
777777777777777777
777777777777777777
777777777777777777
777777777777777777
555555555555555555
777777777777777777
777777777777777777
777777777777777777
777777777777777777
777777777777777777
777777777777777777
777777777777777777
777777777777777777
777777777777777777
777777777777777777
777777777777777777
777777777777777777
777777777777777777
777777777777777777
555555555555555555
777777777777777777
777777777777777777
777777777777777777
444444444444444444
777777777777777777
777777777777777777
777777777777777777
777777777777777777
777777777777777777
777777777777777777
777777777777777777
777777777777777777
777777777777777777
777777777777777777
555555555555555555
777777777777777777
777777777777777777
777777777777777777
555555555555555555
777777777777777777
777777777777777777
777777777777777777
777777777777777777
777777777777777777
777777777777777777
777777777777777777
777777777777777777
777777777777777777
777777777777777777
555555555555555555
777777777777777777
777777777777777777
777777777777777777
666666666666666666
777777777777777777
777777777777777777
777777777777777777
777777777777777777
777777777777777777
777777777777777777
777777777777777777
777777777777777777
777777777777777777
777777777777777777
555555555555555555
777777777777777777
777777777777777777
777777777777777777
666666666666666666
444444444444444444
777777777777777777
777777777777777777
777777777777777777
777777777777777777
777777777777777777
777777777777777777
777777777777777777
777777777777777777
777777777777777777
555555555555555555
777777777777777777
777777777777777777
777777777777777777
666666666666666666
555555555555555555
777777777777777777
777777777777777777
777777777777777777
777777777777777777
777777777777777777
777777777777777777
777777777777777777
777777777777777777
777777777777777777
555555555555555555
777777777777777777
777777777777777777
777777777777777777
666666666666666666
555555555555555555
444444444444444444
777777777777777777
777777777777777777
777777777777777777
777777777777777777
777777777777777777
777777777777777777
777777777777777777
777777777777777777
555555555555555555
777777777777777777
777777777777777777
777777777777777777
666666666666666666
555555555555555555
555555555555555555
777777777777777777
777777777777777777
777777777777777777
777777777777777777
777777777777777777
777777777777777777
777777777777777777
777777777777777777
555555555555555555
777777777777777777
777777777777777777
777777777777777777
666666666666666666
555555555555555555
666666666666666666
777777777777777777
777777777777777777
777777777777777777
777777777777777777
777777777777777777
777777777777777777
777777777777777777
777777777777777777
555555555555555555
777777777777777777
777777777777777777
444444444444444444
666666666666666666
555555555555555555
666666666666666666
777777777777777777
777777777777777777
777777777777777777
777777777777777777
777777777777777777
777777777777777777
777777777777777777
777777777777777777
555555555555555555
777777777777777777
777777777777777777
555555555555555555
666666666666666666
555555555555555555
666666666666666666
777777777777777777
777777777777777777
777777777777777777
777777777777777777
777777777777777777
777777777777777777
777777777777777777
444444444444444444
555555555555555555
777777777777777777
777777777777777777
555555555555555555
666666666666666666
555555555555555555
666666666666666666
777777777777777777
777777777777777777
777777777777777777
777777777777777777
777777777777777777
777777777777777777
777777777777777777
555555555555555555
555555555555555555
777777777777777777
777777777777777777
555555555555555555
666666666666666666
555555555555555555
666666666666666666
777777777777777777
777777777777777777
777777777777777777
777777777777777777
777777777777777777
777777777777777777
777777777777777777
666666666666666666
555555555555555555
777777777777777777
777777777777777777
555555555555555555
666666666666666666
555555555555555555
666666666666666666
777777777777777777
777777777777777777
777777777777777777
777777777777777777
444444444444444444
777777777777777777
777777777777777777
666666666666666666
555555555555555555
777777777777777777
777777777777777777
555555555555555555
666666666666666666
555555555555555555
666666666666666666
777777777777777777
777777777777777777
777777777777777777
777777777777777777
555555555555555555
777777777777777777
777777777777777777
666666666666666666
555555555555555555
777777777777777777
777777777777777777
555555555555555555
666666666666666666
555555555555555555
666666666666666666
777777777777777777
777777777777777777
777777777777777777
777777777777777777
666666666666666666
777777777777777777
777777777777777777
666666666666666666
555555555555555555
777777777777777777
777777777777777777
555555555555555555
666666666666666666
555555555555555555
666666666666666666
777777777777777777
777777777777777777
777777777777777777
444444444444444444
777777777777777777
777777777777777777
777777777777777777
666666666666666666
555555555555555555
777777777777777777
777777777777777777
555555555555555555
666666666666666666
555555555555555555
666666666666666666
777777777777777777
777777777777777777
777777777777777777
555555555555555555
777777777777777777
777777777777777777
777777777777777777
666666666666666666
555555555555555555
777777777777777777
777777777777777777
555555555555555555
666666666666666666
555555555555555555
666666666666666666
777777777777777777
777777777777777777
777777777777777777
666666666666666666
777777777777777777
777777777777777777
777777777777777777
666666666666666666
555555555555555555
777777777777777777
777777777777777777
555555555555555555
666666666666666666
555555555555555555
666666666666666666
777777777777777777
777777777777777777
777777777777777777
777777777777777777
777777777777777777
777777777777777777
777777777777777777
666666666666666666
555555555555555555
777777777777777777
777777777777777777
555555555555555555
666666666666666666
555555555555555555
666666666666666666
777777777777777777
444444444444444444
777777777777777777
777777777777777777
777777777777777777
777777777777777777
777777777777777777
666666666666666666
555555555555555555
777777777777777777
777777777777777777
555555555555555555
666666666666666666
555555555555555555
666666666666666666
777777777777777777
555555555555555555
777777777777777777
777777777777777777
777777777777777777
777777777777777777
777777777777777777
666666666666666666
555555555555555555
777777777777777777
777777777777777777
555555555555555555
666666666666666666
555555555555555555
666666666666666666
777777777777777777
666666666666666666
777777777777777777
777777777777777777
777777777777777777
777777777777777777
777777777777777777
666666666666666666
555555555555555555
444444444444444444
777777777777777777
555555555555555555
666666666666666666
555555555555555555
666666666666666666
777777777777777777
777777777777777777
777777777777777777
777777777777777777
777777777777777777
777777777777777777
777777777777777777
666666666666666666
555555555555555555
555555555555555555
777777777777777777
555555555555555555
666666666666666666
555555555555555555
666666666666666666
777777777777777777
777777777777777777
777777777777777777
777777777777777777
777777777777777777
777777777777777777
777777777777777777
666666666666666666
555555555555555555
666666666666666666
777777777777777777
555555555555555555
666666666666666666
555555555555555555
666666666666666666
777777777777777777
777777777777777777
777777777777777777
777777777777777777
777777777777777777
777777777777777777
777777777777777777
666666666666666666
555555555555555555
777777777777777777
777777777777777777
555555555555555555
666666666666666666
555555555555555555
666666666666666666
777777777777777777
777777777777777777
444444444444444444
777777777777777777
777777777777777777
777777777777777777
777777777777777777
666666666666666666
555555555555555555
777777777777777777
777777777777777777
555555555555555555
666666666666666666
555555555555555555
666666666666666666
777777777777777777
777777777777777777
555555555555555555
777777777777777777
777777777777777777
777777777777777777
777777777777777777
666666666666666666
555555555555555555
777777777777777777
777777777777777777
555555555555555555
666666666666666666
555555555555555555
666666666666666666
777777777777777777
777777777777777777
666666666666666666
777777777777777777
777777777777777777
444444444444444444
777777777777777777
666666666666666666
555555555555555555
777777777777777777
777777777777777777
555555555555555555
666666666666666666
555555555555555555
666666666666666666
777777777777777777
777777777777777777
777777777777777777
777777777777777777
777777777777777777
555555555555555555
777777777777777777
666666666666666666
555555555555555555
777777777777777777
777777777777777777
555555555555555555
666666666666666666
555555555555555555
666666666666666666
777777777777777777
777777777777777777
777777777777777777
777777777777777777
777777777777777777
666666666666666666
777777777777777777
666666666666666666
555555555555555555
777777777777777777
777777777777777777
555555555555555555
666666666666666666
555555555555555555
666666666666666666
777777777777777777
777777777777777777
777777777777777777
777777777777777777
777777777777777777
777777777777777777
777777777777777777
666666666666666666
555555555555555555
777777777777777777
444444444444444444
555555555555555555
666666666666666666
555555555555555555
666666666666666666
777777777777777777
777777777777777777
777777777777777777
777777777777777777
777777777777777777
777777777777777777
777777777777777777
666666666666666666
555555555555555555
777777777777777777
555555555555555555
555555555555555555
666666666666666666
555555555555555555
666666666666666666
777777777777777777
777777777777777777
777777777777777777
777777777777777777
777777777777777777
777777777777777777
777777777777777777
666666666666666666
555555555555555555
777777777777777777
666666666666666666
555555555555555555
666666666666666666
555555555555555555
666666666666666666
777777777777777777
777777777777777777
777777777777777777
777777777777777777
777777777777777777
777777777777777777
777777777777777777
666666666666666666
555555555555555555
777777777777777777
666666666666666666
555555555555555555
666666666666666666
555555555555555555
666666666666666666
444444444444444444
777777777777777777
777777777777777777
777777777777777777
777777777777777777
777777777777777777
777777777777777777
666666666666666666
555555555555555555
777777777777777777
666666666666666666
555555555555555555
666666666666666666
555555555555555555
666666666666666666
555555555555555555
777777777777777777
777777777777777777
777777777777777777
777777777777777777
777777777777777777
777777777777777777
666666666666666666
555555555555555555
777777777777777777
666666666666666666
555555555555555555
666666666666666666
555555555555555555
666666666666666666
666666666666666666
777777777777777777
777777777777777777
777777777777777777
777777777777777777
777777777777777777
444444444444444444
666666666666666666
555555555555555555
777777777777777777
666666666666666666
555555555555555555
666666666666666666
555555555555555555
666666666666666666
777777777777777777
777777777777777777
777777777777777777
777777777777777777
777777777777777777
777777777777777777
555555555555555555
666666666666666666
555555555555555555
777777777777777777
666666666666666666
555555555555555555
666666666666666666
555555555555555555
666666666666666666
777777777777777777
777777777777777777
777777777777777777
777777777777777777
777777777777777777
777777777777777777
555555555555555555
666666666666666666
555555555555555555
777777777777777777
666666666666666666
555555555555555555
666666666666666666
555555555555555555
666666666666666666
777777777777777777
777777777777777777
777777777777777777
777777777711111111
777777777711111111
777777777711111111
555555555511111111
666666666666111111
555555555555111111
777777777711111111
666666666611111111
555555555511111111
666666666611111111
555555555555551111
666666666666111111
777777777777777777
777777777777777711
777777777777777777
777777777711111111
777777777711111111
777777777711111111
555555555511111111
666666666666111111
555555555555111111
777777777711111111
666666666611111111
555555555511111111
666666666611111111
555555555555551111
666666666666111111
777777777777777777
777777777777777711
777777777777777767
777777777711111111
777777777711111111
777777777711111111
555555555511111111
666666666666111111
555555555555111111
777777777711111111
666666666611111111
555555555511111111
666666666611111111
555555555555551111
666666666666111111
777777777777777777
777777777777777711
677777777777777767
777777777711111111
777777777711111111
777777777711111111
555555555511111111
666666666666111111
555555555555111111
777777777711111111
666666666611111111
555555555511111111
666666666611111111
555555555555551111
666666666666111111
777777777777777777
777777777777777711
777777777777776767
777777777711111111
777777777711111111
777777777711111111
555555555511111111
666666666666111111
555555555555111111
777777777711111111
666666666611111111
555555555511111111
666666666611111111
555555555555551111
666666666666111111
777777777777777777
777777777777777711
777777777777676767
777777777711111111
777777777711111111
777777777711111111
555555555511111111
666666666666111111
555555555555111111
777777777711111111
666666666611111111
555555555511111111
666666666611111111
555555555555551111
666666666666111111
777777777777777777
777777777777777711
777777777767676767
777777777711111111
777777777711111111
777777777711111111
555555555511111111
666666666666111111
555555555555111111
777777777711111111
666666666611111111
555555555511111111
666666666611111111
555555555555551111
666666666666111111
777777777777777777
777777777777777711
777777776767676767
777777777711111111
777777777711111111
777777777711111111
555555555511111111
666666666666111111
555555555555111111
777777777711111111
666666666611111111
555555555511111111
666666666611111111
555555555555551111
666666666666111111
777777777777777777
777777777777777711
777777676767676767
777777777711111111
777777777711111111
777777777711111111
555555555511111111
666666666666111111
555555555555111111
777777777711111111
666666666611111111
555555555511111111
666666666611111111
555555555555551111
666666666666111111
777777777777777777
777777777777777711
777767676767676767
777777777711111111
777777777711111111
777777777711111111
555555555511111111
666666666666111111
555555555555111111
777777777711111111
666666666611111111
555555555511111111
666666666611111111
555555555555551111
666666666666111111
777777777777777777
777777777777777711
776767676767676767
777777777711111111
777777777711111111
777777777711111111
555555555511111111
666666666666111111
555555555555111111
777777777711111111
666666666611111111
555555555511111111
666666666611111111
555555555555551111
666666666666111111
777777777777777777
777777777777777711
776767676767676757
777777777711111111
777777777711111111
777777777711111111
555555555511111111
666666666666111111
555555555555111111
777777777711111111
666666666611111111
555555555511111111
666666666611111111
555555555555551111
666666666666111111
777777777777777777
777777777777777711
776767676767675757
777777777711111111
777777777711111111
777777777711111111
555555555511111111
666666666666111111
555555555555111111
777777777711111111
666666666611111111
555555555511111111
666666666611111111
555555555555551111
666666666666111111
777777777777777777
777777777777777711
776767676767575757
777777777711111111
777777777711111111
777777777711111111
555555555511111111
666666666666111111
555555555555111111
777777777711111111
666666666611111111
555555555511111111
666666666611111111
555555555555551111
666666666666111111
777777777777777777
777777777777777711
776767676757575757
777777777711111111
777777777711111111
777777777711111111
555555555511111111
666666666666111111
555555555555111111
777777777711111111
666666666611111111
555555555511111111
666666666611111111
555555555555551111
666666666666111111
777777777777777777
777777777777777711
776767675757575757
777777777711111111
777777777711111111
777777777711111111
555555555511111111
666666666666111111
555555555555111111
777777777711111111
666666666611111111
555555555511111111
666666666611111111
555555555555551111
666666666666111111
777777777777777777
777777777777777711
776767575757575757
777777777711111111
777777777711111111
777777777711111111
555555555511111111
666666666666111111
555555555555111111
777777777711111111
666666666611111111
555555555511111111
666666666611111111
555555555555551111
666666666666111111
777777777777777777
777777777777777711
776757575757575757
777777777711111111
777777777711111111
777777777711111111
555555555511111111
666666666666111111
555555555555111111
777777777711111111
666666666611111111
555555555511111111
666666666611111111
555555555555551111
666666666666111111
777777777777777777
777777777777777711
775757575757575757
777777777711111111
777777777711111111
777777777711111111
555555555511111111
666666666666111111
555555555555111111
777777777711111111
666666666611111111
555555555511111111
666666666611111111
555555555555551111
666666666666111111
777777777777777777
777777777777777711
775757575757575756
777777777711111111
777777777711111111
777777777711111111
555555555511111111
666666666666111111
555555555555111111
777777777711111111
666666666611111111
555555555511111111
666666666611111111
555555555555551111
666666666666111111
777777777777777777
777777777777777711
775757575757575656
777777777711111111
777777777711111111
777777777711111111
555555555511111111
666666666666111111
555555555555111111
777777777711111111
666666666611111111
555555555511111111
666666666611111111
555555555555551111
666666666666111111
777777777777777777
777777777777777711
775757575757565656
777777777711111111
777777777711111111
777777777711111111
555555555511111111
666666666666111111
555555555555111111
777777777711111111
666666666611111111
555555555511111111
666666666611111111
555555555555551111
666666666666111111
777777777777777777
777777777777777711
775757575756565656
777777777711111111
777777777711111111
777777777711111111
555555555511111111
666666666666111111
555555555555111111
777777777711111111
666666666611111111
555555555511111111
666666666611111111
555555555555551111
666666666666111111
777777777777777777
777777777777777711
775757575656565656
777777777711111111
777777777711111111
777777777711111111
555555555511111111
666666666666111111
555555555555111111
777777777711111111
666666666611111111
555555555511111111
666666666611111111
555555555555551111
666666666666111111
777777777777777777
777777777777777711
775757565656565656
777777777711111111
777777777711111111
777777777711111111
555555555511111111
666666666666111111
555555555555111111
777777777711111111
666666666611111111
555555555511111111
666666666611111111
555555555555551111
666666666666111111
777777777777777777
777777777777777711
775756565656565656
777777777711111111
777777777711111111
777777777711111111
555555555511111111
666666666666111111
555555555555111111
777777777711111111
666666666611111111
555555555511111111
666666666611111111
555555555555551111
666666666666111111
777777777777777777
777777777777777711
775656565656565656
777777777711111111
777777777711111111
777777777711111111
555555555511111111
666666666666111111
555555555555111111
777777777711111111
666666666611111111
555555555511111111
666666666611111111
555555555555551111
666666666666111111
777777777777777777
777777777777777711
765656565656565656
777777777711111111
777777777711111111
777777777711111111
555555555511111111
666666666666111111
555555555555111111
777777777711111111
666666666611111111
555555555511111111
666666666611111111
555555555555551111
666666666666111111
777777777777777777
777777777777777711
765656565656565646
777777777711111111
777777777711111111
777777777711111111
555555555511111111
666666666666111111
555555555555111111
777777777711111111
666666666611111111
555555555511111111
666666666611111111
555555555555551111
666666666666111111
777777777777777777
777777777777777711
765656565656564646
777777777711111111
777777777711111111
777777777711111111
555555555511111111
666666666666111111
555555555555111111
777777777711111111
666666666611111111
555555555511111111
666666666611111111
555555555555551111
666666666666111111
777777777777777777
777777777777777711
765656565656464646
777777777711111111
777777777711111111
777777777711111111
555555555511111111
666666666666111111
555555555555111111
777777777711111111
666666666611111111
555555555511111111
666666666611111111
555555555555551111
666666666666111111
777777777777777767
777777777777777711
765656565656564646
777777777711111111
777777777711111111
777777777711111111
555555555511111111
666666666666111111
555555555555111111
777777777711111111
666666666611111111
555555555511111111
666666666611111111
555555555555551111
666666666666111111
677777777777777767
777777777777777711
765656565656564646
777777777711111111
777777777711111111
777777777711111111
555555555511111111
666666666666111111
555555555555111111
777777777711111111
666666666611111111
555555555511111111
666666666611111111
555555555555551111
666666666666111111
777777777777776767
777777777777777711
765656565656564646
777777777711111111
777777777711111111
777777777711111111
555555555511111111
666666666666111111
555555555555111111
777777777711111111
666666666611111111
555555555511111111
666666666611111111
555555555555551111
666666666666111111
777777777777777757
777777777777777711
765656565656564646
777777777711111111
777777777711111111
777777777711111111
555555555511111111
666666666666111111
555555555555111111
777777777711111111
666666666611111111
555555555511111111
666666666611111111
555555555555551111
666666666666111111
777777777777777747
777777777777777711
765656565656564646
777777777711111111
777777777711111111
777777777711111111
555555555511111111
666666666666111111
555555555555111111
777777777711111111
666666666611111111
555555555511111111
666666666611111111
555555555555551111
666666666666111111
777777777777777746
777777777777777711
765656565656564646
777777777711111111
777777777711111111
777777777711111111
555555555511111111
666666666666111111
555555555555111111
777777777711111111
666666666611111111
555555555511111111
666666666611111111
555555555555551111
666666666666111111
777777777777777646
777777777777777711
765656565656564646
777777777711111111
777777777711111111
777777777711111111
555555555511111111
666666666666111111
555555555555111111
777777777711111111
666666666611111111
555555555511111111
666666666611111111
555555555555551111
666666666666111111
777777777777767646
777777777777777711
765656565656564646
777777777711111111
777777777711111111
777777777711111111
555555555511111111
666666666666111111
555555555555111111
777777777711111111
666666666611111111
555555555511111111
666666666611111111
555555555555551111
666666666666111111
777777777777777636
777777777777777711
765656565656564646
777777777711111111
777777777711111111
777777777711111111
555555555511111111
666666666666111111
555555555555111111
777777777711111111
666666666611111111
555555555511111111
666666666611111111
555555555555551111
666666666666111111
777777777777777626
777777777777777711
765656565656564646
777777777711111111
777777777711111111
777777777711111111
555555555511111111
666666666666111111
555555555555111111
777777777711111111
666666666611111111
555555555511111111
666666666611111111
555555555555551111
666666666666111111
777777777777777616
777777777777777711
765656565656564646
777777777711111111
777777777711111111
777777777711111111
555555555511111111
666666666666111111
555555555555111111
777777777711111111
666666666611111111
555555555511111111
666666666611111111
555555555555551111
666666666666111111
777777777777777616
777777777777777711
765656565656564646
777777777711111111
777777777711111111
777777777711111111
555555555511111111
666666666666111111
555555555555111111
777777777711111111
666666666611111111
555555555511111111
666666666611111111
555555555555551111
666666666666111111
777777777777777616
777777777777777711
665656565656564646
777777777711111111
777777777711111111
777777777711111111
555555555511111111
666666666666111111
555555555555111111
777777777711111111
666666666611111111
555555555511111111
666666666611111111
555555555555551111
666666666666111111
777777777777777616
777777777777777711
665656565656564646
777777777711111111
777777777711111111
777777777711111111
555555555511111111
666666666666111111
555555555555111111
777777777711111111
666666666611111111
555555555511111111
666666666611111111
555555555555551111
666666666666111111
777777777777777616
777777777777777711
665656565656564646
777777777711111111
777777777711111111
777777777711111111
555555555511111111
666666666666111111
555555555555111111
777777777711111111
666666666611111111
555555555511111111
666666666611111111
555555555555551111
666666666666111111
777777777777777616
777777777777777711
665656565656564646
777777777711111111
777777777711111111
777777777711111111
555555555511111111
666666666666111111
555555555555111111
777777777711111111
666666666611111111
555555555511111111
666666666611111111
555555555555551111
666666666666111111
777777777777777616
777777777777777711
665656565656564646
777777777711111111
777777777711111111
777777777711111111
555555555511111111
666666666666111111
555555555555111111
777777777711111111
666666666611111111
555555555511111111
666666666611111111
555555555555551111
666666666666111111
777777777777777616
777777777777777711
665656565656564646
777777777711111111
777777777711111111
777777777711111111
555555555511111111
666666666666111111
555555555555111111
777777777711111111
666666666611111111
555555555511111111
666666666611111111
555555555555551111
666666666666111111
777777777777777616
777777777777777711
665656565656564646
777777777711111111
777777777711111111
777777777711111111
555555555511111111
666666666666111111
555555555555111111
777777777711111111
666666666611111111
555555555511111111
666666666611111111
555555555555551111
666666666666111111
777777777777777616
777777777777777711
665656565656564646
777777777711111111
777777777711111111
777777777711111111
555555555511111111
666666666666111111
555555555555111111
777777777711111111
666666666611111111
555555555511111111
666666666611111111
555555555555551111
666666666666111111
777777777777777616
777777777777777711
665656565656564646
777777777711111111
777777777711111111
777777777711111111
555555555511111111
666666666666111111
555555555555111111
777777777711111111
666666666611111111
555555555511111111
666666666611111111
555555555555551111
666666666666111111
777777777777777616
777777777777777711
665656565656564646
777777777711111111
777777777711111111
777777777711111111
555555555511111111
666666666666111111
555555555555111111
777777777711111111
666666666611111111
555555555511111111
666666666611111111
555555555555551111
666666666666111111
777777777777777616
777777777777777711
665656565656564646
777777777711111111
777777777711111111
777777777711111111
555555555511111111
666666666666111111
555555555555111111
777777777711111111
666666666611111111
555555555511111111
666666666611111111
555555555555551111
666666666666111111
777777777777777616
777777777777777711
665656565656564646
777777777711111111
777777777711111111
777777777711111111
555555555511111111
666666666666111111
555555555555111111
777777777711111111
666666666611111111
555555555511111111
666666666611111111
555555555555551111
666666666666111111
777777777777777616
777777777777777711
665656565656564646
777777777711111111
777777777711111111
777777777711111111
555555555511111111
666666666666111111
555555555555111111
777777777711111111
666666666611111111
555555555511111111
666666666611111111
555555555555551111
666666666666111111
777777777777777616
777777777777777711
665656565656564646
