3202308277
10 12 100
666666666666666666666666
666666666666666666666666
666666666666666666666666
666666666666666666666666
666666666666666666666666
666666666666666666666666
666666666666666666666666
666666666666666666666666
666666666666666666666666
666666666666666666666666
555555555555555555555555
555555555555555555555555
555555555555555555555555
555555555555555555555555
555555555555555555555555
555555555555555555555555
555555555555555555555555
555555555555555555555555
555555555555555555555555
555555555555555555555555
555555555555555555555555
555555555555555555555555
555555555555555555555555
333333333333333333333333
555555555555555555555555
555555555555555555555555
555555555555555555555555
555555555555555555555555
555555555555555555555555
555555555555555555555555
555555555555555555555555
555555555555555555555555
555555555555555555555555
444444444444444444444444
555555555555555555555555
555555555555555555555555
555555555555555555555555
555555555555555555555555
555555555555555555555555
555555555555555555555555
555555555555555555555555
555555555555555555555555
555555555555555555555555
555555555555555555555555
555555555555555555555555
333333333333333333333333
555555555555555555555555
555555555555555555555555
555555555555555555555555
555555555555555555555555
555555555555555555555555
555555555555555555555555
555555555555555555555555
555555555555555555555555
555555555555555555555555
444444444444444444444444
555555555555555555555555
555555555555555555555555
555555555555555555555555
555555555555555555555555
555555555555555555555555
555555555555555555555555
555555555555555555555555
555555555555555555555555
555555555555555555555555
444444444444444444444444
555555555555555555555555
555555555555555555555555
555555555555555555555555
333333333333333333333333
555555555555555555555555
555555555555555555555555
555555555555555555555555
555555555555555555555555
555555555555555555555555
444444444444444444444444
555555555555555555555555
555555555555555555555555
555555555555555555555555
444444444444444444444444
555555555555555555555555
555555555555555555555555
555555555555555555555555
555555555555555555555555
555555555555555555555555
444444444444444444444444
555555555555555555555555
333333333333333333333333
555555555555555555555555
555555555555555555555555
555555555555555555555555
555555555555555555555555
555555555555555555555555
555555555555555555555555
555555555555555555555555
444444444444444444444444
555555555555555555555555
444444444444444444444444
555555555555555555555555
555555555555555555555555
555555555555555555555555
555555555555555555555555
333333333333333333333333
555555555555555555555555
555555555555555555555555
444444444444444444444444
555555555555555555555555
444444444444444444444444
555555555555555555555555
555555555555555555555555
555555555555555555555555
555555555555555555555555
444444444444444444444444
555555555555555555555555
555555555555555555555555
444444444444444444444444
555555555555555555555555
444444444444444444444444
555555555555555555555555
555555555555555555555555
555555555555555555555555
555555555555555555555555
555555555555555555555555
555555555555555555555555
333333333333333333333333
444444444444444444444444
555555555555555555555555
444444444444444444444444
555555555555555555555555
555555555555555555555555
555555555555555555555555
555555555555555555555555
555555555555555555555555
555555555555555555555555
444444444444444444444444
444444444444444444444444
555555555555555555555555
444444444444444444444444
555555555555555555555555
555555555555555555555555
333333333333333333333333
555555555555555555555555
555555555555555555555555
555555555555555555555555
555555555555555555555555
444444444444444444444444
555555555555555555555555
444444444444444444444444
555555555555555555555555
555555555555555555555555
444444444444444444444444
555555555555555555555555
555555555555555555555555
555555555555555555555555
555555555555555555555555
444444444444444444444444
555555555555555555555555
444444444444444444444444
555555555555555555555555
555555555555555555555555
444444444444444444444444
555555555555555555555555
555555555555555555555555
555555555555555555555555
555555555555555555555555
444444444444444444444444
555555555555555555555555
444444444444444444444444
333333333333333333333333
555555555555555555555555
444444444444444444444444
555555555555555555555555
555555555555555555555555
555555555555555555555555
555555555555555555555555
444444444444444444444444
555555555555555555555555
444444444444444444444444
444444444444444444444444
555555555555555555555555
444444444444444444444444
333333333333333333333333
555555555555555555555555
555555555555555555555555
555555555555555555555555
444444444444444444444444
555555555555555555555555
444444444444444444444444
555555555555555555555555
555555555555555555555555
444444444444444444444444
444444444444444444444444
555555555555555555555555
555555555555555555555555
555555555555555555555555
444444444444444444444444
555555555555555555555555
444444444444444444444444
555555555555555555555555
555555555555555555555555
444444444444444444444444
555555555555555555555555
555555555555555555555555
555555555555555555555555
555555555555555555555555
444444444444444444444444
333333333333333333333333
444444444444444444444444
555555555555555555555555
555555555555555555555555
444444444444444444444444
555555555555555555555555
555555555555555555555555
555555555555555555555555
555555555555555555555555
444444444444444444444444
444444444444444444444444
444444444444444444444444
555555555555555555555555
555555555555555555555555
444444444444444444444444
555555555555555555555555
555555555555555555555555
555555555555555555555555
555555555555555555555555
444444444444444444444444
555555555555555555555555
444444444444444444444444
555555555555555555555555
555555555555555555555555
444444444444444411111111
555555555555555511111111
555555555555555511111111
555555555555555555111111
555555555555555555111111
444444444444444444441111
555555555555555555551111
444444444444444444444411
555555555555555555555511
555555555555555555555511
444444444444444411111111
555555555555555511111111
555555555555555511111111
555555555555555545111111
555555555555555555111111
444444444444444444441111
555555555555555555551111
444444444444444444444411
555555555555555555555511
555555555555555555555511
444444444444444411111111
555555555555555511111111
555555555555555511111111
555555555555554545111111
555555555555555555111111
444444444444444444441111
555555555555555555551111
444444444444444444444411
555555555555555555555511
555555555555555555555511
444444444444444411111111
555555555555555511111111
555555555555555511111111
555555555555555535111111
555555555555555555111111
444444444444444444441111
555555555555555555551111
444444444444444444444411
555555555555555555555511
555555555555555555555511
444444444444444411111111
555555555555555511111111
555555555555555511111111
555555555555555545111111
555555555555555555111111
444444444444444444341111
555555555555555555551111
444444444444444444444411
555555555555555555555511
555555555555555555555511
444444444444444411111111
555555555555555511111111
555555555555555511111111
555555555555555545111111
555555555555555555111111
444444444444444434341111
555555555555555555551111
444444444444444444444411
555555555555555555555511
555555555555555555555511
444444444444444411111111
555555555555555511111111
555555555555555511111111
555555555555555545111111
555555555555555555111111
444444444444444444241111
555555555555555555551111
444444444444444444444411
555555555555555555555511
555555555555555555555511
444444444444444411111111
555555555555555511111111
555555555555555511111111
555555555555555545111111
555555555555555555111111
444444444444444444341111
555555555555555555551111
444444444444444444444411
555555555555555555555511
555555555555555555554511
444444444444444411111111
555555555555555511111111
555555555555555511111111
555555555555555545111111
555555555555555555111111
444444444444444444341111
555555555555555555551111
444444444444444444444411
555555555555555555555511
555555555555555555454511
444444444444444411111111
555555555555555511111111
555555555555555511111111
555555555555555545111111
555555555555555555111111
444444444444444444341111
555555555555555555551111
444444444444444444444411
555555555555555555555511
555555555555555545454511
444444444444444411111111
555555555555555511111111
555555555555555511111111
555555555555555545111111
555555555555555555111111
444444444444444444341111
555555555555555555551111
444444444444444444444411
555555555555555555555511
555555555555554545454511
444444444444444411111111
555555555555555511111111
555555555555555511111111
555555555555555545111111
555555555555555545111111
444444444444444444341111
555555555555555555551111
444444444444444444444411
555555555555555555555511
555555555555555545454511
444444444444444411111111
555555555555555511111111
555555555555555511111111
555555555555555545111111
455555555555555555111111
444444444444444444341111
555555555555555555551111
444444444444444444444411
555555555555555555555511
555555555555555545454511
444444444444444411111111
555555555555555511111111
555555555555554511111111
555555555555555545111111
555555555555555555111111
444444444444444444341111
555555555555555555551111
444444444444444444444411
555555555555555555555511
555555555555555545454511
444444444444444411111111
555555555555555511111111
555555555555454511111111
555555555555555545111111
555555555555555555111111
444444444444444444341111
555555555555555555551111
444444444444444444444411
555555555555555555555511
555555555555555545454511
444444444444444411111111
555555555555555511111111
555555555545454511111111
555555555555555545111111
555555555555555555111111
444444444444444444341111
555555555555555555551111
444444444444444444444411
555555555555555555555511
555555555555555545454511
444444444444444411111111
555555555555555511111111
555555554545454511111111
555555555555555545111111
555555555555555555111111
444444444444444444341111
555555555555555555551111
444444444444444444444411
555555555555555555555511
555555555555555545454511
444444444444444411111111
555555555555555511111111
555555454545454511111111
555555555555555545111111
555555555555555555111111
444444444444444444341111
555555555555555555551111
444444444444444444444411
555555555555555555555511
555555555555555545454511
444444444444444411111111
555555555555555511111111
555545454545454511111111
555555555555555545111111
555555555555555555111111
444444444444444444341111
555555555555555555551111
444444444444444444444411
555555555555555555555511
555555555555555545454511
444444444444444411111111
555555555555555511111111
555555454545454511111111
555555555555555545111111
555555555555555555111111
444444444444444444341111
555555555555555555551111
444444444444444444443411
555555555555555555555511
555555555555555545454511
444444444444444411111111
555555555555555511111111
555555454545454511111111
555555555555555545111111
555555555555555555111111
444444444444444444341111
555555555555555555551111
444444444444444444343411
555555555555555555555511
555555555555555545454511
444444444444444411111111
555555555555555511111111
555555454545454511111111
555555555555555545111111
555555555555555554111111
444444444444444444341111
555555555555555555551111
444444444444444444443411
555555555555555555555511
555555555555555545454511
444444444444444411111111
555555555555555511111111
555555454545454511111111
555555555555555545111111
555555555555555454111111
444444444444444444341111
555555555555555555551111
444444444444444444443411
555555555555555555555511
555555555555555545454511
444444444444444411111111
555555555555555511111111
555555454545454511111111
555555555555555545111111
555555555555545454111111
444444444444444444341111
555555555555555555551111
444444444444444444443411
555555555555555555555511
555555555555555545454511
444444444444444411111111
555555555555555511111111
555555454545454511111111
555555555555555545111111
555555555555555454111111
444444444444444444341111
555555555555555555551111
444444444444444444442411
555555555555555555555511
555555555555555545454511
444444444444443411111111
555555555555555511111111
555555454545454511111111
555555555555555545111111
555555555555555454111111
444444444444444444341111
555555555555555555551111
444444444444444444442411
555555555555555555555511
555555555555555545454511
344444444444444411111111
555555555555555511111111
555555454545454511111111
555555555555555545111111
555555555555555454111111
444444444444444444341111
555555555555555555551111
444444444444444444442411
555555555555555555555511
555555555555555545454511
444444444444444411111111
555555555555555511111111
555555454545454511111111
555555555555555545111111
555555555555555454111111
444444444444444444341111
555555555555555555551111
444444444444444444442411
555555555555555555554511
555555555555555545454511
444444444444444411111111
555555555555555511111111
555555454545454511111111
555555555555555545111111
555555555555555454111111
444444444444444444341111
555555555555555555551111
444444444444444444442411
555555555555555555454511
555555555555555545454511
444444444444444411111111
555555555555555511111111
555555454545454511111111
555555555555555545111111
555555555555555454111111
444444444444444444341111
555555555555555555551111
444444444444444444442411
555555555555555545454511
555555555555555545454511
444444444444444411111111
555555555555555511111111
555555454545454511111111
555555555555555545111111
555555555555555454111111
444444444444444444341111
555555555555555555551111
444444444444444444442411
555555555555554545454511
555555555555555545454511
444444444444444411111111
555555555555555511111111
555555454545454511111111
555555555555555545111111
555555555555555454111111
444444444444444444341111
555555555555555555551111
444444444444444444442411
555555555555454545454511
555555555555555545454511
444444444444444411111111
555555555555555511111111
555555454545454511111111
555555555555555545111111
555555555555555454111111
444444444444444444341111
555555555555555555551111
444444444444444444442411
555555555545454545454511
555555555555555545454511
444444444444444411111111
555555555555555511111111
555555454545454511111111
555555555555555545111111
555555555555555454111111
444444444444444444341111
555555555555555555551111
444444444444444444442411
555555554545454545454511
555555555555555545454511
444444444444444411111111
555555555555555511111111
555555454545454511111111
555555555555555545111111
555555555555555454111111
444444444444444444341111
555555555555555555551111
444444444444444444442411
555555454545454545454511
555555555555555545454511
444444444444444411111111
555555555555555511111111
555555454545454511111111
555555555555555545111111
555555555555555454111111
444444444444444444341111
555555555555555555551111
444444444444444444442411
555545454545454545454511
555555555555555545454511
444444444444444411111111
555555555555555511111111
555555454545454511111111
555555555555555545111111
555555555555555454111111
444444444444444444341111
555555555555555555551111
444444444444444444442411
554545454545454545454511
555555555555555545454511
444444444444444411111111
555555555555555511111111
555555454545454511111111
555555555555555545111111
555555555555555454111111
444444444444444444341111
555555555555555555551111
444444444444444444442411
454545454545454545454511
555555555555555545454511
444444444444444411111111
555555555555554511111111
555555454545454511111111
555555555555555545111111
555555555555555454111111
444444444444444444341111
555555555555555555551111
444444444444444444442411
554545454545454545454511
555555555555555545454511
444444444444444411111111
555555555555454511111111
555555454545454511111111
555555555555555545111111
555555555555555454111111
444444444444444444341111
555555555555555555551111
444444444444444444442411
554545454545454545454511
555555555555555545454511
444444444444444411111111
555555555545454511111111
555555454545454511111111
555555555555555545111111
555555555555555454111111
444444444444444444341111
555555555555555555551111
444444444444444444442411
554545454545454545454511
555555555555555545454511
444444444444444411111111
555555554545454511111111
555555454545454511111111
555555555555555545111111
555555555555555454111111
444444444444444444341111
555555555555555555551111
444444444444444444442411
554545454545454545454511
555555555555555545454511
444444444444444411111111
555555454545454511111111
555555454545454511111111
555555555555555545111111
555555555555555454111111
444444444444444444341111
555555555555555555551111
444444444444444444442411
554545454545454545454511
555555555555555545454511
444444444444444411111111
555545454545454511111111
555555454545454511111111
555555555555555545111111
555555555555555454111111
444444444444444444341111
555555555555555555551111
444444444444444444442411
554545454545454545454511
555555555555555545454511
444444444444444311111111
555555454545454511111111
555555454545454511111111
555555555555555545111111
555555555555555454111111
444444444444444444341111
555555555555555555551111
444444444444444444442411
554545454545454545454511
555555555555555545454511
444444444444434311111111
555555454545454511111111
555555454545454511111111
555555555555555545111111
555555555555555454111111
444444444444444444341111
555555555555555555551111
444444444444444444442411
554545454545454545454511
555555555555555545454511
444444444444444311111111
555555454545454511111111
555555454545454511111111
555555555555555545111111
555555555555555454111111
444444444444444444341111
555555555555555555551111
444444444444444444441411
554545454545454545454511
555555555555555545454511
444444444444444311111111
555555454545454511111111
555555454545454511111111
555555555555555545111111
555555555555555454111111
444444444444444444341111
455555555555555555551111
444444444444444444442411
554545454545454545454511
555555555555555545454511
444444444444444311111111
555555454545454511111111
555555454545454511111111
555555555555555545111111
555555555555555454111111
444444444444444444341111
555555555555555555451111
444444444444444444442411
554545454545454545454511
555555555555555545454511
444444444444444211111111
555555454545454511111111
555555454545454511111111
555555555555555545111111
555555555555555454111111
444444444444444444341111
555555555555555555551111
444444444444444444442411
554545454545454545454511
555555555555555545454511
444444444444444211111111
555555454545454511111111
555555454545454511111111
555555555555555545111111
555555555555555454111111
444444444444444444341111
545555555555555555551111
444444444444444444442411
554545454545454545454511
555555555555555545454511
444444444444444211111111
555555454545454511111111
555555454545454511111111
555555555555555545111111
555555555555555454111111
444444444444444444341111
555555555555555555541111
444444444444444444442411
554545454545454545454511
555555555555555545454511
444444444444444111111111
555555454545454511111111
555555454545454511111111
555555555555555545111111
555555555555555454111111
444444444444444444341111
555555555555555555551111
444444444444444444442411
554545454545454545454511
555555555555555545454511
434444444444444111111111
555555454545454511111111
555555454545454511111111
555555555555555545111111
555555555555555454111111
444444444444444444341111
555555555555555555551111
444444444444444444442411
554545454545454545454511
555555555555555545454511
444444444444444111111111
555555454545454511111111
555555454545454511111111
555555555555555545111111
555555555555555454111111
444444444444444444341111
555555555555555555551111
444444444444444444442411
554545454545454545454511
555555555555555545454511
444444444444444111111111
555555454545454511111111
555555454545454511111111
555555555555554545111111
555555555555555454111111
444444444444444444341111
555555555555555555551111
444444444444444444442411
554545454545454545454511
555555555555555545454511
444444444444444111111111
555555454545454511111111
555555454545454511111111
555555555555554545111111
555555555555555454111111
444444444444444444341111
555555555555555555551111
444444444444444444442411
554545454545454545454511
555555555555555545454511
444444444444444111111111
555555454545454511111111
555555454545454511111111
555555555555554545111111
555555555555555454111111
444444444444444444341111
555555555555555555551111
444444444444444444442411
554545454545454545454511
555555555555555545454511
444444444444444111111111
555555454545454511111111
555555454545454511111111
555555555555554545111111
555555555555555454111111
444444444444444444341111
555555555555555555551111
444444444444444444442411
554545454545454545454511
555555555555555545454511
444444444444444111111111
555555454545454511111111
555555454545454511111111
555555555555554545111111
555555555555555454111111
444444444444444444341111
555555555555555555551111
444444444444444444442411
554545454545454545454511
555555555555555545454511
444444444444444111111111
555555454545454511111111
555555454545454511111111
555555555555554545111111
555555555555555454111111
444444444444444444341111
555555555555555555551111
444444444444444444442411
554545454545454545454511
555555555555555545454511
444444444444444111111111
555555454545454511111111
555555454545454511111111
555555555555554545111111
555555555555555454111111
444444444444444444341111
555555555555555555551111
444444444444444444442411
554545454545454545454511
555555555555555545454511
444444444444444111111111
555555454545454511111111
555555454545454511111111
555555555555554545111111
555555555555555454111111
444444444444444444341111
555555555555555555551111
444444444444444444442411
554545454545454545454511
555555555555555545454511
444444444444444111111111
555555454545454511111111
555555454545454511111111
555555555555554545111111
555555555555555454111111
444444444444444444341111
555555555555555555551111
444444444444444444442411
554545454545454545454511
555555555555555545454511
444444444444444111111111
555555454545454511111111
555555454545454511111111
555555555555554545111111
555555555555555454111111
444444444444444444341111
555555555555555555551111
444444444444444444442411
554545454545454545454511
555555555555555545454511
444444444444444111111111
555555454545454511111111
555555454545454511111111
555555555555554545111111
555555555555555454111111
444444444444444444341111
555555555555555555551111
444444444444444444442411
554545454545454545454511
555555555555555545454511
444444444444444111111111
555555454545454511111111
555555454545454511111111
555555555555554545111111
555555555555555454111111
444444444444444444341111
555555555555555555551111
444444444444444444442411
554545454545454545454511
555555555555555545454511
444444444444444111111111
555555454545454511111111
555555454545454511111111
555555555555554545111111
555555555555555454111111
444444444444444444341111
555555555555555555551111
444444444444444444442411
554545454545454545454511
555555555555555545454511
444444444444444111111111
555555454545454511111111
555555454545454511111111
555555555555554545111111
555555555555555454111111
444444444444444444341111
555555555555555555551111
444444444444444444442411
554545454545454545454511
555555555555555545454511
444444444444444111111111
555555454545454511111111
555555454545454511111111
555555555555554545111111
555555555555555454111111
444444444444444444341111
555555555555555555551111
444444444444444444442411
554545454545454545454511
555555555555555545454511
444444444444444111111111
555555454545454511111111
555555454545454511111111
555555555555554545111111
555555555555555454111111
444444444444444444341111
555555555555555555551111
444444444444444444442411
554545454545454545454511
555555555555555545454511
444444444444444111111111
555555454545454511111111
555555454545454511111111
555555555555554545111111
555555555555555454111111
444444444444444444341111
555555555555555555551111
444444444444444444442411
554545454545454545454511
555555555555555545454511
444444444444444111111111
555555454545454511111111
555555454545454511111111
555555555555554545111111
555555555555555454111111
444444444444444444341111
555555555555555555551111
444444444444444444442411
554545454545454545454511
555555555555555545454511
444444444444444111111111
555555454545454511111111
555555454545454511111111
555555555555554545111111
555555555555555454111111
444444444444444444341111
555555555555555555551111
444444444444444444442411
554545454545454545454511
555555555555555545454511
444444444444444111111111
555555454545454511111111
555555454545454511111111
555555555555554545111111
555555555555555454111111
444444444444444444341111
555555555555555555551111
444444444444444444442411
554545454545454545454511
555555555555555545454511
444444444444444111111111
555555454545454511111111
555555454545454511111111
555555555555554545111111
555555555555555454111111
444444444444444444341111
555555555555555555551111
444444444444444444442411
554545454545454545454511
555555555555555545454511
444444444444444111111111
555555454545454511111111
555555454545454511111111
555555555555554545111111
555555555555555454111111
444444444444444444341111
555555555555555555551111
444444444444444444442411
554545454545454545454511
555555555555555545454511
