 
3644147704 
3435557649 
3843524752 
3150678636 
2956885753 
3403233288 
2879464236 
2825300421 
2741267178 
2757299095 
3227077812 
3050444456 
3212886320 
2941011465 
2852050882 
3035770078 
3462829180 
3724711225 
2728944388 
2667438965 
3096421110 
3180282579 
2783706838 
3358650048 
2319961586 
3185386605 
3420342367 
2748796778 
2941121239 
3330948706 
2821986269 
2815896485 
3246391129 
3510468295 
2785965249 
3245858462 
2430162544 
3487169041 
3509641423 
3030084238 
3021864285 
2990776467 
3170224871 
3093858925 
3762098518 
2648845795 
2848041172 
3265579204 
2972775928 
3202308277 
