8
2
50
30
0	2
3881	5822
3	7	
1	1
3881	5822
5	
2	1
3881	5822
4	
3	2
3881	5822
3	8	
4	2
3881	5822
0	5	
5	1
3881	5822
8	
6	1
3881	5822
6	
7	2
3881	5822
5	8	
8	1
3881	5822
0	
9	2
3881	5822
3	7	
10	1
3881	5822
5	
11	1
3881	5822
5	
12	1
3881	5822
7	
13	2
3881	5822
4	7	
14	2
3881	5822
5	8	
15	2
3881	5822
3	7	
16	2
3881	5822
0	4	
17	2
3881	5822
5	7	
18	2
3881	5822
6	9	
19	2
3881	5822
0	4	
20	2
3881	5822
5	7	
21	2
3881	5822
1	3	
22	2
3881	5822
3	9	
23	1
3881	5822
3	
24	2
3881	5822
4	9	
25	2
3881	5822
1	7	
26	1
3881	5822
2	
27	2
3881	5822
4	8	
28	2
3881	5822
2	4	
29	2
3881	5822
6	9	
10
0
0	1	2	1240	1270
1.1015	0.432868	0.726247
0.980213	0.125553	0.331121	0.107226	0.491477	0.328984	0.184198	0.648591	0.331041	
1
0	1	5	817	834
1.31685	0.60626	0.66556
0.280116	0.647237	0.740174	0.180734	0.680259	0.813815	0.14768	0.619572	0.221918	
2
0	1	2	1143	1210
1.47544	0.144588	0.634561
0.26026	0.842485	0.810883	0.90845	0.95565	0.685522	0.356514	0.665197	0.924153	
3
1	1	1	968	983
1.15687	0.690529	0.87476
0.476334	0.320732	0.476944	0.28178	0.902132	0.601662	0.340174	0.399811	0.78509	
4
1	1	1	830	855
1.36573	0.233469	0.733785
0.665919	0.112028	0.826224	0.121776	0.703648	0.59103	0.0520708	0.3164	0.122355	
5
1	1	3	998	1133
1.29988	0.492567	0.546838
0.844671	0.638533	0.956404	0.243558	0.432095	0.695319	0.672983	0.581816	0.371964	
6
1	1	4	890	939
1.23595	0.727821	0.871989
0.970018	0.493971	0.947847	0.966666	0.985913	0.414923	0.181141	0.715043	0.777333	
7
2	1	1	1723	1767
1.25507	0.49725	0.621035
0.0734213	0.257228	0.258304	0.732383	0.615808	0.495437	0.964915	0.854134	0.612787	
8
2	1	2	1085	1119
1.21251	0.203416	0.715493
0.824837	0.979755	0.34685	0.0419113	0.505104	0.397006	0.68114	0.0284176	0.710549	
9
2	1	2	979	1014
1.15707	0.262693	0.621701
0.981794	0.81168	0.124216	0.364338	0.7556	0.00651314	0.556769	0.423074	0.44652	
974
0	12	50839
4039	
1	16	52226
5426	4186	
2	1	36694
4294	
3	23	38141
5741	
4	1	40711
4017	
5	18	50694
5632	3894	
6	27	57892
5666	5564	
7	5	63474
5582	
8	22	55750
5356	5056	
9	9	56581
4191	5742	
10	24	63131
5239	4264	
11	8	56458
4232	
12	3	137305
4043	5431	
13	3	142841
4236	5536	
14	23	63456
3889	
15	13	135582
4051	3891	
16	20	139973
5179	4391	
17	22	136060
4067	4204	
18	5	147698
4857	
19	8	61435
4977	
20	14	220708
5162	4610	
21	7	224712
5551	4004	
22	13	144847
4665	4874	
23	19	134541
4705	4493	
24	9	149212
5628	4365	
25	8	138909
4369	
26	10	65364
5161	
27	7	230097
5793	5385	
28	3	235487
4199	5390	
29	25	222764
4483	5152	
30	17	226876
4516	4112	
31	2	139531
4990	
32	26	656445
4845	
33	27	308619
4141	4732	
34	22	139943
4206	3883	
35	26	660644
4199	
36	1	80779
5106	
37	23	119244
5288	
38	8	144230
5321	
39	10	86342
5563	
40	15	232593
5369	5717	
41	19	148808
4578	4239	
42	16	221807
4514	4694	
43	24	227134
4327	5327	
44	24	231485
5193	4351	
45	8	227166
5444	
46	15	306125
4470	5132	
47	19	235952
4328	4625	
48	18	237037
5305	5552	
49	18	310934
4685	5497	
50	12	311431
5306	
51	9	316721
3970	5290	
52	3	314039
5662	5420	
53	8	235849
4355	
54	7	318934
4199	4895	
55	0	322305
4695	5584	
56	11	128555
5614	
57	14	392688
4578	5354	
58	25	395201
4846	4496	
59	29	315372
4630	4438	
60	1	140723
3990	
61	6	60424
4172	
62	26	665267
4623	
63	9	399762
5355	4561	
64	21	156301
5039	3936	
65	19	309766
5516	5172	
66	2	314525
4759	
67	5	397983
5295	
68	19	319573
4211	5048	
69	9	403889
5020	4127	
70	16	324244
5659	4671	
71	2	329649
5405	
72	24	397916
5548	5516	
73	25	407865
4263	3976	
74	6	65702
5278	
75	10	146452
5729	
76	15	481043
4743	4778	
77	18	402844
4337	4928	
78	4	323876
4059	4241	
79	24	408523
4962	5679	
80	25	485052
4113	4009	
81	18	481080
5070	4157	
82	26	738891
5224	
83	18	485946
5514	4866	
84	23	170457
4393	
85	26	743975
5084	
86	7	402581
4020	4598	
87	26	749429
5454	
88	6	84972
4349	
89	10	332103
4207	
90	28	754742
4385	5313	
91	23	206864
4007	
92	12	489576
4524	
93	8	396823
4729	
94	13	828389
4329	5247	
95	9	833739
4590	5350	
96	25	838784
5359	5045	
97	8	401516
4693	
98	16	763982
4334	4911	
99	1	336911
4808	
100	7	407203
5196	4622	
101	12	911423
4239	
102	1	379618
5111	
103	8	480057
5807	
104	28	827036
4666	4959	
105	20	915825
4667	4402	
106	24	832713
5431	5677	
107	25	919885
5729	4060	
108	25	923817
5005	3932	
109	0	928206
5732	4389	
110	26	830900
4020	
111	26	836212
5312	
112	1	393202
5317	
113	10	398833
5631	
114	20	1000771
4434	4165	
115	17	1004950
5766	4179	
116	12	1010543
5593	
117	22	837801
4109	5088	
118	27	838272
5805	4374	
119	8	485483
5426	
120	2	843968
5696	
121	4	491177
4515	5694	
122	5	842270
3998	
123	11	496422
5245	
124	11	501623
5201	
125	28	848568
3889	4600	
126	22	911166
4685	4965	
127	11	505725
4102	
128	23	233590
4010	
129	29	916479
4598	5313	
130	28	913711
5209	4904	
131	6	127041
5071	
132	20	1084722
4949	5779	
133	28	918266
3957	4555	
134	11	515127
4453	
135	1	553092
5565	
136	7	915528
4552	4858	
137	29	920672
5341	4193	
138	15	1090287
5694	5565	
139	28	923165
4771	4899	
140	19	927061
4811	3896	
141	15	1095364
4566	5077	
142	3	920851
5293	5323	
143	28	931590
5772	4529	
144	6	140644
4662	
145	12	1099875
4511	
146	16	935730
4868	4140	
147	9	1172993
5777	4718	
148	28	1001277
4666	4638	
149	29	925632
5033	4960	
150	10	565266
4022	
151	14	925990
5066	5139	
152	26	1005498
4222	
153	20	1177132
4271	4139	
154	16	1005674
5460	4397	
155	19	1010543
5468	4869	
156	11	578732
4129	
157	13	1181189
5800	4057	
158	26	1010879
5381	
159	26	1084916
5637	
160	25	1186985
4247	5796	
161	22	999614
4932	5582	
162	3	1000041
4882	5651	
163	16	1021973
4974	5630	
164	21	301747
4014	4613	
165	17	1259919
4247	4534	
166	16	1026439
5072	4466	
167	6	150779
5102	
168	3	1003968
4772	3927	
169	17	1265236
5128	5317	
170	11	592797
4690	
171	6	156234
5455	
172	8	662076
4625	
173	6	160910
4676	
174	16	1030732
4821	4293	
175	22	1004869
5354	5255	
176	17	1270840
4012	5604	
177	11	601984
5175	
178	25	1344028
5014	4788	
179	8	740648
5351	
180	9	1348803
5152	4775	
181	29	1010314
5691	5445	
182	20	1354309
4220	5506	
183	23	324808
4183	
184	23	330496
5688	
185	14	1008783
4088	4815	
186	19	1036545
5534	5813	
187	9	1358597
3974	4288	
188	3	1013065
4318	4282	
189	21	343864
4817	5076	
190	4	751580
5232	5398	
191	19	1074272
5290	5327	
192	23	381259
4995	
193	5	1086790
5325	
194	5	1090889
4099	
195	14	1096281
4642	5392	
196	23	387035
5776	
197	22	1083880
5810	5166	
198	15	1431379
5602	4382	
199	12	1436160
4781	
200	21	406244
4762	4197	
201	22	1087886
5210	4006	
202	2	1079046
4774	
203	21	415646
4435	4192	
204	24	1091954
5672	4068	
205	7	1100483
4351	4202	
206	5	1173160
4277	
207	8	829384
4280	
208	4	835014
4791	5630	
209	13	1440629
4974	4469	
210	12	1445897
5268	
211	10	839644
4630	
212	8	838918
4743	
213	0	1518387
3925	4090	
214	1	845159
5515	
215	1	850825
5666	
216	22	1096801
4663	4847	
217	19	1097844
3941	4552	
218	27	1177253
4209	4093	
219	2	1107839
5786	
220	3	1182232
4194	4979	
221	24	1174157
5491	4157	
222	2	1117625
4295	
223	16	1122305
5468	4680	
224	7	1187447
4540	5215	
225	13	1522581
4767	4194	
226	29	1179123
4274	4966	
227	13	1527310
5187	4729	
228	10	899146
4181	
229	2	1173579
5320	
230	4	921284
4184	4557	
231	15	1531280
4360	3970	
232	20	1603948
4265	4268	
233	22	1183079
4164	3956	
234	13	1609049
4469	5101	
235	18	1187887
5784	4808	
236	19	1182840
4305	4792	
237	10	931332
5783	
238	18	1261437
4384	5150	
239	21	473519
4805	4167	
240	0	1613325
5307	4276	
241	16	1188401
4039	5561	
242	18	1266222
3916	4785	
243	22	1270262
5098	4040	
244	17	1618497
3924	5172	
245	25	1691518
3927	4621	
246	6	226507
5548	
247	21	491772
4534	4248	
248	9	1695740
4262	4222	
249	11	940667
5411	
250	11	985165
4898	
251	15	1700585
5132	4845	
252	16	1193212
4191	4811	
253	6	230826
4319	
254	25	1705867
5269	5282	
255	7	1261451
4361	5604	
256	29	1343165
4897	4503	
257	12	1779061
4794	
258	12	1784237
5176	
259	27	1265570
4892	4119	
260	15	1789383
5508	5146	
261	22	1347952
5795	4787	
262	24	1353149
5167	5197	
263	7	1271264
4936	5694	
264	3	1345146
4751	5482	
265	19	1207737
4543	4466	
266	16	1244461
4997	4324	
267	3	1349327
4611	4181	
268	22	1357818
4010	4669	
269	5	1354102
4775	
270	22	1431033
4884	4815	
271	18	1435735
4957	4702	
272	25	1862880
5677	5097	
273	5	1359381
5279	
274	22	1440858
4178	5123	
275	22	1445538
4384	4680	
276	5	1432207
4426	
277	10	1003417
5355	
278	15	1868096
5383	5216	
279	1	1008147
4730	
280	1	1012058
3911	
281	1	1016933
4875	
282	21	585220
4305	4550	
283	28	1248666
4599	4205	
284	8	1083939
4153	
285	13	1873834
5216	5738	
286	3	1436899
4312	4692	
287	10	1022100
5167	
288	19	1261753
4961	4271	
289	29	1519349
5299	5411	
290	20	1878817
4839	4983	
291	3	1442052
5597	5153	
292	28	1267481
4674	5728	
293	16	1272292
4033	4811	
294	18	1524722
5678	5373	
295	23	599598
4469	
296	6	255927
4270	
297	17	1952673
4149	5456	
298	15	1957379
3893	4706	
299	20	1961395
4420	4016	
300	8	1098093
5160	
301	9	2034243
4596	4448	
302	25	2038411
4283	4168	
303	15	2044231
5514	5820	
304	24	1528838
5092	4116	
305	19	1282939
4544	5555	
306	10	1084031
5323	
307	5	1515897
5445	
308	9	2049853
5746	5622	
309	12	2123912
5659	
310	0	2128750
4080	4838	
311	26	1098705
4516	
312	23	663626
4199	
313	17	2134303
4254	5553	
314	19	1286931
4994	3992	
315	27	1521051
5539	5154	
316	19	1330422
5292	5552	
317	24	1602784
5314	5546	
318	20	2208483
4945	5780	
319	24	1607684
4622	4900	
320	26	1172367
5262	
321	27	1525361
4223	4310	
322	6	293749
5422	
323	22	1611574
4407	3890	
324	20	2213003
4563	4520	
325	8	1186776
5453	
326	11	1103372
5579	
327	10	1108830
5458	
328	28	1353767
4196	5586	
329	24	1617346
4466	5772	
330	5	1530515
5154	
331	27	1603791
4982	4876	
332	1	1113737
4907	
333	1	1159008
5671	
334	2	1367694
4479	
335	20	2218488
4967	5485	
336	16	1371857
4622	4163	
337	3	1609002
5262	5211	
338	6	299388
5639	
339	19	1376803
4817	4946	
340	0	2223768
4793	5280	
341	4	1270113
4490	5498	
342	14	1614708
4871	5706	
343	2	1381806
5003	
344	28	1418110
4001	3904	
345	23	683900
5812	
346	26	1185873
5309	
347	7	1618972
4363	4264	
348	29	1691075
5813	5329	
349	8	1342847
5342	
350	24	1694989
4523	3914	
351	25	2297750
5203	5582	
352	8	1348111
5264	
353	28	1431489
4886	5256	
354	23	688847
4947	
355	19	1436127
5596	4638	
356	27	1692751
5387	5379	
357	9	2302684
4529	4934	
358	4	1358602
4895	4589	
359	21	730699
4785	4923	
360	9	2306623
3976	3939	
361	0	2380104
4288	5081	
362	24	1699445
3997	4456	
363	1	1363586
4984	
364	0	2384025
5356	3921	
365	11	1368921
5335	
366	10	1374425
5504	
367	0	2388524
5700	4499	
368	9	2394219
5468	5695	
369	23	764012
4925	
370	16	1449475
5187	3964	
371	17	2452417
4660	4198	
372	8	1437587
5398	
373	15	2457543
4773	5126	
374	12	2461828
4285	
375	28	1453493
5712	4018	
376	10	1416278
4793	
377	25	2471118
4126	5690	
378	2	1458918
5425	
379	14	1697573
4533	4822	
380	7	1702389
4822	4816	
381	10	1433310
4077	
382	16	1464654
4676	5736	
383	23	774316
5531	
384	6	314265
5464	
385	4	1515910
5246	4504	
386	11	1520849
4939	
387	15	2476688
5532	5570	
388	16	1521605
5696	4474	
389	17	2480746
4769	4058	
390	7	1776002
4769	5213	
391	10	1535472
5085	
392	29	1703380
5127	3935	
393	18	1776625
4601	4845	
394	24	1780890
5261	4265	
395	5	1780712
4710	
396	26	1269744
4873	
397	14	1785480
5424	4768	
398	22	1785891
4345	5001	
399	14	1789616
4509	4136	
400	27	1862949
5122	4933	
401	6	328773
4780	
402	13	2485934
4542	5188	
403	19	1541586
4737	5056	
404	16	1547304
4208	5718	
405	21	825089
3905	4896	
406	0	2490780
3906	4846	
407	5	1868032
5083	
408	5	1873222
5190	
409	3	1877785
5655	4563	
410	3	1951044
5685	4859	
411	28	1551506
5473	4202	
412	21	844291
5735	3956	
413	1	1550847
5442	
414	6	334483
5710	
415	13	2494758
4669	3978	
416	17	2498729
4053	3971	
417	4	1603854
4886	4932	
418	24	1790587
5674	4696	
419	14	1955197
4214	4153	
420	19	1608544
4701	4708	
421	22	1864214
5449	5227	
422	29	1868893
4270	4679	
423	4	1613203
4490	4666	
424	18	1874336
4737	5443	
425	16	1618444
5417	4216	
426	28	1622526
5428	4082	
427	22	1878613
5754	4277	
428	8	1691080
4236	
429	8	1695286
4206	
430	24	1952267
4419	5254	
431	14	1960123
5239	4926	
432	14	2034297
3930	5774	
433	3	2038615
5761	4318	
434	13	2504457
4267	5728	
435	4	1700933
5537	5647	
436	27	2043384
4354	4769	
437	28	1640395
4960	4829	
438	2	1678001
5206	
439	9	2542087
4861	5230	
440	7	2047299
3955	3915	
441	5	2120528
4829	
442	25	2547069
5740	4982	
443	20	2554632
4359	3963	
444	3	2125148
5517	4620	
445	17	2560096
4625	5464	
446	9	2565416
4499	5320	
447	25	2569592
3896	4176	
448	8	1705916
5093	
449	16	1778639
4322	3975	
450	13	2574496
4709	4904	
451	9	2580146
4070	5650	
452	16	1788149
4275	4801	
453	16	1793940
5610	5791	
454	26	1358093
4088	
455	4	1861326
4402	4382	
456	2	1798857
4917	
457	8	1866051
4726	
458	29	1957050
5577	4783	
459	0	2585793
5565	5647	
460	5	2130593
5445	
461	20	2590375
4184	4582	
462	13	2626777
4548	4002	
463	6	386335
4868	
464	25	2630744
4211	3967	
465	5	2135575
4982	
466	29	1962500
3998	5450	
467	18	2035082
5508	4182	
468	7	2209317
4694	5342	
469	16	1871046
4386	4995	
470	5	2214404
5087	
471	10	1875710
5506	
472	9	2638802
4252	4458	
473	1	1880341
4631	
474	26	1432158
5665	
475	24	2039966
5632	4884	
476	5	2218694
4290	
477	3	2223910
5271	5216	
478	7	2297093
5476	4783	
479	22	2045055
4841	5089	
480	19	1881767
5715	5089	
481	3	2301961
5394	4868	
482	5	2306724
4763	
483	14	2380428
4412	5304	
484	7	2385136
5144	4708	
485	12	2643311
4509	
486	21	945934
4694	4409	
487	15	2647699
5383	4388	
488	9	2653344
5333	5645	
489	23	998328
5678	
490	10	1900467
5094	
491	18	2050150
4242	5095	
492	26	1436777
4619	
493	11	1937600
4733	
494	20	2659094
4685	5750	
495	4	1951417
3961	5532	
496	27	2390530
5252	5394	
497	2	1891713
4694	
498	15	2662996
4296	3902	
499	16	1952967
4203	4454	
500	19	1957736
4128	4769	
501	9	2667420
4038	4424	
502	20	2673170
5355	5750	
503	20	2677898
5282	4728	
504	20	2714407
5229	4109	
505	19	1962301
5386	4565	
506	16	2036443
5812	5742	
507	29	2123196
5274	4646	
508	20	2718390
4883	3983	
509	27	2394825
5666	4295	
510	10	1976280
4114	
511	5	2467887
4662	
512	15	2727456
4608	5466	
513	25	2731543
4079	4087	
514	24	2128066
5220	4870	
515	17	2735909
5065	4366	
516	12	2740678
4769	
517	18	2133307
4930	5241	
518	1	1985644
4299	
519	4	2042066
5429	5624	
520	4	2047090
4173	5024	
521	15	2745144
5764	4466	
522	27	2473384
5295	5497	
523	5	2477738
4354	
524	4	2051912
5506	4822	
525	29	2138053
4553	4746	
526	15	2749955
5006	4811	
527	25	2754156
4864	4201	
528	10	2056282
4370	
529	29	2211402
5431	4949	
530	19	2125421
5470	5317	
531	6	428453
4582	
532	8	2130419
4999	
533	5	2481992
4254	
534	12	2758168
4012	
535	28	2130640
5650	5219	
536	24	2215667
5062	4265	
537	28	2139642
4626	3940	
538	18	2220336
4171	4669	
539	16	2144074
5652	4432	
540	22	2294175
4399	5439	
541	11	2061533
5251	
542	26	1519777
4324	
543	29	2298131
4461	3956	
544	22	2302376
5798	4245	
545	28	2149088
4716	5014	
546	26	1530149
5656	
547	21	1036272
4135	4035	
548	6	474340
4855	
549	7	2555890
5486	5498	
550	12	2762892
4724	
551	9	2799971
5176	4679	
552	1	2072058
5039	
553	26	1603326
4777	
554	11	2110052
5594	
555	14	2560775
4904	4885	
556	18	2307014
5788	4638	
557	8	2209767
5296	
558	6	489348
5620	
559	2	2154560
5472	
560	8	2214260
4493	
561	22	2380834
4177	5420	
562	9	2804468
5576	4497	
563	1	2124193
5637	
564	17	2813067
4028	4999	
565	2	2159772
5212	
566	18	2385549
5479	4715	
567	17	2818442
4057	5375	
568	21	1091395
5785	4194	
569	4	2219583
4219	5323	
570	18	2390779
4483	5230	
571	10	2224870
5287	
572	3	2565349
4087	4574	
573	10	2229640
4770	
574	5	2639228
5479	
575	27	2644790
4487	5562	
576	13	2824174
5413	5732	
577	9	2828633
4808	4459	
578	4	2235135
4890	5495	
579	19	2297321
5285	5651	
580	8	2302168
5114	
581	19	2307958
5790	4109	
582	11	2240947
5812	
583	25	2833115
3955	4482	
584	27	2649906
4719	5116	
585	6	503574
4264	
586	8	2380712
4354	
587	24	2395012
5194	4233	
588	1	2245769
4822	
589	23	1104853
4563	
590	2	2323369
5498	
591	15	2837266
5032	4151	
592	21	1114814
5171	4929	
593	22	2467293
5366	3881	
594	15	2841615
3989	4349	
595	27	2654124
4965	4218	
596	14	2727424
5812	4900	
597	15	2846978
4773	5363	
598	25	2884927
5059	5549	
599	21	1170017
5680	5075	
600	0	2890735
5722	5808	
601	17	2899899
5424	5564	
602	28	2365510
4093	4776	
603	2	2370061
4551	
604	15	2905157
5109	5258	
605	28	2375787
4130	5726	
606	29	2471777
5156	4484	
607	16	2386415
5703	4698	
608	3	2731877
5731	4453	
609	3	2736346
5238	4469	
610	18	2476063
5377	4286	
611	0	2910234
5718	5077	
612	24	2481682
5411	5619	
613	0	2914237
5710	4003	
614	1	2298036
5031	
615	12	2919884
5647	
616	25	2924421
5151	4537	
617	3	2741239
5270	4893	
618	19	2397081
4874	5255	
619	18	2555857
4732	5775	
620	27	2814085
5170	4446	
621	19	2406249
5256	3998	
622	18	2561065
5243	5208	
623	16	2470187
5104	5277	
624	22	2566851
4014	5786	
625	18	2640596
5135	5345	
626	14	2819673
5127	5588	
627	9	2929644
5669	5223	
628	5	2823564
3891	
629	25	2934819
3909	5175	
630	4	2475278
4436	5229	
631	13	2971932
5410	4713	
632	1	2479701
4423	
633	28	2481135
5670	5538	
634	17	2977393
4779	5461	
635	8	2479087
4602	
636	27	2829131
4569	5567	
637	21	1258420
5371	4222	
638	26	1689535
3916	
639	23	1262372
3952	
640	3	2901929
4779	4398	
641	9	2985568
4337	4575	
642	24	2645722
4897	5126	
643	25	2990843
4093	5275	
644	4	2488787
4138	4307	
645	4	2557163
5094	5617	
646	22	2649642
5680	3920	
647	8	2561485
4766	
648	28	2496045
5109	5444	
649	6	569218
4001	
650	21	1282275
4484	5107	
651	13	2996075
3966	5232	
652	24	2654049
4081	4407	
653	2	2541725
5233	
654	7	2907155
4045	5226	
655	29	2727254
4132	4805	
656	13	3000897
4984	4822	
657	6	578969
5619	
658	3	2912932
4527	5777	
659	22	2731258
4411	4004	
660	3	2985521
5657	4189	
661	23	1334885
5615	
662	18	2735969
4675	4711	
663	24	2740605
4117	4636	
664	20	3005278
5357	4381	
665	28	2559318
4996	4892	
666	17	3010913
4562	5635	
667	9	3016390
5773	5477	
668	22	2814093
5195	5088	
669	26	1703919
4279	
670	29	2819189
5511	5096	
671	15	3021512
4105	5122	
672	20	3073301
5514	4989	
673	18	2824881
5166	5692	
674	9	3078528
4325	5227	
675	6	598753
4432	
676	17	3083495
5742	4967	
677	19	2566511
4520	5026	
678	24	2898812
5727	5531	
679	18	2904547
4307	5735	
680	20	3087927
4413	4432	
681	27	2989769
5576	4248	
682	14	2993904
4003	4135	
683	19	2581979
4348	4165	
684	5	2997789
3885	
685	14	3001823
4240	4034	
686	7	3075554
4741	5331	
687	9	3161748
5820	5421	
688	1	2641068
5288	
689	15	3165828
5542	4080	
690	4	2646561
5424	5493	
691	8	2649496
5319	
692	25	3169870
5302	4042	
693	24	2908983
5574	4436	
694	7	3081186
4072	5632	
695	26	1777382
5063	
696	26	1783105
5723	
697	17	3173755
4001	3885	
698	22	2914554
4312	5571	
699	18	2987730
4993	4776	
700	24	2992193
4052	4463	
701	12	3247566
5411	
702	8	2654497
5001	
703	19	2727994
5096	4011	
704	21	1378602
5081	5045	
705	5	3085530
4344	
706	1	2660035
5401	
707	17	3251939
4350	4373	
708	18	2997005
5805	4812	
709	25	3256521
5631	4582	
710	29	3001008
5092	4003	
711	25	3261440
4778	4919	
712	22	3075150
4007	5742	
713	15	3335312
4772	5472	
714	1	2670152
5767	
715	3	3158908
3957	4978	
716	23	1433134
5796	
717	15	3340601
4311	5289	
718	1	2674251
4099	
719	18	3080610
4766	5460	
720	15	3345630
4045	5029	
721	7	3164108
5734	5200	
722	0	3418477
5381	4447	
723	0	3423926
5796	5449	
724	22	3085431
4587	4821	
725	12	3429005
5079	
726	22	3158545
4448	4714	
727	14	3169298
4594	5190	
728	6	665097
5381	
729	4	2732805
4152	4812	
730	13	3433030
4350	4025	
731	13	3506149
5435	4719	
732	29	3164197
3925	5652	
733	27	3173557
4170	4259	
734	1	2737990
5185	
735	5	3246085
4128	
736	15	3510605
5222	4456	
737	15	3516288
4604	5683	
738	29	3168509
3886	4312	
739	1	2743581
5591	
740	16	2745854
5253	3905	
741	1	2748896
5315	
742	16	2751582
5627	5728	
743	22	3173711
5421	5202	
744	28	2756535
4767	4953	
745	26	1792737
4865	
746	10	2754239
5343	
747	1	2759469
5230	
748	27	3251230
5781	5145	
749	25	3589435
5500	4747	
750	16	2816706
4967	5292	
751	15	3593838
5692	4403	
752	1	2797568
5699	
753	24	3246697
4468	4586	
754	26	1865279
4142	
755	21	1523780
5125	5139	
756	10	2802870
5302	
757	4	2820833
4441	4241	
758	22	3251642
3981	4945	
759	6	676810
3902	
760	12	3598702
4864	
761	6	680828
4018	
762	11	2825613
4780	
763	0	3604203
3904	5501	
764	18	3255538
4403	3896	
765	13	3676972
5812	4369	
766	13	3681141
5133	4169	
767	7	3255975
4285	4745	
768	14	3259938
5527	3963	
769	16	2836198
5021	4079	
770	25	3686049
5537	4908	
771	3	3333730
4259	5392	
772	18	3260898
5124	5360	
773	28	2840103
5756	3905	
774	4	2899316
5061	3895	
775	24	3333447
4791	4149	
776	1	2904401
5085	
777	10	2909297
4896	
778	22	3338495
4422	5048	
779	5	3338338
4608	
780	18	3344127
5610	5632	
781	10	2914500
5203	
782	16	2904604
4939	5289	
783	5	3342664
4326	
784	0	3691187
5358	5138	
785	0	3764093
4227	4506	
786	2	2909179
4575	
787	3	3346781
3941	4117	
788	23	1590956
4684	
789	3	3420612
5161	5431	
790	14	3424843
4761	4231	
791	24	3418143
5716	5616	
792	7	3429159
5135	4316	
793	4	2929931
5776	5535	
794	5	3502948
5389	
795	29	3423942
5455	5799	
796	18	3427973
4756	4031	
797	3	3507460
5068	4512	
798	16	2918776
5485	3881	
799	10	2934628
4697	
800	29	3432567
4693	4594	
801	1	2972317
5289	
802	21	1608933
5626	4148	
803	14	3512258
5581	4798	
804	20	3769089
5693	4996	
805	4	2992442
4983	5251	
806	1	2997331
4889	
807	25	3773541
4714	4452	
808	4	3001566
4661	4235	
809	24	3505320
4633	4353	
810	20	3777644
5366	4103	
811	0	3850725
4045	4681	
812	18	3511041
5002	5721	
813	23	1618753
5775	
814	25	3855074
5089	4349	
815	14	3517663
4457	5405	
816	21	1624077
5473	5324	
817	22	3516050
4284	5009	
818	21	1633909
5146	5548	
819	17	3860533
3938	5459	
820	12	3865319
4786	
821	27	3590702
5651	4639	
822	11	3020160
4833	
823	3	3596437
4182	5735	
824	16	2998881
5322	4735	
825	7	3601371
5061	4934	
826	27	3605408
4396	4037	
827	15	3937975
5504	4256	
828	4	3062120
4040	4499	
829	14	3678559
5546	4751	
830	7	3683986
4760	5427	
831	18	3520368
4939	4318	
832	5	3688000
4014	
833	23	1680392
4397	
834	15	3943432
5761	5457	
835	29	3594523
5524	5755	
836	24	3598444
4233	3921	
837	19	3062457
4460	5536	
838	29	3604074
4621	5630	
839	19	3071670
5666	5613	
840	15	3947730
4415	4298	
841	3	3691887
4417	3887	
842	4	3080936
5270	4910	
843	19	3080897
4940	4980	
844	20	3951635
4509	3905	
845	13	4024115
5343	4080	
846	7	3764939
5020	4652	
847	16	3091554
4740	5314	
848	13	4028877
4822	4762	
849	13	4034008
4401	5131	
850	25	4038637
4572	4629	
851	2	3106232
5455	
852	8	3091162
5565	
853	10	3095012
4547	
854	22	3677344
5556	4870	
855	18	3683108
5286	5764	
856	8	3142975
5013	
857	18	3688325
5707	5217	
858	2	3144407
5775	
859	26	1876542
5507	
860	2	3148846
4439	
861	18	3693051
5007	4726	
862	10	3099244
4232	
863	6	819613
4258	
864	3	3769373
4034	4434	
865	11	3104812
5568	
866	28	3153375
5617	4529	
867	13	4112052
3944	5015	
868	26	1954901
4342	
869	1	3109098
4286	
870	6	827178
3965	
871	29	3766596
4661	5145	
872	4	3148519
5544	5390	
873	12	4117570
5518	
874	16	3166288
4025	5369	
875	5	3774973
5600	
876	17	4122399
5633	4829	
877	19	3170607
5494	4319	
878	10	3162765
5013	
879	15	4196294
3933	5495	
880	3	3848458
5447	5085	
881	18	3772030
3970	5434	
882	20	4200194
5460	3900	
883	20	4204757
4898	4563	
884	0	4210248
4162	5491	
885	23	1726669
4952	
886	1	3177664
4541	
887	8	3165904
4266	
888	13	4284062
4048	5414	
889	9	4289766
4646	5704	
890	29	3777055
3974	5025	
891	14	3853608
4774	5150	
892	5	3858073
4465	
893	29	3849865
5110	4410	
894	29	3854248
5165	4383	
895	28	3179277
4239	4622	
896	9	4294349
4608	4583	
897	16	3183324
4260	4047	
898	21	1777448
4218	5525	
899	12	4367848
5099	
900	7	3862256
5071	4183	
901	24	3858687
4787	4439	
902	28	3192634
5697	4523	
903	0	4372128
4023	4280	
904	5	3866265
4009	
905	28	3229472
5722	4438	
906	10	3192970
5461	
907	23	1785897
4426	
908	20	4377491
5710	5363	
909	3	3939376
4939	4711	
910	23	1795369
4533	
911	3	3943740
4983	4364	
912	1	3235934
4854	
913	28	3234145
4224	4673	
914	4	3245322
5611	5788	
915	24	3864204
4415	5517	
916	5	3947864
4124	
917	20	4382128
4326	4637	
918	19	3247647
5451	5487	
919	6	854914
4856	
920	12	4456074
5546	
921	4	3255163
4578	5515	
922	26	2048748
5565	
923	6	860346
5432	
924	6	897250
4504	
925	0	4460378
5340	4304	
926	21	1811043
5583	5351	
927	27	4021393
5453	5129	
928	4	3259170
5744	4007	
929	26	2122664
5516	
930	10	3263825
4655	
931	29	3937494
4545	4890	
932	28	3257000
3962	3900	
933	4	3268989
4089	5164	
934	26	2130676
4050	
935	19	3261643
5045	4643	
936	23	1849032
5589	
937	2	3267319
5676	
938	2	3271452
4133	
939	6	907157
5362	
940	12	4465698
5320	
941	12	4470875
5177	
942	2	3277010
5558	
943	29	3942930
3983	5436	
944	15	4544907
5507	5632	
945	25	4550273
4278	5366	
946	29	3948146
4342	5216	
947	27	4025686
5239	4293	
948	28	3320244
5539	5595	
949	15	4554815
4799	4542	
950	28	3324453
5336	4209	
951	13	4628887
4579	5672	
952	21	1868048
4541	5110	
953	27	4031135
5509	5449	
954	11	3272962
3973	
955	22	3952568
4777	4422	
956	13	4633038
4274	4151	
957	6	924522
5440	
958	13	4638696
5404	5658	
959	9	4642626
5434	3930	
960	5	4036265
5130	
961	1	3277181
4219	
962	21	1884020
4547	5761	
963	7	4108584
5579	3919	
964	12	4715735
4709	
965	19	3352628
4919	4809	
966	23	1888640
4620	
967	7	4113441
5683	4857	
968	24	4025544
5736	4576	
969	9	4720379
4592	4644	
970	3	4118671
4213	5230	
971	26	2215271
5320	
972	17	4725418
4872	5039	
973	13	4730373
5561	4955	
90
8703	4177
14602	7009
20107	9651
42996	20638
65209	31300
94942	45572
134858	64731
187483	89991
256422	123082
49034	23536
53830	25838
80880	38822
295508	141843
640547	307462
1332921	639802
2704656	1298234
5372052	2578584
10498159	5039116
11555	5546
50714	24342
79920	38361
410718	197144
1117632	536463
2919608	1401411
7477175	3589044
18718480	8984870
46063127	22110300
6925	3323
8772	4210
10029	4813
24845	11925
41564	19950
66752	32040
104458	50139
160037	76817
241268	115808
4603	2209
14468	6944
19718	9464
80370	38577
187386	89945
419422	201322
916633	439983
1960257	940923
4123616	1979335
27365	13134
30380	14581
55556	26666
195236	93713
412359	197932
836108	401331
1680066	806431
3290446	1579414
6322984	3035032
37363	17934
44764	21486
51336	24641
155076	74436
296112	142133
542800	260544
974969	467985
1712058	821787
2955519	1418649
13339	6402
16660	7996
26827	12876
84860	40732
167088	80202
315835	151600
582534	279616
1051547	504742
1867372	896338
5783	2776
20344	9765
28434	13648
81100	38928
149038	71538
262934	126208
453004	217441
763679	366565
1266354	607849
5333	2559
12622	6058
20303	9745
50324	24155
84218	40424
135303	64945
212416	101959
326250	156600
492836	236561
3
15.875
55.75
16.125
64
46800	64800
133200	151200
219600	237600
306000	324000
392400	410400
478800	496800
565200	583200
651600	669600
738000	756000
824400	842400
910800	928800
997200	1015200
1083600	1101600
1170000	1188000
1256400	1274400
1342800	1360800
1429200	1447200
1515600	1533600
1602000	1620000
1688400	1706400
1774800	1792800
1861200	1879200
1947600	1965600
2034000	2052000
2120400	2138400
2206800	2224800
2293200	2311200
2379600	2397600
2466000	2484000
2552400	2570400
2638800	2656800
2725200	2743200
2811600	2829600
2898000	2916000
2984400	3002400
3056400	3067200
3070800	3096000
3142800	3153600
3157200	3182400
3229200	3240000
3243600	3268800
3315600	3326400
3330000	3355200
3402000	3412800
3416400	3441600
3488400	3499200
3502800	3528000
3574800	3585600
3589200	3614400
3675600	3693600
3762000	3780000
3848400	3866400
3934800	3952800
4021200	4039200
4107600	4125600
4194000	4212000
4280400	4298400
4366800	4384800
4453200	4471200
4539600	4557600
4626000	4644000
4712400	4730400
4798800	4816800
1000000000	2000000000
2222222222442222
5522222222222222
0022222222222222
6666666666666666
6666666666666666
6655666666666666
6666666666666666
2222222266222222
2222222222222222
2222222222222222
64
32400	43200
46800	79200
118800	129600
133200	165600
205200	216000
219600	252000
291600	302400
306000	338400
378000	388800
392400	424800
464400	475200
478800	511200
550800	561600
565200	597600
651600	669600
738000	756000
824400	842400
910800	928800
997200	1015200
1083600	1101600
1170000	1188000
1256400	1274400
1342800	1360800
1429200	1447200
1515600	1533600
1602000	1620000
1688400	1706400
1774800	1792800
1861200	1879200
1947600	1965600
2034000	2052000
2120400	2138400
2206800	2224800
2293200	2311200
2379600	2397600
2466000	2484000
2552400	2570400
2638800	2656800
2725200	2743200
2811600	2829600
2898000	2916000
2984400	3002400
3070800	3088800
3157200	3175200
3243600	3261600
3330000	3348000
3416400	3434400
3502800	3520800
3589200	3607200
3675600	3693600
3762000	3780000
3848400	3866400
3934800	3952800
4021200	4039200
4107600	4125600
4194000	4212000
4280400	4298400
4366800	4384800
4453200	4471200
4539600	4557600
4626000	4644000
4712400	4730400
4798800	4816800
1000000000	2000000000
2222222222442222
5522222222222222
0022222222222222
6666666666666666
6666666666666666
6655666666666666
6666666666666666
2222222266222222
2222222222222222
2222222222222222
57
0	0
86400	86400
172800	172800
259200	259200
345600	345600
432000	432000
518400	518400
651600	669600
738000	756000
824400	842400
910800	928800
997200	1015200
1083600	1101600
1170000	1188000
1256400	1274400
1342800	1360800
1429200	1447200
1515600	1533600
1602000	1620000
1688400	1706400
1774800	1792800
1861200	1879200
1947600	1965600
2034000	2052000
2120400	2138400
2206800	2224800
2293200	2311200
2379600	2397600
2466000	2484000
2552400	2570400
2638800	2656800
2725200	2743200
2811600	2829600
2898000	2916000
2984400	3002400
3070800	3088800
3157200	3175200
3243600	3261600
3330000	3348000
3416400	3434400
3502800	3520800
3589200	3607200
3675600	3693600
3762000	3780000
3848400	3866400
3934800	3952800
4021200	4039200
4107600	4125600
4194000	4212000
4280400	4298400
4366800	4384800
4453200	4471200
4539600	4557600
4626000	4644000
4712400	4730400
4798800	4816800
1000000000	2000000000
2222222222442222
5522222222222222
0022222222222222
6666666666666666
6666666666666666
6655666666666666
6666666666666666
2222222266222222
2222222222222222
2222222222222222
113
32400	43200
46800	86400
118800	129600
133200	172800
205200	216000
219600	259200
291600	302400
306000	345600
378000	388800
392400	432000
464400	475200
478800	518400
550800	561600
565200	604800
637200	648000
651600	691200
723600	734400
738000	777600
810000	820800
824400	864000
896400	907200
910800	950400
982800	993600
997200	1036800
1069200	1080000
1083600	1123200
1155600	1166400
1170000	1209600
1242000	1252800
1256400	1296000
1328400	1339200
1342800	1382400
1414800	1425600
1429200	1468800
1501200	1512000
1515600	1555200
1587600	1598400
1602000	1641600
1674000	1684800
1688400	1728000
1760400	1771200
1774800	1814400
1846800	1857600
1861200	1900800
1933200	1944000
1947600	1987200
2019600	2030400
2034000	2073600
2106000	2116800
2120400	2160000
2192400	2203200
2206800	2246400
2278800	2289600
2293200	2332800
2365200	2376000
2379600	2419200
2451600	2462400
2466000	2505600
2538000	2548800
2552400	2592000
2624400	2635200
2638800	2678400
2710800	2721600
2725200	2764800
2797200	2808000
2811600	2851200
2883600	2894400
2898000	2937600
2970000	2980800
2984400	3024000
3056400	3067200
3070800	3110400
3142800	3153600
3157200	3196800
3229200	3240000
3243600	3283200
3315600	3326400
3330000	3369600
3402000	3412800
3416400	3456000
3488400	3499200
3502800	3542400
3574800	3585600
3589200	3628800
3661200	3672000
3675600	3715200
3747600	3758400
3762000	3801600
3834000	3844800
3848400	3888000
3920400	3931200
3934800	3974400
4006800	4017600
4021200	4060800
4093200	4104000
4107600	4147200
4179600	4190400
4194000	4233600
4266000	4276800
4280400	4320000
4352400	4363200
4366800	4406400
4438800	4449600
4453200	4492800
4525200	4536000
4539600	4579200
4611600	4622400
4626000	4665600
4698000	4708800
4712400	4752000
4784400	4795200
4798800	4838400
1000000000	2000000000
2222222222442222
5522222222222222
0022222222222222
6666666666666666
6666666666666666
6655666666666666
6666666666666666
2222222266222222
2222222222222222
2222222222222222
113
32400	43200
46800	86400
118800	129600
133200	172800
205200	216000
219600	259200
291600	302400
306000	345600
378000	388800
392400	432000
464400	475200
478800	518400
550800	561600
565200	604800
637200	648000
651600	691200
723600	734400
738000	777600
810000	820800
824400	864000
896400	907200
910800	950400
982800	993600
997200	1036800
1069200	1080000
1083600	1123200
1155600	1166400
1170000	1209600
1242000	1252800
1256400	1296000
1328400	1339200
1342800	1382400
1414800	1425600
1429200	1468800
1501200	1512000
1515600	1555200
1587600	1598400
1602000	1641600
1674000	1684800
1688400	1728000
1760400	1771200
1774800	1814400
1846800	1857600
1861200	1900800
1933200	1944000
1947600	1987200
2019600	2030400
2034000	2073600
2106000	2116800
2120400	2160000
2192400	2203200
2206800	2246400
2278800	2289600
2293200	2332800
2365200	2376000
2379600	2419200
2451600	2462400
2466000	2505600
2538000	2548800
2552400	2592000
2624400	2635200
2638800	2678400
2710800	2721600
2725200	2764800
2797200	2808000
2811600	2851200
2883600	2894400
2898000	2937600
2970000	2980800
2984400	3024000
3056400	3067200
3070800	3110400
3142800	3153600
3157200	3196800
3229200	3240000
3243600	3283200
3315600	3326400
3330000	3369600
3402000	3412800
3416400	3456000
3488400	3499200
3502800	3542400
3574800	3585600
3589200	3628800
3661200	3672000
3675600	3715200
3747600	3758400
3762000	3801600
3834000	3844800
3848400	3888000
3920400	3931200
3934800	3974400
4006800	4017600
4021200	4060800
4093200	4104000
4107600	4147200
4179600	4190400
4194000	4233600
4266000	4276800
4280400	4320000
4352400	4363200
4366800	4406400
4438800	4449600
4453200	4492800
4525200	4536000
4539600	4579200
4611600	4622400
4626000	4665600
4698000	4708800
4712400	4752000
4784400	4795200
4798800	4838400
1000000000	2000000000
2222222222442222
5522222222222222
0022222222222222
6666666666666666
6666666666666666
6655666666666666
6666666666666666
2222222266222222
2222222222222222
2222222222222222
113
32400	43200
46800	86400
118800	129600
133200	172800
205200	216000
219600	259200
291600	302400
306000	345600
378000	388800
392400	432000
464400	475200
478800	518400
550800	561600
565200	604800
637200	648000
651600	684000
723600	734400
738000	770400
810000	820800
824400	856800
896400	907200
910800	943200
982800	993600
997200	1029600
1069200	1080000
1083600	1116000
1155600	1166400
1170000	1202400
1242000	1252800
1256400	1296000
1328400	1339200
1342800	1382400
1414800	1425600
1429200	1468800
1501200	1512000
1515600	1555200
1587600	1598400
1602000	1641600
1674000	1684800
1688400	1728000
1760400	1771200
1774800	1814400
1846800	1857600
1861200	1900800
1933200	1944000
1947600	1987200
2019600	2030400
2034000	2073600
2106000	2116800
2120400	2160000
2192400	2203200
2206800	2246400
2278800	2289600
2293200	2332800
2365200	2376000
2379600	2419200
2451600	2462400
2466000	2505600
2538000	2548800
2552400	2592000
2624400	2635200
2638800	2678400
2710800	2721600
2725200	2764800
2797200	2808000
2811600	2851200
2883600	2894400
2898000	2937600
2970000	2980800
2984400	3024000
3056400	3067200
3070800	3110400
3142800	3153600
3157200	3196800
3229200	3240000
3243600	3283200
3315600	3326400
3330000	3369600
3402000	3412800
3416400	3456000
3488400	3499200
3502800	3542400
3574800	3585600
3589200	3628800
3661200	3672000
3675600	3715200
3747600	3758400
3762000	3801600
3834000	3844800
3848400	3888000
3920400	3931200
3934800	3974400
4006800	4017600
4021200	4060800
4093200	4104000
4107600	4147200
4179600	4190400
4194000	4233600
4266000	4276800
4280400	4320000
4352400	4363200
4366800	4406400
4438800	4449600
4453200	4492800
4525200	4536000
4539600	4579200
4611600	4622400
4626000	4665600
4698000	4708800
4712400	4752000
4784400	4795200
4798800	4838400
1000000000	2000000000
2222222222442222
5522222222222222
0022222222222222
6666666666666666
6666666666666666
6655666666666666
6666666666666666
2222222266222222
2222222222222222
2222222222222222
113
32400	43200
46800	86400
118800	129600
133200	172800
205200	216000
219600	259200
291600	302400
306000	345600
378000	388800
392400	432000
464400	475200
478800	518400
550800	561600
565200	604800
637200	648000
651600	691200
723600	734400
738000	777600
810000	820800
824400	864000
896400	907200
910800	950400
982800	993600
997200	1036800
1069200	1080000
1083600	1123200
1155600	1166400
1170000	1209600
1242000	1252800
1256400	1296000
1328400	1339200
1342800	1382400
1414800	1425600
1429200	1468800
1501200	1512000
1515600	1555200
1587600	1598400
1602000	1641600
1674000	1684800
1688400	1728000
1760400	1771200
1774800	1814400
1846800	1857600
1861200	1900800
1933200	1944000
1947600	1987200
2019600	2030400
2034000	2073600
2106000	2116800
2120400	2160000
2192400	2203200
2206800	2246400
2278800	2289600
2293200	2332800
2365200	2376000
2379600	2419200
2451600	2462400
2466000	2505600
2538000	2548800
2552400	2592000
2624400	2635200
2638800	2678400
2710800	2721600
2725200	2764800
2797200	2808000
2811600	2851200
2883600	2894400
2898000	2937600
2970000	2980800
2984400	3024000
3056400	3067200
3070800	3110400
3142800	3153600
3157200	3196800
3229200	3240000
3243600	3283200
3315600	3326400
3330000	3369600
3402000	3412800
3416400	3456000
3488400	3499200
3502800	3542400
3574800	3585600
3589200	3628800
3661200	3672000
3675600	3715200
3747600	3758400
3762000	3801600
3834000	3844800
3848400	3888000
3920400	3931200
3934800	3974400
4006800	4017600
4021200	4060800
4093200	4104000
4107600	4147200
4179600	4190400
4194000	4233600
4266000	4276800
4280400	4320000
4352400	4363200
4366800	4406400
4438800	4449600
4453200	4492800
4525200	4536000
4539600	4579200
4611600	4622400
4626000	4665600
4698000	4708800
4712400	4752000
4784400	4795200
4798800	4838400
1000000000	2000000000
2222222222442222
5522222222222222
0022222222222222
6666666666666666
6666666666666666
6655666666666666
6666666666666666
2222222266222222
2222222222222222
2222222222222222
64
46800	64800
133200	151200
219600	237600
306000	324000
392400	410400
478800	496800
565200	583200
651600	669600
738000	756000
824400	842400
910800	928800
997200	1015200
1083600	1101600
1170000	1188000
1256400	1274400
1342800	1360800
1429200	1447200
1515600	1533600
1602000	1620000
1688400	1706400
1774800	1792800
1861200	1879200
1947600	1965600
2034000	2052000
2120400	2138400
2206800	2224800
2293200	2311200
2379600	2397600
2451600	2462400
2466000	2505600
2538000	2548800
2552400	2592000
2624400	2635200
2638800	2678400
2710800	2721600
2725200	2764800
2797200	2808000
2811600	2851200
2883600	2894400
2898000	2937600
2970000	2980800
2984400	3024000
3070800	3088800
3157200	3175200
3243600	3261600
3330000	3348000
3416400	3434400
3502800	3520800
3589200	3607200
3675600	3693600
3762000	3780000
3848400	3866400
3934800	3952800
4021200	4039200
4107600	4125600
4194000	4212000
4280400	4298400
4366800	4384800
4453200	4471200
4539600	4557600
4626000	4644000
4712400	4730400
4798800	4816800
1000000000	2000000000
2222222222442222
5522222222222222
0022222222222222
6666666666666666
6666666666666666
6655666666666666
6666666666666666
2222222266222222
2222222222222222
2222222222222222
57
46800	64800
133200	151200
219600	237600
306000	324000
392400	410400
478800	496800
565200	583200
651600	669600
738000	756000
824400	842400
910800	928800
997200	1015200
1083600	1101600
1170000	1188000
1256400	1274400
1342800	1360800
1429200	1447200
1515600	1533600
1602000	1620000
1688400	1706400
1774800	1792800
1861200	1879200
1947600	1965600
2034000	2052000
2120400	2138400
2206800	2224800
2293200	2311200
2379600	2397600
2466000	2484000
2552400	2570400
2638800	2656800
2725200	2743200
2811600	2829600
2898000	2916000
2984400	3002400
3070800	3088800
3157200	3175200
3243600	3261600
3330000	3348000
3416400	3434400
3502800	3520800
3589200	3607200
3675600	3693600
3762000	3780000
3848400	3866400
3934800	3952800
4021200	4039200
4107600	4125600
4194000	4212000
4280400	4298400
4366800	4384800
4453200	4471200
4539600	4557600
4626000	4644000
4712400	4730400
4798800	4816800
1000000000	2000000000
2222222222442222
5522222222222222
0022222222222222
6666666666666666
6666666666666666
6655666666666666
6666666666666666
2222222266222222
2222222222222222
2222222222222222
57
46800	64800
133200	151200
219600	237600
306000	324000
392400	410400
478800	496800
565200	583200
651600	669600
738000	756000
824400	842400
910800	928800
997200	1015200
1083600	1101600
1170000	1188000
1256400	1274400
1342800	1360800
1429200	1447200
1515600	1533600
1602000	1620000
1688400	1706400
1774800	1792800
1861200	1879200
1947600	1965600
2034000	2052000
2120400	2138400
2206800	2224800
2293200	2311200
2379600	2397600
2466000	2484000
2552400	2570400
2638800	2656800
2725200	2743200
2811600	2829600
2898000	2916000
2984400	3002400
3070800	3088800
3157200	3175200
3243600	3261600
3330000	3348000
3416400	3434400
3502800	3520800
3589200	3607200
3675600	3693600
3762000	3780000
3848400	3866400
3934800	3952800
4021200	4039200
4107600	4125600
4194000	4212000
4280400	4298400
4366800	4384800
4453200	4471200
4539600	4557600
4626000	4644000
4712400	4730400
4798800	4816800
1000000000	2000000000
2222222222442222
5522222222222222
0022222222222222
6666666666666666
6666666666666666
6655666666666666
6666666666666666
2222222266222222
2222222222222222
2222222222222222
0.48
