8
2
100
30
0	1
3738	5607
3	
1	7
3738	5607
0	2	4	5	6	7	8	
2	5
3738	5607
0	1	4	7	9	
3	6
3738	5607
2	3	4	6	7	8	
4	9
3738	5607
0	1	2	3	4	6	7	8	9	
5	4
3738	5607
0	4	6	7	
6	9
3738	5607
0	1	2	3	5	6	7	8	9	
7	1
3738	5607
8	
8	8
3738	5607
0	2	3	4	5	6	8	9	
9	8
3738	5607
0	2	3	5	6	7	8	9	
10	8
3738	5607
0	1	2	3	5	7	8	9	
11	5
3738	5607
0	1	7	8	9	
12	4
3738	5607
0	2	8	9	
13	3
3738	5607
3	8	9	
14	6
3738	5607
0	1	2	4	6	8	
15	2
3738	5607
8	9	
16	8
3738	5607
0	3	4	5	6	7	8	9	
17	4
3738	5607
2	3	4	5	
18	3
3738	5607
1	3	8	
19	2
3738	5607
8	9	
20	1
3738	5607
2	
21	5
3738	5607
2	3	4	5	7	
22	1
3738	5607
9	
23	2
3738	5607
0	6	
24	8
3738	5607
0	1	4	5	6	7	8	9	
25	1
3738	5607
6	
26	7
3738	5607
2	3	4	5	6	7	9	
27	1
3738	5607
6	
28	1
3738	5607
9	
29	2
3738	5607
6	8	
10
0
0	1	1	1439	1464
1.133	0.199254	0.671642
0.79011	0.809736	0.624618	0.667386	0.240857	0.820975	0.958272	0.39799	0.214345	
1
1	1	1	1207	1216
1.31176	0.463889	0.608101
0.685206	0.455108	0.209754	0.495307	0.209752	0.546456	0.423881	0.942052	0.534147	
2
2	1	1	903	918
1.49384	0.198466	0.805533
0.410075	0.482202	0.855404	0.0779713	0.25241	0.603131	0.715874	0.297455	0.433354	
3
3	1	2	958	1037
1.10854	0.412868	0.792228
0.410954	0.360138	0.327861	0.664555	0.458989	0.526233	0.175119	0.215546	0.905657	
4
4	1	1	929	1022
1.42466	0.492454	0.881202
0.131693	0.965107	0.602435	0.503494	0.216053	0.677454	0.945776	0.143556	0.967374	
5
5	1	3	1603	1623
1.23172	0.385925	0.98514
0.0542207	0.104914	0.501422	0.478667	0.114082	0.61956	0.557101	0.221486	0.70046	
6
6	1	2	898	928
1.13154	0.275329	0.996622
0.0993833	0.802417	0.0524042	0.932875	0.413751	0.0592534	0.757094	0.655928	0.324392	
7
7	1	1	1380	1384
1.40308	0.201527	0.94783
0.375177	0.226632	0.486897	0.857062	0.764473	0.518205	0.919158	0.189799	0.962408	
8
8	1	2	806	863
1.1702	0.449094	0.619078
0.0949978	0.829119	0.12007	0.111186	0.6853	0.561222	0.985224	0.494353	0.712124	
9
9	1	4	1378	1383
1.35365	0.329086	0.97785
0.548775	0.414782	0.96535	0.428966	0.158882	0.559925	0.428193	0.992486	0.821822	
708
0	14	39009
4437	5271	5075	4223	4584	5561	
1	1	47246
4011	3854	5006	3990	4781	4958	4477	
2	9	52994
5226	4838	4951	5499	5516	4203	4613	4256	
3	22	57253
4259	
4	7	57742
4748	
5	29	63203
4248	5461	
6	12	67727
3872	4512	4524	4012	
7	25	62344
5512	
8	3	120395
3839	5132	3935	3878	3884	4336	
9	8	125083
4859	5602	5215	5427	4974	4639	4688	4578	
10	0	69016
4194	
11	28	134171
5488	
12	9	138847
4370	4870	4391	4678	4946	5592	4460	4676	
13	23	128149
4598	4167	
14	27	136910
5161	
15	22	144324
5477	
16	17	128688
5533	4320	4166	4535	
17	28	149266
4942	
18	4	154431
4466	4546	4201	4437	5592	3824	5438	5319	5165	
19	17	142849
4810	4337	4866	5338	
20	23	145101
5424	4367	
21	18	146255
5354	4636	3907	
22	6	210170
5410	4591	4434	4951	4154	5321	4719	4214	4970	
23	24	214243
4412	5045	4202	5572	4429	4045	4707	4073	
24	8	223028
3837	4302	4860	4459	5433	5002	5462	5185	
25	9	227666
4462	4499	3927	4015	5171	3872	3891	4638	
26	16	231933
4803	4263	4001	4138	5358	5275	4652	4267	
27	22	236882
4949	
28	15	240745
4690	3863	
29	22	291992
4447	
30	8	296899
4716	3878	3888	4628	3948	4978	5431	4907	
31	20	220613
4970	
32	18	245094
4810	5088	5322	
33	22	302154
5255	
34	17	236037
3904	4099	5501	4814	
35	27	239649
5020	
36	14	249340
4072	3838	4708	5370	4306	4246	
37	22	311151
5397	
38	14	295049
4256	4120	3901	4426	4168	4326	
39	8	315142
5337	3761	5546	5443	4252	4794	4501	3991	
40	9	320235
4855	3751	4276	5250	4521	4940	4664	5093	
41	16	325223
4093	5071	5252	4511	4822	4660	3798	4988	
42	15	330035
3812	4812	
43	12	380678
4610	5601	4736	3843	
44	1	327037
5186	5161	4378	4710	5301	4010	4814	
45	3	378193
4573	5436	5438	3833	5473	5214	
46	25	326963
4411	
47	18	383233
4136	4068	5040	
48	0	324086
5582	
49	25	378107
4344	
50	28	385475
4797	
51	14	388413
4135	4753	4037	5363	5386	5180	
52	19	397222
5208	4039	
53	3	401690
4493	4667	4113	4685	5428	4469	
54	10	407241
4115	5164	5207	3904	4665	4857	4917	5551	
55	1	411599
4172	4634	3955	3939	5517	4865	4992	
56	11	415952
5017	4657	4489	4009	4353	
57	22	468018
5266	
58	24	472319
3931	4758	4523	5166	4591	5292	4558	4301	
59	24	480567
5252	4194	4582	4140	5445	5399	4539	4648	
60	6	485042
4308	3752	4161	3876	3762	5025	3888	4466	4475	
61	14	483830
4641	4805	4743	5417	5020	4341	
62	4	489290
4525	5497	3788	3906	4796	4598	5108	4140	4248	
63	16	493764
5312	4772	5342	4938	3762	3797	5339	4474	
64	4	498451
4293	4517	4910	4486	4232	4221	5282	5142	4376	
65	23	485708
4517	5351	
66	28	502768
4317	
67	23	490237
5353	4529	
68	13	553819
5112	5281	4251	
69	13	558117
4743	5494	4298	
70	16	565661
4657	5513	4820	4149	4316	4689	4290	3944	
71	2	569470
4665	5187	5500	3998	3809	
72	20	466629
5483	
73	22	573905
4435	
74	6	578598
5431	5395	3967	4724	5598	3880	4506	3975	4693	
75	13	583113
4856	5271	4515	
76	21	569034
5594	5504	4415	5371	5143	
77	11	587604
3822	4192	4219	5181	4491	
78	15	639653
4424	5249	
79	18	583172
4444	5355	4405	
80	27	503591
5158	
81	24	644342
4172	5121	5378	3869	5316	5182	4245	4689	
82	5	583105
5230	4915	4867	4670	
83	19	652117
4867	4175	
84	24	656225
3764	4992	4421	3964	5101	3972	4271	4108	
85	0	494731
4063	
86	8	660081
3877	4637	5109	4946	4328	4151	5125	3856	
87	11	664716
4553	4409	4169	3807	4635	
88	11	669248
4287	4372	3773	4505	4532	
89	9	673694
5293	4311	5033	5068	5373	4374	4208	4446	
90	29	667001
4888	4387	
91	18	672085
3861	4851	5084	
92	19	725051
4867	4557	
93	2	729759
5547	3928	4229	4421	4708	
94	5	666616
4257	4186	4293	5202	
95	5	671342
4766	4548	4465	4726	
96	27	643051
3806	
97	7	681169
4217	
98	13	733577
4080	5597	3818	
99	20	493427
4689	
100	15	742328
4111	5151	
101	5	675722
5187	3861	5501	4380	
102	15	747515
3771	5187	
103	5	681272
5505	5540	5252	5550	
104	28	752486
4971	
105	3	731299
4287	4525	5005	4806	4390	4251	
106	5	691043
5397	4984	3980	5381	
107	0	556642
4877	
108	25	671508
5318	
109	7	739630
4731	
110	7	744155
4525	
111	19	756846
4365	4360	
112	29	752981
4308	4461	
113	10	761751
4997	4782	5019	3794	4919	4138	5091	4905	
114	17	663281
4402	4802	5173	3984	
115	9	812349
4324	4050	5330	5479	4778	3779	5572	3798	
116	12	816853
5134	3866	3772	4504	
117	27	732020
4626	
118	29	772752
5287	5336	
119	8	825209
4314	4559	4321	4529	3831	5029	3975	4756	
120	26	830593
5548	4264	5145	4241	4868	4465	5384	
121	21	754679
4529	4081	4689	4048	3875	
122	5	759017
5487	4578	5585	4338	
123	1	813694
5165	5330	3836	5016	4924	5081	4567	
124	22	835088
4495	
125	19	838938
5490	3850	
126	3	827437
5216	4250	4536	4359	5327	4653	
127	21	818270
5082	5190	5209	5263	5249	
128	6	843144
4841	5193	5598	5342	5246	5364	5256	5213	4206	
129	0	670204
4091	
130	3	836818
4145	5246	5153	5517	5512	4168	
131	27	831943
4990	
132	2	847501
5321	5228	4420	4540	4357	
133	11	899369
4589	5178	5224	5600	5068	
134	0	728687
4254	
135	19	904943
5528	5574	
136	20	729822
5564	
137	10	913743
5235	5579	4506	5190	3743	4367	5441	5200	
138	28	918213
4470	
139	25	837509
5566	
140	2	923561
5564	3816	3768	5167	5348	
141	16	929137
5291	4371	5118	3756	3844	4317	5313	5576	
142	16	933757
5106	4346	4269	4452	5155	4286	5439	4620	
143	17	838770
4548	4095	5039	4633	
144	10	985988
5564	5179	5098	5057	4855	4882	3742	5431	
145	2	989776
4459	5133	3753	5124	3788	
146	5	902012
4950	5489	4751	4570	
147	19	997840
4260	4464	
148	7	914058
5557	
149	1	918094
5277	5331	4317	4007	5211	3994	4036	
150	0	761602
5121	
151	1	922069
4642	5372	3769	4556	4143	5198	3975	
152	27	919449
4173	
153	12	1002944
3858	3894	4722	5104	
154	25	924405
4956	
155	21	920888
4929	3821	4911	5388	4556	
156	4	1007260
3946	5441	4499	5538	4903	3994	4917	4908	4316	
157	17	929009
5125	4756	5229	5497	
158	17	988166
4424	4142	5424	4741	
159	22	1012315
5055	
160	17	993218
4722	4968	4830	5052	
161	8	1016910
4335	4550	5496	5565	3812	5315	4205	4595	
162	2	1022339
3958	4888	4492	5022	5429	
163	3	1012312
4904	5226	3901	5214	4797	5130	
164	29	1016786
4688	4474	
165	16	1074315
5125	5546	5278	4647	5090	4844	4771	5115	
166	12	1079515
5452	4989	5544	4858	
167	5	1076087
4380	5553	4246	4949	
168	6	1088105
4046	3990	3769	3835	5168	4491	4535	4242	4990	
169	10	1092074
4123	5358	3926	4831	4033	4128	4002	3969	
170	12	1097005
4237	4957	5181	4931	
171	6	1102441
5236	5331	4969	4498	5198	4876	3749	4463	5436	
172	4	1107693
4271	5181	4459	5298	5475	5144	5117	4344	5252	
173	12	1159941
3874	3864	4614	5448	
174	6	1163751
5481	4453	4535	3845	5219	5037	5561	5320	3810	
175	4	1171805
4662	5007	4546	4581	4430	5301	4739	4290	4454	
176	29	1157326
4407	5355	
177	11	1176313
5206	4245	4890	5386	4508	
178	16	1180322
5156	4542	5013	5545	4248	5221	4596	4009	
179	20	1012206
4068	
180	19	1184906
3976	4584	
181	14	1179754
4226	3928	3772	5374	4029	4870	
182	19	1189866
4662	4960	
183	25	1171043
4126	
184	24	1193762
4507	4410	4272	5464	4955	4720	5501	3896	
185	10	1245503
3906	5263	5029	4188	3857	4113	4742	4941	
186	7	1199293
4634	
187	26	1249459
4933	4233	5032	4045	5122	5357	3956	
188	13	1256925
3745	4873	3866	
189	13	1261129
3990	4614	4204	
190	6	1266714
4732	4755	3959	4626	4510	5271	3928	3746	5585	
191	2	1272259
4629	3934	5603	3952	5545	
192	7	1248905
3979	
193	5	1197264
4340	4512	3764	3916	
194	29	1258040
5089	5535	
195	21	1201238
4288	4125	4268	5283	3974	
196	14	1261815
5088	4915	4739	4049	5361	3775	
197	20	1155892
5366	
198	4	1277818
5438	4907	4226	5598	3917	4781	5021	5194	5559	
199	29	1272492
5438	5483	
200	23	1266669
3802	5445	
201	29	1278006
3920	5514	
202	7	1282221
4215	
203	28	1328884
4266	
204	16	1334400
4866	5045	4511	5202	5461	5438	5546	5516	
205	19	1338572
4338	4172	
206	7	1343209
5187	
207	18	1347054
4028	4451	3845	
208	15	1351954
4560	4900	
209	4	1356876
4471	4123	5185	5502	5497	4651	5116	4424	4922	
210	22	1362166
5290	
211	8	1367464
4786	4722	4293	3866	4123	4177	5550	5298	
212	9	1419498
4527	4504	4545	4076	5517	5304	5571	5234	
213	2	1424517
5565	4516	5322	5421	5019	
214	28	1432974
4857	
215	22	1438163
5189	
216	13	1442596
3807	3954	4433	
217	15	1446627
5120	4031	
218	25	1352340
4345	
219	14	1380455
4453	4235	4376	3847	4290	4222	
220	26	1451930
5227	4921	4645	4253	5370	3967	5303	
221	25	1421582
5582	
222	2	1504064
4831	3925	4978	5016	5334	
223	2	1508005
3868	5420	5301	4595	3941	
224	0	1201467
3813	
225	5	1433795
4012	3951	3777	4583	
226	10	1516208
4119	5057	5524	5426	4794	5587	5308	4603	
227	14	1444121
4864	5604	4181	4314	5418	4739	
228	9	1521296
4341	4097	4012	4560	4257	5439	4723	5088	
229	3	1504215
3812	3903	3940	5030	5393	4098	
230	26	1526835
4134	4523	4099	4891	3821	4635	5539	
231	17	1417600
4195	4366	5599	3884	
232	20	1329519
4244	
233	3	1517006
5541	3824	3847	4000	4191	4557	
234	22	1531179
4344	
235	17	1429476
4884	5442	4429	4331	
236	21	1521407
3789	3993	4076	5582	4767	
237	0	1352736
4641	
238	4	1535846
5514	5592	5030	5426	4772	5378	5003	3766	4667	
239	21	1531869
3745	4016	3870	5045	5459	
240	8	1588200
3897	4493	5566	5509	3967	3929	4648	5554	
241	24	1592556
5059	5176	3740	5343	4372	4144	3970	4356	
242	8	1597745
3959	4724	5513	5589	5232	5119	3812	5189	
243	1	1602771
4141	4810	5170	3993	4683	3939	5345	
244	11	1607493
5032	4259	4876	4722	3972	
245	26	1612782
5158	4710	4735	4529	3981	4265	5289	
246	5	1611502
4959	5274	3865	4809	
247	15	1617472
4796	4690	
248	27	1602318
4306	
249	16	1621663
4746	5050	3979	4957	4546	4852	3914	4191	
250	20	1437047
4154	
251	26	1675842
5356	5470	4806	3738	4141	5487	3981	
252	13	1680562
4095	4127	4720	
253	4	1689319
3986	5203	4888	5253	4674	4463	3795	4372	5157	
254	25	1674049
4581	
255	8	1693621
3738	4049	4317	4874	4936	5264	4423	4302	
256	13	1698313
5012	4997	4692	
257	7	1697780
4547	
258	0	1519564
5337	
259	8	1703917
5159	4795	4090	3883	5146	4631	4305	5604	
260	18	1706990
4316	4164	4905	
261	16	1711579
4297	3840	4598	5353	4669	4623	4589	4447	
262	10	1762947
4394	5420	3764	4615	4742	4043	4568	3740	
263	1	1720274
3851	4900	4067	5347	4553	3956	4127	
264	8	1766911
4397	4150	5366	4764	4983	3827	4906	3964	
265	23	1705018
4198	4425	
266	11	1770872
5466	4748	3843	4205	3961	
267	29	1765737
4043	3952	
268	27	1768565
5504	
269	14	1777437
5425	4002	5082	4506	5271	4866	
270	14	1782493
5081	4449	3982	4676	4650	5056	
271	4	1786953
5472	4363	4495	5459	5527	4006	4508	3991	4350	
272	2	1791646
5180	3788	5296	3985	4693	
273	14	1791085
5370	3892	5285	3819	4047	4491	
274	13	1796400
5098	5315	4527	
275	16	1852026
4272	4231	4778	3987	4180	4764	4902	5226	
276	21	1854942
3897	5490	4548	3937	5599	
277	9	1864067
4435	5259	5468	4540	4336	5523	4905	4547	
278	10	1869310
5561	4982	5227	5123	4354	4181	5244	4402	
279	11	1873663
4302	3887	4056	4011	4353	
280	23	1856714
4396	4059	
281	24	1878622
3969	5275	5050	4658	3776	4125	3929	4959	
282	18	1881513
4824	4889	4263	
283	12	1885959
3954	5504	3742	4446	
284	15	1937132
4767	4373	
285	14	1895567
3826	4348	4901	3923	4756	5545	
286	19	1940943
4080	3811	
287	14	1936157
4466	3801	4269	5244	4997	4110	
288	28	1950141
5598	
289	7	1941327
5170	
290	9	1955535
4506	4297	4253	4385	4860	5544	4329	5394	
291	11	1959504
4662	5126	4252	3806	3969	
292	7	1956835
3773	
293	29	1962125
4585	5290	
294	0	1698894
4947	
295	0	1703076
4182	
296	3	1967461
4098	4518	3960	5597	5487	5336	
297	21	1953767
4272	4850	3768	5589	4457	
298	29	1972495
4692	5034	
299	3	1977962
4497	5206	5578	4529	4037	5467	
300	23	1954078
5565	5572	
301	9	2024955
5429	3963	4358	4012	4687	4817	3894	5355	
302	25	1962755
3990	
303	8	2030139
5223	4055	4774	5176	4182	5499	5309	5184	
304	28	2039146
5407	
305	6	2043851
5062	5284	5331	3794	4893	3915	3821	3916	4705	
306	29	2027612
4970	4096	
307	9	2048704
4195	3836	4845	4715	3962	3906	5169	4853	
308	24	2052701
4456	4070	5317	5584	4762	4585	5007	3997	
309	6	2056683
4242	4022	4758	5040	3849	5235	4563	4013	3982	
310	16	2108313
5388	4784	5604	4289	4093	4929	5570	4830	
311	10	2113270
5001	4327	4060	4444	4078	3748	5277	4957	
312	8	2121842
5180	5567	4525	4807	5602	4142	5398	4972	
313	29	2066046
4677	4400	
314	6	2127369
4152	4175	4726	4190	5034	3941	5250	4798	5527	
315	27	2110517
5366	
316	28	2132944
5575	
317	16	2137635
3998	5288	5426	4572	4559	4061	3757	4691	
318	24	2142632
4078	3904	4643	4670	3967	4966	4932	4997	
319	9	2194352
5349	4447	4683	4764	4637	5570	5185	4920	
320	5	2134833
5162	4131	3783	5386	
321	5	2192588
4251	4220	5555	3755	
322	3	2197008
4901	4040	4522	5386	4375	4420	
323	3	2202392
4417	5502	4446	4089	5429	5130	
324	21	2211043
4558	3786	4180	5043	5051	
325	2	2215581
4430	4517	4729	4538	4148	
326	11	2220844
4272	4776	5263	4729	4403	
327	6	2283596
4532	5187	4166	4376	4539	4828	4121	5382	4796	
328	25	2206817
5496	
329	4	2288255
4222	4262	4185	4173	3860	5265	4397	4957	4659	
330	0	1943403
4350	
331	5	2287487
4189	4210	3946	4125	
332	21	2296091
5435	4887	4395	5240	5004	
333	27	2220861
4833	
334	15	2295774
4530	3919	
335	20	1953105
5086	
336	12	2300114
4938	3910	5195	4340	
337	8	2304285
5351	4445	4616	4448	4351	4642	4822	4171	
338	12	2308072
5334	4901	4353	3787	
339	26	2313238
4708	4065	4464	5034	4770	5458	5166	
340	6	2318180
4362	4578	4989	3848	4634	4266	4266	5109	4942	
341	1	2316998
5359	4656	4694	5486	4113	3798	5416	
342	11	2369473
4818	4802	5163	5216	4273	
343	14	2372791
4251	4681	4387	4436	4425	3978	
344	22	2374732
5259	
345	17	2125368
4477	4523	4436	4486	
346	11	2383384
5183	4580	4190	4411	5052	
347	21	2381628
4092	4258	4248	3912	5062	
348	15	2388293
5376	4909	
349	19	2392034
4932	3741	
350	8	2397579
5481	5540	4010	4271	3874	4460	4118	5545	
351	11	2402692
4734	3808	5502	3958	5113	
352	4	2453963
4106	5419	5547	4309	4022	5572	5024	5590	4471	
353	28	2457924
3961	
354	28	2466729
5205	
355	1	2408551
4767	4279	3761	4567	4124	4276	3775	
356	19	2470544
5140	3815	
357	13	2474737
4368	4682	4193	
358	4	2479426
5280	4264	4253	3800	3855	4095	5208	4921	4689	
359	13	2483329
4777	5534	3903	
360	6	2488291
4816	4218	4375	3832	5268	4890	4075	4334	4962	
361	11	2539652
3768	4990	4737	3951	4561	
362	28	2544424
4772	
363	13	2552795
5136	5524	4771	
364	19	2557551
5560	4756	
365	3	2488440
4513	4272	5497	4731	4868	4243	
366	27	2372425
4276	
367	19	2561633
4952	4082	
368	26	2565919
5089	5066	5431	4641	3836	4294	4286	
369	8	2569873
5086	3914	5572	4990	5181	5376	4797	3954	
370	5	2482072
5397	4529	4989	4860	
371	7	2502944
4755	
372	26	2575186
5107	4950	4331	4906	3954	5033	5313	
373	10	2626227
3757	5045	3894	4675	5198	4071	4992	4241	
374	28	2630688
4461	
375	21	2553907
4789	4926	3869	5093	5131	
376	13	2634532
3912	5268	3844	
377	19	2643240
4769	5108	
378	7	2564184
4450	
379	4	2647312
4277	4432	4299	3847	4120	4668	4875	4778	4072	
380	0	2232412
4463	
381	25	2402962
4114	
382	17	2297935
4783	4319	4903	5462	
383	29	2574535
5150	5573	
384	16	2651761
4191	5406	3943	4377	3910	4528	5084	4449	
385	6	2657236
4467	4094	5553	5251	4548	5207	5573	4652	5475	
386	21	2628003
4124	4448	5468	4089	5120	
387	2	2661784
5131	4982	4598	4323	4548	
388	10	2712929
4606	5504	5192	4311	4098	5210	5033	4345	
389	19	2718320
4333	5391	
390	21	2644895
3820	3877	4942	3872	3759	
391	5	2649372
5291	5583	5105	4477	
392	11	2726961
5468	4680	4400	5410	5041	
393	18	2658598
4187	4753	3816	
394	2	2730890
4136	4168	5069	4007	3929	
395	20	2308319
5178	
396	3	2717085
5302	5296	4242	4730	5179	5306	
397	1	2725728
3776	4425	4189	4889	4834	5169	3971	
398	12	2735801
4877	4611	4497	4911	
399	29	2735423
4648	5198	
400	15	2740292
4339	4491	
401	16	2744239
5017	4850	4973	5524	4936	4569	3859	3947	
402	8	2749033
4502	4684	3770	4813	4400	4372	5412	4536	
403	9	2801359
4113	5322	4679	4677	5296	5106	5526	4974	
404	18	2759757
4542	5083	5198	
405	26	2806844
4046	4181	4034	5532	4070	3877	5485	
406	4	2814281
4909	4228	4188	5283	4295	5477	5080	3896	3837	
407	4	2819263
4895	4092	5554	5278	4752	5553	4780	4715	4982	
408	0	2461945
3894	
409	2	2824035
4395	5448	4033	5530	4772	
410	7	2806887
3748	
411	6	2828323
5603	5313	4747	3748	5295	4189	4974	5124	4288	
412	15	2833159
4829	4836	
413	19	2885256
4535	5297	
414	28	2890594
5338	
415	23	2575863
4995	4624	
416	17	2626428
5215	4716	3899	4565	
417	14	2831697
4268	5261	4610	4366	4214	4940	
418	3	2836511
4959	5518	5133	5016	4059	4814	
419	16	2899426
3975	5443	4192	4699	4850	5049	4421	5232	
420	20	2539988
4806	
421	29	2845221
4569	4289	
422	24	2904044
4261	5041	5002	4241	4940	4364	5323	4618	
423	29	2889445
5275	4484	
424	7	2893792
4347	
425	24	2908064
5140	4629	4105	5510	4563	4085	5596	4020	
426	17	2805621
4495	4116	4878	4488	
427	8	2912251
4641	3879	4549	4521	5364	4323	5557	4187	
428	22	2917692
5441	
429	16	2922039
5393	4403	5272	4033	4914	3847	4399	4347	
430	2	2972795
5085	3881	5295	5061	3956	
431	12	2978199
4776	5012	4222	5404	
432	27	2899894
5012	
433	24	2985936
4335	3847	4783	3918	5084	3879	4326	4137	
434	8	2990782
5492	5090	4977	3940	4924	4509	5469	4846	
435	6	2995873
4481	4097	3845	4653	3993	4187	3788	4794	5091	
436	11	2999933
3975	4529	5046	4148	4060	
437	18	2999563
4070	5259	3860	
438	6	3004374
3933	5253	4016	3917	3983	3969	5319	3951	4441	
439	5	3061865
4951	3770	4227	5465	
440	9	3071851
4813	3824	4064	4066	4889	5447	4116	5054	
441	1	3075515
4219	4955	4433	5223	5537	4603	4557	
442	28	3076010
4159	
443	29	3080797
4710	5282	
444	18	3085079
4733	5380	4282	
445	10	3090054
4557	4345	4233	4443	4034	4546	4322	4975	
446	21	3084554
4894	3842	4186	4440	4493	
447	4	3094733
4542	4027	3908	4146	4370	3816	4011	4146	4679	
448	16	3147533
5470	4026	4566	5357	4841	4042	3855	4733	
449	8	3152231
5544	4136	3905	5011	3784	4254	3912	4698	
450	29	3159078
4754	4958	
451	11	3164372
4226	4199	4559	5294	4413	
452	4	3169112
5507	5446	5073	5033	5272	5213	4258	4042	4740	
453	11	3174480
5479	5086	4658	4533	5368	
454	14	3177562
4054	5286	4758	4160	4247	4615	
455	27	3159929
3916	
456	21	3168798
4370	5360	4304	4676	5116	
457	28	3180054
5574	
458	13	3231677
3876	4972	4823	
459	24	3235813
4733	4675	4279	3801	4515	5275	5237	4136	
460	16	3243838
5294	4758	4447	3831	4724	4725	5532	4425	
461	20	2730595
5319	
462	4	3248019
4242	4191	4080	5049	4714	5419	4339	4944	4181	
463	4	3252566
3997	4947	5112	5428	4092	4200	3930	4891	4547	
464	29	3251675
5088	4827	
465	19	3257973
4994	5407	
466	12	3261813
3848	3914	4942	3840	
467	23	3235221
4525	4546	
468	8	3267048
4720	4670	4734	4598	4938	4791	4659	5235	
469	10	3319250
4652	3919	5347	3871	5459	4430	5407	5402	
470	21	3253801
5157	5183	5034	4624	4704	
471	3	3275728
5092	4000	5133	5292	5517	4051	
472	27	3252954
4050	
473	19	3324151
4665	4901	
474	17	3252312
4116	5371	4115	5268	
475	9	3332976
5269	4782	3829	3972	4528	5047	4360	5225	
476	16	3337617
3751	4928	3766	4477	4992	3923	4876	4641	
477	23	3266573
3836	4099	
478	24	3342377
4713	5265	5102	4927	4900	5175	5520	4760	
479	25	3324065
4376	
480	14	3336410
5039	5449	5463	4809	4824	4048	
481	7	3340485
4075	
482	14	3345543
4702	3928	5031	4024	5223	5058	
483	28	3346845
4468	
484	7	3350655
5112	
485	19	3403060
4683	5605	
486	9	3408504
4704	5000	4309	3833	5574	4520	4375	5444	
487	8	3417226
5266	4820	4943	5005	4103	4962	4697	5122	
488	22	3421567
4341	
489	13	3426001
4668	5446	4434	
490	27	3352260
4012	
491	17	3336318
3774	4753	4826	5094	
492	0	3196040
4097	
493	8	3431035
4256	4998	5529	4994	5529	4697	3956	5034	
494	10	3436134
4599	4816	5029	3980	4853	4834	4799	5099	
495	11	3440193
4216	4640	4624	3854	4059	
496	24	3492329
5444	4772	4512	5297	5025	5230	5302	5336	
497	9	3496816
5253	4380	4864	3902	5079	4517	5264	4487	
498	0	3250252
3839	
499	29	3433233
4596	4202	
500	28	3505786
5370	
501	2	3510659
4194	5565	5044	4552	4873	
502	11	3514490
3747	4342	3860	4421	3831	
503	9	3518976
4568	5248	4010	3750	4813	5539	3899	4486	
504	24	3524299
5381	5433	4551	5490	3892	4864	5174	5323	
505	2	3576398
5106	4706	5534	4472	5299	
506	21	3505429
5305	4954	5104	4723	4451	
507	5	3509732
4137	4691	3853	4303	
508	15	3581415
5247	5017	
509	25	3440129
5514	
510	23	3492376
4903	5447	
511	7	3507627
5586	
512	7	3512357
4730	
513	20	2999917
5204	
514	28	3585434
4019	
515	21	3514821
3759	4990	3852	4178	5089	
516	18	3516432
4257	5428	4075	
517	23	3497060
5230	4684	
518	16	3592921
3846	3885	4175	4139	4575	5407	5391	3887	
519	6	3597215
3816	4742	5499	3970	5302	5383	4106	4613	4294	
520	22	3601875
4660	
521	8	3607206
4248	4312	4322	5170	5448	5531	4886	5331	
522	1	3592546
3764	4823	5290	3895	3991	5419	5289	
523	12	3612783
3940	3974	5547	5577	
524	18	3603424
4762	4072	5331	
525	29	3607261
4110	3837	
526	12	3664851
5211	4248	4100	5268	
527	27	3575639
4589	
528	18	3615692
5003	4580	4331	
529	13	3669406
4692	5531	4555	
530	0	3336185
5030	
531	23	3580084
5472	4445	
532	3	3625927
4275	3954	4934	4800	5246	4704	
533	16	3677166
5216	5419	5503	3756	5288	5332	4884	4160	
534	19	3682237
5221	5071	
535	4	3686997
4296	3822	4066	3895	4552	4065	5253	4027	4760	
536	28	3690777
3780	
537	17	3578582
5325	4452	5440	3847	
538	10	3695811
4348	5099	3951	3987	4325	4127	3938	5034	
539	17	3590955
4129	3960	3935	4448	
540	24	3700745
3913	4430	4001	5326	5253	4411	5031	4934	
541	13	3706207
3875	4275	5462	
542	15	3750659
4281	4852	
543	23	3607011
5514	3921	
544	26	3755117
3932	4585	5284	3847	4736	4048	4458	
545	25	3662594
4047	
546	14	3698703
5275	4349	5003	4815	5282	5119	
547	22	3763132
4415	
548	29	3702481
4605	3778	
549	5	3681216
4827	4278	5135	4996	
550	13	3768239
4323	4342	5107	
551	22	3773374
5135	
552	22	3777961
4587	
553	24	3782071
4340	3971	4338	5133	4516	4435	5389	4110	
554	11	3787414
5542	4693	3892	3864	5343	
555	22	3791614
4200	
556	10	3835356
5486	3874	5065	4201	4978	4034	4426	4142	
557	14	3756765
4195	5124	5061	4738	5368	3863	
558	1	3764244
5409	4856	4064	4183	4112	5476	3879	
559	2	3839497
4648	4637	4859	3870	4141	
560	22	3843989
4492	
561	8	3852362
3997	4109	5594	5028	3857	4903	4827	4773	
562	22	3856129
3767	
563	14	3772941
3790	3790	5584	3978	5560	3870	
564	15	3860798
5567	4669	
565	16	3865035
4872	4206	5278	4347	4648	3744	4280	4237	
566	11	3868861
4755	5554	4123	4644	3826	
567	21	3773199
4637	3960	3980	4579	4728	
568	0	3433032
4436	
569	12	3873032
5265	4301	5316	4171	
570	9	3878598
4593	4677	4969	4521	4359	4487	4868	5566	
571	3	3836398
5291	3976	3951	5117	4126	5459	
572	9	3922028
4631	3806	4563	4289	3962	4994	4877	3830	
573	12	3926697
4038	4580	4761	4669	
574	18	3854323
4772	3931	4687	
575	14	3859893
4253	4319	4939	5265	4250	5570	
576	15	3935472
4678	5175	
577	9	3940302
5541	5431	4767	5170	5110	4905	4308	4830	
578	10	3944720
4909	4098	3811	4392	4320	4514	5133	4418	
579	14	3878058
3761	4636	4440	4018	4076	4046	
580	1	3883478
4121	4902	3906	4005	5492	4620	5420	
581	2	3949758
5274	5086	4267	4142	5038	
582	26	3955108
3929	4595	4695	4835	4155	5088	5350	
583	6	3959865
4875	3909	5080	4034	5439	4903	4611	4045	4757	
584	16	3965174
4107	4579	4452	4518	4276	5182	3989	5309	
585	6	4009112
3822	4353	4283	3889	4418	5035	4418	4944	4338	
586	20	3492390
4395	
587	10	4014355
5219	4190	4444	3738	3783	5103	4584	5243	
588	3	3949567
5425	5164	5153	5553	4978	4293	
589	4	4023484
4537	4512	4725	4391	4958	4604	4323	5533	5529	
590	27	3923727
4912	
591	7	4013759
5563	
592	2	4027958
4653	4604	4759	4244	4474	
593	4	4032163
4475	4963	4517	4515	3871	4964	4415	4724	4205	
594	4	4037032
4797	4550	4627	3962	4998	5474	3968	4457	4869	
595	6	4041984
3921	4547	4542	4712	3923	4855	3866	4625	4952	
596	21	4032892
5032	4353	5283	5053	4909	
597	6	4047577
4072	4060	4924	5596	5135	5367	4098	4071	5593	
598	29	4042405
5051	5415	
599	8	4053021
4042	3840	4409	4562	5238	4612	4572	5444	
600	8	4097568
3844	5281	4300	4963	5459	4041	4989	4947	
601	27	4013225
4734	
602	9	4103025
3907	3753	4479	5050	5540	4043	4542	5457	
603	29	4099259
4981	3999	
604	22	4112020
5395	
605	4	4116680
4991	4140	5270	5441	3981	3927	4027	4527	4660	
606	5	4103248
3883	4129	5218	4188	
607	28	4121659
4979	
608	19	4126761
5309	5102	
609	8	4131078
3741	5131	4413	5140	4309	4857	5075	4317	
610	23	4046267
4765	4919	
611	10	4135168
5373	5277	4464	3809	5028	5185	5145	4090	
612	8	4139947
4775	5376	4393	5200	4173	3880	4089	4779	
613	12	4183774
5034	4743	4156	4227	
614	28	4189085
5311	
615	28	4197632
4947	
616	25	4101421
4474	
617	8	4201414
4573	3841	5344	3937	4878	4665	3997	3782	
618	27	4113463
3777	
619	22	4205917
4503	
620	3	4139682
5392	5137	3962	4011	5425	4525	
621	27	4122921
5447	
622	28	4210672
4755	
623	17	4032516
4576	4368	5268	4913	
624	14	4144880
5429	4012	4846	3849	4216	5198	
625	2	4215432
4577	5437	4418	4496	4760	
626	23	4130889
4797	3752	
627	17	4095708
4744	5327	3965	3791	
628	21	4182460
4816	4814	4979	4619	5076	
629	26	4219687
3780	4811	4942	5573	3841	3809	4255	
630	5	4195187
4933	4909	5157	5318	
631	12	4224910
5525	4531	4799	5223	
632	29	4195132
4318	4845	
633	18	4199561
4003	4196	4429	
634	11	4268706
4824	3958	5373	5315	4196	
635	17	4119293
5448	5230	3738	5156	
636	0	3849938
5480	
637	9	4272785
4837	4283	4176	4512	4930	4101	4245	4079	
638	0	3859373
5259	
639	25	4203635
4100	
640	3	4212964
5576	4880	4867	4841	5280	3843	
641	14	4218141
5505	4846	4625	4548	4676	5177	
642	21	4267687
4825	4599	3801	4498	3746	
643	26	4276746
5352	5549	4852	4913	4677	4379	3961	
644	2	4285050
4119	3860	4183	3952	4704	
645	28	4290159
5109	
646	21	4283388
4599	4032	4526	4936	3770	
647	26	4295212
5335	5324	3945	4646	5381	4558	5053	
648	28	4300112
4900	
649	25	4275569
5559	
650	0	3940583
3929	
651	5	4293298
4871	4002	4509	5352	
652	18	4223144
4213	4426	5003	
653	2	4304813
4966	5204	4345	4760	4701	
654	3	4357502
4814	3837	4685	4846	5443	4391	
655	5	4361425
3833	4140	5020	3924	
656	9	4369299
5206	4750	4780	4163	4535	4272	4019	3990	
657	3	4374658
3824	4271	5052	4284	5168	5360	
658	12	4378895
5508	4642	4237	3887	
659	23	4360618
4992	4255	
660	1	4383352
3783	4104	4446	3741	5124	5423	4457	
661	13	4388410
4544	5058	4962	
662	4	4440733
4156	5077	5191	4463	5173	5032	4772	5523	4311	
663	8	4445042
5174	4879	4912	3904	3866	4252	4001	4309	
664	3	4444122
4992	4525	4838	4281	4342	5499	
665	27	4442463
5556	
666	10	4453442
4481	4142	4075	3899	4242	5159	5124	4800	
667	1	4457237
3778	5188	4524	3847	4444	5386	4391	
668	26	4462711
5258	5104	3767	5029	4677	4132	5564	
669	12	4467153
3907	4545	4323	4442	
670	14	4465422
4938	4251	5225	4575	5127	3862	
671	6	4472006
5370	4037	3806	4585	5016	4894	4524	4838	4853	
672	16	4476324
5455	4809	4391	4081	5051	4800	5515	4318	
673	19	4528035
5452	4911	
674	3	4530137
4462	4941	3889	3896	5533	5006	
675	9	4535734
4851	4610	3758	4725	4813	5598	5211	4134	
676	18	4544622
5016	5395	5288	
677	25	4540996
4431	
678	7	4549136
4514	
679	11	4554513
4882	4541	4072	4871	5377	
680	28	4559497
4984	
681	18	4559361
4680	3834	5354	
682	6	4611710
3833	4663	4061	4312	4161	4953	4788	5549	5320	
683	13	4616402
3883	5414	4692	
684	6	4620344
4979	5257	5294	3977	4397	4178	3768	4868	3942	
685	19	4628481
4039	4537	
686	25	4555051
4924	
687	21	4556725
3999	4974	4481	5117	4763	
688	11	4633714
3851	3871	5268	4124	5233	
689	4	4638410
5259	5326	5503	5138	4966	4272	4846	4478	4696	
690	3	4629670
5368	3949	4256	5198	4322	5231	
691	29	4634236
4157	4566	
692	4	4643450
5128	4454	3872	4155	4744	4357	4249	4247	5040	
693	28	4647746
4296	
694	8	4698701
5128	4210	4987	4823	4171	5031	4987	4155	
695	16	4703565
5530	5192	4230	4855	4496	4810	3964	4864	
696	18	4652780
5097	4933	5346	
697	9	4712645
4532	5106	4102	4090	4792	5458	4166	5480	
698	7	4704433
4498	
699	29	4712926
5095	4893	
700	19	4718017
3742	5091	
701	20	4284172
5341	
702	11	4723020
4610	5085	4407	5571	5003	
703	18	4726280
4116	5024	4041	
704	23	4708262
5531	4213	
705	12	4731484
4809	4564	4140	5204	
706	13	4735739
5091	4140	4255	
707	27	4715696
3834	
90
2676	1284
9022	4330
13433	6447
31260	15004
50160	24076
77268	37088
116007	55683
170508	81843
246594	118365
10873	5218
14253	6841
23439	11250
84650	40632
182073	87395
375956	180458
755534	362656
1486965	713743
2880254	1382521
6665	3199
27055	12986
33587	16121
179150	85992
499732	239871
1338224	642347
3492329	1676317
8922522	4282810
22430990	10766875
6621	3177
12704	6097
16037	7697
34954	16777
53693	25772
79178	38005
114854	55129
162712	78101
226460	108700
13424	6443
24022	11530
27261	13085
126124	60539
319986	153593
779356	374090
1871858	898491
4387898	2106191
10100724	4848347
26307	12627
67155	32233
68168	32720
203816	97831
386520	185529
703683	337767
1247731	598910
2166286	1039817
3701194	1776573
4586	2201
16601	7967
16658	7995
38615	18535
61803	29665
94958	45579
142524	68411
209299	100463
302314	145110
7561	3629
35561	17069
37519	18009
165813	79590
408030	195854
963910	462676
2214757	1063083
4984432	2392527
11041696	5300014
7942	3812
10949	5255
17686	8489
45346	21766
77619	37257
127547	61222
205828	98797
324537	155777
502858	241371
41220	19785
122484	58792
125259	60124
497106	238610
1138601	546528
2503602	1201728
5354879	2570341
11218190	5384731
23132310	11103508
10
12.625
8
8
12.625
7.375
8.25
9.5
9.25
14
10.25
106
32400	43200
46800	86400
118800	129600
133200	172800
205200	216000
219600	259200
291600	302400
306000	345600
378000	388800
392400	432000
464400	475200
478800	518400
550800	561600
565200	604800
637200	648000
651600	691200
723600	734400
738000	777600
810000	820800
824400	864000
896400	907200
910800	950400
982800	993600
997200	1036800
1069200	1080000
1083600	1123200
1155600	1166400
1170000	1209600
1242000	1252800
1256400	1296000
1328400	1339200
1342800	1382400
1414800	1425600
1429200	1468800
1501200	1512000
1515600	1555200
1587600	1598400
1602000	1641600
1674000	1684800
1688400	1728000
1760400	1771200
1774800	1814400
1846800	1857600
1861200	1900800
1933200	1944000
1947600	1987200
2019600	2030400
2034000	2073600
2106000	2116800
2120400	2160000
2192400	2203200
2206800	2246400
2278800	2289600
2293200	2332800
2365200	2376000
2379600	2419200
2451600	2462400
2466000	2498400
2538000	2548800
2552400	2584800
2624400	2635200
2638800	2671200
2710800	2721600
2725200	2757600
2797200	2808000
2811600	2844000
2883600	2894400
2898000	2930400
2970000	2980800
2984400	3016800
3056400	3067200
3070800	3110400
3142800	3153600
3157200	3196800
3229200	3240000
3243600	3283200
3315600	3326400
3330000	3369600
3402000	3412800
3416400	3456000
3488400	3499200
3502800	3542400
3574800	3585600
3589200	3628800
3675600	3693600
3762000	3780000
3848400	3866400
3934800	3952800
4021200	4039200
4107600	4125600
4194000	4212000
4266000	4276800
4280400	4320000
4352400	4363200
4366800	4406400
4438800	4449600
4453200	4492800
4525200	4536000
4539600	4579200
4611600	4622400
4626000	4665600
4698000	4708800
4712400	4752000
4784400	4795200
4798800	4838400
1000000000	2000000000
6666666655662266
3333333333333333
3333333333333333
6666666611666666
3333333311333333
3344333333333333
4444334444444433
3388333333333333
6666666666666666
4444444444445544
113
32400	43200
46800	64800
118800	129600
133200	151200
205200	216000
219600	237600
291600	302400
306000	324000
378000	388800
392400	410400
464400	475200
478800	496800
550800	561600
565200	583200
637200	648000
651600	669600
723600	734400
738000	756000
810000	820800
824400	842400
896400	907200
910800	928800
982800	993600
997200	1015200
1069200	1080000
1083600	1101600
1155600	1166400
1170000	1188000
1242000	1252800
1256400	1274400
1328400	1339200
1342800	1360800
1414800	1425600
1429200	1447200
1501200	1512000
1515600	1533600
1587600	1598400
1602000	1620000
1674000	1684800
1688400	1706400
1760400	1771200
1774800	1792800
1846800	1857600
1861200	1879200
1933200	1944000
1947600	1965600
2019600	2030400
2034000	2052000
2106000	2116800
2120400	2138400
2192400	2203200
2206800	2224800
2278800	2289600
2293200	2311200
2365200	2376000
2379600	2397600
2451600	2462400
2466000	2484000
2538000	2548800
2552400	2570400
2624400	2635200
2638800	2656800
2710800	2721600
2725200	2743200
2797200	2808000
2811600	2829600
2883600	2894400
2898000	2916000
2970000	2980800
2984400	3002400
3056400	3067200
3070800	3088800
3142800	3153600
3157200	3175200
3229200	3240000
3243600	3261600
3315600	3326400
3330000	3348000
3402000	3412800
3416400	3434400
3488400	3499200
3502800	3520800
3574800	3585600
3589200	3607200
3661200	3672000
3675600	3693600
3747600	3758400
3762000	3780000
3834000	3844800
3848400	3866400
3920400	3931200
3934800	3952800
4006800	4017600
4021200	4039200
4093200	4104000
4107600	4125600
4179600	4190400
4194000	4212000
4266000	4276800
4280400	4298400
4352400	4363200
4366800	4384800
4438800	4449600
4453200	4471200
4525200	4536000
4539600	4557600
4611600	4622400
4626000	4644000
4698000	4708800
4712400	4730400
4784400	4795200
4798800	4816800
1000000000	2000000000
6666666655662266
3333333333333333
3333333333333333
6666666611666666
3333333311333333
3344333333333333
4444334444444433
3388333333333333
6666666666666666
4444444444445544
113
32400	43200
46800	64800
118800	129600
133200	151200
205200	216000
219600	237600
291600	302400
306000	324000
378000	388800
392400	410400
464400	475200
478800	496800
550800	561600
565200	583200
637200	648000
651600	669600
723600	734400
738000	756000
810000	820800
824400	842400
896400	907200
910800	928800
982800	993600
997200	1015200
1069200	1080000
1083600	1101600
1155600	1166400
1170000	1188000
1242000	1252800
1256400	1274400
1328400	1339200
1342800	1360800
1414800	1425600
1429200	1447200
1501200	1512000
1515600	1533600
1587600	1598400
1602000	1620000
1674000	1684800
1688400	1706400
1760400	1771200
1774800	1792800
1846800	1857600
1861200	1879200
1933200	1944000
1947600	1965600
2019600	2030400
2034000	2052000
2106000	2116800
2120400	2138400
2192400	2203200
2206800	2224800
2278800	2289600
2293200	2311200
2365200	2376000
2379600	2397600
2451600	2462400
2466000	2484000
2538000	2548800
2552400	2570400
2624400	2635200
2638800	2656800
2710800	2721600
2725200	2743200
2797200	2808000
2811600	2829600
2883600	2894400
2898000	2916000
2970000	2980800
2984400	3002400
3056400	3067200
3070800	3088800
3142800	3153600
3157200	3175200
3229200	3240000
3243600	3261600
3315600	3326400
3330000	3348000
3402000	3412800
3416400	3434400
3488400	3499200
3502800	3520800
3574800	3585600
3589200	3607200
3661200	3672000
3675600	3693600
3747600	3758400
3762000	3780000
3834000	3844800
3848400	3866400
3920400	3931200
3934800	3952800
4006800	4017600
4021200	4039200
4093200	4104000
4107600	4125600
4179600	4190400
4194000	4212000
4266000	4276800
4280400	4298400
4352400	4363200
4366800	4384800
4438800	4449600
4453200	4471200
4525200	4536000
4539600	4557600
4611600	4622400
4626000	4644000
4698000	4708800
4712400	4730400
4784400	4795200
4798800	4816800
1000000000	2000000000
6666666655662266
3333333333333333
3333333333333333
6666666611666666
3333333311333333
3344333333333333
4444334444444433
3388333333333333
6666666666666666
4444444444445544
106
32400	43200
46800	86400
118800	129600
133200	172800
205200	216000
219600	259200
291600	302400
306000	345600
378000	388800
392400	432000
464400	475200
478800	518400
550800	561600
565200	604800
637200	648000
651600	691200
723600	734400
738000	777600
810000	820800
824400	864000
896400	907200
910800	950400
982800	993600
997200	1036800
1069200	1080000
1083600	1123200
1155600	1166400
1170000	1209600
1242000	1252800
1256400	1296000
1328400	1339200
1342800	1382400
1414800	1425600
1429200	1468800
1501200	1512000
1515600	1555200
1587600	1598400
1602000	1641600
1674000	1684800
1688400	1728000
1760400	1771200
1774800	1814400
1846800	1857600
1861200	1900800
1933200	1944000
1947600	1987200
2019600	2030400
2034000	2073600
2106000	2116800
2120400	2160000
2192400	2203200
2206800	2246400
2278800	2289600
2293200	2332800
2365200	2376000
2379600	2419200
2451600	2462400
2538000	2548800
2624400	2635200
2710800	2721600
2797200	2808000
2883600	2894400
2970000	2980800
3056400	3067200
3070800	3110400
3142800	3153600
3157200	3196800
3229200	3240000
3243600	3283200
3315600	3326400
3330000	3369600
3402000	3412800
3416400	3456000
3488400	3499200
3502800	3542400
3574800	3585600
3589200	3628800
3661200	3672000
3675600	3715200
3747600	3758400
3762000	3801600
3834000	3844800
3848400	3888000
3920400	3931200
3934800	3974400
4006800	4017600
4021200	4060800
4093200	4104000
4107600	4147200
4179600	4190400
4194000	4233600
4266000	4276800
4280400	4320000
4352400	4363200
4366800	4406400
4438800	4449600
4453200	4492800
4525200	4536000
4539600	4579200
4611600	4622400
4626000	4665600
4698000	4708800
4712400	4752000
4784400	4795200
4798800	4838400
1000000000	2000000000
6666666655662266
3333333333333333
3333333333333333
6666666611666666
3333333311333333
3344333333333333
4444334444444433
3388333333333333
6666666666666666
4444444444445544
106
32400	43200
46800	64800
118800	129600
133200	151200
205200	216000
219600	237600
291600	302400
306000	324000
378000	388800
392400	410400
464400	475200
478800	496800
550800	561600
565200	583200
637200	648000
651600	669600
723600	734400
738000	756000
810000	820800
824400	842400
896400	907200
910800	928800
982800	993600
997200	1015200
1069200	1080000
1083600	1101600
1155600	1166400
1170000	1188000
1242000	1252800
1256400	1274400
1328400	1339200
1342800	1360800
1414800	1425600
1429200	1447200
1501200	1512000
1515600	1533600
1587600	1598400
1602000	1620000
1674000	1684800
1688400	1706400
1760400	1771200
1774800	1792800
1846800	1857600
1861200	1879200
1933200	1944000
1947600	1965600
2019600	2030400
2034000	2052000
2106000	2116800
2120400	2138400
2192400	2203200
2206800	2224800
2278800	2289600
2293200	2311200
2365200	2376000
2379600	2397600
2451600	2462400
2538000	2548800
2624400	2635200
2710800	2721600
2797200	2808000
2883600	2894400
2970000	2980800
3056400	3067200
3070800	3088800
3142800	3153600
3157200	3175200
3229200	3240000
3243600	3261600
3315600	3326400
3330000	3348000
3402000	3412800
3416400	3434400
3488400	3499200
3502800	3520800
3574800	3585600
3589200	3607200
3661200	3672000
3675600	3693600
3747600	3758400
3762000	3780000
3834000	3844800
3848400	3866400
3920400	3931200
3934800	3952800
4006800	4017600
4021200	4039200
4093200	4104000
4107600	4125600
4179600	4190400
4194000	4212000
4266000	4276800
4280400	4298400
4352400	4363200
4366800	4384800
4438800	4449600
4453200	4471200
4525200	4536000
4539600	4557600
4611600	4622400
4626000	4644000
4698000	4708800
4712400	4730400
4784400	4795200
4798800	4816800
1000000000	2000000000
6666666655662266
3333333333333333
3333333333333333
6666666611666666
3333333311333333
3344333333333333
4444334444444433
3388333333333333
6666666666666666
4444444444445544
113
32400	43200
46800	64800
118800	129600
133200	151200
205200	216000
219600	237600
291600	302400
306000	324000
378000	388800
392400	410400
464400	475200
478800	496800
550800	561600
565200	583200
637200	648000
651600	676800
723600	734400
738000	763200
810000	820800
824400	849600
896400	907200
910800	936000
982800	993600
997200	1022400
1069200	1080000
1083600	1108800
1155600	1166400
1170000	1195200
1242000	1252800
1256400	1274400
1328400	1339200
1342800	1360800
1414800	1425600
1429200	1447200
1501200	1512000
1515600	1533600
1587600	1598400
1602000	1620000
1674000	1684800
1688400	1706400
1760400	1771200
1774800	1792800
1846800	1857600
1861200	1879200
1933200	1944000
1947600	1965600
2019600	2030400
2034000	2052000
2106000	2116800
2120400	2138400
2192400	2203200
2206800	2224800
2278800	2289600
2293200	2311200
2365200	2376000
2379600	2397600
2451600	2462400
2466000	2484000
2538000	2548800
2552400	2570400
2624400	2635200
2638800	2656800
2710800	2721600
2725200	2743200
2797200	2808000
2811600	2829600
2883600	2894400
2898000	2916000
2970000	2980800
2984400	3002400
3056400	3067200
3070800	3088800
3142800	3153600
3157200	3175200
3229200	3240000
3243600	3261600
3315600	3326400
3330000	3348000
3402000	3412800
3416400	3434400
3488400	3499200
3502800	3520800
3574800	3585600
3589200	3607200
3661200	3672000
3675600	3693600
3747600	3758400
3762000	3780000
3834000	3844800
3848400	3866400
3920400	3931200
3934800	3952800
4006800	4017600
4021200	4039200
4093200	4104000
4107600	4125600
4179600	4190400
4194000	4212000
4266000	4276800
4280400	4298400
4352400	4363200
4366800	4384800
4438800	4449600
4453200	4471200
4525200	4536000
4539600	4557600
4611600	4622400
4626000	4644000
4698000	4708800
4712400	4730400
4784400	4795200
4798800	4816800
1000000000	2000000000
6666666655662266
3333333333333333
3333333333333333
6666666611666666
3333333311333333
3344333333333333
4444334444444433
3388333333333333
6666666666666666
4444444444445544
113
32400	43200
46800	72000
118800	129600
133200	158400
205200	216000
219600	244800
291600	302400
306000	331200
378000	388800
392400	417600
464400	475200
478800	504000
550800	561600
565200	590400
637200	648000
651600	676800
723600	734400
738000	763200
810000	820800
824400	849600
896400	907200
910800	936000
982800	993600
997200	1022400
1069200	1080000
1083600	1108800
1155600	1166400
1170000	1195200
1242000	1252800
1256400	1274400
1328400	1339200
1342800	1360800
1414800	1425600
1429200	1447200
1501200	1512000
1515600	1533600
1587600	1598400
1602000	1620000
1674000	1684800
1688400	1706400
1760400	1771200
1774800	1792800
1846800	1857600
1861200	1886400
1933200	1944000
1947600	1972800
2019600	2030400
2034000	2059200
2106000	2116800
2120400	2145600
2192400	2203200
2206800	2232000
2278800	2289600
2293200	2318400
2365200	2376000
2379600	2404800
2451600	2462400
2466000	2491200
2538000	2548800
2552400	2577600
2624400	2635200
2638800	2664000
2710800	2721600
2725200	2750400
2797200	2808000
2811600	2836800
2883600	2894400
2898000	2923200
2970000	2980800
2984400	3009600
3056400	3067200
3070800	3096000
3142800	3153600
3157200	3182400
3229200	3240000
3243600	3268800
3315600	3326400
3330000	3355200
3402000	3412800
3416400	3441600
3488400	3499200
3502800	3528000
3574800	3585600
3589200	3614400
3661200	3672000
3675600	3700800
3747600	3758400
3762000	3787200
3834000	3844800
3848400	3873600
3920400	3931200
3934800	3960000
4006800	4017600
4021200	4046400
4093200	4104000
4107600	4132800
4179600	4190400
4194000	4219200
4266000	4276800
4280400	4298400
4352400	4363200
4366800	4384800
4438800	4449600
4453200	4471200
4525200	4536000
4539600	4557600
4611600	4622400
4626000	4644000
4698000	4708800
4712400	4730400
4784400	4795200
4798800	4816800
1000000000	2000000000
6666666655662266
3333333333333333
3333333333333333
6666666611666666
3333333311333333
3344333333333333
4444334444444433
3388333333333333
6666666666666666
4444444444445544
113
32400	43200
46800	64800
118800	129600
133200	151200
205200	216000
219600	237600
291600	302400
306000	324000
378000	388800
392400	410400
464400	475200
478800	496800
550800	561600
565200	583200
637200	648000
651600	705600
723600	734400
738000	792000
810000	820800
824400	878400
896400	907200
910800	964800
982800	993600
997200	1051200
1069200	1080000
1083600	1137600
1155600	1166400
1170000	1224000
1242000	1252800
1256400	1274400
1328400	1339200
1342800	1360800
1414800	1425600
1429200	1447200
1501200	1512000
1515600	1533600
1587600	1598400
1602000	1620000
1674000	1684800
1688400	1706400
1760400	1771200
1774800	1792800
1846800	1857600
1861200	1879200
1933200	1944000
1947600	1965600
2019600	2030400
2034000	2052000
2106000	2116800
2120400	2138400
2192400	2203200
2206800	2224800
2278800	2289600
2293200	2311200
2365200	2376000
2379600	2397600
2451600	2462400
2466000	2484000
2538000	2548800
2552400	2570400
2624400	2635200
2638800	2656800
2710800	2721600
2725200	2743200
2797200	2808000
2811600	2829600
2883600	2894400
2898000	2916000
2970000	2980800
2984400	3002400
3056400	3067200
3070800	3088800
3142800	3153600
3157200	3175200
3229200	3240000
3243600	3261600
3315600	3326400
3330000	3348000
3402000	3412800
3416400	3434400
3488400	3499200
3502800	3520800
3574800	3585600
3589200	3607200
3661200	3672000
3675600	3693600
3747600	3758400
3762000	3780000
3834000	3844800
3848400	3866400
3920400	3931200
3934800	3952800
4006800	4017600
4021200	4039200
4093200	4104000
4107600	4125600
4179600	4190400
4194000	4212000
4266000	4276800
4280400	4298400
4352400	4363200
4366800	4384800
4438800	4449600
4453200	4471200
4525200	4536000
4539600	4557600
4611600	4622400
4626000	4644000
4698000	4708800
4712400	4730400
4784400	4795200
4798800	4816800
1000000000	2000000000
6666666655662266
3333333333333333
3333333333333333
6666666611666666
3333333311333333
3344333333333333
4444334444444433
3388333333333333
6666666666666666
4444444444445544
113
32400	43200
46800	86400
118800	129600
133200	172800
205200	216000
219600	259200
291600	302400
306000	345600
378000	388800
392400	432000
464400	475200
478800	518400
550800	561600
565200	604800
637200	648000
651600	691200
723600	734400
738000	777600
810000	820800
824400	864000
896400	907200
910800	950400
982800	993600
997200	1036800
1069200	1080000
1083600	1123200
1155600	1166400
1170000	1209600
1242000	1252800
1256400	1296000
1328400	1339200
1342800	1382400
1414800	1425600
1429200	1468800
1501200	1512000
1515600	1555200
1587600	1598400
1602000	1641600
1674000	1684800
1688400	1728000
1760400	1771200
1774800	1814400
1846800	1857600
1861200	1900800
1933200	1944000
1947600	1987200
2019600	2030400
2034000	2073600
2106000	2116800
2120400	2160000
2192400	2203200
2206800	2246400
2278800	2289600
2293200	2332800
2365200	2376000
2379600	2419200
2451600	2462400
2466000	2505600
2538000	2548800
2552400	2592000
2624400	2635200
2638800	2678400
2710800	2721600
2725200	2764800
2797200	2808000
2811600	2851200
2883600	2894400
2898000	2937600
2970000	2980800
2984400	3024000
3056400	3067200
3070800	3110400
3142800	3153600
3157200	3196800
3229200	3240000
3243600	3283200
3315600	3326400
3330000	3369600
3402000	3412800
3416400	3456000
3488400	3499200
3502800	3542400
3574800	3585600
3589200	3628800
3661200	3672000
3675600	3715200
3747600	3758400
3762000	3801600
3834000	3844800
3848400	3888000
3920400	3931200
3934800	3974400
4006800	4017600
4021200	4060800
4093200	4104000
4107600	4147200
4179600	4190400
4194000	4233600
4266000	4276800
4280400	4320000
4352400	4363200
4366800	4406400
4438800	4449600
4453200	4492800
4525200	4536000
4539600	4579200
4611600	4622400
4626000	4665600
4698000	4708800
4712400	4752000
4784400	4795200
4798800	4838400
1000000000	2000000000
6666666655662266
3333333333333333
3333333333333333
6666666611666666
3333333311333333
3344333333333333
4444334444444433
3388333333333333
6666666666666666
4444444444445544
113
32400	43200
46800	72000
118800	129600
133200	158400
205200	216000
219600	244800
291600	302400
306000	331200
378000	388800
392400	417600
464400	475200
478800	504000
550800	561600
565200	590400
637200	648000
651600	676800
723600	734400
738000	763200
810000	820800
824400	849600
896400	907200
910800	936000
982800	993600
997200	1022400
1069200	1080000
1083600	1108800
1155600	1166400
1170000	1195200
1242000	1252800
1256400	1281600
1328400	1339200
1342800	1368000
1414800	1425600
1429200	1454400
1501200	1512000
1515600	1540800
1587600	1598400
1602000	1627200
1674000	1684800
1688400	1713600
1760400	1771200
1774800	1800000
1846800	1857600
1861200	1886400
1933200	1944000
1947600	1972800
2019600	2030400
2034000	2059200
2106000	2116800
2120400	2145600
2192400	2203200
2206800	2232000
2278800	2289600
2293200	2318400
2365200	2376000
2379600	2404800
2451600	2462400
2466000	2491200
2538000	2548800
2552400	2577600
2624400	2635200
2638800	2664000
2710800	2721600
2725200	2750400
2797200	2808000
2811600	2836800
2883600	2894400
2898000	2923200
2970000	2980800
2984400	3009600
3056400	3067200
3070800	3096000
3142800	3153600
3157200	3182400
3229200	3240000
3243600	3268800
3315600	3326400
3330000	3355200
3402000	3412800
3416400	3441600
3488400	3499200
3502800	3528000
3574800	3585600
3589200	3614400
3661200	3672000
3675600	3708000
3747600	3758400
3762000	3794400
3834000	3844800
3848400	3880800
3920400	3931200
3934800	3967200
4006800	4017600
4021200	4053600
4093200	4104000
4107600	4140000
4179600	4190400
4194000	4226400
4266000	4276800
4280400	4305600
4352400	4363200
4366800	4392000
4438800	4449600
4453200	4478400
4525200	4536000
4539600	4564800
4611600	4622400
4626000	4651200
4698000	4708800
4712400	4737600
4784400	4795200
4798800	4824000
1000000000	2000000000
6666666655662266
3333333333333333
3333333333333333
6666666611666666
3333333311333333
3344333333333333
4444334444444433
3388333333333333
6666666666666666
4444444444445544
0.48
