8
2
300
30
0	2
3341	5012
1	8	
1	4
3341	5012
0	2	5	9	
2	2
3341	5012
3	5	
3	3
3341	5012
1	4	8	
4	2
3341	5012
2	8	
5	2
3341	5012
6	9	
6	4
3341	5012
0	3	8	9	
7	2
3341	5012
0	4	
8	4
3341	5012
0	2	4	5	
9	4
3341	5012
3	4	5	9	
10	3
3341	5012
1	6	9	
11	2
3341	5012
8	9	
12	4
3341	5012
3	4	6	9	
13	1
3341	5012
4	
14	3
3341	5012
1	5	9	
15	3
3341	5012
0	6	9	
16	4
3341	5012
0	3	8	9	
17	3
3341	5012
4	7	9	
18	2
3341	5012
2	5	
19	1
3341	5012
0	
20	2
3341	5012
3	6	
21	3
3341	5012
1	7	9	
22	4
3341	5012
1	4	7	9	
23	2
3341	5012
2	4	
24	2
3341	5012
6	9	
25	4
3341	5012
0	2	8	9	
26	2
3341	5012
1	4	
27	3
3341	5012
3	8	9	
28	2
3341	5012
2	8	
29	1
3341	5012
0	
10
0
0	1	2	1803	1818
1.3128	0.665797	0.87439
0.715845	0.595844	0.454854	0.99321	0.970161	0.211718	0.61523	0.898494	0.195266	
1
1	1	2	1180	1205
1.42029	0.263768	0.526557
0.922978	0.46334	0.666109	0.875611	0.105648	0.665764	0.523123	0.460584	0.862045	
2
1	1	2	1466	1471
1.45346	0.0411876	0.883829
0.276749	0.127877	0.896524	0.437962	0.11149	0.06738	0.387684	0.466965	0.85358	
3
1	1	3	986	1049
1.25384	0.122444	0.621958
0.752453	0.840188	0.0250953	0.607355	0.492158	0.914429	0.815338	0.94847	0.630346	
4
2	1	1	1310	1353
1.23978	0.496864	0.720781
0.898285	0.16994	0.31708	0.538079	0.43827	0.672914	0.758736	0.93911	0.920031	
5
3	1	1	1805	1881
1.18692	0.385169	0.986713
0.757939	0.479161	0.493496	0.132218	0.569192	0.814014	0.3247	0.966951	0.847896	
6
3	1	1	823	832
1.29445	0.00206427	0.905163
0.601826	0.558199	0.403672	0.405029	0.140291	0.847148	0.872946	0.955096	0.643421	
7
3	1	3	1288	1293
1.36273	0.562146	0.840134
0.631131	0.988349	0.824199	0.521983	0.257456	0.787108	0.0554885	0.216465	0.710988	
8
3	1	3	904	924
1.26065	0.613643	0.71428
0.531475	0.197211	0.159695	0.813481	0.815613	0.861652	0.0316073	0.846612	0.073903	
9
4	1	2	895	927
1.12874	0.303474	0.802822
0.736252	0.746429	0.209868	0.0592423	0.278338	0.619908	0.114761	0.223494	0.0884632	
744
0	22	51077
3871	3668	3951	4277	
1	2	37219
4819	4412	
2	18	123037
3532	4237	
3	5	55239
4254	4162	
4	11	59939
4399	4700	
5	25	63595
4109	4077	4086	3656	
6	12	68497
3871	4990	3370	4902	
7	25	72498
4082	3522	3459	4001	
8	8	127673
4153	4847	4898	4636	
9	12	136339
4173	4701	4024	4432	
10	6	141058
4146	4466	3767	4719	
11	20	139691
3737	3760	
12	8	209668
4768	3757	3804	4468	
13	17	145189
3620	4875	4131	
14	5	149018
3529	3829	
15	18	213669
4530	4001	
16	4	144586
3426	3597	
17	11	153699
3770	4681	
18	20	147051
4671	3831	
19	1	293894
4950	3367	4470	4792	
20	26	147949
4022	4595	
21	4	221173
4990	3471	
22	7	221218
4545	4869	
23	15	297854
3379	4419	3960	
24	20	209944
4430	4474	
25	7	224600
4191	3382	
26	5	306464
4043	5010	
27	10	311134
4913	3954	4670	
28	7	228747
5001	4147	
29	0	225533
3910	4360	
30	16	316118
3358	3862	4815	4984	
31	27	320134
4389	4294	4016	
32	18	297389
4841	3650	
33	26	232285
4728	3538	
34	17	325018
4340	3484	4884	
35	3	309043
3638	4017	3535	
36	16	329217
3492	3958	4094	4199	
37	19	306877
4703	
38	28	316743
4804	3606	
39	19	310538
3661	
40	21	333527
4754	3681	4310	
41	0	321523
4109	4780	
42	5	336993
4627	3466	
43	7	314609
4071	3431	
44	1	382689
4355	4772	4068	4689	
45	3	325318
3780	4735	3795	
46	28	330178
4345	4860	
47	2	386521
3702	4453	
48	19	322979
4015	
49	10	387068
4527	4667	4379	
50	8	468571
4201	3958	3529	4171	
51	28	400513
4035	4429	
52	11	405400
4887	3609	
53	16	409785
4655	4312	4039	4385	
54	26	400241
3657	4156	
55	15	414066
3856	4785	4281	
56	29	408613
4522	
57	27	419001
3557	4096	4935	
58	29	480483
3470	
59	25	484429
3786	3946	3713	3442	
60	12	488672
4932	3677	4169	4243	
61	1	555522
3442	4291	4035	4722	
62	24	559937
4000	4415	
63	12	567016
3891	4827	3871	3479	
64	15	570433
3982	4102	3417	
65	5	574506
4507	4073	
66	18	559568
3893	4733	
67	8	639093
3449	3949	4926	3925	
68	2	643827
3708	4734	
69	24	578073
3411	3567	
70	0	487902
3425	3473	
71	7	570260
3869	4321	
72	17	581504
4258	3577	3431	
73	18	647194
3522	3367	
74	4	573253
4769	4591	
75	29	572365
4954	
76	1	654797
4264	4734	4002	3385	
77	10	659517
4195	4712	4720	
78	21	663098
4790	4132	3581	
79	27	667712
4579	4887	4614	
80	20	566015
4694	3972	
81	29	580073
3444	
82	25	672325
3864	3562	4973	4613	
83	4	658115
3964	4366	
84	25	675911
3847	4553	3412	3586	
85	15	680660
4082	3372	4749	
86	28	666207
4680	4680	
87	24	684674
4774	4014	
88	22	688393
4265	3953	4003	3719	
89	5	724153
3610	3360	
90	20	726803
3953	4153	
91	16	728872
3395	4757	4784	4719	
92	12	733543
3932	3870	4029	4671	
93	23	742053
4876	4698	
94	18	728741
4025	4330	
95	2	732827
3728	4086	
96	12	746723
4865	3670	3768	4670	
97	23	750414
3411	4691	
98	28	740199
4751	3490	
99	21	751144
4498	4825	4421	
100	22	755407
4900	4993	4224	4136	
101	12	828448
4241	4273	4699	4384	
102	11	832378
4549	3930	
103	2	743349
3960	3944	
104	23	831575
3984	3495	
105	21	837369
4585	4792	4991	
106	25	842010
4314	3444	3521	4641	
107	29	740139
3764	
108	16	845959
3631	4749	4508	3949	
109	24	849886
3491	3927	
110	13	836122
4547	
111	15	854150
4853	4692	4264	
112	23	840262
4958	4140	
113	22	913451
4849	4505	4413	4696	
114	10	916992
3591	3594	3541	
115	28	810765
4180	3759	
116	29	753604
4981	
117	14	921092
3660	4198	4100	
118	6	925491
3351	4064	3457	4399	
119	25	930219
3651	4482	3825	4728	
120	17	935124
4110	4856	4905	
121	7	921673
3846	4396	
122	2	830283
3705	4724	
123	22	939049
4300	3510	4430	3925	
124	12	997903
4472	3713	4374	4963	
125	2	837519
3783	3377	
126	28	833771
3746	3934	
127	2	841832
4313	3542	
128	17	1001897
4269	4213	3994	
129	8	1005200
4705	4811	3635	3594	
130	8	1009144
3544	4730	3922	3944	
131	28	900746
3622	3447	
132	14	1014136
4469	3435	4992	
133	3	1014014
4336	4892	4874	
134	28	1071394
4606	3380	
135	26	1085963
3388	3549	
136	6	1076048
4526	4970	4496	4654	
137	15	1079826
4785	4417	3778	
138	26	1090081
4030	4118	
139	21	1087084
4823	4023	3658	
140	22	1094664
3853	4582	3750	3751	
141	29	922584
3772	
142	2	1070558
4467	3979	
143	10	1098800
3799	3404	4136	
144	1	1102413
4576	3953	4687	3613	
145	27	1106184
3469	3705	3771	
146	15	1111050
4599	3425	4866	
147	0	1087253
4918	4058	
148	8	1098796
3792	3811	4133	3664	
149	12	1172688
3923	4163	3625	4953	
150	14	1176901
3861	4285	4213	
151	24	1181806
4110	4905	
152	22	1185551
4454	4253	4613	3745	
153	23	1179084
4617	3472	
154	27	1190173
3603	4888	4622	
155	14	1193546
4316	3353	3373	
156	25	1197447
3899	4146	4638	3901	
157	27	1200827
4634	3575	3380	
158	5	1204177
4329	3350	
159	15	1207647
3646	3930	3470	
160	16	1244660
4557	3561	4886	4613	
161	4	1163487
3689	4247	
162	12	1248087
3720	4575	3393	3427	
163	26	1187410
4213	3751	
164	0	1171081
4518	3994	
165	12	1260995
3613	3606	3350	4928	
166	18	1164665
3729	4231	
167	12	1265202
4611	3759	4086	4207	
168	24	1268691
4340	3489	
169	24	1273170
4456	4479	
170	5	1330054
3754	3721	
171	2	1172808
4615	4543	
172	28	1174563
3815	3482	
173	11	1334409
4916	4355	
174	12	1337764
4167	4031	4878	3355	
175	2	1177013
4042	4205	
176	2	1180385
4851	3372	
177	11	1345035
4708	3671	
178	2	1184638
4939	4253	
179	7	1271703
4524	4497	
180	9	1348522
3514	3370	4825	3487	
181	7	1347330
3561	3857	
182	23	1351041
4309	3711	
183	9	1356274
5003	4381	3412	4264	
184	25	1360805
4764	3777	4085	4531	
185	1	1364183
4769	4128	3483	3378	
186	29	1173984
3513	
187	2	1416566
4627	3661	
188	8	1420158
3482	3844	4695	3592	
189	6	1368910
4411	4395	3423	4727	
190	5	1373532
4642	4622	
191	11	1377258
3836	3726	
192	10	1381310
4227	3810	4052	
193	26	1433496
4839	4979	
194	12	1438498
3484	3537	5002	3374	
195	18	1424703
4764	4545	
196	2	1432010
4040	3707	
197	27	1442591
4528	4070	4093	
198	22	1447276
4004	4703	4604	4685	
199	28	1268058
4800	4255	
200	17	1452191
3730	4799	4915	
201	26	1517509
3612	3643	
202	3	1522287
4729	4778	3689	
203	2	1435741
4474	3731	
204	17	1527222
4733	4540	4742	
205	25	1531639
3705	4483	3931	4417	
206	16	1535506
3722	4693	4597	3867	
207	13	1531849
4829	
208	11	1589556
4740	4459	
209	4	1594062
3582	4507	
210	20	1442126
4104	3628	
211	2	1439902
4024	4161	
212	0	1602644
4025	4982	
213	11	1607500
4856	4174	
214	3	1610863
3461	4256	3363	
215	7	1608972
4407	4467	
216	12	1613433
4282	3870	3596	4187	
217	6	1617126
3904	4908	3775	3693	
218	26	1617695
4961	4853	
219	25	1621583
4723	4522	4069	4457	
220	7	1691058
3458	4963	
221	27	1676495
3883	3510	3949	
222	2	1444679
3457	4777	
223	10	1681479
4546	4255	4984	
224	20	1675739
4876	4642	
225	27	1688667
4020	3363	3588	
226	8	1696011
3877	3663	3393	4953	
227	11	1692820
4970	4153	
228	5	1696487
4058	3667	
229	0	1692721
4159	4571	
230	26	1699096
4509	4645	
231	13	1702679
3583	
232	23	1776019
4474	4940	
233	23	1779549
3846	3530	
234	13	1784370
4821	
235	19	1350550
4077	
236	14	1700230
3989	4116	3743	
237	23	1787783
4927	3413	
238	19	1355172
4622	
239	12	1791595
4524	3592	3766	3812	
240	0	1697039
3414	4318	
241	25	1795490
4830	4860	3805	3895	
242	13	1850343
4968	
243	7	1854968
3574	4625	
244	4	1705431
4157	4587	
245	20	1850259
4263	4710	
246	20	1854379
4052	4120	
247	28	1763219
3738	3788	
248	12	1863156
3430	3657	4587	4022	
249	19	1435533
3557	
250	19	1439471
3938	
251	9	1867674
4415	4777	3342	4014	
252	8	1871651
4134	4638	4649	3579	
253	29	1516621
4616	
254	8	1875488
4760	3669	3837	3789	
255	6	1871813
4946	4255	3984	4139	
256	16	1876235
4086	4398	4620	4422	
257	29	1603665
4852	
258	28	1778977
4588	3554	
259	24	1880244
3820	4009	
260	15	1883933
4318	4222	3689	
261	21	1888711
3794	4306	4778	
262	6	1892306
4573	3421	4266	3595	
263	22	1948508
4835	4459	3430	4166	
264	25	1952570
4605	4457	4570	4062	
265	11	1956801
4266	4231	
266	22	1961104
3702	4253	4748	4303	
267	11	1965428
4097	4324	
268	10	1970027
4397	3349	4599	
269	23	1887712
4081	3512	
270	26	1891515
3580	3803	
271	8	1936679
3930	4507	3720	3479	
272	17	1973938
3733	4594	3911	
273	10	1978163
3671	3459	4225	
274	18	1941047
3519	4368	
275	9	1981871
4438	4718	3897	3708	
276	1	1985674
4851	4454	3370	3803	
277	8	1956407
4132	4201	3926	4493	
278	29	1702768
4294	
279	23	1954415
5011	3603	
280	12	2022644
4366	3893	4973	4570	
281	20	1963212
4441	3824	
282	25	2026072
4189	4700	4127	3428	
283	12	2034195
3824	4945	3873	4523	
284	23	1967089
3626	3836	
285	2	1959768
4809	3361	
286	15	2038328
3674	3534	4133	
287	16	2043214
4761	4360	4596	4886	
288	22	2046989
4890	3773	3494	3775	
289	11	2050692
4624	3703	
290	23	1974432
3386	3570	
291	12	2054124
3974	4739	3440	3432	
292	25	2058095
4615	3789	4465	3971	
293	15	2061764
5000	4908	3669	
294	25	2065442
3719	3841	4832	3678	
295	6	2069368
4562	4114	4425	3926	
296	25	2073509
3446	4243	3554	4141	
297	28	1942413
3394	4014	
298	3	2024410
4050	4027	4810	
299	24	2110713
3851	4804	
300	18	1963230
4258	3462	
301	11	2115540
4030	4827	
302	29	1877498
3964	
303	10	2123594
4667	3679	4454	
304	9	2127639
4615	4089	4746	4045	
305	22	2131104
4383	3353	4488	3465	
306	14	2136061
4211	4112	4957	
307	4	2035526
4312	3486	
308	15	2140390
4073	4135	4329	
309	23	2037261
4342	3421	
310	13	2041134
3873	
311	23	2045425
4699	4291	
312	10	2144868
4641	4209	4478	
313	0	2040359
4813	4833	
314	22	2148600
4402	4295	3713	3732	
315	3	2108600
4360	4880	4645	
316	4	2112833
4828	4233	
317	26	2058574
3574	3974	
318	23	2062718
4422	4144	
319	25	2153452
3571	4920	4530	4852	
320	17	2157187
3752	3887	3735	
321	11	2194092
3935	4505	
322	4	2129483
5000	4585	
323	24	2198067
4020	3975	
324	16	2202430
3614	3463	3384	4363	
325	5	2210141
4441	4111	
326	3	2136484
3760	3514	3617	
327	2	2040184
3420	4928	
328	7	2113129
4028	3545	
329	3	2194248
4192	4696	3764	
330	28	2197690
3778	3442	
331	7	2125490
4813	4065	
332	20	2122959
3482	4457	
333	25	2215072
4655	3727	3620	4931	
334	22	2219924
4552	4100	4260	4852	
335	22	2223646
4210	4754	4270	3722	
336	1	2228465
4910	4398	3518	4819	
337	21	2231882
3678	4793	3417	
338	8	2192415
3758	4336	4071	4008	
339	14	2235803
4955	4218	3921	
340	7	2142223
4031	3808	
341	19	2124570
4419	
342	21	2239947
4138	4673	4144	
343	19	2128622
4052	
344	12	2244636
4502	4341	3611	4689	
345	14	2281832
4972	4544	4796	
346	10	2285931
4062	4980	4099	
347	13	2150321
3757	
348	28	2209539
4766	4629	
349	19	2132056
3434	
350	13	2193315
3394	
351	20	2209053
4066	4462	
352	8	2208148
4736	3731	4421	3371	
353	3	2214237
3368	3388	4698	
354	14	2293979
3792	4368	4448	
355	17	2298532
4820	4193	4553	
356	28	2218584
4144	4347	
357	10	2302240
4051	4711	3708	
358	0	2222082
3642	3498	
359	0	2280497
4366	4415	
360	12	2307044
4985	3487	4239	4804	
361	5	2310878
3918	3834	
362	8	2217863
4695	3951	4832	4428	
363	25	2315091
4270	4613	3393	4213	
364	8	2222627
3524	4581	4610	4764	
365	1	2319330
4611	3396	4409	4239	
366	10	2323309
3915	4721	3979	
367	29	2294306
3614	
368	25	2327255
4166	4464	4840	3946	
369	6	2330714
3919	4444	3772	3459	
370	4	2307175
3682	4257	
371	16	2367570
4769	4655	4003	4456	
372	4	2369913
4908	4735	
373	28	2373543
4019	3630	
374	3	2380646
4659	3565	3503	
375	12	2372565
4193	4168	3638	4995	
376	1	2380003
3732	3406	3915	3838	
377	29	2383523
4231	
378	25	2388480
4753	4689	4595	4799	
379	13	2370183
4418	
380	23	2393222
4946	4227	
381	16	2394533
4589	4866	3497	4888	
382	17	2399511
3632	4320	4978	
383	2	2452054
4911	4570	
384	13	2401013
4159	
385	6	2456252
3569	3476	3649	4199	
386	28	2459989
3741	4287	
387	20	2460394
4865	4046	
388	10	2468588
3919	4593	3668	
389	20	2473270
4827	4683	
390	5	2477273
3525	4003	
391	18	2456033
3784	3979	
392	23	2469562
3836	3562	
393	11	2481821
3862	4548	
394	0	2471947
4098	4496	
395	28	2475521
3346	3574	
396	6	2485341
4683	4761	4204	3520	
397	16	2538528
3425	4105	4802	3965	
398	29	2477816
4874	
399	19	2481963
4147	
400	7	2554188
3476	3825	
401	1	2559131
4720	4392	4964	4351	
402	16	2564200
3867	4750	3487	4378	
403	14	2568402
3613	3562	4202	
404	2	2567553
4244	3881	
405	23	2563542
3978	4983	
406	9	2641045
4555	4055	4340	4957	
407	6	2644993
4996	4980	4991	3948	
408	14	2649978
3965	4679	4985	
409	18	2649883
3769	4776	
410	25	2654816
4593	4825	3954	4838	
411	2	2653648
4108	3765	
412	11	2658913
4122	4097	
413	16	2663878
4345	3711	4464	4965	
414	10	2667981
4830	4007	4103	
415	0	2653177
4849	4093	
416	13	2644887
4566	
417	5	2671364
3853	3383	
418	15	2675959
3443	4901	4595	
419	25	2713180
3558	3367	4600	4821	
420	6	2716945
4494	3572	3552	3765	
421	19	2728812
4157	
422	3	2718849
4272	4688	3520	
423	7	2732682
3488	3870	
424	0	2726784
4836	4335	
425	25	2736959
4372	4117	4404	3946	
426	5	2740685
3396	3726	
427	25	2745506
3907	3791	4609	4821	
428	5	2749776
3785	4270	
429	4	2799099
3368	3531	
430	5	2754763
3918	4987	
431	1	2812629
3392	4514	4306	4163	
432	6	2817492
3760	4900	3878	4099	
433	12	2822783
4628	3766	4396	4650	
434	26	2825658
3506	3759	
435	15	2827464
3526	4101	4681	
436	27	2832322
3926	3856	4858	
437	4	2884335
4893	4510	
438	3	2898280
4900	4209	4411	
439	24	2884768
4137	3732	
440	10	2888361
4506	3594	3527	
441	8	2902819
3450	4238	4552	3637	
442	26	2906988
4800	4169	
443	15	2892231
4636	3597	3870	
444	13	2911476
4488	
445	10	2900610
3356	3952	4779	
446	16	2904967
4697	4426	4671	4357	
447	16	2908657
3858	3348	4395	3690	
448	6	2912578
3971	3650	4505	3921	
449	18	2906494
4186	3675	
450	23	2915497
4653	4021	
451	23	2988624
4072	4727	
452	5	2917322
4312	4744	
453	26	2992589
3673	3965	
454	19	2913591
4922	
455	3	2997173
3680	3440	4584	
456	13	2999489
3460	
457	17	3072560
4650	4701	3597	
458	13	3076491
3952	
459	20	2913560
4135	4891	
460	26	3080790
4647	4299	
461	7	3085282
4911	4492	
462	20	2972493
4734	4933	
463	14	3076701
4403	4849	4141	
464	2	2976462
4924	4913	
465	1	3081133
4129	3748	3509	4432	
466	13	3157728
4046	
467	6	3085984
3988	4720	4803	4851	
468	17	3162201
4473	3868	3435	
469	28	3060301
3481	4325	
470	27	3166449
4869	3357	4248	
471	8	3166542
4285	4291	4341	3568	
472	6	3170824
4563	4552	3437	4375	
473	21	3175112
4032	4933	4288	
474	17	3179531
4043	4521	4419	
475	24	3183553
4959	4022	
476	25	3188029
4303	4729	4314	4476	
477	1	3192632
4899	3758	4433	4603	
478	3	3243647
3849	4661	3828	
479	21	3230041
4328	4385	3410	
480	24	3233439
3861	3398	
481	4	3248229
3649	4582	
482	4	3252527
3895	4298	
483	11	3257086
3466	4559	
484	16	3260774
3690	3548	4120	3688	
485	6	3318580
3713	4191	4457	4472	
486	16	3323184
4256	4658	4614	3452	
487	21	3330613
3456	3764	3829	
488	5	3334069
4203	3456	
489	2	3229766
4587	4791	
490	10	3338494
3412	4901	4425	
491	16	3342349
3631	3462	3980	3855	
492	29	3144297
4338	
493	20	3149817
4559	3875	
494	1	3347290
3642	4616	4844	4941	
495	7	3248297
3360	4651	
496	8	3252020
4495	4935	3723	3602	
497	6	3351635
4413	4859	3966	4345	
498	4	3339574
3639	4844	
499	18	3256332
3807	4312	
500	11	3355144
4540	3509	
501	18	3260977
4003	4645	
502	16	3359910
4174	4035	3449	4766	
503	24	3363623
4762	3713	
504	6	3405995
4502	4176	3419	4580	
505	10	3409346
3431	3365	3351	
506	23	3255950
4617	3930	
507	0	3409010
3582	4028	
508	18	3319863
4918	4886	
509	29	3230507
4024	
510	14	3417463
3803	3829	4517	
511	28	3416726
4110	4116	
512	16	3422382
3691	4277	4455	4919	
513	6	3425881
4926	4895	3649	3499	
514	6	3429619
3470	4194	4756	3738	
515	0	3433668
4840	4082	
516	17	3434532
3850	4801	4913	
517	3	3492137
4562	4427	4469	
518	10	3438404
3566	4063	3872	
519	25	3496341
4078	4927	3460	4204	
520	4	3504016
3377	4819	
521	21	3504211
3794	4495	4270	
522	22	3508824
4587	4149	4509	4613	
523	21	3512340
4185	4563	3516	
524	13	3341444
4668	
525	2	3331539
3572	4247	
526	29	3254812
4540	
527	24	3516509
4454	4169	
528	11	3520600
4022	4091	
529	9	3524979
4372	4920	3835	4379	
530	7	3419147
3689	4383	
531	14	3529299
4610	4976	4320	
532	5	3533207
3665	3908	
533	21	3536992
3560	4708	3785	
534	10	3541637
4297	4089	4645	
535	3	3512031
4607	4678	3993	
536	27	3577736
4953	4149	3699	
537	0	3519758
4628	3578	
538	17	3582417
4861	4720	4681	
539	15	3589727
3673	4134	3710	
540	9	3594604
3728	4764	4743	4877	
541	4	3578594
4031	4836	
542	21	3598881
4578	4305	4277	
543	15	3602247
3626	4515	3366	
544	9	3606664
4742	5010	4797	4417	
545	17	3610470
3604	4760	3806	
546	17	3614175
4039	4926	3705	
547	0	3582949
3863	4355	
548	0	3589904
3581	3355	
549	7	3519001
3917	4498	
550	10	3617564
4738	3354	3389	
551	0	3594109
4741	4205	
552	27	3621874
4758	4474	4310	
553	29	3332213
4896	
554	16	3626493
4516	4638	4147	4619	
555	23	3592027
4974	4626	
556	1	3663284
4803	3877	3893	4391	
557	18	3514898
3729	4144	
558	27	3668242
4004	3589	4958	
559	21	3671605
4677	3909	3363	
560	6	3680179
4678	3942	3903	4974	
561	19	3404048
3838	
562	27	3684942
4181	3492	4763	
563	16	3688919
4338	4694	3606	3977	
564	8	3596283
4887	4316	4256	3971	
565	22	3693265
4513	4503	4946	4346	
566	24	3697878
4288	4613	
567	24	3701644
4083	3766	
568	28	3678519
4674	3599	
569	23	3604559
4178	3773	
570	1	3706206
3711	4477	4576	4562	
571	16	3710921
4147	4038	3600	4715	
572	19	3428393
3662	
573	25	3747782
3533	4063	4576	4461	
574	3	3690787
4139	3523	4092	
575	20	3429052
4076	4321	
576	13	3680238
3756	
577	13	3683827
3589	
578	8	3688068
3547	3807	3700	4241	
579	0	3749798
4290	5011	
580	24	3751669
3640	3887	
581	26	3691447
4226	3920	
582	4	3753478
3705	3680	
583	7	3764268
3893	4421	
584	12	3768890
3608	4431	3753	3944	
585	23	3773523
4806	4824	
586	11	3772701
4473	3811	
587	24	3777316
3753	4615	
588	6	3782180
4592	3677	4554	4864	
589	19	3506170
4612	
590	13	3777537
4014	
591	14	3785746
4950	4292	3566	
592	15	3790431
4637	4213	4685	
593	24	3834479
3717	4657	
594	18	3696000
3689	3640	
595	26	3850263
4209	4326	
596	18	3700834
4433	4834	
597	9	3855001
4167	4348	4504	4738	
598	14	3859291
4556	4466	4290	
599	18	3863486
4754	4253	
600	27	3864169
4319	4905	4878	
601	29	3514829
4022	
602	5	3868964
3408	4795	
603	10	3873334
4415	4377	4370	
604	20	3849488
4944	3721	
605	4	3775204
3871	4194	
606	4	3778574
4443	3370	
607	14	3877507
4966	3838	4173	
608	17	3880918
4379	4415	3411	
609	12	3885721
3472	4325	4227	4803	
610	12	3936807
3349	3736	3395	4750	
611	19	3518211
3382	
612	12	3940813
4185	4907	3599	4006	
613	14	3944450
4776	4846	3637	
614	23	3943991
4571	3633	
615	21	3949339
4530	4433	4889	
616	14	3953786
4905	4319	4447	
617	28	3836883
3372	4309	
618	5	3958768
3685	4982	
619	8	3948476
4809	4277	4485	3856	
620	15	3962658
4697	3365	3890	
621	16	3966814
4144	3624	3668	4156	
622	6	3970537
4762	3650	4786	3723	
623	11	3974221
4282	3684	
624	15	4010500
4747	4524	3879	
625	17	4021962
4482	4056	4659	
626	19	3603290
4320	
627	22	4026868
3767	4016	3530	4906	
628	12	4030317
4216	4915	3539	3449	
629	29	3606817
3527	
630	8	4034740
4004	3495	4357	4451	
631	20	4033721
3431	3432	
632	22	4107681
4775	4630	4830	3474	
633	24	4111134
3726	3453	
634	14	4115446
3604	4349	4312	
635	19	3682620
3399	
636	3	4112675
3852	4999	3624	
637	8	4117195
3419	3790	3711	4520	
638	4	4116876
4272	4201	
639	25	4121107
3639	3525	3761	4231	
640	29	3693344
3666	
641	18	4120943
3741	3748	
642	28	4124939
4519	4302	
643	9	4125364
4581	4719	4421	3350	
644	14	4129324
4584	3749	3960	
645	15	4133989
4666	4320	4665	
646	6	4183613
4101	4341	4673	4183	
647	26	4194243
3508	4738	
648	9	4199141
4974	3965	4755	4898	
649	8	4202674
3700	4926	4188	3676	
650	25	4203952
3701	3813	4759	4811	
651	26	4206035
3860	3639	
652	29	3850569
4257	
653	12	4210677
4054	4458	3819	4003	
654	12	4283348
4290	4213	4476	4549	
655	0	4196273
3741	4302	
656	26	4287865
3894	4759	
657	1	4287243
4975	4699	4968	3895	
658	26	4292034
5002	4169	
659	13	4296241
4207	
660	27	4290758
3680	3436	3515	
661	9	4369241
4875	4466	4723	3513	
662	26	4373374
4571	4267	
663	11	4372768
4677	3527	
664	10	4376739
4694	4479	3971	
665	11	4380404
4954	3665	
666	19	3860220
4676	
667	12	4384452
3698	4414	4337	4048	
668	25	4388318
3762	3760	4222	3866	
669	18	4373276
4360	4036	
670	6	4393222
4346	3958	4435	4904	
671	12	4398012
4513	4663	3440	4790	
672	11	4401971
3657	3959	
673	8	4454917
4015	3515	3817	4463	
674	18	4459189
4136	4272	
675	24	4405874
3526	3903	
676	2	4463704
4260	4515	
677	10	4443074
4004	3545	4800	
678	18	4467328
4983	3624	
679	4	4284254
3560	5000	
680	23	4458228
4360	3560	
681	27	4446449
4402	4141	3375	
682	8	4525405
4898	4170	3925	4077	
683	24	4455032
4584	4983	
684	17	4466788
4487	4635	4384	
685	16	4471766
3857	4838	4341	4978	
686	15	4476670
3528	3923	4904	
687	11	4481437
4939	4767	
688	18	4529085
4709	3680	
689	16	4485212
3415	4104	4473	3775	
690	5	4490002
4006	4790	
691	24	4526141
4612	3739	
692	7	4470165
4466	3525	
693	25	4530961
4283	3443	3912	4820	
694	20	4443616
3899	4569	
695	21	4535429
4480	4112	4468	
696	24	4543227
4713	4198	
697	12	4548106
4057	3437	4235	4879	
698	2	4533090
4386	4005	
699	4	4368547
3876	4887	
700	18	4541101
3907	4411	
701	11	4551648
4409	3542	
702	20	4547490
4847	4930	
703	6	4556488
4396	3475	4858	4840	
704	11	4559863
3855	3375	
705	21	4563440
4694	4828	3577	
706	16	4567364
3395	4555	4016	3924	
707	19	4114514
4733	
708	14	4570710
4482	4488	3346	
709	20	4552070
3805	4580	
710	13	4546113
4111	
711	7	4550868
4198	4755	
712	0	4443901
4002	4216	
713	12	4575323
4784	4448	3700	4613	
714	4	4448691
3845	4790	
715	8	4628327
3576	3366	4610	3785	
716	21	4578993
3832	3599	3670	
717	16	4615681
4620	3396	4876	4288	
718	5	4619836
3999	4155	
719	9	4632810
3771	3494	4483	4179	
720	20	4564700
4309	4931	
721	10	4636224
4022	3782	3414	
722	17	4639856
4330	4924	3632	
723	21	4644722
4154	3927	4866	
724	5	4648679
4981	3957	
725	11	4652789
3359	4110	
726	22	4698677
3525	4832	3984	4114	
727	24	4702348
3350	3671	
728	3	4712861
3986	3428	3850	
729	2	4636158
4008	3348	
730	29	4199914
4606	
731	13	4717259
4449	
732	16	4717309
4367	4634	4303	4448	
733	1	4721530
4042	4134	3442	4221	
734	15	4726069
4625	4917	4539	
735	8	4721843
4775	4660	3795	4584	
736	8	4726355
4805	3909	4094	4512	
737	12	4730836
3857	4399	3838	4767	
738	19	4295712
4784	
739	0	4720541
4165	3377	
740	14	4734198
3555	3418	3362	
741	29	4368297
4185	
742	28	4724428
4982	3887	
743	11	4738916
4776	4718	
90
46808	22467
61473	29507
70305	33746
254510	122164
548293	263180
1133944	544293
2282715	1095703
4500156	2160074
8731280	4191014
17987	8634
35909	17236
68196	32734
312614	150054
788261	378365
1908107	915891
4504159	2161996
10407325	4995516
23659486	11356553
3916	1879
84045	40341
95093	45644
467176	224244
1233665	592159
3127412	1501157
7711700	3701616
18625475	8940228
44278189	21253530
5611	2693
28505	13682
45832	21999
144547	69382
284054	136345
535875	257220
991831	476078
1794101	861168
3189705	1531058
9531	4575
13827	6636
19184	9208
58493	28076
112383	53943
207286	99497
373452	179256
658312	315989
1141425	547884
8188	3930
20976	10068
21259	10204
56876	27300
100158	48075
169320	81273
279963	134382
452771	217330
720076	345636
30	14
13536	6497
14955	7178
51899	24911
108701	52176
218567	104912
427935	205408
820437	393809
1547962	743021
51040	24498
76279	36613
90795	43581
367634	176464
853392	409628
1901745	912837
4122516	1978807
8753004	4201441
18292470	8780385
26494	12717
30839	14802
43175	20724
138403	66433
274947	131974
524351	251688
975286	468137
1775583	852279
3180395	1526589
4976	2388
13164	6319
16398	7871
37731	18110
60089	28842
91869	44097
137252	65880
200610	96292
288387	138425
5
5.375
22.875
5.875
34
14
64
46800	64800
133200	151200
219600	237600
306000	324000
392400	410400
478800	496800
565200	583200
651600	669600
738000	756000
824400	842400
910800	928800
997200	1015200
1083600	1101600
1170000	1188000
1256400	1274400
1342800	1360800
1429200	1447200
1515600	1533600
1602000	1620000
1688400	1706400
1774800	1792800
1861200	1879200
1947600	1965600
2034000	2052000
2120400	2138400
2206800	2224800
2293200	2311200
2379600	2397600
2466000	2484000
2552400	2570400
2638800	2656800
2725200	2743200
2811600	2829600
2898000	2916000
2984400	3002400
3056400	3067200
3070800	3088800
3142800	3153600
3157200	3175200
3229200	3240000
3243600	3261600
3315600	3326400
3330000	3348000
3402000	3412800
3416400	3434400
3488400	3499200
3502800	3520800
3574800	3585600
3589200	3607200
3675600	3693600
3762000	3780000
3848400	3866400
3934800	3952800
4021200	4039200
4107600	4125600
4194000	4212000
4280400	4298400
4366800	4384800
4453200	4471200
4539600	4557600
4626000	4644000
4712400	4730400
4798800	4816800
1000000000	2000000000
2222222222332222
3333333333333322
2233333333333322
3333333333333333
2222225522222222
1133333333338833
3333333333333366
3333332233333333
7733333333333333
6666666666666666
106
32400	43200
46800	64800
118800	129600
133200	151200
205200	216000
219600	237600
291600	302400
306000	324000
378000	388800
392400	410400
464400	475200
478800	496800
550800	561600
565200	583200
637200	648000
651600	669600
723600	734400
738000	756000
810000	820800
824400	842400
896400	907200
910800	928800
982800	993600
997200	1015200
1069200	1080000
1083600	1101600
1155600	1166400
1170000	1188000
1242000	1252800
1256400	1274400
1328400	1339200
1342800	1360800
1414800	1425600
1429200	1447200
1501200	1512000
1515600	1533600
1587600	1598400
1602000	1620000
1674000	1684800
1688400	1706400
1760400	1771200
1774800	1792800
1846800	1857600
1861200	1879200
1933200	1944000
1947600	1965600
2019600	2030400
2034000	2052000
2106000	2116800
2120400	2138400
2192400	2203200
2206800	2224800
2278800	2289600
2293200	2311200
2365200	2376000
2379600	2397600
2451600	2462400
2466000	2484000
2538000	2548800
2552400	2570400
2624400	2635200
2638800	2656800
2710800	2721600
2725200	2743200
2797200	2808000
2811600	2829600
2883600	2894400
2898000	2916000
2970000	2980800
2984400	3002400
3056400	3067200
3070800	3088800
3142800	3153600
3157200	3175200
3229200	3240000
3243600	3261600
3315600	3326400
3330000	3348000
3402000	3412800
3416400	3434400
3488400	3499200
3502800	3520800
3574800	3585600
3589200	3607200
3661200	3672000
3675600	3693600
3747600	3758400
3762000	3780000
3834000	3844800
3848400	3866400
3920400	3931200
3934800	3952800
4006800	4017600
4021200	4039200
4093200	4104000
4107600	4125600
4179600	4190400
4194000	4212000
4280400	4298400
4366800	4384800
4453200	4471200
4539600	4557600
4626000	4644000
4712400	4730400
4798800	4816800
1000000000	2000000000
2222222222332222
3333333333333322
2233333333333322
3333333333333333
2222225522222222
1133333333338833
3333333333333366
3333332233333333
7733333333333333
6666666666666666
99
46800	64800
133200	151200
219600	237600
306000	324000
392400	410400
478800	496800
565200	583200
637200	648000
651600	669600
723600	734400
738000	756000
810000	820800
824400	842400
896400	907200
910800	928800
982800	993600
997200	1015200
1069200	1080000
1083600	1101600
1155600	1166400
1170000	1188000
1242000	1252800
1256400	1274400
1328400	1339200
1342800	1360800
1414800	1425600
1429200	1447200
1501200	1512000
1515600	1533600
1587600	1598400
1602000	1620000
1674000	1684800
1688400	1706400
1760400	1771200
1774800	1792800
1846800	1857600
1861200	1879200
1933200	1944000
1947600	1965600
2019600	2030400
2034000	2052000
2106000	2116800
2120400	2138400
2192400	2203200
2206800	2224800
2278800	2289600
2293200	2311200
2365200	2376000
2379600	2397600
2451600	2462400
2466000	2484000
2538000	2548800
2552400	2570400
2624400	2635200
2638800	2656800
2710800	2721600
2725200	2743200
2797200	2808000
2811600	2829600
2883600	2894400
2898000	2916000
2970000	2980800
2984400	3002400
3056400	3067200
3070800	3088800
3142800	3153600
3157200	3175200
3229200	3240000
3243600	3261600
3315600	3326400
3330000	3348000
3402000	3412800
3416400	3434400
3488400	3499200
3502800	3520800
3574800	3585600
3589200	3607200
3661200	3672000
3675600	3693600
3747600	3758400
3762000	3780000
3834000	3844800
3848400	3866400
3920400	3931200
3934800	3952800
4006800	4017600
4021200	4039200
4093200	4104000
4107600	4125600
4179600	4190400
4194000	4212000
4280400	4298400
4366800	4384800
4453200	4471200
4539600	4557600
4626000	4644000
4712400	4730400
4798800	4816800
1000000000	2000000000
2222222222332222
3333333333333322
2233333333333322
3333333333333333
2222225522222222
1133333333338833
3333333333333366
3333332233333333
7733333333333333
6666666666666666
113
32400	43200
46800	64800
118800	129600
133200	151200
205200	216000
219600	237600
291600	302400
306000	324000
378000	388800
392400	410400
464400	475200
478800	496800
550800	561600
565200	583200
637200	648000
651600	669600
723600	734400
738000	756000
810000	820800
824400	842400
896400	907200
910800	928800
982800	993600
997200	1015200
1069200	1080000
1083600	1101600
1155600	1166400
1170000	1188000
1242000	1252800
1256400	1274400
1328400	1339200
1342800	1360800
1414800	1425600
1429200	1447200
1501200	1512000
1515600	1533600
1587600	1598400
1602000	1620000
1674000	1684800
1688400	1706400
1760400	1771200
1774800	1792800
1846800	1857600
1861200	1879200
1933200	1944000
1947600	1965600
2019600	2030400
2034000	2052000
2106000	2116800
2120400	2138400
2192400	2203200
2206800	2224800
2278800	2289600
2293200	2311200
2365200	2376000
2379600	2397600
2451600	2462400
2466000	2484000
2538000	2548800
2552400	2570400
2624400	2635200
2638800	2656800
2710800	2721600
2725200	2743200
2797200	2808000
2811600	2829600
2883600	2894400
2898000	2916000
2970000	2980800
2984400	3002400
3056400	3067200
3070800	3088800
3142800	3153600
3157200	3175200
3229200	3240000
3243600	3261600
3315600	3326400
3330000	3348000
3402000	3412800
3416400	3434400
3488400	3499200
3502800	3520800
3574800	3585600
3589200	3607200
3661200	3672000
3675600	3693600
3747600	3758400
3762000	3780000
3834000	3844800
3848400	3866400
3920400	3931200
3934800	3952800
4006800	4017600
4021200	4039200
4093200	4104000
4107600	4125600
4179600	4190400
4194000	4212000
4266000	4276800
4280400	4298400
4352400	4363200
4366800	4384800
4438800	4449600
4453200	4471200
4525200	4536000
4539600	4557600
4611600	4622400
4626000	4644000
4698000	4708800
4712400	4730400
4784400	4795200
4798800	4816800
1000000000	2000000000
2222222222332222
3333333333333322
2233333333333322
3333333333333333
2222225522222222
1133333333338833
3333333333333366
3333332233333333
7733333333333333
6666666666666666
64
46800	64800
133200	151200
219600	237600
306000	324000
392400	410400
478800	496800
565200	583200
651600	669600
738000	756000
824400	842400
910800	928800
997200	1015200
1083600	1101600
1170000	1188000
1256400	1274400
1342800	1360800
1429200	1447200
1515600	1533600
1602000	1620000
1688400	1706400
1774800	1792800
1846800	1857600
1861200	1893600
1933200	1944000
1947600	1980000
2019600	2030400
2034000	2066400
2106000	2116800
2120400	2152800
2192400	2203200
2206800	2239200
2278800	2289600
2293200	2325600
2365200	2376000
2379600	2412000
2466000	2484000
2552400	2570400
2638800	2656800
2725200	2743200
2811600	2829600
2898000	2916000
2984400	3002400
3070800	3088800
3157200	3175200
3243600	3261600
3330000	3348000
3416400	3434400
3502800	3520800
3589200	3607200
3675600	3693600
3762000	3780000
3848400	3866400
3934800	3952800
4021200	4039200
4107600	4125600
4194000	4212000
4280400	4298400
4366800	4384800
4453200	4471200
4539600	4557600
4626000	4644000
4712400	4730400
4798800	4816800
1000000000	2000000000
2222222222332222
3333333333333322
2233333333333322
3333333333333333
2222225522222222
1133333333338833
3333333333333366
3333332233333333
7733333333333333
6666666666666666
106
32400	43200
118800	129600
205200	216000
291600	302400
378000	388800
464400	475200
550800	561600
637200	648000
651600	669600
723600	734400
738000	756000
810000	820800
824400	842400
896400	907200
910800	928800
982800	993600
997200	1015200
1069200	1080000
1083600	1101600
1155600	1166400
1170000	1188000
1242000	1252800
1256400	1274400
1328400	1339200
1342800	1360800
1414800	1425600
1429200	1447200
1501200	1512000
1515600	1533600
1587600	1598400
1602000	1620000
1674000	1684800
1688400	1706400
1760400	1771200
1774800	1792800
1846800	1857600
1861200	1879200
1933200	1944000
1947600	1965600
2019600	2030400
2034000	2052000
2106000	2116800
2120400	2138400
2192400	2203200
2206800	2224800
2278800	2289600
2293200	2311200
2365200	2376000
2379600	2397600
2451600	2462400
2466000	2484000
2538000	2548800
2552400	2570400
2624400	2635200
2638800	2656800
2710800	2721600
2725200	2743200
2797200	2808000
2811600	2829600
2883600	2894400
2898000	2916000
2970000	2980800
2984400	3002400
3056400	3067200
3070800	3088800
3142800	3153600
3157200	3175200
3229200	3240000
3243600	3261600
3315600	3326400
3330000	3348000
3402000	3412800
3416400	3434400
3488400	3499200
3502800	3520800
3574800	3585600
3589200	3607200
3661200	3672000
3675600	3729600
3747600	3758400
3762000	3816000
3834000	3844800
3848400	3902400
3920400	3931200
3934800	3988800
4006800	4017600
4021200	4075200
4093200	4104000
4107600	4161600
4179600	4190400
4194000	4248000
4266000	4276800
4280400	4298400
4352400	4363200
4366800	4384800
4438800	4449600
4453200	4471200
4525200	4536000
4539600	4557600
4611600	4622400
4626000	4644000
4698000	4708800
4712400	4730400
4784400	4795200
4798800	4816800
1000000000	2000000000
2222222222332222
3333333333333322
2233333333333322
3333333333333333
2222225522222222
1133333333338833
3333333333333366
3333332233333333
7733333333333333
6666666666666666
113
32400	43200
46800	64800
118800	129600
133200	151200
205200	216000
219600	237600
291600	302400
306000	324000
378000	388800
392400	410400
464400	475200
478800	496800
550800	561600
565200	583200
637200	648000
651600	669600
723600	734400
738000	756000
810000	820800
824400	842400
896400	907200
910800	928800
982800	993600
997200	1015200
1069200	1080000
1083600	1101600
1155600	1166400
1170000	1188000
1242000	1252800
1256400	1274400
1328400	1339200
1342800	1360800
1414800	1425600
1429200	1447200
1501200	1512000
1515600	1533600
1587600	1598400
1602000	1620000
1674000	1684800
1688400	1706400
1760400	1771200
1774800	1792800
1846800	1857600
1861200	1879200
1933200	1944000
1947600	1965600
2019600	2030400
2034000	2052000
2106000	2116800
2120400	2138400
2192400	2203200
2206800	2224800
2278800	2289600
2293200	2311200
2365200	2376000
2379600	2397600
2451600	2462400
2466000	2484000
2538000	2548800
2552400	2570400
2624400	2635200
2638800	2656800
2710800	2721600
2725200	2743200
2797200	2808000
2811600	2829600
2883600	2894400
2898000	2916000
2970000	2980800
2984400	3002400
3056400	3067200
3070800	3088800
3142800	3153600
3157200	3175200
3229200	3240000
3243600	3261600
3315600	3326400
3330000	3348000
3402000	3412800
3416400	3434400
3488400	3499200
3502800	3520800
3574800	3585600
3589200	3607200
3661200	3672000
3675600	3693600
3747600	3758400
3762000	3780000
3834000	3844800
3848400	3866400
3920400	3931200
3934800	3952800
4006800	4017600
4021200	4039200
4093200	4104000
4107600	4125600
4179600	4190400
4194000	4212000
4266000	4276800
4280400	4320000
4352400	4363200
4366800	4406400
4438800	4449600
4453200	4492800
4525200	4536000
4539600	4579200
4611600	4622400
4626000	4665600
4698000	4708800
4712400	4752000
4784400	4795200
4798800	4838400
1000000000	2000000000
2222222222332222
3333333333333322
2233333333333322
3333333333333333
2222225522222222
1133333333338833
3333333333333366
3333332233333333
7733333333333333
6666666666666666
106
32400	43200
46800	64800
118800	129600
133200	151200
205200	216000
219600	237600
291600	302400
306000	324000
378000	388800
392400	410400
464400	475200
478800	496800
550800	561600
565200	583200
637200	648000
651600	669600
723600	734400
738000	756000
810000	820800
824400	842400
896400	907200
910800	928800
982800	993600
997200	1015200
1069200	1080000
1083600	1101600
1155600	1166400
1170000	1188000
1242000	1252800
1256400	1274400
1328400	1339200
1342800	1360800
1414800	1425600
1429200	1447200
1501200	1512000
1515600	1533600
1587600	1598400
1602000	1620000
1674000	1684800
1688400	1706400
1760400	1771200
1774800	1792800
1861200	1879200
1947600	1965600
2034000	2052000
2120400	2138400
2206800	2224800
2293200	2311200
2379600	2397600
2451600	2462400
2466000	2484000
2538000	2548800
2552400	2570400
2624400	2635200
2638800	2656800
2710800	2721600
2725200	2743200
2797200	2808000
2811600	2829600
2883600	2894400
2898000	2916000
2970000	2980800
2984400	3002400
3056400	3067200
3070800	3088800
3142800	3153600
3157200	3175200
3229200	3240000
3243600	3261600
3315600	3326400
3330000	3348000
3402000	3412800
3416400	3434400
3488400	3499200
3502800	3520800
3574800	3585600
3589200	3607200
3661200	3672000
3675600	3693600
3747600	3758400
3762000	3780000
3834000	3844800
3848400	3866400
3920400	3931200
3934800	3952800
4006800	4017600
4021200	4039200
4093200	4104000
4107600	4125600
4179600	4190400
4194000	4212000
4266000	4276800
4280400	4298400
4352400	4363200
4366800	4384800
4438800	4449600
4453200	4471200
4525200	4536000
4539600	4557600
4611600	4622400
4626000	4644000
4698000	4708800
4712400	4730400
4784400	4795200
4798800	4816800
1000000000	2000000000
2222222222332222
3333333333333322
2233333333333322
3333333333333333
2222225522222222
1133333333338833
3333333333333366
3333332233333333
7733333333333333
6666666666666666
113
32400	43200
46800	93600
118800	129600
133200	180000
205200	216000
219600	266400
291600	302400
306000	352800
378000	388800
392400	439200
464400	475200
478800	525600
550800	561600
565200	612000
637200	648000
651600	669600
723600	734400
738000	756000
810000	820800
824400	842400
896400	907200
910800	928800
982800	993600
997200	1015200
1069200	1080000
1083600	1101600
1155600	1166400
1170000	1188000
1242000	1252800
1256400	1274400
1328400	1339200
1342800	1360800
1414800	1425600
1429200	1447200
1501200	1512000
1515600	1533600
1587600	1598400
1602000	1620000
1674000	1684800
1688400	1706400
1760400	1771200
1774800	1792800
1846800	1857600
1861200	1879200
1933200	1944000
1947600	1965600
2019600	2030400
2034000	2052000
2106000	2116800
2120400	2138400
2192400	2203200
2206800	2224800
2278800	2289600
2293200	2311200
2365200	2376000
2379600	2397600
2451600	2462400
2466000	2484000
2538000	2548800
2552400	2570400
2624400	2635200
2638800	2656800
2710800	2721600
2725200	2743200
2797200	2808000
2811600	2829600
2883600	2894400
2898000	2916000
2970000	2980800
2984400	3002400
3056400	3067200
3070800	3088800
3142800	3153600
3157200	3175200
3229200	3240000
3243600	3261600
3315600	3326400
3330000	3348000
3402000	3412800
3416400	3434400
3488400	3499200
3502800	3520800
3574800	3585600
3589200	3607200
3661200	3672000
3675600	3693600
3747600	3758400
3762000	3780000
3834000	3844800
3848400	3866400
3920400	3931200
3934800	3952800
4006800	4017600
4021200	4039200
4093200	4104000
4107600	4125600
4179600	4190400
4194000	4212000
4266000	4276800
4280400	4298400
4352400	4363200
4366800	4384800
4438800	4449600
4453200	4471200
4525200	4536000
4539600	4557600
4611600	4622400
4626000	4644000
4698000	4708800
4712400	4730400
4784400	4795200
4798800	4816800
1000000000	2000000000
2222222222332222
3333333333333322
2233333333333322
3333333333333333
2222225522222222
1133333333338833
3333333333333366
3333332233333333
7733333333333333
6666666666666666
113
32400	43200
46800	86400
118800	129600
133200	172800
205200	216000
219600	259200
291600	302400
306000	345600
378000	388800
392400	432000
464400	475200
478800	518400
550800	561600
565200	604800
637200	648000
651600	691200
723600	734400
738000	777600
810000	820800
824400	864000
896400	907200
910800	950400
982800	993600
997200	1036800
1069200	1080000
1083600	1123200
1155600	1166400
1170000	1209600
1242000	1252800
1256400	1296000
1328400	1339200
1342800	1382400
1414800	1425600
1429200	1468800
1501200	1512000
1515600	1555200
1587600	1598400
1602000	1641600
1674000	1684800
1688400	1728000
1760400	1771200
1774800	1814400
1846800	1857600
1861200	1900800
1933200	1944000
1947600	1987200
2019600	2030400
2034000	2073600
2106000	2116800
2120400	2160000
2192400	2203200
2206800	2246400
2278800	2289600
2293200	2332800
2365200	2376000
2379600	2419200
2451600	2462400
2466000	2505600
2538000	2548800
2552400	2592000
2624400	2635200
2638800	2678400
2710800	2721600
2725200	2764800
2797200	2808000
2811600	2851200
2883600	2894400
2898000	2937600
2970000	2980800
2984400	3024000
3056400	3067200
3070800	3110400
3142800	3153600
3157200	3196800
3229200	3240000
3243600	3283200
3315600	3326400
3330000	3369600
3402000	3412800
3416400	3456000
3488400	3499200
3502800	3542400
3574800	3585600
3589200	3628800
3661200	3672000
3675600	3715200
3747600	3758400
3762000	3801600
3834000	3844800
3848400	3888000
3920400	3931200
3934800	3974400
4006800	4017600
4021200	4060800
4093200	4104000
4107600	4147200
4179600	4190400
4194000	4233600
4266000	4276800
4280400	4320000
4352400	4363200
4366800	4406400
4438800	4449600
4453200	4492800
4525200	4536000
4539600	4579200
4611600	4622400
4626000	4665600
4698000	4708800
4712400	4752000
4784400	4795200
4798800	4838400
1000000000	2000000000
2222222222332222
3333333333333322
2233333333333322
3333333333333333
2222225522222222
1133333333338833
3333333333333366
3333332233333333
7733333333333333
6666666666666666
0.48
