10
3
100
233
0	3
3240	4861
1	5	7	
1	1
3240	4861
2	
2	1
3240	4861
3	
3	2
3240	4861
0	5	
4	2
3240	4861
1	8	
5	1
3240	4861
7	
6	1
3240	4861
0	
7	2
3240	4861
1	8	
8	2
3240	4861
2	7	
9	3
3240	4861
1	2	9	
10	1
3240	4861
9	
11	1
3240	4861
0	
12	2
3240	4861
1	5	
13	1
3240	4861
2	
14	2
3240	4861
2	9	
15	1
3240	4861
3	
16	3
3240	4861
1	2	7	
17	2
3240	4861
1	6	
18	3
3240	4861
1	2	6	
19	2
3240	4861
0	8	
20	2
3240	4861
1	2	
21	1
3240	4861
2	
22	1
3240	4861
1	
23	3
3240	4861
5	7	8	
24	1
3240	4861
4	
25	2
3240	4861
1	9	
26	3
3240	4861
1	2	8	
27	1
3240	4861
0	
28	1
3240	4861
9	
29	1
3240	4861
4	
30	2
3240	4861
4	9	
31	2
3240	4861
5	6	
32	3
3240	4861
1	7	9	
33	1
3240	4861
5	
34	2
3240	4861
4	6	
35	2
3240	4861
3	9	
36	2
3240	4861
1	5	
37	2
3240	4861
5	8	
38	2
3240	4861
3	9	
39	3
3240	4861
0	4	7	
40	2
3240	4861
4	8	
41	2
3240	4861
4	9	
42	2
3240	4861
2	7	
43	1
3240	4861
5	
44	2
3240	4861
4	8	
45	3
3240	4861
5	6	9	
46	3
3240	4861
1	4	7	
47	3
3240	4861
1	5	8	
48	2
3240	4861
1	8	
49	2
3240	4861
3	7	
50	2
3240	4861
5	8	
51	2
3240	4861
3	8	
52	3
3240	4861
0	2	8	
53	2
3240	4861
2	9	
54	1
3240	4861
1	
55	1
3240	4861
0	
56	2
3240	4861
4	9	
57	3
3240	4861
1	3	9	
58	1
3240	4861
1	
59	3
3240	4861
0	3	9	
60	1
3240	4861
7	
61	2
3240	4861
3	9	
62	3
3240	4861
0	3	6	
63	2
3240	4861
0	8	
64	3
3240	4861
1	2	8	
65	2
3240	4861
1	2	
66	1
3240	4861
0	
67	3
3240	4861
0	4	6	
68	3
3240	4861
1	2	9	
69	2
3240	4861
4	9	
70	2
3240	4861
0	3	
71	1
3240	4861
4	
72	3
3240	4861
1	4	8	
73	3
3240	4861
0	5	8	
74	1
3240	4861
3	
75	1
3240	4861
2	
76	1
3240	4861
6	
77	1
3240	4861
3	
78	2
3240	4861
1	5	
79	1
3240	4861
6	
80	2
3240	4861
1	5	
81	1
3240	4861
8	
82	1
3240	4861
0	
83	1
3240	4861
9	
84	3
3240	4861
0	7	9	
85	3
3240	4861
0	4	8	
86	2
3240	4861
6	9	
87	1
3240	4861
4	
88	3
3240	4861
0	2	8	
89	1
3240	4861
4	
90	3
3240	4861
0	4	9	
91	3
3240	4861
0	5	8	
92	1
3240	4861
5	
93	2
3240	4861
1	4	
94	3
3240	4861
4	6	9	
95	1
3240	4861
2	
96	2
3240	4861
2	8	
97	3
3240	4861
1	3	6	
98	2
3240	4861
3	8	
99	2
3240	4861
6	8	
100	3
3240	4861
0	2	6	
101	2
3240	4861
1	5	
102	1
3240	4861
3	
103	2
3240	4861
3	9	
104	2
3240	4861
1	6	
105	3
3240	4861
1	3	6	
106	1
3240	4861
8	
107	1
3240	4861
0	
108	3
3240	4861
0	3	7	
109	3
3240	4861
0	4	8	
110	1
3240	4861
1	
111	3
3240	4861
0	4	8	
112	2
3240	4861
2	6	
113	3
3240	4861
1	5	6	
114	1
3240	4861
4	
115	3
3240	4861
0	4	9	
116	1
3240	4861
0	
117	3
3240	4861
1	5	9	
118	1
3240	4861
1	
119	1
3240	4861
5	
120	1
3240	4861
9	
121	2
3240	4861
5	6	
122	2
3240	4861
2	8	
123	2
3240	4861
0	5	
124	1
3240	4861
4	
125	3
3240	4861
0	2	6	
126	3
3240	4861
1	4	6	
127	3
3240	4861
5	7	8	
128	3
3240	4861
1	3	9	
129	2
3240	4861
7	9	
130	3
3240	4861
5	6	8	
131	1
3240	4861
5	
132	2
3240	4861
0	4	
133	1
3240	4861
4	
134	3
3240	4861
4	6	9	
135	2
3240	4861
0	3	
136	3
3240	4861
1	3	6	
137	1
3240	4861
6	
138	3
3240	4861
4	6	9	
139	1
3240	4861
5	
140	2
3240	4861
0	3	
141	1
3240	4861
1	
142	2
3240	4861
1	4	
143	1
3240	4861
4	
144	3
3240	4861
0	5	7	
145	3
3240	4861
1	3	8	
146	1
3240	4861
0	
147	3
3240	4861
2	7	8	
148	2
3240	4861
5	8	
149	2
3240	4861
1	2	
150	1
3240	4861
4	
151	2
3240	4861
5	6	
152	3
3240	4861
0	3	9	
153	2
3240	4861
0	5	
154	3
3240	4861
0	6	9	
155	3
3240	4861
1	3	8	
156	2
3240	4861
0	2	
157	2
3240	4861
0	8	
158	3
3240	4861
1	3	8	
159	3
3240	4861
0	4	9	
160	2
3240	4861
5	6	
161	3
3240	4861
0	4	9	
162	2
3240	4861
2	6	
163	3
3240	4861
1	6	9	
164	2
3240	4861
1	5	
165	1
3240	4861
5	
166	2
3240	4861
0	9	
167	3
3240	4861
2	7	8	
168	2
3240	4861
4	8	
169	2
3240	4861
5	7	
170	1
3240	4861
4	
171	2
3240	4861
0	4	
172	3
3240	4861
0	4	7	
173	2
3240	4861
2	9	
174	2
3240	4861
1	5	
175	1
3240	4861
3	
176	2
3240	4861
1	4	
177	3
3240	4861
2	6	9	
178	2
3240	4861
3	9	
179	2
3240	4861
1	8	
180	3
3240	4861
0	2	6	
181	1
3240	4861
4	
182	3
3240	4861
1	4	8	
183	1
3240	4861
6	
184	3
3240	4861
1	5	6	
185	1
3240	4861
1	
186	3
3240	4861
2	6	9	
187	3
3240	4861
2	7	9	
188	1
3240	4861
2	
189	1
3240	4861
0	
190	3
3240	4861
0	4	7	
191	2
3240	4861
2	6	
192	3
3240	4861
2	7	9	
193	3
3240	4861
0	3	9	
194	2
3240	4861
5	7	
195	3
3240	4861
1	3	6	
196	3
3240	4861
1	5	8	
197	1
3240	4861
9	
198	1
3240	4861
7	
199	1
3240	4861
2	
200	1
3240	4861
5	
201	2
3240	4861
3	8	
202	2
3240	4861
0	9	
203	1
3240	4861
5	
204	1
3240	4861
3	
205	1
3240	4861
0	
206	2
3240	4861
1	5	
207	3
3240	4861
0	5	8	
208	1
3240	4861
0	
209	3
3240	4861
1	5	6	
210	1
3240	4861
9	
211	2
3240	4861
4	9	
212	3
3240	4861
1	3	6	
213	1
3240	4861
5	
214	1
3240	4861
1	
215	3
3240	4861
1	4	9	
216	2
3240	4861
4	7	
217	3
3240	4861
1	3	9	
218	2
3240	4861
3	7	
219	1
3240	4861
2	
220	3
3240	4861
1	4	7	
221	1
3240	4861
4	
222	2
3240	4861
0	6	
223	3
3240	4861
0	5	8	
224	3
3240	4861
1	3	8	
225	1
3240	4861
2	
226	3
3240	4861
0	3	6	
227	2
3240	4861
3	9	
228	1
3240	4861
2	
229	2
3240	4861
4	9	
230	1
3240	4861
5	
231	1
3240	4861
4	
232	2
3240	4861
1	6	
10
0
0	1	4	1022	1093
1.32429	0.113743	0.797166
0.437897	0.916678	0.790571	0.00982095	0.917347	0.482781	0.816848	0.0422028	0.12472	
1
0	1	1	1652	1691
1.48032	0.692369	0.777234
0.168889	0.923571	0.541566	0.996899	0.598981	0.740661	0.405726	0.939189	0.0582389	
2
1	1	3	1085	1124
1.30919	0.00530762	0.992501
0.534969	0.145612	0.376509	0.925948	0.599712	0.563819	0.150252	0.10274	0.997837	
3
1	1	1	1131	1161
1.34054	0.444711	0.891097
0.563955	0.0329271	0.270269	0.175301	0.45636	0.226607	0.0288374	0.310165	0.991886	
4
1	1	1	1168	1216
1.48005	0.593734	0.619355
0.693701	0.593167	0.343096	0.162117	0.091883	0.446741	0.409499	0.571727	0.36816	
5
1	1	2	994	1009
1.34985	0.259172	0.590868
0.237607	0.784938	0.695269	0.240863	0.795375	0.930646	0.212266	0.0484489	0.55486	
6
2	1	4	1192	1263
1.24618	0.0220875	0.719071
0.810438	0.498589	0.602693	0.431587	0.525511	0.814205	0.803703	0.58378	0.936863	
7
2	1	1	1367	1385
1.16478	0.350932	0.629778
0.236006	0.769138	0.492582	0.510049	0.448159	0.679682	0.258971	0.0789347	0.226027	
8
3	1	3	1440	1463
1.19796	0.787733	0.84016
0.709342	0.711991	0.433091	0.205886	0.435793	0.872565	0.670421	0.693498	0.379112	
9
3	1	7	809	884
1.30183	0.308671	0.763771
0.537066	0.145991	0.325092	0.0248821	0.608069	0.0976274	0.644809	0.999816	0.963287	
2113
0	193	37095
4695	4204	3416	
1	211	41048
4206	3953	
2	162	36624
3503	4224	
3	46	41253
4397	4126	4647	
4	195	41024
3771	3669	3929	
5	142	48628
4459	3799	
6	112	47977
3340	3353	
7	39	53197
3901	4569	3908	
8	42	56820
4404	3623	
9	196	52778
4151	4054	3581	
10	41	57680
4483	3480	
11	136	57629
4851	4418	3934	
12	226	61975
3505	4346	3767	
13	191	120256
3474	4281	
14	193	120797
3830	4822	3419	
15	93	62145
4516	4101	
16	139	56924
4146	
17	106	56157
3379	
18	194	61114
3788	4190	
19	28	125052
4255	
20	125	124472
4341	4497	4216	
21	13	61148
4720	
22	37	119569
4857	3625	
23	183	127754
3282	
24	0	122175
4235	3771	3375	
25	157	122893
3967	3324	
26	61	128292
4630	3240	
27	19	127086
3534	4193	
28	115	135275
4086	3887	3383	
29	79	134665
3311	
30	181	71250
3391	
31	166	138899
3327	3624	
32	103	142452
3763	3553	
33	162	138370
3472	3705	
34	75	68951
4331	
35	145	135261
4571	4513	4575	
36	79	142291
3921	
37	20	75369
3982	4418	
38	62	146397
4133	4199	4106	
39	218	125550
3763	3375	
40	169	129264
3612	3714	
41	184	150205
3650	4474	3808	
42	101	122537
4353	4200	
43	191	207509
4735	3304	
44	173	147079
4702	4627	
45	140	123740
3979	3675	
46	230	126700
4163	
47	15	126988
3248	
48	47	139107
3472	3560	3846	
49	193	205646
3695	3367	4567	
50	38	210442
4175	4796	
51	134	214275
3664	3638	3833	
52	96	143716
4119	4609	
53	98	147571
3698	3855	
54	152	221727
3431	3440	3852	
55	34	215550
4496	4403	
56	222	222565
4062	3415	
57	150	82931
3521	
58	172	138498
3597	4107	4812	
59	16	142400
4309	4251	3902	
60	127	150860
3676	4756	3289	
61	150	142333
4540	
62	196	209366
4445	3982	4506	
63	122	213858
3807	4492	
64	146	140969
3686	
65	48	221372
4590	3914	
66	209	225910
4722	4775	3345	
67	165	151251
3524	
68	185	151907
4233	
69	8	150665
3380	3509	
70	62	229494
3894	4072	3584	
71	33	155543
4292	
72	156	149040
3960	4177	
73	75	153079
4039	
74	113	234283
3448	3818	4789	
75	72	225488
3922	3546	4116	
76	110	164049
4772	
77	63	229752
3800	4264	
78	87	164107
4830	
79	70	156743
4108	4120	
80	10	226073
4346	
81	98	233774
3829	4022	
82	201	291929
4441	4155	
83	127	296014
4534	3318	4085	
84	27	160080
3349	
85	173	230798
3456	4725	
86	133	168144
4037	
87	158	300843
4764	3694	4829	
88	78	213197
3565	4784	
89	173	234395
3375	3597	
90	221	205375
4831	
91	82	163463
3383	
92	157	308821
4784	4378	
93	174	220469
3542	3672	
94	22	222732
3612	
95	128	292714
3251	3283	4319	
96	177	297404
4354	4549	4690	
97	184	296934
4020	4653	4102	
98	201	312911
3538	4090	
99	121	301095
3426	4161	
100	109	317056
3379	3996	4145	
101	26	321384
4661	3889	4328	
102	12	239481
4116	4817	
103	118	242988
4208	
104	218	234199
4646	3655	
105	90	301782
3954	3439	4378	
106	136	308845
4302	3333	4150	
107	87	222430
3548	
108	70	251394
4694	4104	
109	48	379881
3622	4497	
110	138	313409
3988	3985	4564	
111	102	255018
3624	
112	149	294737
4045	4291	
113	139	243266
3785	
114	72	384200
3331	3379	4319	
115	117	317910
3793	4262	4501	
116	83	322222
4312	
117	44	388178
4145	3978	
118	220	309554
4271	3749	3624	
119	93	313216
3395	3663	
120	210	380629
4407	
121	162	316254
4718	3424	
122	87	316480
3264	
123	171	320376
4571	3896	
124	83	384222
3593	
125	109	395282
3650	3623	3504	
126	79	320090
3836	
127	50	399526
4660	4244	
128	178	388002
4860	3780	
129	34	382706
4707	4393	
130	137	386843
4137	
131	10	396361
4759	
132	184	394123
4082	4351	3680	
133	53	399719
4765	3358	
134	194	321376
3744	4078	
135	39	382399
4262	3964	4399	
136	11	239370
3413	
137	225	311232
3412	
138	74	295937
3659	
139	232	397437
4658	3314	
140	178	404529
3283	4810	
141	85	404340
3600	3356	4814	
142	76	401233
3796	
143	119	325497
4455	
144	18	404962
4458	3767	3729	
145	12	330202
3659	4057	
146	25	408863
4676	4334	
147	96	409085
4520	4745	
148	9	466618
3872	4819	3755	
149	22	381463
3511	
150	152	470311
4113	4577	3693	
151	111	467833
3776	3708	4748	
152	106	471229
3396	
153	89	343402
3668	
154	101	386152
4689	3399	
155	144	393514
4512	3761	3400	
156	151	409309
4474	4347	
157	120	474728
4417	
158	134	482108
4530	4082	3780	
159	60	396787
3273	
160	10	486430
4322	
161	156	343983
3271	4684	
162	110	393277
3525	
163	48	474945
4424	3716	
164	40	482709
3325	4164	
165	77	311708
4311	
166	98	486730
3947	4021	
167	98	490392
4417	3662	
168	186	490992
3454	3782	4562	
169	0	401936
3582	3382	3949	
170	189	306238
4396	
171	123	405213
4671	3844	
172	173	495691
4292	4699	
173	27	314424
3515	
174	206	409017
3338	3804	
175	56	553450
3689	3759	
176	177	557498
4461	3576	4048	
177	185	408845
4224	
178	231	394852
3906	
179	71	398419
3567	
180	55	318799
4375	
181	63	494007
4176	3615	
182	126	482986
4704	3642	4637	
183	21	395550
3360	
184	15	324603
4531	
185	145	551952
3849	4451	3945	
186	172	469170
3946	4061	4770	
187	101	422059
3505	4661	
188	14	565666
4296	4568	
189	7	555452
4106	3500	
190	20	468664
4045	4055	
191	59	570457
3923	3834	4791	
192	132	420908
4245	3298	
193	209	486690
3970	3692	3704	
194	37	559708
4022	4256	
195	15	425238
3404	
196	149	480557
4332	3934	
197	159	573799
3438	4418	3342	
198	199	485342
4785	
199	140	429646
4796	4408	
200	225	489493
4151	
201	66	387604
4681	
202	170	429049
3723	
203	207	567698
3341	4762	4390	
204	68	577302
4381	4288	3503	
205	80	488683
3746	3616	
206	85	571629
4098	3260	3931	
207	208	401975
3332	
208	67	491226
3726	4325	4536	
209	35	580922
4305	3620	
210	130	576247
4134	4061	4618	
211	140	470006
4795	3655	
212	222	553579
4055	4292	
213	123	497286
3539	4469	
214	224	580754
3286	3335	4507	
215	50	638984
3524	4230	
216	108	496712
3832	4694	4067	
217	190	554765
4318	3879	4053	
218	12	504606
3653	3796	
219	1	497475
3694	
220	122	642261
3912	3277	
221	60	559499
4734	
222	158	646035
4336	3938	3774	
223	67	557520
3308	4544	3941	
224	186	639349
3692	4664	4427	
225	38	643534
3442	4185	
226	116	473268
4120	
227	83	647163
3629	
228	136	569315
4726	4164	3531	
229	230	507867
3261	
230	123	512668
3829	4801	
231	151	572698
4127	3383	
232	172	567862
4837	3942	4763	
233	89	490321
4787	
234	111	653114
3984	4282	3479	
235	128	655462
3727	4836	4699	
236	83	660211
4749	
237	141	552164
4153	
238	205	493600
4082	
239	66	497989
4389	
240	19	656777
4478	3663	
241	77	517897
4805	
242	215	664811
3702	3372	4600	
243	131	552460
3265	
244	178	668148
4077	3337	
245	87	560385
4519	
246	186	725693
3413	4184	3545	
247	72	660276
3573	3892	3499	
248	91	663546
4668	4213	3270	
249	197	730217
4524	
250	115	734315
4084	3604	4098	
251	40	668278
3509	4732	
252	136	580378
3715	4618	3496	
253	229	742613
4229	4698	
254	33	560903
4230	
255	86	746960
3350	4347	
256	115	751774
3484	3803	4814	
257	36	571371
4617	3302	
258	102	572066
4409	
259	157	726088
4774	3810	
260	35	810597
3885	4823	
261	133	586659
3637	
262	167	730610
3385	4399	4522	
263	128	815179
3332	3400	4582	
264	57	819867
4402	3564	4688	
265	206	583069
3325	3964	
266	82	567100
4423	
267	6	571059
3959	
268	179	739040
4491	4830	
269	133	590727
4068	
270	102	586388
3473	
271	139	587494
4425	
272	31	641592
4586	3864	
273	178	827466
3443	3999	
274	157	742867
4740	3827	
275	11	579840
4041	
276	25	832226
4380	4760	
277	111	747156
4663	3465	4289	
278	138	836144
4659	4810	3918	
279	102	593697
3866	
280	93	602331
3979	3480	
281	199	516270
4393	
282	81	750906
3750	
283	0	640969
3709	4317	3769	
284	154	840195
4450	4567	4051	
285	83	898970
4775	
286	124	638380
3649	
287	205	593706
4753	
288	27	637572
4266	
289	179	755389
4283	4483	
290	118	646342
3470	
291	182	813400
3905	4236	4011	
292	88	817124
3658	4076	3724	
293	72	825461
4681	3952	4737	
294	153	645332
4055	4102	
295	61	903066
4539	4096	
296	46	664463
4638	3240	4537	
297	143	667732
4566	
298	58	666805
3639	
299	61	911017
4043	4351	
300	32	914466
4702	3594	3449	
301	206	675738
4231	3985	
302	93	680299
4561	4399	
303	214	724534
4635	
304	10	919059
4593	
305	206	728060
3526	3362	
306	79	658412
3843	
307	148	829195
4456	3734	
308	61	923612
4729	4553	
309	2	644020
4612	
310	25	928001
4158	4389	
311	139	739949
3833	
312	71	683807
3508	
313	12	743760
3928	3811	
314	96	832942
3840	3747	
315	65	744304
3953	4558	
316	159	986327
4328	4106	4326	
317	130	836908
4565	4553	3966	
318	184	752123
4849	3660	3798	
319	72	841585
3671	4054	4677	
320	42	748636
4276	4332	
321	100	755416
3619	4743	3293	
322	232	813040
4415	3624	
323	25	990589
4767	4262	
324	136	816453
3354	4366	3413	
325	44	899184
4603	3599	
326	47	903034
4360	3387	3850	
327	208	661375
4543	
328	85	911319
3328	4227	4685	
329	197	997938
3749	
330	2	769788
4021	
331	192	1001414
3379	3722	3476	
332	131	773862
4747	
333	178	1006028
4800	4614	
334	192	1009520
4071	4626	3492	
335	115	1013450
4208	3572	3930	
336	41	1071533
4188	4083	
337	66	673649
4738	
338	31	820749
4134	4296	
339	142	812701
3985	3963	
340	33	814804
4408	
341	33	818853
4049	
342	2	810684
3696	
343	176	817353
3327	4652	
344	92	826190
3737	
345	204	815110
4426	
346	123	830031
3791	3841	
347	168	915802
3881	4483	
348	2	818521
3411	
349	15	825380
3259	
350	91	919303
4792	3399	3501	
351	68	1074917
4023	4166	3384	
352	105	829498
3402	4118	3336	
353	36	837095
3403	3665	
354	143	828601
3767	
355	126	835247
3944	4576	4792	
356	157	922668
3375	3365	
357	150	839207
4176	
358	143	842651
3444	
359	87	847051
4400	
360	202	1078998
4155	4081	
361	26	926255
3660	4753	3587	
362	33	841158
4063	
363	229	1087358
4214	4760	
364	34	900331
4683	3931	
365	134	1091544
4804	3814	4186	
366	196	984661
4000	4039	4406	
367	121	912036
3245	4291	
368	84	1095071
4730	4855	3527	
369	74	833789
4291	
370	141	846222
4163	
371	226	915333
3367	3302	3297	
372	179	989286
4615	4625	
373	125	919108
3950	4309	3775	
374	56	1099836
4240	4765	
375	204	841308
4217	
376	69	1158009
3406	4173	
377	195	923345
4806	4601	4237	
378	133	904820
4022	
379	224	993460
4101	4058	4174	
380	50	1000567
4434	3507	
381	133	911845
3425	
382	127	1004007
4034	4423	3440	
383	123	860247
4594	3337	
384	145	1007558
3725	3440	3551	
385	151	927299
3541	3954	
386	219	847744
4283	
387	17	985790
3321	4491	
388	231	915207
3362	
389	51	1012035
4346	4477	
390	22	914040
4050	
391	225	851410
3666	
392	57	1161913
3583	3926	3904	
393	137	990215
4425	
394	230	900475
4287	
395	142	922342
4467	4719	
396	212	998543
4483	4624	4728	
397	142	931382
4809	3336	
398	29	935918
4536	
399	17	1001837
3750	3294	
400	217	1165815
4663	4000	3902	
401	3	903889
4386	3414	
402	132	940091
4254	4173	
403	173	1172837
4500	3422	
404	110	984053
4658	
405	149	988310
4012	4257	
406	38	1177479
3492	4642	
407	28	1182176
4697	
408	11	762752
4509	
409	48	1069433
3709	3398	
410	106	1074035
4602	
411	21	992066
3756	
412	114	944118
4027	
413	2	947266
3979	
414	9	1186950
4293	3820	4774	
415	38	1244870
3861	3920	
416	124	947707
3589	
417	148	1078505
4592	4470	
418	117	1249244
3292	4822	4374	
419	61	1256847
3602	4003	
420	14	1261554
3859	4707	
421	227	1264964
3256	3410	
422	114	984862
4755	
423	28	1268281
3317	
424	195	1007752
4229	4793	3565	
425	187	1272593
4289	3248	4312	
426	162	1012423
3855	4607	
427	124	989372
4510	
428	35	1330166
4770	3573	
429	152	1334769
4169	4573	4603	
430	20	1015137
3750	3466	
431	163	1338987
4395	4293	4218	
432	166	1346603
4541	4016	
433	179	1085654
4285	3549	
434	19	1090005
3288	4351	
435	172	1012240
3859	4351	4424	
436	104	1074948
3336	4232	
437	126	1078999
4799	3302	4051	
438	183	1086768
4169	
439	0	1073441
4022	4564	4241	
440	100	1090283
4052	3750	3515	
441	129	1350051
4786	3448	
442	6	830282
4421	
443	160	1094890
4280	4607	
444	107	834075
3793	
445	201	1094231
4054	4226	
446	129	1353609
3809	3558	
447	232	1098545
3291	3655	
448	80	1079804
4630	3855	
449	165	1086922
3518	
450	17	1157181
3452	4636	
451	41	1358000
4560	4391	
452	50	1097643
4755	3412	
453	45	1415751
4719	3260	3751	
454	29	1035583
3270	
455	93	1090869
3608	4521	
456	67	1164979
4161	4616	4538	
457	181	1099305
3820	
458	108	1088960
3849	3552	3324	
459	152	1420571
4741	3807	4820	
460	67	1172799
4498	3495	4220	
461	70	1032920
4433	4412	
462	194	1100689
4293	3278	
463	63	1156487
3658	4844	
464	142	1107138
4499	4338	
465	136	1176948
3240	4092	4149	
466	194	1159208
3596	4519	
467	52	1160481
3421	3797	3994	
468	143	1111167
4029	
469	138	1424549
3573	4358	3978	
470	195	1184626
3920	3257	3320	
471	48	1164359
4715	3878	
472	108	1163634
3715	4247	4426	
473	79	1242450
3824	
474	122	1171860
3856	3901	
475	197	1431430
3281	
476	21	1030383
3843	
477	124	1118847
4107	
478	126	1245729
3837	3467	3279	
479	184	1250418
3393	3612	4689	
480	4	1176346
4378	4486	
481	190	1171329
3567	3732	4095	
482	30	1434752
3282	3322	
483	73	1181140
3811	3467	4794	
484	56	1439324
3780	4572	
485	33	1120697
3451	
486	216	1175655
3261	4326	
487	38	1443903
4836	4579	
488	170	1175641
3272	
489	134	1502068
3974	4708	4165	
490	148	1184607
4424	3467	
491	154	1506629
4392	3491	4561	
492	112	1266206
4235	3989	
493	47	1243464
3588	3970	4857	
494	173	1511115
3454	4486	
495	70	1115734
4566	4847	
496	24	1184358
4743	
497	216	1242350
3992	3744	
498	101	1166081
3644	4573	
499	73	1247655
3739	4629	4191	
500	163	1518873
4509	4185	4158	
501	81	1250959
3304	
502	102	1119408
3674	
503	45	1523513
3297	4200	4640	
504	24	1191940
3590	
505	89	1196451
4511	
506	55	933540
3714	
507	231	1200369
3918	
508	121	1332806
3734	4215	
509	70	1123016
3279	3608	
510	216	1246372
3449	4022	
511	43	1185384
4043	
512	0	1250010
4567	3316	3638	
513	50	1257891
4582	3332	
514	200	1198139
4857	
515	9	1528137
4760	4843	4624	
516	85	1262199
4502	4704	4308	
517	50	1267008
4471	4809	
518	221	1244834
3912	
519	203	1207402
4792	
520	23	1270697
3500	3721	3689	
521	63	1274255
4784	3558	
522	45	1532176
4042	3509	4039	
523	66	990340
4635	
524	82	998688
4748	
525	35	1590454
3260	4278	
526	198	1261810
4025	
527	15	1162883
4207	
528	38	1594234
4855	3780	
529	143	1249588
4754	
530	153	1266100
3949	4356	
531	145	1331589
4036	3755	3334	
532	132	1257663
4535	4475	
533	203	1270001
3901	
534	153	1342900
4385	4499	
535	146	1015083
3526	
536	29	1262513
4850	
537	115	1598225
4467	4651	3991	
538	31	1347375
4475	4214	
539	185	1190509
4267	
540	6	1023991
4441	
541	145	1335263
3891	3972	3674	
542	65	1199086
4686	3469	
543	223	1351060
3797	3399	3685	
544	26	1355880
4387	3737	4820	
545	65	1247772
4699	4058	
546	24	1271735
4571	
547	210	1605947
4122	
548	82	1070707
3319	
549	116	1075179
4472	
550	227	1609478
3284	3531	
551	96	1359358
3973	3478	
552	138	1613534
4746	3887	4056	
553	189	1078674
3495	
554	35	1616905
4492	3371	
555	170	1280634
4153	
556	32	1674404
3240	3745	3499	
557	70	1206679
4179	4422	
558	95	1259495
4150	
559	38	1678734
3527	4330	
560	155	1418076
4736	3483	4718	
561	215	1682223
4597	3755	3489	
562	198	1270288
4733	
563	42	1273933
4250	3645	
564	126	1355043
3839	4193	3781	
565	131	1355120
4346	
566	210	1689338
3515	
567	14	1693138
4518	3800	
568	68	1697634
4581	3557	4496	
569	127	1422481
3603	4136	4405	
570	100	1359582
3308	3944	4539	
571	219	1279790
3481	
572	30	1700884
4265	3250	
573	141	1276644
4279	
574	42	1417275
4230	4019	
575	63	1429984
3533	3903	
576	116	1097725
4431	
577	166	1705526
3396	4642	
578	144	1431568
4791	4426	4460	
579	210	1764214
4688	
580	5	1434824
3256	
581	60	1438615
3791	
582	77	1264098
4749	
583	185	1280007
3363	
584	221	1328538
3291	
585	92	1436203
4654	
586	90	1768066
3912	3745	3852	
587	220	1443051
4673	3839	4436	
588	227	1776121
3415	4455	
589	141	1328936
4656	
590	71	1343091
3369	
591	19	1434667
3367	4683	
592	185	1332194
3258	
593	119	1440829
4626	
594	20	1336396
4202	4114	
595	202	1779914
4531	3793	
596	200	1445172
4343	
597	5	1447078
4027	
598	196	1517800
4775	3821	4687	
599	189	1160678
3356	
600	141	1348238
3467	
601	161	1783791
4758	3707	3877	
602	67	1417089
3473	3906	3507	
603	136	1421730
4207	3246	4641	
604	90	1788524
4573	4725	4733	
605	102	1356887
4442	
606	228	1343617
3621	
607	148	1521645
4252	3364	
608	36	1526061
4258	4416	
609	135	1361019
4092	4132	
610	204	1365204
4185	
611	107	1185386
4212	
612	184	1530260
3526	4199	4056	
613	229	1792036
4102	3512	
614	226	1589023
4001	4614	4763	
615	211	1850374
4437	4338	
616	208	1192854
3467	
617	78	1602618
4620	3958	
618	183	1593003
3980	
619	208	1196732
3878	
620	221	1367439
3471	
621	201	1525731
4226	4086	
622	223	1607031
4819	3400	4413	
623	110	1369675
4826	
624	57	1854460
3529	3940	4086	
625	13	1347344
3727	
626	146	1244487
3336	
627	228	1351766
4422	
628	47	1611160
3519	4277	4129	
629	73	1615018
4080	4463	3858	
630	184	1619373
3305	3480	4615	
631	57	1862267
4065	3374	4207	
632	118	1431450
4157	
633	193	1866886
4842	4115	4619	
634	110	1435296
3846	
635	78	1690642
4386	4004	
636	111	1619386
4319	4266	4368	
637	169	1694649
3588	4007	
638	140	1435860
4212	4452	
639	206	1698951
3872	4721	
640	81	1677796
4410	
641	190	1698305
4680	3445	3656	
642	103	1871238
4665	4352	
643	112	1677239
3708	3866	
644	21	1359723
4249	
645	148	1703163
4212	3991	
646	76	1681224
3985	
647	34	1684645
3758	3421	
648	186	1874719
4277	4800	3481	
649	66	1273787
3567	
650	111	1761852
3249	3567	4689	
651	129	1879052
4021	4333	
652	214	1448243
4689	
653	107	1280686
3650	
654	57	1937105
4002	3404	4053	
655	196	1776080
4599	4516	3415	
656	86	1941192
4840	4087	
657	176	1461323
4204	4479	
658	25	1949064
4458	4272	
659	203	1779917
3838	
660	98	1780718
3247	4638	
661	68	1953190
4598	4372	4126	
662	67	1701195
3951	4358	3310	
663	75	1518066
4762	
664	41	1956820
4851	3630	
665	175	1458967
3475	
666	179	1784394
3294	3676	
667	139	1783706
3789	
668	95	1522154
4088	
669	53	1960741
4061	3921	
670	168	1788405
3278	4011	
671	231	1509578
3368	
672	72	1847124
4529	4069	4719	
673	213	1787497
3791	
674	55	1328945
4708	
675	184	1792348
4766	4851	3843	
676	18	1850540
3753	4709	4192	
677	215	1964412
4160	4292	3671	
678	160	1854652
3903	4112	
679	199	1535103
4179	
680	112	1862073
4668	3821	
681	65	1543193
4268	3422	
682	204	1462999
4032	
683	49	1760943
4100	4617	
684	16	1764949
3660	4784	4006	
685	190	1768463
4144	4310	3514	
686	171	1541565
3541	3317	
687	156	1551535
3837	3558	
688	12	1855111
4070	4860	
689	200	1863393
4682	
690	199	1588651
4716	
691	154	2022283
3527	3500	3871	
692	49	1776315
3544	4252	
693	26	1851613
3992	4003	4489	
694	13	1596833
4179	
695	229	2026726
4212	4443	
696	177	2034241
4208	3748	3915	
697	104	1874125
4239	4804	
698	76	1878286
4161	
699	129	2037703
4261	3462	
700	181	1549309
3532	
701	21	1609313
4672	
702	7	1856399
3626	4786	
703	106	1864139
4140	
704	83	2042182
4479	
705	126	1935586
3792	3326	3300	
706	153	1866776
3595	3383	
707	125	1939476
3379	4536	3890	
708	85	1867503
4749	4638	3364	
709	73	1871821
3356	4441	4318	
710	75	1617952
4103	
711	76	1942973
3497	
712	103	2045450
3810	3268	
713	55	1367271
4598	
714	116	1371404
4133	
715	137	1951311
4738	
716	22	1608536
3883	
717	118	1612387
3851	
718	47	1876266
3337	4275	4445	
719	200	1879515
4023	
720	217	2049727
4645	3904	4277	
721	49	1784428
3314	3852	
722	170	1612533
3241	
723	176	1624893
4459	4524	
724	97	1955996
4465	4303	4685	
725	133	1629355
4462	
726	143	1633579
4224	
727	100	1959833
4397	3271	3837	
728	182	1934647
3592	3532	4381	
729	203	1883719
4204	
730	163	2108381
4440	3348	4654	
731	191	2020467
4047	3286	
732	217	2112219
3632	3831	3838	
733	18	2023709
3274	4598	3242	
734	135	1684348
3556	3592	
735	171	1674193
4228	4682	
736	25	2115745
3489	3526	
737	170	1679023
4830	
738	132	1683235
3990	4212	
739	31	2028017
4553	4308	
740	188	1692027
3272	
741	208	1434902
4127	
742	64	1939312
3283	3349	4665	
743	194	1937517
4527	4317	
744	222	2035697
4108	4080	
745	96	1943400
4201	4088	
746	116	1443242
4232	
747	62	2039354
3403	4426	3657	
748	54	1698149
3946	
749	27	1449930
3285	
750	192	2122737
3579	4491	3392	
751	228	1707952
4796	
752	124	1690694
3859	
753	15	1696385
4011	
754	164	1897103
3650	4304	
755	73	1950889
4000	4092	3889	
756	79	2044068
4714	
757	9	2126967
3430	3666	4230	
758	37	1954301
4180	3412	
759	139	1941596
3821	
760	102	1700819
4434	
761	168	1958430
3314	4129	
762	117	2130950
3259	3752	3983	
763	170	1697905
3897	
764	216	1949553
4326	3945	
765	116	1457865
3935	
766	51	1962203
3910	3773	
767	218	1953232
3605	3679	
768	111	2019882
4012	4453	3679	
769	37	2023577
3626	3695	
770	70	1712897
4630	4563	
771	221	1710035
3351	
772	219	1715953
4335	
773	185	1712651
4163	
774	94	2134690
3711	4538	3740	
775	216	1956889
3850	3657	
776	106	2028305
4728	
777	113	2107149
3549	4170	4543	
778	98	2035921
3854	4016	
779	8	1961452
3840	4563	
780	155	2039285
4657	4134	3364	
781	110	1764112
3655	
782	87	1722043
4447	
783	16	1965412
3586	3446	3960	
784	224	2043458
4113	4853	4173	
785	155	2046723
4837	3452	3265	
786	170	1726167
4124	
787	145	2050755
3989	3724	4032	
788	193	2193373
4781	4423	4683	
789	180	2110561
4185	4110	3412	
790	94	2197217
3452	3365	3844	
791	76	2122048
4522	
792	119	1960961
4217	
793	206	1964582
4453	3621	
794	161	2201461
3290	3459	4244	
795	184	2126189
3296	4620	4141	
796	94	2209634
4279	3998	4573	
797	74	1792306
3646	
798	171	1777326
3479	3969	
799	230	1972882
3680	
800	79	2134039
3852	
801	160	2137615
3409	3576	
802	100	2196072
4497	4542	4457	
803	114	1780718
3392	
804	96	2108403
3654	3648	
805	80	1980065
3816	3774	
806	120	2213385
3751	
807	151	2200612
3527	4540	
808	35	2216766
3565	3381	
809	167	2113039
4222	3736	4636	
810	206	1986852
3322	3260	
811	3	2023211
3904	3959	
812	120	2221276
4510	
813	181	1784697
3979	
814	123	2027162
4301	3951	
815	149	1803784
4660	4215	
816	146	1541686
3542	
817	185	1847286
3902	
818	108	2027366
4760	3318	4218	
819	180	2207454
4493	4369	3242	
820	190	2034397
3880	3931	3431	
821	66	1602790
4771	
822	158	2120454
3614	4188	3815	
823	175	1855991
4517	
824	209	2211898
3863	4662	4444	
825	176	1862593
4229	3758	
826	60	2038545
4148	
827	80	2039807
4224	4383	
828	9	2279842
4752	4720	4566	
829	42	2042560
4159	4015	
830	103	2283109
3275	3267	
831	10	2287894
4785	
832	150	1865893
3300	
833	157	2123834
3943	3380	
834	92	2043168
3361	
835	122	2127675
4431	3841	
836	134	2295273
3941	4245	3779	
837	103	2298913
3396	3640	
838	135	1870639
4295	4377	
839	134	2303121
3874	3561	4208	
840	7	2131881
3935	4206	
841	160	2224146
3384	4442	
842	33	2050503
3951	
843	56	2306793
4113	3672	
844	148	2135777
3876	3896	
845	228	1884681
4523	
846	100	2281744
3436	4458	3598	
847	199	1893569
4430	
848	145	2193225
4201	4112	3448	
849	64	2197821
4458	3344	4596	
850	61	2365251
3426	4458	
851	2	1886825
3695	
852	187	2369324
4127	3836	4073	
853	154	2373965
3961	4636	4641	
854	189	1622095
3670	
855	97	2293628
3928	4747	3648	
856	168	2201944
3452	4123	
857	112	2298378
3385	4750	
858	48	2208938
4796	3394	
859	33	2058470
4091	
860	151	2301896
4612	3518	
861	45	2382179
3262	3799	4614	
862	184	2309154
3486	3889	3459	
863	92	2106922
4289	
864	108	2050977
4251	3950	4581	
865	202	2385492
4822	3313	
866	64	2213579
4618	3244	4641	
867	128	2389334
4074	4196	3842	
868	82	1675054
4286	
869	29	1885267
3994	
870	117	2393529
3855	4421	4195	
871	107	1679460
4406	
872	127	2217546
4752	3785	3967	
873	134	2396948
4302	3242	3419	
874	53	2455800
3821	4852	
875	81	2221888
4342	
876	169	2123865
4169	3365	
877	68	2459756
4299	4220	3956	
878	82	1683697
4237	
879	60	2127515
3650	
880	119	2128413
4549	
881	21	1960694
4276	
882	117	2468166
4829	3768	4810	
883	217	2472284
3898	3455	4118	
884	173	2476985
3869	4701	
885	76	2370295
3899	
886	25	2480885
4085	3900	
887	222	2373750
3613	3455	
888	60	2132099
4584	
889	228	1968112
3549	
890	145	2280672
3389	3604	4784	
891	162	2380690
4526	3340	
892	70	1976728
3788	3894	
893	208	1698763
4065	
894	100	2385469
4712	4442	4779	
895	61	2538176
3891	3291	
896	27	1707590
4115	
897	135	1985350
3491	4731	
898	158	2284232
3788	3807	3560	
899	22	1979674
3267	
900	40	2288579
4524	4347	
901	122	2296103
3630	3924	
902	53	2542200
4359	4024	
903	121	2390257
3746	4788	
904	77	2025616
4059	
905	90	2547003
3576	3545	4803	
906	34	2393894
3716	3637	
907	184	2451923
4724	4575	4029	
908	53	2554389
3476	3786	
909	40	2300675
4328	4572	
910	113	2456048
4701	4435	4125	
911	220	2135888
3399	3852	3789	
912	194	2196883
3316	4483	
913	230	2151795
3542	
914	0	2201290
4260	4474	4407	
915	7	2304270
4825	3595	
916	57	2558990
4708	4715	4601	
917	67	2459289
4805	4498	3241	
918	28	2563418
4428	
919	197	2566895
3477	
920	15	2052828
3330	
921	43	2159557
3288	
922	214	2053977
4486	
923	169	2208637
4375	3747	
924	155	2308101
3623	3411	3831	
925	133	2044735
4086	
926	3	2200897
4685	4565	
927	49	2212666
3339	4029	
928	10	2625499
4604	
929	186	2628840
4590	4470	3341	
930	1	2028981
3446	
931	141	2062222
4622	
932	128	2632988
4303	4176	4148	
933	4	2366215
3300	4114	
934	103	2639840
4512	3252	
935	68	2644200
3907	4578	4360	
936	138	2648355
3553	3589	4155	
937	219	2121735
4132	
938	100	2475075
4655	4025	4127	
939	167	2370037
4412	3297	3822	
940	32	2651657
3807	3914	3302	
941	34	2479926
3436	4851	
942	32	2655142
3539	4185	3485	
943	6	1775539
3537	
944	60	2281687
3625	
945	224	2374571
4514	4557	4534	
946	120	2712586
3444	
947	49	2285997
4525	4310	
948	1	2133912
3740	
949	9	2716521
3664	3691	3935	
950	35	2720605
4161	4084	
951	62	2538623
4315	3524	4697	
952	149	2142420
4150	4817	
953	221	2056494
4770	
954	172	2293259
3271	3839	3662	
955	194	2297367
4032	4108	
956	96	2381472
4036	3301	
957	66	1786565
3440	
958	145	2385318
4425	3990	3846	
959	86	2728374
4451	4169	
960	63	2389057
3658	3739	
961	14	2731674
3375	3300	
962	59	2736074
3678	3720	4400	
963	114	2064202
3869	
964	109	2393917
3906	3914	4860	
965	149	2154322
3984	4491	
966	93	2149532
4299	4517	
967	65	2193583
4668	3374	
968	84	2740504
3609	4253	4430	
969	51	2397538
4663	3621	
970	199	2198201
4618	
971	99	2546497
3369	3423	
972	188	2202363
4162	
973	147	2554375
4506	4620	4278	
974	173	2799275
4317	4771	
975	183	2554159
4116	
976	120	2803593
4318	
977	229	2806965
3686	3372	
978	47	2558684
4593	3245	4309	
979	153	2215471
4511	3697	
980	62	2558537
3242	3365	4378	
981	48	2562144
4255	3460	
982	124	2157070
3852	
983	221	2193516
4046	
984	125	2562054
3526	3721	3517	
985	99	2566892
4764	4748	
986	111	2570262
3514	3433	3370	
987	182	2627705
3961	3313	3443	
988	32	2815303
3905	4439	4738	
989	60	2368525
3846	
990	150	2213858
3866	
991	1	2223356
4849	
992	160	2625020
3973	4202	
993	220	2372773
4020	4719	4248	
994	4	2631269
4205	3564	
995	106	2635089
3820	
996	4	2642744
3427	4055	
997	145	2646361
3939	4632	3617	
998	28	2818801
3498	
999	92	2223460
4016	
1000	20	2234081
3908	4594	
1001	128	2822938
4446	4184	4137	
1002	204	2242338
4497	
1003	129	2826536
4743	3598	
1004	66	1863559
4150	
1005	5	2385664
4548	
1006	228	2238385
4304	
1007	83	2885081
4545	
1008	184	2629203
4645	4652	4183	
1009	1	2242439
4054	
1010	166	2888339
3843	3258	
1011	156	2246196
4080	3757	
1012	84	2892820
4534	3636	4481	
1013	179	2650332
3687	3971	
1014	96	2654649
4847	4317	
1015	29	2222480
3865	
1016	227	2901260
3953	4840	
1017	99	2711959
3377	3310	
1018	161	2904910
3441	4825	3650	
1019	11	1884123
4666	
1020	210	2908593
3683	
1021	28	2913446
4853	
1022	157	2716587
4773	4628	
1023	176	2293644
4270	3632	
1024	33	2285613
3522	
1025	225	2287858
4415	
1026	160	2639505
4199	3325	
1027	137	2643677
4172	
1028	42	2393328
3489	4028	
1029	79	2648213
4536	
1030	80	2297777
4134	3975	
1031	66	1892953
4057	
1032	76	2651929
3716	
1033	148	2720976
4381	4389	
1034	135	2282721
3379	4030	
1035	166	2971927
4696	4481	
1036	159	2975449
4240	4843	3522	
1037	196	2728960
3718	4320	4384	
1038	191	2655761
3244	3832	
1039	151	2713266
3597	3505	
1040	213	2313553
3478	
1041	125	2718006
4199	4555	4740	
1042	1	2307575
4829	
1043	227	2978958
4264	3509	
1044	122	2733033
4800	4073	
1045	193	2986907
4700	4661	4349	
1046	106	2736428
3395	
1047	93	2305206
3711	3593	
1048	186	2991363
3671	3297	4456	
1049	105	2728849
4785	4349	3946	
1050	147	2739771
4614	4019	3343	
1051	121	2733493
4607	4644	
1052	179	2797623
4629	3852	
1053	206	2322702
3337	4542	
1054	157	2801544
4293	3921	
1055	180	2738322
3296	4285	4829	
1056	54	2321643
3686	
1057	91	2805087
3693	4055	3543	
1058	122	2813483
4652	4796	
1059	162	2742494
4566	4172	
1060	105	2800585
4491	4045	4091	
1061	45	2995679
4711	4477	4316	
1062	231	2309109
3903	
1063	4	2817830
3797	4347	
1064	91	2821766
4672	4391	3936	
1065	28	2999965
4286	
1066	179	2825393
3993	3627	
1067	104	2812591
4303	3929	
1068	190	2455661
3979	4481	4314	
1069	46	2460132
3927	3985	4471	
1070	114	2389915
4503	
1071	166	3057314
4670	3349	
1072	35	3060873
3449	3559	
1073	97	2817352
3998	4161	4761	
1074	201	2829405
3254	4012	
1075	9	3065476
4844	3473	4603	
1076	34	2820840
4115	3488	
1077	113	2825631
3253	3421	4791	
1078	73	2887022
3590	3251	3617	
1079	71	2398107
4077	
1080	53	3073403
4638	4327	
1081	166	3078068
3284	4665	
1082	49	2539995
3820	4263	
1083	104	2829333
4217	3702	
1084	152	3082893
4081	3841	4825	
1085	158	2890651
4179	4119	3629	
1086	161	3086224
3262	4838	3331	
1087	121	2887194
3521	3861	
1088	95	2403642
4808	
1089	169	2544640
4692	4645	
1090	172	2625042
4628	4625	4802	
1091	185	2409472
3627	
1092	45	3144453
3321	4050	4229	
1093	20	2452372
3293	3321	
1094	208	2047362
3347	
1095	116	2051447
4085	
1096	177	3148816
3857	3857	4363	
1097	55	2055300
3853	
1098	104	2902211
3435	3510	
1099	187	3153495
4002	3351	4679	
1100	70	2409784
3498	3939	
1101	75	2468398
4567	
1102	20	2473107
3607	4709	
1103	169	2631891
4764	3498	
1104	16	2711709
3961	3286	4218	
1105	102	2414239
4455	
1106	32	3160657
3976	4449	3562	
1107	9	3164291
3403	3274	3634	
1108	12	2479187
4840	4190	
1109	101	2483850
4663	3414	
1110	21	2484103
4436	
1111	123	2487834
4790	3984	
1112	111	2894236
4063	3653	3585	
1113	189	2111166
3915	
1114	175	2419073
4834	
1115	64	2902114
3456	4809	4278	
1116	83	3168555
4264	
1117	204	2455301
3828	
1118	130	2905589
4439	3344	3378	
1119	217	3173300
4491	3479	4745	
1120	187	3230726
3619	4604	3426	
1121	86	3235067
4383	4341	
1122	160	2913442
3827	3504	
1123	2	2496284
4487	
1124	196	2909304
4526	3748	3715	
1125	22	2540323
4400	
1126	133	2414697
3474	
1127	37	2913559
4387	4255	
1128	109	2972245
4673	3903	4686	
1129	107	2124198
4759	
1130	92	2540243
3608	
1131	43	2544312
4069	
1132	212	2972152
3501	3304	4710	
1133	96	2976604
4413	4359	
1134	33	2552456
4544	
1135	209	2976443
3439	3834	4291	
1136	133	2455412
4412	
1137	48	2980191
3355	3587	
1138	198	2801170
4808	
1139	18	2980413
4429	4496	3970	
1140	176	2563226
3352	4579	
1141	90	3239723
4264	3625	4656	
1142	170	2570218
3367	
1143	47	2988501
4221	4564	4710	
1144	3	2570346
4544	3783	
1145	204	2548353
4529	
1146	78	2573777
3633	3431	
1147	149	2574351
3315	4498	
1148	87	2573859
3641	
1149	72	2991903
4426	3496	3402	
1150	222	2988346
4488	4333	
1151	223	2996032
3501	4104	4129	
1152	15	2556552
4599	
1153	196	3000694
4633	4364	4662	
1154	106	3058695
4001	
1155	14	3247048
4479	3725	
1156	2	2559938
3386	
1157	126	2992279
4285	3470	3933	
1158	23	3062758
4704	4106	4063	
1159	43	2590202
3253	
1160	87	2629537
3424	
1161	140	2563791
3636	3853	
1162	162	2995727
4803	3448	
1163	222	3000529
4732	4802	
1164	193	3250636
3611	3341	3588	
1165	106	3067077
4319	
1166	9	3254995
3809	3834	4359	
1167	158	3075066
4807	4798	4389	
1168	92	2626669
4067	
1169	136	3058840
4185	3266	4311	
1170	30	3258376
3847	3381	
1171	83	3317011
4635	
1172	221	2641699
4715	
1173	33	2630648
3979	
1174	23	3078734
4114	4229	3668	
1175	158	3082612
3576	4035	3878	
1176	158	3086921
4416	3595	4309	
1177	117	3320406
3632	3608	3395	
1178	206	2658238
4101	3669	
1179	137	3062519
3679	
1180	136	3066688
4214	3529	4169	
1181	93	2667147
4138	4695	
1182	86	3325061
4170	4655	
1183	139	2661600
3362	
1184	151	3078988
4073	4530	
1185	189	2196740
4166	
1186	61	3331994
3712	3333	
1187	68	3335640
4040	3447	3646	
1188	70	2670167
3294	4003	
1189	20	2714869
4638	3805	
1190	108	2888939
4445	3485	3834	
1191	155	3144940
4117	4070	4019	
1192	158	3148516
4726	3453	3576	
1193	215	3339445
4483	4498	3805	
1194	79	3083409
4421	
1195	0	2893575
4400	3902	4636	
1196	52	3152100
3341	4308	3584	
1197	55	2216004
4584	
1198	142	2740554
4196	4360	
1199	166	3342912
3485	3467	
1200	162	3087901
3496	4492	
1201	72	3159027
3824	4224	3327	
1202	208	2222947
3458	
1203	27	2226677
3730	
1204	213	2739683
3489	
1205	214	2748720
4506	
1206	124	2748475
3697	
1207	60	2972960
3785	
1208	223	3163846
4261	3484	4819	
1209	27	2234905
3967	
1210	49	2977682
4006	4722	
1211	21	2730731
4458	
1212	111	3167788
4374	4342	3942	
1213	22	2752813
4093	
1214	30	3346491
4795	3579	
1215	24	2761857
4245	
1216	14	3405142
3387	4651	
1217	143	2798788
4531	
1218	224	3172415
3846	3468	4627	
1219	147	3231175
4304	4467	4760	
1220	49	3061323
4492	3574	
1221	160	3145948
4455	4047	
1222	154	3409875
3888	4558	4733	
1223	116	2286218
3451	
1224	175	2764649
3498	
1225	50	3234910
3562	3735	
1226	190	3065397
4228	3963	4074	
1227	64	3238658
4036	3944	3748	
1228	62	3157539
4562	3635	3433	
1229	178	3417648
3663	4173	
1230	120	3421010
3362	
1231	145	3246298
3548	4308	4040	
1232	188	2804954
4658	
1233	92	2754895
3711	
1234	22	2807380
3537	
1235	210	3424419
3409	
1236	139	2758637
3742	
1237	157	3249943
3344	3645	
1238	211	3427828
3583	3409	
1239	97	3161777
3821	3962	4238	
1240	2	2820626
4409	
1241	198	3072885
3888	
1242	179	3253281
4009	3338	
1243	184	3166332
4209	3809	4555	
1244	221	2814734
4800	
1245	143	2818844
4110	
1246	132	2822088
4386	3244	
1247	159	3431384
4623	4569	3556	
1248	149	2827558
4539	4493	
1249	68	3489825
4557	3318	4441	
1250	90	3493824
3242	3596	3999	
1251	122	3257881
3433	4600	
1252	50	3261367
4522	3486	
1253	139	2831580
4039	
1254	35	3497440
3640	3616	
1255	184	3170521
3711	3449	4189	
1256	63	3319274
3643	3907	
1257	68	3504989
3533	4850	3949	
1258	48	3323838
4721	4564	
1259	63	3331182
3622	3744	
1260	135	2828543
3479	4277	
1261	180	3229367
4197	3986	4846	
1262	213	2839174
3348	
1263	18	3232749
4595	3749	3382	
1264	165	2843136
3962	
1265	50	3334998
3370	3816	
1266	61	3509038
4251	4049	
1267	138	3513636
3636	4247	4598	
1268	136	3244179
3789	4229	3583	
1269	181	2838304
4415	
1270	1	2891579
3304	
1271	223	3339463
3445	4420	4465	
1272	198	3076343
3458	
1273	129	3518492
4624	4856	
1274	113	3247796
4203	4596	3617	
1275	219	2898904
3725	
1276	94	3576649
3693	3780	4157	
1277	199	2902384
3480	
1278	160	3254866
4812	3290	
1279	187	3580212
4218	3829	3563	
1280	94	3584135
4495	3554	3923	
1281	28	3591697
3962	
1282	118	2903146
3279	
1283	129	3595323
4745	3626	
1284	83	3599032
3709	
1285	108	3148066
3726	3690	4525	
1286	43	2908453
3381	
1287	127	3344246
3690	3955	4783	
1288	3	2916302
4081	4159	
1289	96	3347650
3515	3404	
1290	137	3316343
3923	
1291	83	3603192
4160	
1292	215	3661336
3252	3552	4144	
1293	165	2921110
4808	
1294	0	3159793
3808	3627	4172	
1295	215	3664999
3653	3334	3663	
1296	188	2914000
3883	
1297	163	3668461
3772	3290	3462	
1298	155	3405513
4564	3460	3863	
1299	164	2928696
4420	3959	
1300	40	3409640
3833	4127	
1301	89	2922468
4776	
1302	216	3164070
3362	4277	
1303	201	3417385
4702	4145	
1304	85	3421154
4043	4587	3769	
1305	57	3671987
4454	4663	3526	
1306	104	3323246
4265	3613	
1307	74	2975197
4496	
1308	107	2391166
3527	
1309	78	2979360
4426	3370	
1310	232	3331595
4616	4749	
1311	56	3679651
4583	4064	
1312	191	3336276
4738	4681	
1313	86	3683587
4811	3936	
1314	203	2987490
4530	
1315	41	3688032
4254	4445	
1316	23	3425657
3278	4261	4503	
1317	20	2992073
4497	4149	
1318	224	3429280
4304	4200	3623	
1319	100	3345405
4124	3582	4318	
1320	58	3000908
4531	
1321	135	3000009
3662	3632	
1322	24	2976272
4618	
1323	205	2403740
4788	
1324	87	2980495
4223	
1325	23	3432692
3967	4190	3412	
1326	47	3491080
3737	4054	4388	
1327	155	3494916
3528	4144	3836	
1328	206	3012506
4333	3335	
1329	38	3692379
4583	4347	
1330	26	3503066
3603	3470	4550	
1331	73	3507920
4366	4467	4854	
1332	194	3230437
4629	3916	
1333	190	3234789
3542	3415	4352	
1334	151	3403155
3456	3750	
1335	11	2454760
3512	
1336	3	3061018
3628	3560	
1337	203	3065838
4820	
1338	155	3511473
3604	4850	3553	
1339	113	3407104
4173	3351	3949	
1340	154	3697106
4843	4624	4727	
1341	107	2471051
4220	
1342	70	3064615
4058	4294	
1343	86	3701618
3727	4512	
1344	188	3020570
4461	
1345	52	3516141
3920	3551	4668	
1346	216	3239435
3821	4646	
1347	11	2483534
4505	
1348	225	3059998
3477	
1349	229	3705308
4790	3690	
1350	40	3519825
3932	3684	
1351	136	3423872
3688	4775	4817	
1352	194	3247476
3285	4441	
1353	162	3427514
3645	3642	
1354	197	3709260
3952	
1355	157	3577178
4105	3353	
1356	116	2492208
4569	
1357	192	3713243
4396	3748	3983	
1358	84	3717377
3456	4541	4134	
1359	215	3721052
3447	4783	3675	
1360	74	3076967
3977	
1361	128	3724393
4271	3483	3341	
1362	186	3729212
3784	3564	4819	
1363	46	3260613
3499	4471	4848	
1364	208	2538787
3523	
1365	49	3318844
3492	4231	
1366	117	3751943
4337	3611	4731	
1367	228	3079552
4129	
1368	212	3489068
4538	4696	3990	
1369	102	3095034
4010	
1370	10	3756119
4176	
1371	215	3763394
4523	4114	3675	
1372	222	3492521
4470	3453	
1373	120	3768209
4815	
1374	158	3581974
4038	4544	4796	
1375	99	3589333
4285	3759	
1376	103	3771771
4116	3562	
1377	184	3503856
4307	4586	3450	
1378	151	3507918
3446	4062	
1379	26	3594000
3446	4404	4667	
1380	1	3151110
3372	
1381	49	3323483
3893	4639	
1382	216	3331488
4283	4405	
1383	125	3511451
3259	3766	3533	
1384	29	3103901
4229	
1385	214	3151323
4543	
1386	230	3151198
4383	
1387	155	3597535
3741	3612	3535	
1388	84	3776069
3635	4651	4298	
1389	52	3601776
4550	3986	4241	
1390	29	3108207
4306	
1391	212	3515531
3405	4446	4080	
1392	59	3780196
4299	3264	4127	
1393	146	2566426
3826	
1394	218	3340310
3530	4171	
1395	0	3344813
3864	3721	4503	
1396	37	3605063
4015	3287	
1397	49	3403559
4499	4746	
1398	154	3784831
3590	4389	4635	
1399	160	3577802
3642	3882	
1400	109	3662832
4173	3662	3769	
1401	12	3177669
3437	4079	
1402	165	3181999
4330	
1403	8	3407893
4287	4334	
1404	172	3412317
3312	4613	4424	
1405	208	2582073
4572	
1406	196	3666312
4719	4204	3480	
1407	204	3178604
4200	
1408	157	3671138
4617	4826	
1409	202	3788993
3734	4162	
1410	174	3189719
3714	3516	
1411	128	3793155
4586	3470	4162	
1412	213	3193423
3704	
1413	146	2634664
4640	
1414	222	3581615
4758	3813	
1415	31	3585157
4312	3542	
1416	185	3185795
3406	
1417	200	3233866
3731	
1418	166	3796742
4201	3587	
1419	88	3679212
3693	4327	4474	
1420	212	3592859
3267	3810	4102	
1421	79	3597105
4246	
1422	98	3683205
3647	3993	
1423	29	3152919
4037	
1424	96	3687033
3432	3828	
1425	185	3232640
3978	
1426	77	3229822
4170	
1427	132	3160692
3516	4173	
1428	51	3690537
3346	3504	
1429	138	3800669
3298	3578	3927	
1430	199	3232981
4473	
1431	37	3748710
3807	4173	
1432	142	3237051
3996	4411	
1433	20	3244755
4518	3863	
1434	102	3236678
3510	
1435	22	3249583
4829	
1436	111	3752308
4795	4567	3598	
1437	180	3604969
3808	3776	4286	
1438	116	2666800
3765	
1439	58	3253570
3987	
1440	59	3803976
4769	4721	3307	
1441	152	3808635
4438	3904	4659	
1442	174	3257782
4106	4212	
1443	198	3419684
3767	
1444	118	3261633
3957	
1445	51	3756912
4668	4604	
1446	20	3320171
3394	4571	
1447	224	3764630
4400	3887	4118	
1448	121	3662311
3800	3342	
1449	166	3812308
4322	3673	
1450	94	3834865
4441	4379	4557	
1451	156	3323986
3411	3815	
1452	178	3839491
3465	4626	
1453	20	3331509
3255	3923	
1454	53	3843067
4084	3576	
1455	59	3850463
4471	4431	3796	
1456	50	3769116
4096	4486	
1457	227	3853766
4667	3303	
1458	229	3858486
4007	4720	
1459	100	3670419
3974	4519	3729	
1460	62	3677449
4172	4651	3430	
1461	229	3862329
4771	3843	
1462	12	3315638
3347	4330	
1463	40	3772437
3273	3321	
1464	222	3681283
3947	3834	
1465	224	3775708
4102	3729	3271	
1466	35	3866581
3360	4252	
1467	15	3333184
3454	
1468	184	3685058
4115	4166	3775	
1469	200	3331991
4494	
1470	175	3337282
4098	
1471	82	2747439
3935	
1472	203	3336822
4831	
1473	2	3341729
4447	
1474	169	3424466
4757	4782	
1475	90	3870435
4758	4431	3854	
1476	20	3344247
3287	4135	
1477	3	3345132
3389	3553	
1478	131	3349091
3959	
1479	100	3689363
4310	3963	4305	
1480	110	3334512
3779	
1481	193	3874953
4265	3747	4518	
1482	214	3338042
3530	
1483	65	3406047
3607	3837	
1484	129	3878563
4616	3610	
1485	170	3270612
4471	
1486	153	3352348
3702	3257	
1487	73	3834049
3931	3887	4341	
1488	168	3838058
4389	4009	
1489	211	3882742
3368	4179	
1490	223	3842265
3874	3247	4207	
1491	32	3886942
3279	4858	4200	
1492	89	3281818
3449	
1493	16	3491355
4503	3726	3415	
1494	10	3891359
4417	
1495	131	3363963
4481	
1496	212	3748143
3819	4423	4780	
1497	41	3896055
3668	4696	
1498	148	3849237
4118	3372	
1499	211	3900495
3871	4440	
1500	142	3357814
3614	4564	
1501	66	2823137
4269	
1502	111	3852659
4143	3332	3422	
1503	123	3404041
4426	3560	
1504	227	3921759
4480	3264	
1505	132	3364765
3303	3619	
1506	112	3751457
4028	3314	
1507	122	3856208
3804	3549	
1508	2	3361804
3470	
1509	52	3859497
3638	3603	3289	
1510	58	3360146
3282	
1511	53	3926254
3836	4495	
1512	41	3930960
4647	4706	
1513	166	3937907
4525	3347	
1514	232	3755152
4282	3695	
1515	150	3405410
3598	
1516	114	3410126
4716	
1517	79	3762665
3913	
1518	208	2886266
3494	
1519	166	3941677
4153	3770	
1520	48	3863012
4616	3515	
1521	65	3433000
4413	4356	
1522	139	3407417
3376	
1523	1	3490570
3570	
1524	26	3921243
4780	3967	4231	
1525	108	3496205
3654	3464	4850	
1526	1	3502869
4732	
1527	110	3424728
3291	
1528	44	3925576
4412	4333	
1529	11	2900951
3278	
1530	115	3946511
3551	3548	4834	
1531	2	3368667
3399	
1532	197	3949996
3485	
1533	100	3767256
3834	3385	4591	
1534	211	3953690
4111	3694	
1535	92	3411375
3958	
1536	223	3929178
4161	3382	3602	
1537	46	3503357
4247	3847	3552	
1538	88	3936624
3528	4264	3846	
1539	196	3941091
4398	4390	4467	
1540	205	2920438
4413	
1541	155	3945710
3679	3801	4619	
1542	204	3441980
4806	
1543	30	3957870
4724	4180	
1544	102	3446231
4251	
1545	63	3950184
3998	4474	
1546	85	4007792
3623	3566	3608	
1547	43	3437292
3919	
1548	100	3771051
3427	4371	3795	
1549	88	4011868
3487	3406	4076	
1550	9	3962186
3976	3699	4316	
1551	83	3966337
4151	
1552	180	3774814
4728	3353	3763	
1553	161	3970273
4027	4061	3936	
1554	110	3444985
3957	
1555	77	3449609
3378	
1556	212	3778198
3955	3326	3384	
1557	89	3445865
3870	
1558	215	3973943
3571	4381	3670	
1559	90	3978540
4121	4199	4597	
1560	206	3496921
3602	4810	
1561	36	3505191
4803	4670	
1562	151	3835680
4834	3482	
1563	33	3514850
4825	
1564	129	3982728
4109	4188	
1565	82	2994605
3556	
1566	165	3518107
3257	
1567	59	3986332
4305	3828	3604	
1568	202	4008530
3488	4198	
1569	203	3522237
4130	
1570	5	3510821
3355	
1571	36	3525754
3477	3517	
1572	209	3839604
3909	4801	3924	
1573	216	3514617
4816	3796	
1574	13	3583888
4541	
1575	21	3590747
3259	
1576	17	3843961
4128	4357	
1577	16	3595330
4040	4016	4583	
1578	212	3851180
4160	3966	3619	
1579	93	3527918
3856	4088	
1580	209	3855691
4147	3480	4511	
1581	100	3859100
4035	4727	3409	
1582	31	3863390
3450	4290	
1583	40	4015922
4459	4054	
1584	168	4023726
4461	4204	
1585	5	3598751
3421	
1586	215	4012555
3474	4517	4025	
1587	58	3579061
4154	
1588	184	3921240
3930	3965	3850	
1589	209	3925584
4163	4270	4344	
1590	75	3603255
3765	
1591	69	4016332
4639	3777	
1592	232	3929972
4482	4388	
1593	7	4027235
4123	3509	
1594	105	3937441
4180	3623	3869	
1595	68	4023183
4575	3424	3251	
1596	89	3583450
3871	
1597	50	4031707
4754	4472	
1598	121	3941150
3984	3709	
1599	161	4026901
3391	3298	3718	
1600	19	4035748
3575	4041	
1601	153	3603158
4357	3524	
1602	75	3665662
3548	
1603	182	4093482
3278	4201	3734	
1604	10	4031210
4309	
1605	36	3615667
3829	4275	
1606	135	3608176
3861	4637	
1607	21	3670433
4771	
1608	5	3603399
4648	
1609	214	3619797
4576	
1610	93	3664157
4652	4828	
1611	207	4097181
4439	4437	3699	
1612	126	3944883
3413	4231	3733	
1613	61	4035972
4316	4762	
1614	229	4040236
4035	4264	
1615	207	4100728
3550	3497	3547	
1616	168	4108730
3698	4402	
1617	71	3683614
3893	
1618	17	3948532
4027	3649	
1619	22	3679786
4697	
1620	211	4043774
4043	3538	
1621	213	3628388
4787	
1622	73	4113526
3782	4534	4796	
1623	93	3691599
3748	3942	
1624	88	4116888
4675	4591	3362	
1625	11	3085394
4131	
1626	156	3755453
3563	4829	
1627	129	4048084
3256	4310	
1628	203	3669245
3923	
1629	132	3695359
4679	3760	
1630	152	4051569
3719	4393	3485	
1631	75	3834362
3309	
1632	219	3838154
3792	
1633	112	4007120
3662	4588	
1634	24	3698690
3331	
1635	85	4121030
4480	4510	4142	
1636	29	3707074
3874	
1637	84	4056273
4778	4685	4704	
1638	155	4124293
4503	4415	3263	
1639	52	4182292
4236	3864	3999	
1640	171	3711424
3890	4350	
1641	41	4059638
3472	3365	
1642	21	3925344
4064	
1643	44	4186750
4324	4458	
1644	125	4011958
4403	4007	4838	
1645	55	3166318
3976	
1646	67	4016280
4536	3561	4322	
1647	5	3670186
4846	
1648	81	4195109
4759	
1649	113	4024261
4646	4573	4381	
1650	180	4028598
3245	3761	4337	
1651	133	3762508
3727	
1652	157	4199440
3550	4331	
1653	9	4063792
4017	3427	4154	
1654	213	3696660
3977	
1655	51	4203882
3516	4442	
1656	17	4032515
3341	3917	
1657	19	4207453
4486	3571	
1658	165	3701102
4442	
1659	225	4016063
3924	
1660	143	3765981
3473	
1661	228	4096508
4845	
1662	133	3770482
4501	
1663	212	4036880
4068	3822	4365	
1664	117	4067629
4162	3874	3837	
1665	113	4094854
3734	3639	3974	
1666	81	4211822
4369	
1667	160	4098559
4801	3705	
1668	123	3763334
3299	3328	
1669	198	3678005
4219	
1670	169	3767332
3998	3444	
1671	125	4101851
4640	3796	3292	
1672	47	4269747
3993	3946	3925	
1673	29	3774090
3608	
1674	205	3233629
3955	
1675	68	4179723
3664	3818	3793	
1676	208	3237268
3639	
1677	18	4183992
4340	4270	3399	
1678	206	3775783
3783	4505	
1679	128	4184283
3659	3451	4560	
1680	197	4187837
3554	
1681	81	4273289
3542	
1682	33	3779414
3631	
1683	122	4281495
3390	4606	
1684	186	4267326
4265	3805	4042	
1685	35	4271402
4700	4076	
1686	45	4276030
3686	3424	4628	
1687	60	3770609
3277	
1688	179	4286147
4680	4652	
1689	12	3786396
3354	3296	
1690	126	4275101
4494	3832	4429	
1691	119	3791187
4791	
1692	181	3791685
4513	
1693	81	4290548
4401	
1694	147	4295282
4854	4405	4734	
1695	164	3795001
4138	3814	
1696	95	4275755
3654	
1697	107	3245078
4210	
1698	113	4282226
4095	4269	3525	
1699	30	4283316
4138	3686	
1700	180	4286484
4010	4241	4258	
1701	121	4290146
3297	3662	
1702	121	4293801
4638	3655	
1703	134	4352641
3943	4839	4398	
1704	182	4352963
4652	4530	3681	
1705	11	3253370
4282	
1706	133	3843761
4104	
1707	163	4356167
3467	3368	3526	
1708	37	4356854
3612	3891	
1709	202	4360531
4689	4364	
1710	129	4368775
4532	4644	
1711	164	3854604
3724	4409	
1712	230	3858545
3941	
1713	95	4287069
3473	
1714	203	3862878
4333	
1715	67	4359941
4688	3423	3933	
1716	230	3867683
4805	
1717	170	3854631
3847	
1718	70	3783791
4245	4447	
1719	19	4361568
4422	4714	
1720	109	4369832
3516	4496	4664	
1721	31	4367982
3737	4441	
1722	185	3854324
3876	
1723	18	4372483
3837	4096	4501	
1724	101	3876014
3447	4594	
1725	141	3865820
4212	
1726	144	4283898
3761	3366	3665	
1727	188	4295585
4420	
1728	134	4377010
4292	4527	3440	
1729	22	3870533
4713	
1730	124	3867070
3651	
1731	216	4288470
4581	4572	
1732	88	4374540
4552	4108	4708	
1733	20	4303814
4038	4121	
1734	81	4378614
4074	
1735	119	3883604
4224	
1736	212	4381107
4169	4543	4097	
1737	113	4438927
4470	3674	3820	
1738	57	4381052
3767	4581	4042	
1739	116	3330151
3708	
1740	65	4307063
3600	3249	
1741	165	3926128
3317	
1742	85	4382199
4349	4457	3585	
1743	92	3930783
4655	
1744	41	4438846
4317	3794	
1745	231	3884464
4039	
1746	107	3337817
3317	
1747	172	4293203
3415	3437	4733	
1748	73	4440811
3834	4501	4612	
1749	167	4444563
4484	4095	3752	
1750	119	3943388
4504	
1751	138	4442940
3725	3928	4013	
1752	27	3349350
4284	
1753	9	4447020
4524	4523	4080	
1754	155	4449405
3637	3700	4842	
1755	137	4447302
4447	
1756	28	4454788
4168	
1757	185	3945181
3243	
1758	175	3945979
3978	
1759	99	4456598
3667	3593	
1760	171	3928587
4353	4561	
1761	197	4458295
3507	
1762	22	3948633
3452	
1763	185	3952163
3530	
1764	124	3936001
3814	
1765	106	4461362
4764	
1766	226	4459410
4110	3538	4841	
1767	93	3956487
4324	4084	
1768	61	4463021
3545	4726	
1769	82	3361170
3357	
1770	148	4465413
3996	4051	
1771	23	4469337
4440	3522	3924	
1772	132	3960774
3801	4287	
1773	10	4467103
4082	
1774	103	4525659
4568	4556	
1775	133	3964748
3974	
1776	232	4462740
3647	3330	
1777	214	3964713
4579	
1778	180	4467431
3989	4413	4691	
1779	114	3969512
4764	
1780	132	3972837
3740	3325	
1781	69	4529293
4342	3634	
1782	224	4528195
3874	3596	4858	
1783	133	4013427
3848	
1784	59	4532851
4119	3724	3558	
1785	169	4368039
3476	4422	
1786	24	4016918
3491	
1787	159	4540354
3339	4812	3903	
1788	113	4525644
3326	4562	4213	
1789	22	4016271
4758	
1790	154	4544066
3722	4761	3712	
1791	70	4016723
4542	4811	
1792	73	4531775
4442	4395	3580	
1793	116	3439769
3705	
1794	169	4372797
4199	4758	
1795	203	4028402
3459	
1796	81	4540035
4660	
1797	198	4376697
3900	
1798	163	4547318
4333	3896	3252	
1799	95	4356724
3841	
1800	166	4551469
4143	4151	
1801	18	4541903
3911	3825	4002	
1802	164	4032805
3829	4403	
1803	37	4544229
3734	4194	
1804	61	4555652
3336	4183	
1805	215	4614306
3423	4463	4654	
1806	2	4027974
4315	
1807	170	4040250
3843	
1808	134	4618758
4163	4088	4452	
1809	176	4048171
3837	3758	
1810	125	4550140
4022	4410	4149	
1811	200	4041254
4715	
1812	146	3490950
3416	
1813	101	4045874
4234	4620	
1814	10	4626231
3873	
1815	156	4372519
3525	3960	
1816	141	4047910
4472	
1817	55	3499185
4710	
1818	111	4548874
4584	3465	4645	
1819	126	4554823
3315	4709	4683	
1820	46	4380213
4371	4187	3516	
1821	43	4049377
3503	
1822	230	4054202
4825	
1823	81	4552725
3851	
1824	96	4556052
3756	3327	
1825	141	4098549
3353	
1826	134	4630645
3828	3575	4414	
1827	210	4633932
3287	
1828	205	3510950
3581	
1829	176	4103524
3797	4499	
1830	199	4380171
3896	
1831	146	3515104
4154	
1832	26	4613558
3615	3758	3506	
1833	136	4616136
4460	3366	3738	
1834	231	4111473
4349	
1835	146	3519570
4466	
1836	6	3523980
4410	
1837	24	4115423
3950	
1838	210	4637728
3796	
1839	183	4620253
4117	
1840	79	4627228
3375	
1841	161	4642491
4011	3809	4763	
1842	209	4631716
3993	4114	4488	
1843	3	4121869
3570	3734	
1844	213	4125190
3321	
1845	35	4700127
4794	3636	
1846	126	4635746
4172	4559	4030	
1847	13	4387601
3672	
1848	214	4125676
3490	
1849	163	4704018
3734	3326	3891	
1850	212	4643283
4801	4577	4211	
1851	229	4707426
3737	3408	
1852	123	4128649
4120	3459	
1853	32	4715831
3636	3600	4805	
1854	8	4443353
3346	4553	
1855	40	4617309
3528	3751	
1856	30	4719760
4763	3929	
1857	204	4137617
3406	
1858	215	4723571
3727	4718	3811	
1859	16	4448112
4693	3347	4759	
1860	184	4701024
4456	3639	3741	
1861	51	4621388
4223	4079	
1862	116	3579756
4475	
1863	122	4629757
3438	4769	
1864	92	4198444
4521	
1865	230	4203101
4657	
1866	61	4727568
3848	3997	
1867	86	4785557
4007	3989	
1868	170	4185317
3724	
1869	86	4789867
3862	4310	
1870	13	4402084
4352	
1871	64	4633454
3361	3708	3697	
1872	18	4716914
3420	3376	4421	
1873	136	4721214
3449	3578	4300	
1874	47	4637055
4260	4748	3601	
1875	178	4794541
3841	4674	
1876	11	3583680
3924	
1877	68	4802900
4656	3896	4759	
1878	67	4725987
4732	3887	4773	
1879	77	4211829
3706	
1880	85	4641906
4428	4660	4851	
1881	142	4216981
3912	3439	
1882	138	4807146
3754	4614	4246	
1883	40	4699790
3339	3884	
1884	200	4212279
3378	
1885	45	4811699
3590	4572	4553	
1886	216	4456067
3801	4355	
1887	80	4220930
3949	3784	
1888	201	4703715
4535	3925	
1889	63	4707628
4354	3913	
1890	117	4815874
4034	4410	4175	
1891	230	4229551
4211	
1892	38	4874731
3524	4857	
1893	180	4793611
3475	3528	4438	
1894	8	4460068
4497	4001	
1895	38	4879045
3276	4314	
1896	7	4715672
4375	4444	
1897	196	4720045
4825	4347	4373	
1898	202	4887052
4328	4407	
1899	129	4891436
3841	4384	
1900	161	4896281
4076	3425	4845	
1901	110	4280607
3243	
1902	26	4723829
3829	3329	3784	
1903	185	4287862
3426	
1904	37	4727641
4391	3812	
1905	221	4267519
3819	
1906	143	4271776
4257	
1907	24	4276435
4659	
1908	48	4785023
3795	3382	
1909	14	4900027
3396	3746	
1910	126	4800857
4157	4469	3646	
1911	179	4788688
4199	3665	
1912	176	4304553
4426	4540	
1913	73	4792200
4300	3939	3512	
1914	97	4805235
4705	4715	4378	
1915	164	4352788
3985	4697	
1916	164	4357390
4661	4246	
1917	181	4308433
3880	
1918	43	4360928
3538	
1919	8	4468740
3432	4831	
1920	158	4799557
4257	4750	3757	
1921	49	4526089
3601	3349	
1922	229	4958363
3787	4336	
1923	12	4369012
3764	3443	
1924	26	4803040
3849	3363	3483	
1925	214	4376800
3940	
1926	164	4380966
3899	4166	
1927	12	4385540
3298	4574	
1928	56	4962337
4818	3974	
1929	134	4966596
4480	3352	4259	
1930	105	4812640
4829	3338	4053	
1931	128	4973576
4305	3426	3380	
1932	118	4396868
3737	
1933	149	4475273
4432	4664	
1934	89	4357820
3902	
1935	223	4807229
3899	4423	4189	
1936	133	4361468
3648	
1937	227	4976917
4095	3341	
1938	86	5475955
4514	3511	
1939	192	5480510
4300	3593	4555	
1940	16	4533307
4721	3663	3625	
1941	4	4810711
3792	3482	
1942	18	5480468
3435	4065	4514	
1943	100	5484432
3409	3862	3964	
1944	192	5485049
4543	3620	4539	
1945	158	4814991
3647	4514	4280	
1946	195	5491791
3836	3346	3759	
1947	198	4544800
4273	
1948	119	4393861
3898	
1949	101	4468484
4553	4508	
1950	115	5493143
4623	3401	4494	
1951	55	3676858
4754	
1952	9	5497520
3656	4568	4377	
1953	178	5500825
4167	3305	
1954	7	4873481
3276	4490	
1955	200	4472404
3920	
1956	210	5504660
3835	
1957	74	4471906
3431	
1958	131	4475710
3306	
1959	70	4476140
4766	4234	
1960	175	4479434
3294	
1961	11	3685733
4109	
1962	142	4480115
4406	4699	
1963	219	4540573
4299	
1964	89	4483559
3444	
1965	101	4484677
4855	3730	
1966	6	3689532
3799	
1967	70	4483611
3318	4177	
1968	75	4545334
4761	
1969	136	5496618
4261	4044	4827	
1970	87	4487217
3658	
1971	100	5499990
3288	4334	3372	
1972	75	4552935
3267	
1973	51	4877220
3705	3739	
1974	186	5562833
4490	4651	4173	
1975	40	4885484
4236	4664	
1976	136	5563206
4270	3497	4565	
1977	38	5566937
3362	4104	
1978	15	4546260
3557	
1979	231	4527245
3392	
1980	96	4889243
3401	3759	
1981	167	4894044
3297	4823	4801	
1982	94	5571663
3434	4525	4726	
1983	112	5571037
3987	3306	
1984	189	3699454
3316	
1985	43	4487990
3313	
1986	124	4533938
3259	
1987	137	5579114
4477	
1988	100	5583704
3337	4811	4590	
1989	151	5587321
3651	3617	
1990	134	5591697
3782	3524	4376	
1991	52	4898584
4245	3750	4540	
1992	86	5649561
4715	3420	
1993	161	5654091
3787	4442	4530	
1994	7	4902038
3913	3454	
1995	205	3754165
3742	
1996	191	5654332
4262	4772	
1997	200	4528452
4411	
1998	50	4960797
3998	4759	
1999	220	4621196
3745	3337	4773	
2000	218	4628192
4261	3396	
2001	16	4632780
4833	3482	4588	
2002	26	4964577
3524	3405	3780	
2003	72	4972108
3937	4176	3931	
2004	108	4636161
4102	3631	3381	
2005	106	4975839
3731	
2006	38	5657442
4140	3351	
2007	42	4639959
4551	3798	
2008	57	5665311
4597	4807	4269	
2009	123	4535844
4356	3394	
2010	105	5658601
3835	4619	4269	
2011	69	5668962
4008	3651	
2012	227	5672250
4693	3288	
2013	106	4979387
3548	
2014	230	4544082
4638	
2015	31	5666332
3881	4131	
2016	97	5670847
4751	3634	4515	
2017	74	4611752
3307	
2018	214	4612682
3539	
2019	94	5675550
4601	4581	3300	
2020	230	4551273
3310	
2021	89	4568489
3281	
2022	73	4983329
4480	3815	3942	
2023	198	4698779
4820	
2024	152	5679249
3998	4121	3699	
2025	203	4558498
3410	
2026	227	5737795
3274	4546	
2027	171	4572475
3446	3986	
2028	43	4562520
4022	
2029	231	4576991
4516	
2030	162	5678721
3617	3293	
2031	205	3781682
3535	
2032	65	4635808
4622	3820	
2033	146	3785790
4108	
2034	67	5737018
3749	4150	4297	
2035	110	4621818
4514	
2036	216	4702793
4189	4014	
2037	33	4565894
3374	
2038	166	5741790
3978	3995	
2039	202	5745364
4505	3574	
2040	211	5752704
3987	3740	
2041	150	4629379
4062	
2042	98	4987455
3490	4126	
2043	169	4706908
4276	4115	
2044	53	5756467
4768	3763	
2045	100	5741226
3473	4652	4208	
2046	151	5749251
4655	4425	
2047	208	3849216
4521	
2048	143	4633211
3832	
2049	156	4649777
3868	4549	
2050	11	3857424
4340	
2051	93	4636922
4633	3711	
2052	227	5760046
4187	3579	
2053	115	5764125
3868	3794	4079	
2054	82	3864971
3679	
2055	41	5821459
4146	3334	
2056	204	4634602
4178	
2057	47	5045292
4283	3315	3837	
2058	139	4638483
4149	
2059	14	5825770
4798	4311	
2060	50	5049153
3832	3861	
2061	30	5829518
4748	3748	
2062	173	5837615
3340	4497	
2063	86	5842262
3623	4647	
2064	34	5756537
3370	3663	
2065	67	5761316
3831	4416	4779	
2066	105	5764628
3478	4295	3312	
2067	121	5823075
3853	4447	
2068	101	4650078
4249	3910	
2069	142	4661139
4067	3743	
2070	138	5846070
3276	3677	3808	
2071	92	4653441
3363	
2072	151	5830481
3373	3729	
2073	108	4714419
3939	3939	3911	
2074	207	5053500
3894	3309	4347	
2075	62	5837476
3572	3294	3395	
2076	189	3924575
4768	
2077	129	5849635
4580	3565	
2078	126	5842249
3652	4338	4773	
2079	140	4649429
3914	3299	
2080	162	5847008
4123	4759	
2081	175	4653014
3585	
2082	125	5851285
3700	3597	4277	
2083	130	5909149
4079	3748	4049	
2084	69	5907744
3362	4109	
2085	217	5912307
3749	3549	4563	
2086	139	4700723
4121	
2087	226	5913584
3384	3790	4551	
2088	22	4656795
3266	
2089	108	4723113
4267	4328	4114	
2090	74	4700332
3251	
2091	69	5916277
4600	3970	
2092	100	5917255
3654	4413	3671	
2093	0	4727963
3984	3509	4850	
2094	110	4704858
4479	
2095	9	5924572
4279	3567	4695	
2096	52	5913452
4486	4639	4303	
2097	134	5928098
4403	3695	3526	
2098	82	3954931
3351	
2099	59	5932825
4065	4776	4727	
2100	127	5918306
4253	4280	4854	
2101	124	4720442
3324	
2102	20	4720678
4569	3301	
2103	3	4715430
4480	3345	
2104	210	5936978
4153	
2105	89	4724138
3696	
2106	92	4719342
3912	
2107	77	4713062
4354	
2108	1	4725141
4463	
2109	60	4789485
3242	
2110	42	4793872
4225	4387	
2111	167	5926003
3617	3273	4097	
2112	48	5930166
3856	4163	
90
9469	4545
66364	31854
83250	39960
309352	148488
678151	325512
1427153	685033
2948965	1415503
5954068	2857952
11813914	5670678
40653	19513
45636	21904
58716	28183
304754	146281
834782	400695
2195164	1053678
5631039	2702898
14137955	6786218
34922095	16762605
332	159
62123	29818
62593	30044
224724	107867
481461	231101
990251	475320
1990300	955344
3913574	1878515
7568602	3632928
10886	5225
21814	10470
24481	11750
94362	45293
211968	101744
457102	219408
961975	461748
1981278	951013
4014321	1926874
24625	11820
25687	12330
41475	19908
215150	103272
589120	282777
1548593	743324
3980875	1910820
10009668	4804640
24751077	11880516
11545	5541
26320	12633
44546	21382
175303	84145
399274	191651
873018	419048
1859844	892725
3879178	1862005
7961722	3821626
1582	759
51520	24729
71649	34391
221858	106491
430672	206722
802584	385240
1466492	703916
2619229	1257229
4598405	2207234
5142	2468
9228	4429
14654	7033
37052	17784
62837	30161
102304	49105
162235	77872
251907	120915
384909	184756
41980	20150
44774	21491
53293	25580
146596	70366
262979	126229
452888	217386
760003	364801
1248636	599345
2018606	968930
32680	15686
80864	38814
105875	50820
373749	179399
791773	380051
1610250	772920
3226005	1548482
6309640	3028627
12120901	5818032
4
30
66.5
17.375
22.25
141
32400	43200
46800	79200
118800	129600
133200	165600
205200	216000
219600	252000
291600	302400
306000	338400
378000	388800
392400	424800
464400	475200
478800	511200
550800	561600
565200	597600
637200	648000
651600	684000
723600	734400
738000	770400
810000	820800
824400	856800
896400	907200
910800	943200
982800	993600
997200	1029600
1069200	1080000
1083600	1116000
1155600	1166400
1170000	1202400
1242000	1252800
1256400	1288800
1328400	1339200
1342800	1375200
1414800	1425600
1429200	1461600
1501200	1512000
1515600	1548000
1587600	1598400
1602000	1634400
1674000	1684800
1688400	1720800
1760400	1771200
1774800	1807200
1846800	1857600
1861200	1893600
1933200	1944000
1947600	1980000
2019600	2030400
2034000	2066400
2106000	2116800
2120400	2152800
2192400	2203200
2206800	2239200
2278800	2289600
2293200	2325600
2365200	2376000
2379600	2412000
2451600	2462400
2466000	2498400
2538000	2548800
2552400	2584800
2624400	2635200
2638800	2671200
2710800	2721600
2725200	2757600
2797200	2808000
2811600	2844000
2883600	2894400
2898000	2930400
2970000	2980800
2984400	3016800
3056400	3067200
3070800	3103200
3142800	3153600
3157200	3189600
3229200	3240000
3243600	3276000
3315600	3326400
3330000	3362400
3402000	3412800
3416400	3448800
3488400	3499200
3502800	3535200
3574800	3585600
3589200	3621600
3661200	3672000
3675600	3708000
3747600	3758400
3762000	3794400
3834000	3844800
3848400	3880800
3920400	3931200
3934800	3967200
4006800	4017600
4021200	4053600
4093200	4104000
4107600	4140000
4179600	4190400
4194000	4226400
4266000	4276800
4280400	4312800
4352400	4363200
4366800	4399200
4438800	4449600
4453200	4485600
4525200	4536000
4539600	4572000
4611600	4622400
4626000	4658400
4698000	4708800
4712400	4744800
4784400	4795200
4798800	4831200
4870800	4881600
4885200	4917600
4957200	4968000
4971600	5004000
5043600	5054400
5058000	5090400
5130000	5140800
5144400	5176800
5216400	5227200
5230800	5263200
5302800	5313600
5317200	5349600
5389200	5400000
5403600	5436000
5475600	5486400
5490000	5522400
5562000	5572800
5576400	5608800
5648400	5659200
5662800	5695200
5734800	5745600
5749200	5781600
5821200	5832000
5835600	5868000
5907600	5918400
5922000	5954400
5994000	6004800
6008400	6040800
1000000000	2000000000
55555555555555555555
55555555555555555555
66666666663311664466
66666666666666666666
66666666666666667766
66662266666666666666
33333333333333330033
33333333113333330033
33333333333333333377
33333333333388333333
141
32400	43200
46800	79200
118800	129600
133200	165600
205200	216000
219600	252000
291600	302400
306000	338400
378000	388800
392400	424800
464400	475200
478800	511200
550800	561600
565200	597600
637200	648000
651600	684000
723600	734400
738000	770400
810000	820800
824400	856800
896400	907200
910800	943200
982800	993600
997200	1029600
1069200	1080000
1083600	1116000
1155600	1166400
1170000	1202400
1242000	1252800
1256400	1288800
1328400	1339200
1342800	1375200
1414800	1425600
1429200	1461600
1501200	1512000
1515600	1548000
1587600	1598400
1602000	1634400
1674000	1684800
1688400	1720800
1760400	1771200
1774800	1807200
1846800	1857600
1861200	1893600
1933200	1944000
1947600	1980000
2019600	2030400
2034000	2066400
2106000	2116800
2120400	2152800
2192400	2203200
2206800	2239200
2278800	2289600
2293200	2325600
2365200	2376000
2379600	2412000
2451600	2462400
2466000	2498400
2538000	2548800
2552400	2584800
2624400	2635200
2638800	2671200
2710800	2721600
2725200	2757600
2797200	2808000
2811600	2844000
2883600	2894400
2898000	2930400
2970000	2980800
2984400	3016800
3056400	3067200
3070800	3103200
3142800	3153600
3157200	3189600
3229200	3240000
3243600	3276000
3315600	3326400
3330000	3362400
3402000	3412800
3416400	3448800
3488400	3499200
3502800	3535200
3574800	3585600
3589200	3621600
3661200	3672000
3675600	3708000
3747600	3758400
3762000	3794400
3834000	3844800
3848400	3880800
3920400	3931200
3934800	3967200
4006800	4017600
4021200	4053600
4093200	4104000
4107600	4140000
4179600	4190400
4194000	4226400
4266000	4276800
4280400	4312800
4352400	4363200
4366800	4399200
4438800	4449600
4453200	4485600
4525200	4536000
4539600	4572000
4611600	4622400
4626000	4658400
4698000	4708800
4712400	4744800
4784400	4795200
4798800	4831200
4870800	4881600
4885200	4917600
4957200	4968000
4971600	5004000
5043600	5054400
5058000	5090400
5130000	5140800
5144400	5176800
5216400	5227200
5230800	5263200
5302800	5313600
5317200	5349600
5389200	5400000
5403600	5436000
5475600	5486400
5490000	5522400
5562000	5572800
5576400	5608800
5648400	5659200
5662800	5695200
5734800	5745600
5749200	5781600
5821200	5832000
5835600	5868000
5907600	5918400
5922000	5954400
5994000	6004800
6008400	6040800
1000000000	2000000000
55555555555555555555
55555555555555555555
66666666663311664466
66666666666666666666
66666666666666667766
66662266666666666666
33333333333333330033
33333333113333330033
33333333333333333377
33333333333388333333
134
32400	43200
46800	86400
118800	129600
133200	172800
205200	216000
219600	259200
291600	302400
306000	345600
378000	388800
392400	432000
464400	475200
478800	518400
550800	561600
565200	604800
637200	648000
651600	691200
723600	734400
738000	777600
810000	820800
824400	864000
896400	907200
910800	950400
982800	993600
997200	1036800
1069200	1080000
1083600	1123200
1155600	1166400
1170000	1209600
1242000	1252800
1256400	1296000
1328400	1339200
1342800	1382400
1414800	1425600
1429200	1468800
1501200	1512000
1515600	1555200
1587600	1598400
1602000	1641600
1674000	1684800
1688400	1728000
1760400	1771200
1774800	1814400
1846800	1857600
1861200	1900800
1933200	1944000
1947600	1987200
2019600	2030400
2034000	2073600
2106000	2116800
2120400	2160000
2192400	2203200
2206800	2246400
2278800	2289600
2293200	2332800
2365200	2376000
2379600	2419200
2451600	2462400
2466000	2505600
2538000	2548800
2552400	2592000
2624400	2635200
2638800	2678400
2710800	2721600
2725200	2764800
2797200	2808000
2811600	2851200
2883600	2894400
2898000	2937600
2970000	2980800
2984400	3024000
3056400	3067200
3070800	3088800
3142800	3153600
3157200	3175200
3229200	3240000
3243600	3261600
3315600	3326400
3330000	3348000
3402000	3412800
3416400	3434400
3488400	3499200
3502800	3520800
3574800	3585600
3589200	3607200
3661200	3672000
3747600	3758400
3834000	3844800
3920400	3931200
4006800	4017600
4093200	4104000
4179600	4190400
4266000	4276800
4280400	4320000
4352400	4363200
4366800	4406400
4438800	4449600
4453200	4492800
4525200	4536000
4539600	4579200
4611600	4622400
4626000	4665600
4698000	4708800
4712400	4752000
4784400	4795200
4798800	4838400
4870800	4881600
4885200	4910400
4957200	4968000
4971600	4996800
5043600	5054400
5058000	5083200
5130000	5140800
5144400	5169600
5216400	5227200
5230800	5256000
5302800	5313600
5317200	5342400
5389200	5400000
5403600	5428800
5475600	5486400
5490000	5529600
5562000	5572800
5576400	5616000
5648400	5659200
5662800	5702400
5734800	5745600
5749200	5788800
5821200	5832000
5835600	5875200
5907600	5918400
5922000	5961600
5994000	6004800
6008400	6048000
1000000000	2000000000
55555555555555555555
55555555555555555555
66666666663311664466
66666666666666666666
66666666666666667766
66662266666666666666
33333333333333330033
33333333113333330033
33333333333333333377
33333333333388333333
141
32400	43200
46800	86400
118800	129600
133200	172800
205200	216000
219600	259200
291600	302400
306000	345600
378000	388800
392400	432000
464400	475200
478800	518400
550800	561600
565200	604800
637200	648000
651600	691200
723600	734400
738000	777600
810000	820800
824400	864000
896400	907200
910800	950400
982800	993600
997200	1036800
1069200	1080000
1083600	1123200
1155600	1166400
1170000	1209600
1242000	1252800
1256400	1296000
1328400	1339200
1342800	1382400
1414800	1425600
1429200	1468800
1501200	1512000
1515600	1555200
1587600	1598400
1602000	1641600
1674000	1684800
1688400	1728000
1760400	1771200
1774800	1814400
1846800	1857600
1861200	1900800
1933200	1944000
1947600	1987200
2019600	2030400
2034000	2073600
2106000	2116800
2120400	2160000
2192400	2203200
2206800	2246400
2278800	2289600
2293200	2332800
2365200	2376000
2379600	2419200
2451600	2462400
2466000	2505600
2538000	2548800
2552400	2592000
2624400	2635200
2638800	2678400
2710800	2721600
2725200	2764800
2797200	2808000
2811600	2851200
2883600	2894400
2898000	2937600
2970000	2980800
2984400	3024000
3056400	3067200
3070800	3110400
3142800	3153600
3157200	3196800
3229200	3240000
3243600	3283200
3315600	3326400
3330000	3369600
3402000	3412800
3416400	3456000
3488400	3499200
3502800	3542400
3574800	3585600
3589200	3628800
3661200	3672000
3675600	3715200
3747600	3758400
3762000	3801600
3834000	3844800
3848400	3888000
3920400	3931200
3934800	3974400
4006800	4017600
4021200	4060800
4093200	4104000
4107600	4147200
4179600	4190400
4194000	4233600
4266000	4276800
4280400	4320000
4352400	4363200
4366800	4406400
4438800	4449600
4453200	4492800
4525200	4536000
4539600	4579200
4611600	4622400
4626000	4665600
4698000	4708800
4712400	4752000
4784400	4795200
4798800	4838400
4870800	4881600
4885200	4924800
4957200	4968000
4971600	5011200
5043600	5054400
5058000	5097600
5130000	5140800
5144400	5184000
5216400	5227200
5230800	5270400
5302800	5313600
5317200	5356800
5389200	5400000
5403600	5443200
5475600	5486400
5490000	5529600
5562000	5572800
5576400	5616000
5648400	5659200
5662800	5702400
5734800	5745600
5749200	5788800
5821200	5832000
5835600	5875200
5907600	5918400
5922000	5961600
5994000	6004800
6008400	6048000
1000000000	2000000000
55555555555555555555
55555555555555555555
66666666663311664466
66666666666666666666
66666666666666667766
66662266666666666666
33333333333333330033
33333333113333330033
33333333333333333377
33333333333388333333
141
32400	43200
46800	86400
118800	129600
133200	172800
205200	216000
219600	259200
291600	302400
306000	345600
378000	388800
392400	432000
464400	475200
478800	518400
550800	561600
565200	604800
637200	648000
651600	691200
723600	734400
738000	777600
810000	820800
824400	864000
896400	907200
910800	950400
982800	993600
997200	1036800
1069200	1080000
1083600	1123200
1155600	1166400
1170000	1209600
1242000	1252800
1256400	1296000
1328400	1339200
1342800	1382400
1414800	1425600
1429200	1468800
1501200	1512000
1515600	1555200
1587600	1598400
1602000	1641600
1674000	1684800
1688400	1728000
1760400	1771200
1774800	1814400
1846800	1857600
1861200	1900800
1933200	1944000
1947600	1987200
2019600	2030400
2034000	2073600
2106000	2116800
2120400	2160000
2192400	2203200
2206800	2246400
2278800	2289600
2293200	2332800
2365200	2376000
2379600	2419200
2451600	2462400
2466000	2505600
2538000	2548800
2552400	2592000
2624400	2635200
2638800	2678400
2710800	2721600
2725200	2764800
2797200	2808000
2811600	2851200
2883600	2894400
2898000	2937600
2970000	2980800
2984400	3024000
3056400	3067200
3070800	3110400
3142800	3153600
3157200	3196800
3229200	3240000
3243600	3283200
3315600	3326400
3330000	3369600
3402000	3412800
3416400	3456000
3488400	3499200
3502800	3542400
3574800	3585600
3589200	3628800
3661200	3672000
3675600	3715200
3747600	3758400
3762000	3801600
3834000	3844800
3848400	3888000
3920400	3931200
3934800	3974400
4006800	4017600
4021200	4060800
4093200	4104000
4107600	4147200
4179600	4190400
4194000	4233600
4266000	4276800
4280400	4320000
4352400	4363200
4366800	4406400
4438800	4449600
4453200	4492800
4525200	4536000
4539600	4579200
4611600	4622400
4626000	4665600
4698000	4708800
4712400	4752000
4784400	4795200
4798800	4838400
4870800	4881600
4885200	4932000
4957200	4968000
4971600	5018400
5043600	5054400
5058000	5104800
5130000	5140800
5144400	5191200
5216400	5227200
5230800	5277600
5302800	5313600
5317200	5364000
5389200	5400000
5403600	5450400
5475600	5486400
5490000	5529600
5562000	5572800
5576400	5616000
5648400	5659200
5662800	5702400
5734800	5745600
5749200	5788800
5821200	5832000
5835600	5875200
5907600	5918400
5922000	5961600
5994000	6004800
6008400	6048000
1000000000	2000000000
55555555555555555555
55555555555555555555
66666666663311664466
66666666666666666666
66666666666666667766
66662266666666666666
33333333333333330033
33333333113333330033
33333333333333333377
33333333333388333333
134
32400	43200
46800	86400
118800	129600
133200	172800
205200	216000
219600	259200
291600	302400
306000	345600
378000	388800
392400	432000
464400	475200
478800	518400
550800	561600
565200	604800
637200	648000
651600	691200
723600	734400
738000	777600
810000	820800
824400	864000
896400	907200
910800	950400
982800	993600
997200	1036800
1069200	1080000
1083600	1123200
1155600	1166400
1170000	1209600
1256400	1274400
1342800	1360800
1429200	1447200
1515600	1533600
1602000	1620000
1688400	1706400
1774800	1792800
1846800	1857600
1861200	1900800
1933200	1944000
1947600	1987200
2019600	2030400
2034000	2073600
2106000	2116800
2120400	2160000
2192400	2203200
2206800	2246400
2278800	2289600
2293200	2332800
2365200	2376000
2379600	2419200
2451600	2462400
2466000	2505600
2538000	2548800
2552400	2592000
2624400	2635200
2638800	2678400
2710800	2721600
2725200	2764800
2797200	2808000
2811600	2851200
2883600	2894400
2898000	2937600
2970000	2980800
2984400	3024000
3056400	3067200
3070800	3110400
3142800	3153600
3157200	3196800
3229200	3240000
3243600	3283200
3315600	3326400
3330000	3369600
3402000	3412800
3416400	3456000
3488400	3499200
3502800	3542400
3574800	3585600
3589200	3628800
3661200	3672000
3675600	3715200
3747600	3758400
3762000	3801600
3834000	3844800
3848400	3888000
3920400	3931200
3934800	3974400
4006800	4017600
4021200	4060800
4093200	4104000
4107600	4147200
4179600	4190400
4194000	4233600
4266000	4276800
4280400	4320000
4352400	4363200
4366800	4406400
4438800	4449600
4453200	4492800
4525200	4536000
4539600	4579200
4611600	4622400
4626000	4665600
4698000	4708800
4712400	4752000
4784400	4795200
4798800	4838400
4870800	4881600
4885200	4924800
4957200	4968000
4971600	5011200
5043600	5054400
5058000	5097600
5130000	5140800
5144400	5184000
5216400	5227200
5230800	5270400
5302800	5313600
5317200	5356800
5389200	5400000
5403600	5443200
5475600	5486400
5490000	5529600
5562000	5572800
5576400	5616000
5648400	5659200
5662800	5702400
5734800	5745600
5749200	5788800
5821200	5832000
5835600	5875200
5907600	5918400
5922000	5961600
5994000	6004800
6008400	6048000
1000000000	2000000000
55555555555555555555
55555555555555555555
66666666663311664466
66666666666666666666
66666666666666667766
66662266666666666666
33333333333333330033
33333333113333330033
33333333333333333377
33333333333388333333
134
32400	43200
46800	64800
118800	129600
133200	151200
205200	216000
219600	237600
291600	302400
306000	324000
378000	388800
392400	410400
464400	475200
478800	496800
550800	561600
565200	583200
637200	648000
651600	669600
723600	734400
738000	756000
810000	820800
824400	842400
896400	907200
910800	928800
982800	993600
997200	1015200
1069200	1080000
1083600	1101600
1155600	1166400
1170000	1188000
1242000	1252800
1256400	1274400
1328400	1339200
1342800	1360800
1414800	1425600
1429200	1447200
1501200	1512000
1515600	1533600
1587600	1598400
1602000	1620000
1674000	1684800
1688400	1706400
1760400	1771200
1774800	1792800
1846800	1857600
1861200	1879200
1933200	1944000
1947600	1965600
2019600	2030400
2034000	2052000
2106000	2116800
2120400	2138400
2192400	2203200
2206800	2224800
2278800	2289600
2293200	2311200
2365200	2376000
2379600	2397600
2451600	2462400
2466000	2484000
2538000	2548800
2552400	2570400
2624400	2635200
2638800	2656800
2710800	2721600
2725200	2743200
2797200	2808000
2811600	2829600
2883600	2894400
2898000	2916000
2970000	2980800
2984400	3002400
3056400	3067200
3070800	3088800
3142800	3153600
3157200	3175200
3229200	3240000
3243600	3261600
3315600	3326400
3330000	3348000
3402000	3412800
3416400	3434400
3488400	3499200
3502800	3520800
3574800	3585600
3589200	3607200
3661200	3672000
3675600	3693600
3747600	3758400
3762000	3780000
3834000	3844800
3848400	3866400
3920400	3931200
3934800	3952800
4006800	4017600
4021200	4039200
4093200	4104000
4107600	4125600
4179600	4190400
4194000	4212000
4266000	4276800
4280400	4298400
4352400	4363200
4366800	4384800
4438800	4449600
4453200	4471200
4525200	4536000
4539600	4557600
4611600	4622400
4626000	4644000
4698000	4708800
4712400	4730400
4784400	4795200
4798800	4816800
4838400	4838400
4924800	4924800
5011200	5011200
5097600	5097600
5184000	5184000
5270400	5270400
5356800	5356800
5475600	5486400
5490000	5508000
5562000	5572800
5576400	5594400
5648400	5659200
5662800	5680800
5734800	5745600
5749200	5767200
5821200	5832000
5835600	5853600
5907600	5918400
5922000	5940000
5994000	6004800
6008400	6026400
1000000000	2000000000
55555555555555555555
55555555555555555555
66666666663311664466
66666666666666666666
66666666666666667766
66662266666666666666
33333333333333330033
33333333113333330033
33333333333333333377
33333333333388333333
127
32400	43200
46800	64800
118800	129600
133200	151200
205200	216000
219600	237600
291600	302400
306000	324000
378000	388800
392400	410400
464400	475200
478800	496800
550800	561600
565200	583200
637200	648000
651600	669600
723600	734400
738000	756000
810000	820800
824400	842400
896400	907200
910800	928800
982800	993600
997200	1015200
1069200	1080000
1083600	1101600
1155600	1166400
1170000	1188000
1242000	1252800
1256400	1274400
1328400	1339200
1342800	1360800
1414800	1425600
1429200	1447200
1501200	1512000
1515600	1533600
1587600	1598400
1602000	1620000
1674000	1684800
1688400	1706400
1760400	1771200
1774800	1792800
1846800	1857600
1861200	1879200
1933200	1944000
1947600	1965600
2019600	2030400
2034000	2052000
2106000	2116800
2120400	2138400
2192400	2203200
2206800	2224800
2278800	2289600
2293200	2311200
2365200	2376000
2379600	2397600
2451600	2462400
2538000	2548800
2624400	2635200
2710800	2721600
2797200	2808000
2883600	2894400
2970000	2980800
3056400	3067200
3070800	3088800
3142800	3153600
3157200	3175200
3229200	3240000
3243600	3261600
3315600	3326400
3330000	3348000
3402000	3412800
3416400	3434400
3488400	3499200
3502800	3520800
3574800	3585600
3589200	3607200
3661200	3672000
3675600	3693600
3747600	3758400
3762000	3780000
3834000	3844800
3848400	3866400
3920400	3931200
3934800	3952800
4006800	4017600
4021200	4039200
4093200	4104000
4107600	4125600
4179600	4190400
4194000	4212000
4266000	4276800
4280400	4298400
4352400	4363200
4366800	4384800
4438800	4449600
4453200	4471200
4525200	4536000
4539600	4557600
4611600	4622400
4626000	4644000
4698000	4708800
4712400	4730400
4784400	4795200
4798800	4816800
4838400	4838400
4924800	4924800
5011200	5011200
5097600	5097600
5184000	5184000
5270400	5270400
5356800	5356800
5475600	5486400
5490000	5508000
5562000	5572800
5576400	5594400
5648400	5659200
5662800	5680800
5734800	5745600
5749200	5767200
5821200	5832000
5835600	5853600
5907600	5918400
5922000	5940000
5994000	6004800
6008400	6026400
1000000000	2000000000
55555555555555555555
55555555555555555555
66666666663311664466
66666666666666666666
66666666666666667766
66662266666666666666
33333333333333330033
33333333113333330033
33333333333333333377
33333333333388333333
141
32400	43200
46800	64800
118800	129600
133200	151200
205200	216000
219600	237600
291600	302400
306000	324000
378000	388800
392400	410400
464400	475200
478800	496800
550800	561600
565200	583200
637200	648000
651600	669600
723600	734400
738000	756000
810000	820800
824400	842400
896400	907200
910800	928800
982800	993600
997200	1015200
1069200	1080000
1083600	1101600
1155600	1166400
1170000	1188000
1242000	1252800
1256400	1274400
1328400	1339200
1342800	1360800
1414800	1425600
1429200	1447200
1501200	1512000
1515600	1533600
1587600	1598400
1602000	1620000
1674000	1684800
1688400	1706400
1760400	1771200
1774800	1792800
1846800	1857600
1861200	1879200
1933200	1944000
1947600	1965600
2019600	2030400
2034000	2052000
2106000	2116800
2120400	2138400
2192400	2203200
2206800	2224800
2278800	2289600
2293200	2311200
2365200	2376000
2379600	2397600
2451600	2462400
2466000	2484000
2538000	2548800
2552400	2570400
2624400	2635200
2638800	2656800
2710800	2721600
2725200	2743200
2797200	2808000
2811600	2829600
2883600	2894400
2898000	2916000
2970000	2980800
2984400	3002400
3056400	3067200
3070800	3088800
3142800	3153600
3157200	3175200
3229200	3240000
3243600	3261600
3315600	3326400
3330000	3348000
3402000	3412800
3416400	3434400
3488400	3499200
3502800	3520800
3574800	3585600
3589200	3607200
3661200	3672000
3675600	3693600
3747600	3758400
3762000	3780000
3834000	3844800
3848400	3866400
3920400	3931200
3934800	3952800
4006800	4017600
4021200	4039200
4093200	4104000
4107600	4125600
4179600	4190400
4194000	4212000
4266000	4276800
4280400	4298400
4352400	4363200
4366800	4384800
4438800	4449600
4453200	4471200
4525200	4536000
4539600	4557600
4611600	4622400
4626000	4644000
4698000	4708800
4712400	4730400
4784400	4795200
4798800	4816800
4870800	4881600
4885200	4903200
4957200	4968000
4971600	4989600
5043600	5054400
5058000	5076000
5130000	5140800
5144400	5162400
5216400	5227200
5230800	5248800
5302800	5313600
5317200	5335200
5389200	5400000
5403600	5421600
5475600	5486400
5490000	5536800
5562000	5572800
5576400	5623200
5648400	5659200
5662800	5709600
5734800	5745600
5749200	5796000
5821200	5832000
5835600	5882400
5907600	5918400
5922000	5968800
5994000	6004800
6008400	6055200
1000000000	2000000000
55555555555555555555
55555555555555555555
66666666663311664466
66666666666666666666
66666666666666667766
66662266666666666666
33333333333333330033
33333333113333330033
33333333333333333377
33333333333388333333
141
32400	43200
46800	64800
118800	129600
133200	151200
205200	216000
219600	237600
291600	302400
306000	324000
378000	388800
392400	410400
464400	475200
478800	496800
550800	561600
565200	583200
637200	648000
651600	669600
723600	734400
738000	756000
810000	820800
824400	842400
896400	907200
910800	928800
982800	993600
997200	1015200
1069200	1080000
1083600	1101600
1155600	1166400
1170000	1188000
1242000	1252800
1256400	1274400
1328400	1339200
1342800	1360800
1414800	1425600
1429200	1447200
1501200	1512000
1515600	1533600
1587600	1598400
1602000	1620000
1674000	1684800
1688400	1706400
1760400	1771200
1774800	1792800
1846800	1857600
1861200	1879200
1933200	1944000
1947600	1965600
2019600	2030400
2034000	2052000
2106000	2116800
2120400	2138400
2192400	2203200
2206800	2224800
2278800	2289600
2293200	2311200
2365200	2376000
2379600	2397600
2451600	2462400
2466000	2484000
2538000	2548800
2552400	2570400
2624400	2635200
2638800	2656800
2710800	2721600
2725200	2743200
2797200	2808000
2811600	2829600
2883600	2894400
2898000	2916000
2970000	2980800
2984400	3002400
3056400	3067200
3070800	3088800
3142800	3153600
3157200	3175200
3229200	3240000
3243600	3261600
3315600	3326400
3330000	3348000
3402000	3412800
3416400	3434400
3488400	3499200
3502800	3520800
3574800	3585600
3589200	3607200
3661200	3672000
3675600	3729600
3747600	3758400
3762000	3816000
3834000	3844800
3848400	3902400
3920400	3931200
3934800	3988800
4006800	4017600
4021200	4075200
4093200	4104000
4107600	4161600
4179600	4190400
4194000	4248000
4266000	4276800
4280400	4298400
4352400	4363200
4366800	4384800
4438800	4449600
4453200	4471200
4525200	4536000
4539600	4557600
4611600	4622400
4626000	4644000
4698000	4708800
4712400	4730400
4784400	4795200
4798800	4816800
4870800	4881600
4885200	4903200
4957200	4968000
4971600	4989600
5043600	5054400
5058000	5076000
5130000	5140800
5144400	5162400
5216400	5227200
5230800	5248800
5302800	5313600
5317200	5335200
5389200	5400000
5403600	5421600
5475600	5486400
5490000	5508000
5562000	5572800
5576400	5594400
5648400	5659200
5662800	5680800
5734800	5745600
5749200	5767200
5821200	5832000
5835600	5853600
5907600	5918400
5922000	5940000
5994000	6004800
6008400	6026400
1000000000	2000000000
55555555555555555555
55555555555555555555
66666666663311664466
66666666666666666666
66666666666666667766
66662266666666666666
33333333333333330033
33333333113333330033
33333333333333333377
33333333333388333333
0.48
