10
5
50
132
0	5
2880	4320
2	9	13	15	16	
1	5
2880	4320
1	9	11	16	17	
2	5
2880	4320
7	9	12	15	16	
3	1
2880	4320
5	
4	5
2880	4320
8	13	15	16	17	
5	2
2880	4320
10	12	
6	3
2880	4320
7	10	15	
7	5
2880	4320
2	10	12	15	16	
8	3
2880	4320
0	14	16	
9	4
2880	4320
3	9	16	17	
10	2
2880	4320
6	15	
11	5
2880	4320
1	10	12	15	17	
12	1
2880	4320
10	
13	1
2880	4320
9	
14	5
2880	4320
5	9	15	16	17	
15	1
2880	4320
10	
16	3
2880	4320
3	9	14	
17	4
2880	4320
7	13	15	16	
18	1
2880	4320
7	
19	4
2880	4320
0	10	14	16	
20	2
2880	4320
6	14	
21	2
2880	4320
10	12	
22	1
2880	4320
17	
23	2
2880	4320
3	12	
24	4
2880	4320
7	10	11	15	
25	1
2880	4320
17	
26	3
2880	4320
7	16	17	
27	3
2880	4320
4	9	15	
28	1
2880	4320
9	
29	3
2880	4320
10	14	16	
30	5
2880	4320
3	11	15	16	17	
31	3
2880	4320
3	10	16	
32	3
2880	4320
8	12	15	
33	1
2880	4320
0	
34	4
2880	4320
6	9	14	16	
35	3
2880	4320
3	9	17	
36	4
2880	4320
3	10	11	15	
37	2
2880	4320
14	16	
38	4
2880	4320
5	9	14	16	
39	1
2880	4320
7	
40	1
2880	4320
15	
41	3
2880	4320
10	15	17	
42	4
2880	4320
10	12	14	17	
43	4
2880	4320
3	10	15	16	
44	2
2880	4320
7	11	
45	4
2880	4320
2	11	14	16	
46	3
2880	4320
8	10	11	
47	5
2880	4320
8	9	11	14	16	
48	1
2880	4320
16	
49	1
2880	4320
2	
50	3
2880	4320
3	11	14	
51	3
2880	4320
5	12	16	
52	4
2880	4320
3	12	14	17	
53	4
2880	4320
1	10	15	17	
54	2
2880	4320
4	11	
55	2
2880	4320
0	14	
56	2
2880	4320
14	17	
57	3
2880	4320
2	15	16	
58	2
2880	4320
1	13	
59	5
2880	4320
4	10	13	14	17	
60	3
2880	4320
7	9	11	
61	3
2880	4320
9	13	15	
62	1
2880	4320
16	
63	5
2880	4320
2	9	12	15	17	
64	2
2880	4320
16	17	
65	3
2880	4320
0	15	16	
66	4
2880	4320
2	10	13	16	
67	5
2880	4320
4	10	14	16	17	
68	2
2880	4320
0	16	
69	5
2880	4320
2	9	12	15	16	
70	4
2880	4320
2	9	14	16	
71	5
2880	4320
4	9	15	16	17	
72	5
2880	4320
3	9	13	15	16	
73	5
2880	4320
6	13	15	16	17	
74	1
2880	4320
14	
75	5
2880	4320
1	9	14	16	17	
76	3
2880	4320
6	13	15	
77	3
2880	4320
0	12	15	
78	4
2880	4320
5	9	11	17	
79	2
2880	4320
2	15	
80	5
2880	4320
5	9	15	16	17	
81	5
2880	4320
8	9	12	14	17	
82	4
2880	4320
0	10	16	17	
83	3
2880	4320
5	10	15	
84	1
2880	4320
8	
85	4
2880	4320
4	13	16	17	
86	2
2880	4320
6	12	
87	2
2880	4320
11	15	
88	2
2880	4320
10	12	
89	3
2880	4320
4	12	17	
90	5
2880	4320
6	9	12	16	17	
91	5
2880	4320
5	9	14	16	17	
92	2
2880	4320
12	14	
93	4
2880	4320
1	10	11	16	
94	4
2880	4320
5	9	11	15	
95	5
2880	4320
1	10	13	14	16	
96	2
2880	4320
0	15	
97	2
2880	4320
1	15	
98	1
2880	4320
4	
99	4
2880	4320
6	10	12	15	
100	5
2880	4320
5	10	14	16	17	
101	4
2880	4320
0	10	12	17	
102	1
2880	4320
17	
103	2
2880	4320
16	17	
104	5
2880	4320
5	9	15	16	17	
105	1
2880	4320
10	
106	2
2880	4320
3	9	
107	3
2880	4320
9	15	17	
108	3
2880	4320
2	12	15	
109	5
2880	4320
2	9	13	15	16	
110	4
2880	4320
0	9	16	17	
111	5
2880	4320
7	9	15	16	17	
112	4
2880	4320
2	10	15	17	
113	5
2880	4320
4	9	13	14	17	
114	2
2880	4320
0	15	
115	1
2880	4320
15	
116	2
2880	4320
6	10	
117	3
2880	4320
3	10	15	
118	5
2880	4320
6	9	12	16	17	
119	4
2880	4320
3	9	14	17	
120	5
2880	4320
4	10	14	16	17	
121	5
2880	4320
0	10	12	14	17	
122	5
2880	4320
1	9	11	15	16	
123	4
2880	4320
1	10	11	17	
124	5
2880	4320
5	9	12	14	17	
125	3
2880	4320
3	10	12	
126	5
2880	4320
6	10	13	14	16	
127	4
2880	4320
7	15	16	17	
128	5
2880	4320
6	10	15	16	17	
129	1
2880	4320
13	
130	3
2880	4320
9	15	16	
131	4
2880	4320
1	10	13	15	
18
0
0	1	3	1251	1359
1.31256	0.543119	0.984732
0.33835	0.480784	0.568999	0.247013	0.599602	0.566372	0.806974	0.771264	0.779177	
1
0	1	4	1141	1221
1.18328	0.201469	0.578921
0.455021	0.0546243	0.593124	0.835589	0.279741	0.652188	0.486115	0.224611	0.883954	
2
0	1	1	1076	1101
1.16045	0.0498679	0.985812
0.121955	0.957101	0.335062	0.995156	0.554964	0.748314	0.0955106	0.572871	0.46535	
3
0	1	3	1688	1711
1.23337	0.560986	0.933191
0.51189	0.957261	0.0581034	0.653559	0.377745	0.352941	0.392006	0.138786	0.18651	
4
0	1	2	884	919
1.19284	0.0198788	0.602637
0.177005	0.26613	0.493904	0.660019	0.671817	0.856931	0.538448	0.939343	0.50906	
5
0	1	1	819	862
1.28061	0.79972	0.804043
0.410354	0.410152	0.701343	0.391893	0.475524	0.635155	0.607693	0.046277	0.605999	
6
0	1	3	972	984
1.19691	0.125592	0.953327
0.75399	0.0570909	0.56793	0.917859	0.60945	0.641786	0.69324	0.00629016	0.66707	
7
0	1	2	970	989
1.26291	0.476048	0.697273
0.505887	0.0018417	0.716541	0.210631	0.718532	0.110616	0.908593	0.982234	0.703425	
8
0	1	3	904	913
1.41541	0.753085	0.992455
0.120573	0.371276	0.21922	0.92663	0.602842	0.37261	0.931383	0.153599	0.540981	
9
1	1	2	2075	2124
1.33693	0.133249	0.539183
0.0188137	0.811425	0.235512	0.100203	0.427432	0.564776	0.371492	0.445087	0.539754	
10
1	1	2	827	838
1.4421	0.692598	0.723433
0.0792047	0.427409	0.705097	0.317503	0.926218	0.646018	0.663755	0.646167	0.973685	
11
2	1	3	906	962
1.4002	0.430635	0.592832
0.226023	0.959841	0.0110385	0.127689	0.0754289	0.713957	0.98262	0.794112	0.802984	
12
2	1	2	1617	1640
1.45919	0.462854	0.838811
0.791087	0.782075	0.669574	0.971895	0.165837	0.355915	0.788943	0.364027	0.00535971	
13
2	1	3	1878	1937
1.27552	0.0912351	0.532229
0.0285752	0.510328	0.119918	0.143855	0.555738	0.33575	0.313475	0.763956	0.764542	
14
3	1	2	904	957
1.27818	0.165507	0.578929
0.694834	0.261343	0.057039	0.123548	0.0918479	0.0426391	0.125037	0.901621	0.177748	
15
3	1	3	1208	1210
1.20963	0.739388	0.782333
0.862379	0.187843	0.395552	0.467623	0.450374	0.946549	0.00921545	0.762236	0.0805092	
16
4	1	3	940	985
1.16914	0.0359137	0.723605
0.104848	0.669725	0.333728	0.120258	0.303126	0.304976	0.0476276	0.383534	0.345678	
17
5	1	5	1063	1071
1.26192	0.00600605	0.802069
0.194771	0.69121	0.626295	0.251526	0.68301	0.123519	0.811307	0.717056	0.626229	
1698
0	20	50829
3622	4029	
1	55	54872
3841	4043	
2	26	50652
3546	3852	3443	
3	114	40503
3147	4262	
4	89	54536
3883	3208	3884	
5	130	54632
3079	3816	3980	
6	7	57957
3282	3243	4157	3883	3325	
7	11	59027
3665	3460	3276	3302	4187	
8	29	62076
3652	4245	4119	
9	97	61382
2978	3240	
10	87	64277
3722	2895	
11	119	62857
3555	3346	3740	3027	
12	103	66653
2973	3796	
13	70	68271
4041	4241	3461	3222	
14	100	119119
4159	3362	3352	3810	4048	
15	33	46933
3945	
16	116	64012
4270	3456	
17	88	136629
3058	4217	
18	2	140545
3188	3165	3916	3569	3343	
19	114	144465
3113	3920	
20	0	148656
4295	3177	3999	4191	4164	
21	74	73760
4090	
22	50	77887
3649	3069	4127	
23	14	152737
3196	4165	4081	3299	3195	
24	3	57170
3015	
25	103	156051
3314	3229	
26	99	156898
3203	4057	3498	4161	
27	100	207012
3246	3079	2941	4161	3497	
28	69	163834
3973	3832	2929	3730	3622	
29	45	168131
3057	3099	3416	4297	
30	56	210761
4081	3749	
31	57	172287
2891	4196	4156	
32	34	208414
2987	2964	3493	3727	
33	10	168583
3069	3759	
34	79	171573
4045	2990	
35	129	134188
4028	
36	85	214353
3834	3221	3949	3592	
37	59	221319
3184	3199	3417	3132	3366	
38	94	207887
4315	4055	3191	3914	
39	101	224597
3444	3794	4280	3278	
40	24	211878
3136	3201	3359	3991	
41	103	227501
4051	2904	
42	111	231491
3494	3206	4185	3361	3990	
43	1	235637
2952	3223	4001	3352	4146	
44	39	64258
4094	
45	60	147981
4082	4134	3540	
46	65	230265
4203	3417	3538	
47	26	239436
3930	3267	3799	
48	53	243518
3009	3713	3830	4082	
49	129	144101
3275	
50	100	294465
4084	4121	4247	3318	4147	
51	123	297836
2913	4216	3886	3371	
52	112	301818
3953	3086	2995	3982	
53	24	232971
4067	4203	3374	3066	
54	106	140553
4012	3767	
55	52	309141
3086	3137	3294	3723	
56	77	236494
3017	3094	3523	
57	122	240115
4192	3536	4258	3390	3265	
58	10	243159
3414	3275	
59	26	312085
3795	3025	2944	
60	74	227196
4250	
61	68	246200
4245	3060	
62	73	316290
3119	4238	3572	3614	4205	
63	24	250428
4156	3912	3581	3697	
64	117	253408
3017	3055	2980	
65	6	257062
3725	4001	3654	
66	100	319348
3818	2978	3671	3341	3058	
67	97	292533
3697	3071	
68	129	220159
3420	
69	87	296300
4093	3767	
70	91	323601
3651	3239	4246	3940	4253	
71	57	300585
3126	4285	3177	
72	47	307286
3021	3814	3311	3281	2921	
73	109	311064
4115	3682	3981	3261	3778	
74	106	224340
2958	3961	
75	40	311305
3859	
76	62	314238
3174	
77	46	311173
3577	3507	3889	
78	39	227830
3017	
79	61	315222
3122	3930	3917	
80	53	327813
3254	3080	3720	4212	
81	104	331158
3694	3550	3059	3267	3345	
82	108	324923
3960	3117	2922	
83	26	381175
3716	3560	3217	
84	27	328067
3651	3636	3144	
85	79	332112
3834	4045	
86	18	234803
3257	
87	41	384130
4076	3628	2955	
88	6	339910
3900	4312	4170	
89	125	311067
3997	3335	3847	
90	29	330004
3730	3650	4235	
91	6	343353
3898	4251	3443	
92	18	314638
3637	
93	46	322259
3188	3723	3288	
94	4	387351
3324	3907	2904	3309	3221	
95	102	394305
3354	
96	12	325623
3364	
97	47	394126
4186	3754	2983	3496	3766	
98	11	397433
3312	3252	4082	3814	3128	
99	1	401010
3622	3018	2995	3906	3577	
100	61	400479
3054	3757	3997	
101	38	401275
3649	4259	3800	3243	
102	118	405242
3785	3205	3166	3744	3967	
103	104	408288
3177	3380	3064	3022	3046	
104	10	406688
4077	3145	
105	27	410443
2978	3515	3755	
106	8	411150
3929	3451	3109	
107	124	411828
3918	3969	4133	4138	3540	
108	45	414762
4004	4233	4193	3612	
109	93	418389
2895	2933	3838	3627	
110	51	422444
4015	3942	4055	
111	101	479149
4052	3616	2962	3620	
112	18	317919
3281	
113	3	234895
3358	
114	21	483289
3372	4204	
115	29	426125
3307	3168	3681	
116	116	345462
4056	3359	
117	47	429312
3457	3273	3661	3880	3187	
118	51	487046
3359	3757	3616	
119	124	492452
3233	3030	4111	3000	4295	
120	120	495584
3552	3029	3948	3511	3132	
121	23	494542
4303	3385	
122	43	498722
3795	3227	4054	3617	
123	2	567265
3441	3451	4226	3130	3226	
124	11	572226
3684	3390	4020	3108	4146	
125	32	575498
3417	4310	4202	
126	31	570666
4172	3823	3401	
127	77	578797
4062	3299	3202	
128	0	582302
3554	3137	3002	3505	3349	
129	42	582845
3020	3474	2932	3506	
130	1	585941
3778	3871	3222	3565	3096	
131	80	589328
3558	3522	2930	3461	3220	
132	101	654917
4084	3051	4245	3710	
133	8	593629
3105	2924	4301	
134	26	658229
3425	3419	3312	
135	57	600142
3861	3536	3094	
136	58	396344
3039	3437	
137	42	661842
4193	3636	4243	3613	
138	12	394582
3787	
139	42	665427
4122	3478	3784	3585	
140	28	335477
3577	
141	112	669433
3449	4194	2991	4006	
142	10	595435
3671	3676	
143	58	399520
3029	3176	
144	54	484070
3781	4079	
145	95	666717
3385	3559	3080	3135	3774	
146	41	673752
3842	4274	4319	
147	109	669597
3629	4110	3140	3860	2880	
148	12	414529
4230	
149	120	724566
3397	3624	3582	3951	4014	
150	6	639421
2989	4076	3452	
151	40	642627
3206	
152	98	147173
3713	
153	14	728838
3918	3852	3496	4016	4272	
154	87	653987
3453	4264	
155	95	680519
3706	4144	3230	3437	2955	
156	18	399193
3019	
157	66	684797
2962	4312	2958	4278	
158	113	732821
3716	4111	3952	3110	3983	
159	113	740135
3514	3010	3603	3268	3714	
160	125	665224
3777	3312	3194	
161	104	744241
3893	3002	4009	3509	4106	
162	58	496241
3093	3698	
163	59	747880
3573	3091	3058	3622	3639	
164	110	751238
3317	4146	3795	3358	
165	127	755474
4162	3944	3793	4236	
166	114	665956
3786	4016	
167	30	759374
3933	3712	3226	3562	3900	
168	27	673109
3346	2970	3927	
169	94	677116
4283	3907	3087	4007	
170	48	738782
3326	
171	30	810429
3813	3341	3371	2944	4255	
172	34	745660
3482	2960	4083	3934	
173	1	814484
4086	3628	2945	2986	4055	
174	67	818270
3248	3724	3111	3484	3786	
175	29	756307
3852	3578	4177	
176	3	397602
3663	
177	34	759600
4205	4319	4161	3293	
178	30	824975
3517	3371	3201	2893	3105	
179	17	765947
3657	2917	4153	3454	
180	36	724404
3562	4182	3658	4163	
181	78	829224
4237	3332	3474	4249	
182	0	769403
3796	4079	4267	3845	3456	
183	50	738244
3034	4264	4214	
184	54	656126
3312	3951	
185	29	772640
4011	3481	3237	
186	82	832767
3121	3943	3826	3543	
187	112	836110
4001	4135	2996	3343	
188	84	142798
3428	
189	99	738756
3458	3299	3504	3911	
190	63	840075
4059	3940	4055	3102	3965	
191	124	844006
2945	3874	3207	4137	3931	
192	107	847340
3789	4286	3334	
193	58	578768
3400	3885	
194	93	812509
3026	3454	3053	3643	
195	32	749482
3334	3716	3338	
196	15	492329
3041	
197	125	751459
3866	3730	3353	
198	12	499147
3088	
199	25	897500
3360	
200	22	901719
4219	
201	8	816318
4133	3454	3809	
202	65	819376
3253	3291	3058	
203	29	826409
3778	3777	3433	
204	124	905993
3269	3214	3891	3419	4274	
205	115	756853
4080	
206	52	912789
4091	3646	3716	3196	
207	3	480406
3953	
208	13	469784
3664	
209	32	831032
3748	3636	3108	
210	131	835327
4065	3435	3286	4295	
211	61	839125
3177	3276	3798	
212	105	510329
3969	
213	108	842983
2904	3647	3858	
214	58	657411
4133	3681	
215	50	831527
2921	4033	4073	
216	36	847163
3314	3822	4085	4180	
217	120	916135
4249	3969	4293	3643	3346	
218	125	838068
3742	3385	3389	
219	90	919078
3035	3532	3791	3187	2943	
220	72	850674
3536	3433	2923	3094	3511	
221	127	922310
3873	3162	4096	3232	
222	69	914566
3737	3403	4054	3080	3332	
223	86	917198
3314	2885	
224	107	926333
3330	3421	4023	
225	79	920961
3222	3226	
226	130	924449
4211	3176	3488	
227	10	927412
2907	3275	
228	59	929388
2885	3342	3029	3628	3055	
229	4	933298
3252	4094	3048	3587	3910	
230	108	933367
3218	3162	2907	
231	121	983769
3644	4049	3041	4054	3671	
232	96	937385
3052	4018	
233	82	987076
4134	3120	3328	3307	
234	64	990024
3498	2948	
235	24	940795
3799	3580	3449	3410	
236	7	944232
4266	4266	4158	3437	3369	
237	74	928470
4056	
238	16	932571
3184	3272	4101	
239	31	947954
4154	3914	3722	
240	70	984052
3385	3208	3537	3698	
241	45	987892
3926	2907	3978	3840	
242	86	999975
3584	4016	
243	34	991640
4024	3219	4094	3748	
244	35	997235
4247	3319	3611	
245	65	999093
3834	3256	3853	
246	31	1002490
4284	3336	3397	
247	101	1003648
2948	3098	3673	3260	
248	12	575124
3314	
249	34	1006657
3574	4284	4282	4167	
250	6	983646
3520	4279	3758	
251	26	1010524
4261	3867	3624	
252	46	745704
3832	3712	3651	
253	79	987104
3103	3458	
254	107	1014600
3866	2911	4076	
255	46	749436
3794	3417	3732	
256	112	1017595
3871	4213	3639	2995	
257	81	1020499
3799	2908	4096	3449	2904	
258	28	555199
4253	
259	32	1011912
3382	4168	3382	
260	112	1070944
2975	3980	4186	3645	
261	37	1013424
3376	2900	
262	38	1017303
4046	2914	4107	3879	
263	51	1021334
3322	3182	4031	
264	90	1087836
3947	4278	4201	3746	3886	
265	34	1091540
4009	4193	3373	3844	
266	131	1020010
3297	3518	3700	3912	
267	12	602132
3889	
268	68	1094646
4148	3106	
269	89	1091635
3301	3501	3799	
270	67	1098417
3861	3678	3542	3771	3125	
271	30	1102637
3971	3417	3810	3952	4220	
272	77	1094758
3953	3562	3297	
273	101	1106582
4300	4047	3553	3945	
274	68	1105377
4180	3008	
275	121	1156845
3282	4228	3162	4035	3463	
276	85	1161001
3218	3002	3100	4156	
277	120	1165178
3199	4109	4306	3670	4177	
278	53	1172312
4302	3301	3774	3534	
279	13	573602
3418	
280	9	1175376
3325	3625	3143	3064	
281	35	1179656
3233	4281	4280	
282	13	584974
3466	
283	28	589136
4162	
284	17	1118908
2972	3239	3079	3618	
285	113	1183943
3280	3757	2927	3796	4287	
286	33	229597
3925	
287	124	1186929
3742	3605	4282	3438	2986	
288	82	1190675
4291	3544	3548	3746	
289	124	1194543
3469	3726	3321	3924	3868	
290	49	573952
4258	
291	11	1245350
3053	3768	3301	3814	4007	
292	120	1248276
3970	4048	4302	3704	2926	
293	15	658228
3773	
294	81	1251467
3133	3973	4038	4316	3191	
295	3	567190
3805	
296	34	1190418
2902	3392	3720	3503	
297	23	1256470
2920	3255	
298	100	1258926
3779	4248	4303	3160	3859	
299	107	1262556
3325	3044	3630	
300	5	1260296
3658	3826	
301	71	1265464
3335	3210	4150	3954	2908	
302	38	1202295
3508	3733	3321	3620	
303	27	1192251
3806	3577	3767	
304	129	752406
3681	
305	41	1269723
3413	3880	4259	
306	46	824520
3591	3232	3267	
307	59	1273895
3239	3204	3259	2895	4172	
308	111	1276836
3967	3837	4166	3703	2941	
309	75	1280105
4016	3312	4318	3080	3269	
310	114	1204157
4091	3860	
311	83	1207220
2906	3570	3063	
312	53	1331190
3431	3484	3489	4285	
313	103	1334581
3902	3391	
314	68	1249577
4173	4197	
315	3	581030
3647	
316	74	1208407
3152	
317	119	1337564
3924	3827	3278	2983	
318	15	686409
3372	
319	75	1344450
3278	3676	3340	3164	3286	
320	37	1260517
3989	4176	
321	2	1264113
3789	3714	3366	3293	3596	
322	41	1347710
3277	3348	3260	
323	58	827029
4037	2964	
324	23	1267108
3858	3446	
325	26	1351962
2973	4060	4252	
326	98	483369
3544	
327	58	830210
2926	3181	
328	11	1355179
3647	3446	3000	3775	3217	
329	111	1358516
3446	3667	3538	3183	3337	
330	112	1362377
3199	3420	3168	3861	
331	53	1365546
3512	3811	3984	3169	
332	97	1284746
3984	3173	
333	88	1273056
3274	2948	
334	78	1415872
3233	3205	3363	3526	
335	71	1419157
3247	3071	3578	3306	3285	
336	55	1259090
3266	4076	
337	109	1291761
3993	3479	3531	3178	3437	
338	122	1295054
3020	3390	3258	3552	2952	
339	122	1330946
3123	4193	3400	2898	3492	
340	74	1262364
3274	
341	32	1344733
3687	3276	3274	
342	110	1422388
2992	3405	3030	3231	
343	23	1348664
2960	3932	
344	76	1348870
3537	3298	4137	
345	12	743478
3841	
346	10	1352224
3401	3354	
347	9	1429656
2985	3867	3850	3668	
348	80	1432736
4062	2908	3187	2952	3080	
349	19	1359473
3397	3942	3697	4062	
350	55	1269281
3867	3220	
351	51	1362917
4061	3841	3444	
352	70	1366037
3657	4028	3478	3120	
353	94	1358306
4150	4074	2990	2895	
354	105	750437
3017	
355	40	1362000
3694	
356	61	1365700
3082	3408	3700	
357	53	1436456
3416	4073	3994	3720	
358	31	1370291
3228	3716	4254	
359	16	1275911
4027	2998	3152	
360	129	912725
3878	
361	53	1439968
2951	4088	3583	3512	
362	30	1443959
3367	2930	3118	3454	3991	
363	46	911921
3415	3104	3060	
364	92	1356208
3094	3703	
365	23	1359243
3133	3644	
366	117	1380495
3543	3218	4100	
367	95	1380995
4191	2897	4185	2999	4264	
368	109	1416889
3372	3691	3755	3301	3494	
369	90	1446862
3398	3224	3824	3201	2903	
370	8	1435306
4227	4042	3838	
371	129	923624
2959	
372	54	915356
3893	3435	
373	78	1450084
4172	4107	4308	3222	
374	106	772166
3985	3977	
375	61	1420066
3171	3963	3870	
376	69	1439039
4137	3085	4026	2908	3733	
377	46	923140
3960	3963	3476	
378	103	1454371
3361	4287	
379	3	661501
3193	
380	43	1445863
3844	4203	3859	3463	
381	97	1442387
4103	3035	
382	45	1449558
3679	4195	3808	3695	
383	118	1504526
3748	3044	2892	3452	3355	
384	110	1508654
3457	3504	3735	4128	
385	98	494747
4238	
386	29	1460552
3695	2884	3807	
387	77	1446070
3177	2949	3683	
388	84	394351
3426	
389	11	1511963
3925	3572	3198	3177	3309	
390	119	1519819
4142	3630	3986	4256	
391	45	1464651
2928	4276	2917	4099	
392	31	1467555
4298	3120	2904	
393	40	1452971
3724	
394	95	1503046
4185	3913	4068	3350	3091	
395	34	1506776
3392	3239	3753	3730	
396	12	833902
3903	
397	125	1516982
3272	3850	4050	
398	67	1524080
3488	4065	3799	3803	4261	
399	115	1456646
3675	
400	126	1517382
3212	3076	4103	2929	3203	
401	116	849207
4120	4314	
402	14	1527727
3204	3601	3873	4199	3647	
403	107	1531126
4316	3426	3399	
404	97	1467383
3151	3438	
405	32	1521061
4032	4079	3119	
406	3	668570
3865	
407	116	852576
4032	3369	
408	41	1534008
3105	3753	2882	
409	6	1528930
4310	3510	4116	
410	101	1537689
3465	3033	3636	3681	
411	10	1531990
4217	3060	
412	91	1587996
3556	3477	3633	3054	3507	
413	92	1528592
2980	3895	
414	108	1535251
3612	3786	3261	
415	112	1591112
3641	4192	3949	3116	
416	18	652145
3023	
417	50	1532266
3968	3109	3674	
418	65	1543084
3990	3073	3884	
419	52	1603158
3417	3092	3746	3321	
420	26	1607349
3511	3521	4191	
421	2	1606836
2880	3546	3183	3315	3881	
422	81	1611506
3267	4312	3172	3888	4157	
423	93	1609892
3041	3588	2948	3056	
424	104	1614390
3356	3465	4312	3843	2884	
425	125	1613548
3662	4257	4238	
426	9	1617375
4056	3442	3425	2985	
427	11	1621385
4279	3079	4247	4221	4010	
428	70	1620981
3741	4144	3103	3821	
429	68	1624347
3235	3366	
430	67	1674966
3489	3613	4096	3197	3819	
431	20	1620923
3347	3698	
432	41	1677887
3782	3724	2921	
433	105	924588
3853	
434	96	1625479
3729	3960	
435	62	1631178
3634	
436	23	1689605
4071	3410	
437	64	1680997
3689	3110	
438	114	1629630
3561	4151	
439	35	1688494
3691	3502	3897	
440	92	1693895
4150	4290	
441	33	331790
4075	
442	6	1633047
4279	3458	3417	
443	73	1692013
3826	3257	4052	3569	3519	
444	88	1697668
4031	3913	
445	34	1698145
3345	4233	3912	4250	
446	82	1702308
3588	4137	2990	4163	
447	104	1705255
4038	2888	4197	3706	2947	
448	109	1708319
2975	2995	3565	3573	3478	
449	58	1014096
3197	3116	
450	29	1712001
3235	3716	3682	
451	102	1708615
3360	
452	39	666975
4160	
453	70	1716051
2974	3296	3544	4050	
454	126	1720152
4232	3866	4151	3676	4101	
455	117	1681096
3568	3057	3827	
456	24	1684374
3440	3949	3828	3278	
457	108	1701978
3620	4310	4019	
458	17	1723307
3024	2882	3876	3155	
459	120	1764211
4147	4272	3736	4277	3811	
460	32	1708804
3854	4014	2950	
461	75	1768157
4300	3998	3072	3971	3946	
462	32	1777466
3394	3073	2901	
463	104	1781327
3420	3191	3717	3861	3708	
464	5	1780888
3429	3423	
465	30	1785187
4076	3054	3413	3860	3165	
466	42	1788897
3776	3142	3744	3710	
467	113	1792276
3297	3864	3512	3743	3379	
468	49	828421
3741	
469	64	1796434
3986	4158	
470	20	1792299
3933	3924	
471	48	1793241
4068	
472	11	1799393
3314	3193	4095	3348	2959	
473	79	1791610
3544	3485	
474	56	1849909
3582	3716	
475	70	1799632
3457	3121	3036	3751	
476	20	1801808
3216	2891	
477	114	1794668
4149	3058	
478	119	1853754
3423	3283	4313	3845	
479	75	1857344
3092	3051	4062	4079	3590	
480	28	982952
3432	
481	131	1797902
3287	3760	3595	3234	
482	12	1277640
3082	
483	57	1814269
3493	4154	4069	
484	81	1864340
3005	2923	2979	4232	3396	
485	6	1804962
3837	3550	2906	
486	57	1850379
3372	4165	3710	
487	73	1867871
3752	3783	4258	4053	3531	
488	129	1349648
2907	
489	118	1872121
2922	3029	2967	4235	4250	
490	26	1875190
3237	3547	3069	
491	56	1878255
4208	3065	
492	27	1849078
3924	3243	3293	
493	62	1870633
4071	
494	98	653332
3440	
495	32	1866227
3307	3756	3162	
496	73	1881779
4127	4257	3280	3686	3524	
497	129	1357636
3731	
498	119	1884971
3173	4092	4240	3192	
499	112	1935281
3023	3079	3603	3510	
500	0	1877397
3131	3722	3044	3401	3078	
501	120	1938819
2886	3175	2968	3312	3538	
502	120	1942955
3946	3398	3677	3186	4136	
503	40	1880682
4171	
504	16	1868834
3771	3657	3326	
505	72	1888114
3969	3195	3757	2999	4219	
506	110	1949764
3407	3736	3272	3209	
507	22	1953596
3832	
508	48	1894922
3536	
509	38	1898359
3843	3020	2905	3437	
510	61	1887406
3128	3743	3725	
511	86	1869169
3241	2942	
512	49	920367
3526	
513	116	1344597
3815	3355	
514	58	1440019
3950	3439	
515	130	1934223
4175	2881	3464	
516	90	1957038
2951	3860	3749	3731	3442	
517	44	1267193
3517	3911	
518	88	1876621
3830	3703	
519	18	824515
3685	
520	96	1894357
4317	4070	
521	83	1898332
3852	3844	3975	
522	115	1934717
3985	
523	29	1941808
3484	4117	3854	
524	46	1359844
3831	3693	4089	
525	75	1960961
3065	3333	3868	4000	3923	
526	93	1953593
3278	3216	3416	4185	
527	109	1956997
3829	3218	4220	3303	3404	
528	46	1435253
3823	4028	3593	
529	47	1960198
4013	3805	3522	4132	3201	
530	82	1964492
4126	4220	4294	3510	
531	34	1968322
3741	3368	2974	3830	
532	11	1968653
4044	3528	3426	3314	4161	
533	26	1972011
3105	3689	3249	
534	21	1951925
4009	3478	
535	3	694242
3607	
536	69	1975609
4299	3943	3259	3911	3598	
537	25	2023003
4192	
538	115	1958813
2977	
539	113	2025933
3041	4124	3290	3952	2930	
540	33	398523
3946	
541	119	2029481
3635	3697	3663	3548	
542	41	2036973
3505	3017	3892	
543	56	2040066
4241	3093	
544	108	1965805
2932	3548	3975	
545	101	2043492
4043	3748	4244	3426	
546	14	2046936
2970	3226	3491	3034	3444	
547	43	1982272
3590	3639	4200	3629	
548	97	1976810
4293	3314	
549	116	1443317
3104	3576	
550	40	1980255
3445	
551	26	2050121
4034	3754	3185	
552	63	2054410
3511	4178	3672	4124	4289	
553	82	2057330
3223	4097	3837	2920	
554	71	2107195
2935	3906	3484	3177	3065	
555	22	2110158
2963	
556	2	2042797
3537	3723	3186	4135	3020	
557	72	2045862
3578	3281	3314	3065	3056	
558	131	2049606
3390	4023	3754	3744	
559	69	2053685
4316	3858	4105	4001	4079	
560	55	1934452
3396	3366	
561	86	2046548
4027	4209	
562	17	2057986
4294	3887	3800	4301	
563	66	2061642
3848	3449	2881	3656	
564	101	2113341
2973	4012	4133	3183	
565	63	2123074
4119	3593	3726	4137	3173	
566	77	2126777
3587	3970	3171	
567	91	2126126
3555	3100	4042	3084	3052	
568	125	2130773
2885	4290	3996	
569	98	738234
3694	
570	107	2130989
4092	4212	3958	
571	46	1519726
3168	3928	4126	
572	106	1432757
3286	3433	
573	41	2134187
3230	3187	3198	
574	83	2137221
3002	3878	3045	
575	112	2141073
3563	3451	3852	3369	
576	92	2134785
4012	3894	
577	12	1531112
3037	
578	101	2144899
2935	3503	3025	3826	
579	57	2144717
2883	3644	3157	
580	85	2195345
3692	2925	3569	3646	
581	61	2147633
3029	3383	2916	
582	82	2199367
3727	3701	3567	4022	
583	70	2155736
3200	3738	3187	3883	
584	112	2202666
3894	4119	3650	3299	
585	70	2159697
3806	3073	3627	3961	
586	5	2209650
3334	3440	
587	54	1523826
3195	4100	
588	72	2195588
3760	4169	3478	3373	3491	
589	80	2210480
3768	3365	3299	3688	4214	
590	83	2194672
3015	3792	4317	
591	124	2214334
3908	3463	4212	3317	3789	
592	76	2198631
3741	4154	3959	
593	115	2202032
3401	
594	27	2208575
3672	4177	2943	
595	98	752384
3591	
596	116	1603321
2995	3360	
597	130	2212757
3128	2965	4182	
598	117	2214925
3355	4233	3385	
599	129	1616104
3999	
600	50	2217636
3027	4300	3774	
601	26	2217873
3828	3706	3539	
602	126	2221895
3223	4165	3324	4066	4259	
603	116	1615925
3152	4206	
604	68	2225638
3527	3743	
605	10	2218926
3833	4001	
606	112	2222605
3989	4033	3679	3441	
607	8	2229761
3453	2985	4123	
608	114	2225851
3444	3246	
609	40	2228820
2969	
610	97	2232932
3784	4112	
611	36	2237055
3657	3646	3152	4123	
612	18	915615
3902	
613	49	1177665
3909	
614	130	2241198
3785	4143	3841	
615	126	2245490
3482	4042	4068	3790	4292	
616	32	2244081
3402	3755	2883	
617	96	2280466
3673	3985	
618	0	2284617
3142	3204	4302	3905	4151	
619	105	1678129
3683	
620	8	2288292
3757	3880	3675	
621	92	2235888
3557	3531	
622	129	1699677
2907	
623	38	2294886
3108	4221	3349	2994	
624	84	574016
3769	
625	72	2299153
4162	4054	3509	2936	4267	
626	27	2294988
4218	3233	4081	
627	93	2302516
4129	2949	3059	3363	
628	126	2305678
4007	4215	3471	3372	3162	
629	4	2309263
4157	3584	4272	3272	3585	
630	63	2312170
4128	3735	4128	4248	2907	
631	41	2315422
3213	3677	3252	
632	94	2310469
4121	3128	4250	3284	
633	93	2313098
4167	3817	4108	4148	
634	114	2313659
4250	3190	
635	72	2317938
3998	4121	3861	3766	4279	
636	67	2368097
4044	3561	3341	3359	3270	
637	93	2324575
3751	4198	3755	3278	
638	52	2371016
4053	2880	3154	2919	
639	66	2327956
4205	3941	3216	3381	
640	24	2321712
3047	3689	3391	4287	
641	123	2374227
2957	4015	3333	3211	
642	0	2331903
4054	3584	3838	4185	3947	
643	87	2328800
3732	2903	
644	33	491990
4279	
645	96	2332697
3181	3897	
646	7	2369414
3559	3099	3775	3614	4317	
647	67	2381357
3769	3421	3133	3127	3530	
648	34	2375468
3327	3634	3454	2927	
649	2	2382194
4074	3531	3124	3955	3126	
650	80	2385641
4255	4148	3541	3447	3254	
651	31	2388624
3577	3075	2983	
652	83	2383288
3754	3733	3481	
653	29	2391928
3743	3122	3304	
654	98	836943
4128	
655	107	2388786
3904	3403	3145	
656	37	2395709
3883	3781	
657	78	2392234
3066	4043	2968	3448	
658	131	2389767
3987	3393	3277	3076	
659	51	2399772
4141	3813	4063	
660	79	2393548
3635	3781	
661	119	2395956
3370	3444	3455	3722	
662	79	2396628
3694	3080	
663	108	2399590
3656	4301	2962	
664	56	2400255
3332	4299	
665	24	2402742
3199	3736	2964	3152	
666	104	2453634
3202	4137	3596	4092	3471	
667	97	2410166
3044	3828	
668	32	2413075
4088	4270	2909	
669	112	2457838
3029	3594	3735	4204	
670	85	2461483
2926	3625	3104	3645	
671	25	2468240
3157	
672	19	2413910
3090	3536	3838	3972	
673	81	2472028
3878	4213	3541	3210	3788	
674	106	1596356
3981	2938	
675	11	2476319
3836	3126	4011	3963	4291	
676	17	2457229
3944	3489	4056	3371	
677	44	1864307
4287	3943	
678	7	2461538
3941	3816	2965	3552	4309	
679	33	501205
2944	
680	83	2467874
2996	3599	3493	
681	95	2469312
3668	4204	3074	3256	4174	
682	24	2472016
3341	4247	2920	4142	
683	111	2479831
3047	3489	3743	3455	3512	
684	111	2483038
3799	3620	3783	4272	3207	
685	53	2485933
2972	3548	2890	2895	
686	67	2489286
4289	2994	4159	3020	3353	
687	3	767981
3278	
688	94	2486517
3920	3859	3408	4085	
689	38	2486727
4191	4098	3995	3676	
690	20	2402908
3487	3692	
691	45	2490085
4228	4288	2968	3358	
692	70	2494273
3313	2925	3010	4188	
693	15	1877137
4146	
694	70	2498523
3803	3772	3723	4250	
695	43	2502437
4090	3418	4106	3914	
696	117	2494702
3613	3582	4079	
697	91	2541124
2894	4167	3778	3444	3124	
698	33	505192
3987	
699	74	2452384
3597	
700	111	2544529
3858	3313	4254	4191	3405	
701	66	2545379
3267	3214	3148	2907	
702	78	2548676
3502	3839	3672	4147	
703	124	2555978
4302	3183	3699	3571	3702	
704	61	2502228
3557	2978	3272	
705	11	2559876
4216	3660	3628	3291	3898	
706	73	2563232
4280	3007	3026	3739	3356	
707	85	2567213
2961	2932	3045	3981	
708	103	2570494
2904	3281	
709	54	1950816
3818	3821	
710	96	2544245
3089	3300	
711	75	2574269
3023	4105	3510	3815	3775	
712	27	2548122
3770	3118	3877	
713	124	2577462
4041	3638	4259	3657	3193	
714	74	2477972
3204	
715	11	2627221
4062	3887	2898	4260	2959	
716	27	2560016
3282	3271	4034	
717	23	2481460
3793	3794	
718	37	2566617
3724	4135	
719	103	2630131
4081	2910	
720	131	2564227
3743	3397	3654	4211	
721	120	2633221
4112	3646	2953	2992	3090	
722	13	1693639
3729	
723	99	2567463
4154	2957	3613	3236	
724	73	2640706
2907	3061	3070	4015	3885	
725	130	2581137
3119	3220	3432	
726	12	1941137
3839	
727	11	2643795
3205	3132	4171	3197	3089	
728	106	1701077
3893	4319	
729	2	2585108
4102	3857	2941	3922	3971	
730	60	1954119
4114	3859	3303	
731	27	2584339
3765	4234	3467	
732	111	2648102
3481	2990	3725	3908	4307	
733	79	2591189
4304	3125	
734	42	2651239
3268	4284	3637	3137	
735	61	2627508
3416	3003	3919	
736	109	2631511
3467	4107	3021	4003	3146	
737	112	2654500
3277	4025	3645	3261	
738	66	2638970
3596	4277	3406	3859	
739	109	2643277
4128	3760	3324	2910	4307	
740	117	2644662
3935	3317	2996	
741	50	2568697
3090	3450	3828	
742	60	1961573
3488	3747	4004	
743	110	2658078
2911	3786	3885	3578	
744	102	2661021
2943	
745	79	2648407
2988	3745	
746	92	2572093
3321	3396	
747	72	2652121
3016	3146	3003	3613	3714	
748	129	1970013
4247	
749	34	2655107
3095	3815	2929	2986	
750	5	2640060
3034	3470	
751	55	2578891
3017	3869	
752	120	2663928
3084	2967	3849	3436	2907	
753	103	2713630
4260	2902	
754	55	2586711
3522	3971	
755	60	1964980
2976	3350	3407	
756	127	2716872
4222	3466	3081	3242	
757	62	2669610
3726	
758	116	1972403
3414	3646	
759	2	2673585
4090	2881	3235	3436	3975	
760	122	2677347
3960	3644	3328	4302	3762	
761	113	2719830
3441	4029	4273	4034	2958	
762	25	2726577
3147	
763	5	2646557
4053	3262	
764	97	2667369
4060	4145	
765	115	2670411
3042	
766	30	2730546
3207	2977	4116	3495	3969	
767	58	1978177
3142	3891	
768	72	2717364
2978	3461	2904	3570	4122	
769	16	2626316
3861	4285	3171	
770	23	2649764
2928	3207	
771	1	2734345
3267	3273	3941	4180	3799	
772	91	2737835
3976	4174	4058	2901	3490	
773	9	2740813
3522	3736	2993	2978	
774	119	2744250
2965	3965	4170	3437	
775	131	2713586
3705	4319	3837	3089	
776	18	1183580
3696	
777	98	1013229
4038	
778	1	2747668
4116	3009	3768	3681	3418	
779	71	2798741
3854	3971	3478	3047	4273	
780	14	2802535
4131	3373	3648	3044	3794	
781	49	1527711
3032	
782	109	2744003
3246	3525	3099	4169	3193	
783	90	2805755
4176	3364	4008	4011	3220	
784	99	2732770
3588	3524	4221	4289	
785	107	2813016
3598	3383	3661	
786	59	2816909
3641	3541	3279	3321	3893	
787	30	2820435
3374	3748	3197	3761	3526	
788	102	2824736
4301	
789	45	2755768
4277	3699	3317	3993	
790	11	2828744
3780	3338	2943	3952	4008	
791	107	2832357
3478	2919	3613	
792	43	2759785
3511	3153	3411	4017	
793	63	2835559
4183	3991	3600	3381	3202	
794	8	2763826
3163	3767	4041	
795	99	2756563
3640	3028	3179	3550	
796	117	2759997
3261	4270	3434	
797	49	1611531
3714	
798	63	2885312
3249	3785	4046	3779	2953	
799	96	2799224
2896	3048	
800	116	2041595
3945	3966	
801	39	1187659
4079	
802	61	2802339
4136	3268	3115	
803	75	2889053
3829	3688	3639	3430	3741	
804	122	2806641
3628	4189	3947	4302	3701	
805	72	2814012
3186	4162	3978	3770	2907	
806	76	2817052
3642	3843	3041	
807	30	2892773
4212	3567	2932	3951	3720	
808	47	2824022
3498	3350	3213	3888	3019	
809	42	2900069
3824	3752	3932	3696	
810	20	2816587
3944	4239	
811	58	2038374
4016	3444	
812	17	2827227
4048	3056	3814	3205	
813	13	1938286
3675	
814	95	2831239
3747	4231	4164	3473	4012	
815	74	2824049
3989	
816	122	2834390
4240	3461	3792	4236	3151	
817	65	2837452
3718	3066	3062	
818	59	2903151
2960	3371	3158	3898	3082	
819	50	2831855
2955	3499	3908	
820	48	2841552
4100	
821	2	2845464
3813	3177	4201	3366	3912	
822	27	2838472
3856	4137	4006	
823	6	2841450
4161	4256	2978	
824	66	2849386
3092	4175	3106	3922	
825	26	2907223
3985	3799	4072	
826	2	2889183
3181	4192	3253	3883	3598	
827	61	2849080
3992	3426	3747	
828	11	2911100
4027	3329	3942	3840	3877	
829	92	2835240
4100	3385	
830	23	2899179
4129	2970	
831	56	2915153
3076	4053	
832	73	2918055
4098	3972	3083	3508	2902	
833	105	2067783
3002	
834	99	2903168
3601	3146	3885	3989	
835	50	2842259
2905	3422	3943	
836	37	2900568
3363	4277	
837	124	2921593
3081	4151	3896	4156	3538	
838	68	2903950
3525	3382	
839	36	2906311
3331	3334	3018	3143	
840	116	2109971
3156	3308	
841	7	2910899
4106	3641	3556	3939	3104	
842	97	2914018
3606	3119	
843	94	2917547
3360	3952	4220	3529	
844	39	1268101
3654	
845	44	2223495
3178	3176	
846	11	2972250
4174	4222	3058	3841	3857	
847	32	2985701
3695	3498	4242	
848	26	2976081
3260	3995	3831	
849	105	2124352
2918	
850	124	2989313
2953	3787	3795	3841	3324	
851	37	2992731
3287	3418	
852	22	2993353
4040	
853	110	2996348
3793	3164	3617	2993	
854	65	3000422
3175	3416	4074	
855	122	3003376
3285	3101	3034	4097	2954	
856	49	1693863
3485	
857	11	3000160
3841	3635	3717	2930	3812	
858	121	3003158
3990	4302	3718	3634	2998	
859	23	3000264
3567	3562	
860	0	3006490
3312	3537	3890	3893	3114	
861	57	3010126
2947	3627	3636	
862	50	3000126
3335	4177	3424	
863	117	3007546
4209	3771	3882	
864	85	3060398
3307	3897	3490	3998	
865	79	3011798
3347	4252	
866	32	3071686
4046	3009	3053	
867	96	3075878
4285	4192	
868	103	3064359
3776	3961	
869	114	3079796
3816	3918	
870	129	2080777
4140	
871	8	3021278
2929	3462	3886	
872	43	3083954
3404	3850	4158	3830	
873	72	3087823
3431	3617	3354	3869	3687	
874	97	3090944
2922	3121	
875	91	3091791
3690	4160	2912	3013	3968	
876	18	1278550
4011	
877	51	3094151
4211	3414	3315	
878	5	3078189
3113	3102	
879	93	3097284
4145	3122	3252	3133	
880	1	3146785
3747	3292	4212	3732	3985	
881	85	3149754
3462	2983	3616	2969	
882	43	3107950
3858	3534	4205	3318	
883	5	3081767
3360	3578	
884	4	3157257
4093	3650	3413	3425	3903	
885	77	3102179
4201	3373	3617	
886	2	3157518
3941	3207	3976	3968	3925	
887	120	3160785
3113	3594	4146	3050	3267	
888	24	3160812
3067	3154	3005	3295	
889	21	3161579
3768	4063	
890	47	3164409
3073	3048	3414	3590	3841	
891	99	3165528
3383	3033	3949	3416	
892	4	3169401
4056	3055	3873	3461	3145	
893	25	3172673
3272	
894	59	3175572
3457	3647	3778	4270	2899	
895	5	3169207
3347	3679	
896	27	3172379
3485	3339	2978	
897	81	3179499
3995	3901	4091	4030	3927	
898	66	3173588
3703	4028	4303	4187	
899	108	3245718
3364	4019	3562	
900	74	3176538
3240	
901	120	3230373
4086	3494	4062	3874	4074	
902	8	3184781
3802	3651	4181	
903	45	3188915
3746	2954	3583	4134	
904	130	3249982
2928	4264	3257	
905	127	3253873
4296	3198	3891	3811	
906	18	1293360
3506	
907	21	3249102
3555	3385	
908	26	3257017
4218	3144	3044	
909	121	3260013
3659	2941	3648	3383	2996	
910	114	3257402
4024	4222	
911	74	3256586
3836	
912	58	2217832
3976	3947	
913	7	3261710
4172	4213	3935	4308	2988	
914	103	3265509
3799	2972	
915	2	3268598
4180	4119	4277	4185	3089	
916	55	3259711
4273	3125	
917	47	3272565
3797	3085	3569	3002	3967	
918	49	1790926
4072	
919	3	841853
4020	
920	14	3319544
4135	4036	3910	4238	3944	
921	28	2060996
3727	
922	30	3323042
4108	3361	2971	3016	3498	
923	129	2221425
3593	
924	79	3276470
4253	3694	
925	61	3280569
3832	3612	4099	
926	40	3316396
3427	
927	70	3315791
3046	4068	4046	3572	
928	13	2072854
3958	
929	130	3320371
3414	2939	3975	
930	93	3323988
3047	3791	4180	3617	
931	16	3269700
3392	4219	2941	
932	104	3331629
3483	3226	4067	4040	3298	
933	64	3335599
3971	3562	
934	6	3330031
3060	4097	3029	
935	91	3339393
3776	2985	3526	3344	3794	
936	49	1870153
3528	
937	114	3333579
3509	3548	
938	90	3343019
3384	3208	3411	3902	3626	
939	52	3346332
3786	3057	3008	3313	
940	124	3350481
2899	4087	3832	4052	4149	
941	88	3343443
3479	3781	
942	38	3346686
4164	4295	3077	3841	
943	57	3350821
3655	3776	4135	
944	33	666481
3592	
945	20	3346204
3894	3245	
946	123	3354507
3833	4219	3959	4026	
947	82	3404497
4007	3183	3785	3190	
948	9	3408337
4018	3797	2902	3840	
949	16	3349637
3042	3039	3433	
950	29	3360690
3576	2962	3182	
951	47	3364966
3745	3062	2994	3628	4276	
952	107	3412206
4086	4178	3869	
953	74	3359619
3392	
954	124	3418970
4271	3950	4241	4259	3164	
955	3	868191
3610	
956	63	3422627
3742	3838	3769	3304	3657	
957	48	3368210
3244	
958	54	2473861
3845	3055	
959	98	1260624
3129	
960	96	3423731
3240	3877	
961	31	3404402
3185	4220	3792	
962	7	3428013
3145	3272	3493	4282	3598	
963	116	2297209
2996	3559	
964	28	2192685
4225	
965	51	3431465
3675	3860	3452	
966	33	724148
3620	
967	83	3431758
3508	3108	3745	
968	65	3435983
4090	4225	3989	
969	85	3439473
4008	3429	3338	3490	
970	131	3439533
3108	3257	3202	3550	
971	31	3443233
3700	2989	3912	
972	60	2477419
3407	4059	3558	
973	53	3490534
3828	3502	3246	4201	
974	40	3446308
3529	
975	11	3493832
2919	3145	4123	3824	3298	
976	55	3366770
2995	2892	
977	40	3454283
4151	
978	33	734355
3122	
979	12	2317248
4038	
980	84	829383
4046	
981	0	3490888
3147	3570	3988	4204	3553	
982	26	3496731
3511	3559	2899	
983	55	3403372
4038	4202	
984	60	2481030
4080	3488	3611	
985	101	3504587
3972	3598	3420	4256	
986	123	3508728
3369	3539	3625	4141	
987	87	3494245
3835	3358	
988	69	3507034
4039	4254	3023	3539	3885	
989	123	3512913
2960	4263	3321	4185	
990	35	3516980
3670	4182	4067	
991	127	3521210
4189	3243	3212	4230	
992	74	3406274
2902	
993	78	3524941
3111	3762	4016	3731	
994	85	3575290
3722	3204	3326	3549	
995	74	3409368
3094	
996	27	3513713
4146	3461	3782	
997	16	3412602
3813	3961	3234	
998	127	3578381
2979	4069	3442	3091	
999	5	3509594
3600	3422	
1000	93	3521475
3053	3188	4231	3693	
1001	109	3525228
3079	4184	3428	3486	3753	
1002	66	3528143
3944	2935	4273	2915	
1003	88	3513117
4267	3523	
1004	98	1343808
2908	
1005	100	3581610
4290	3383	3887	3571	3229	
1006	18	1355635
3851	
1007	8	3535672
3715	3695	3958	
1008	115	3524458
3190	
1009	100	3585411
4143	3448	3610	3306	3801	
1010	17	3575078
3792	4096	3280	3700	
1011	21	3516758
3360	3641	
1012	67	3592924
3457	3046	3153	3829	3913	
1013	68	3582720
3672	3813	
1014	78	3596959
2987	3327	3792	4035	
1015	114	3531920
3836	4182	
1016	39	1363457
4030	
1017	98	1350864
3599	
1018	122	3590383
2950	3825	3414	4271	4063	
1019	8	3594568
3457	3074	4185	
1020	69	3597486
3155	4050	3252	3102	2918	
1021	22	3600417
3458	
1022	3	915738
4233	
1023	74	3437868
4247	
1024	129	2383105
3300	
1025	89	3604676
3791	3429	4259	
1026	0	3601762
3654	3086	3727	2965	4276	
1027	18	1367390
3933	
1028	77	3595015
4124	2918	3176	
1029	99	3599206
3299	3758	3724	4191	
1030	118	3608297
4093	3113	3452	4240	3621	
1031	43	3609672
3049	4252	3968	3670	
1032	118	3613376
3238	3774	3886	3593	3704	
1033	128	3663573
3462	3697	4134	3359	3397	
1034	101	3677979
3794	3133	3759	3027	
1035	82	3681644
4151	2919	4017	3665	
1036	58	2389809
3201	2977	
1037	13	2288491
3710	
1038	58	2394011
3539	4202	
1039	112	3685154
3754	3383	4123	3510	
1040	129	2397094
3083	
1041	15	2417197
4180	
1042	81	3688874
3407	3156	3921	4081	3720	
1043	79	3615263
3928	3832	
1044	20	3685409
3372	3350	
1045	66	3623699
4088	3498	4287	3058	
1046	66	3627384
3551	4279	3778	3685	
1047	110	3692470
3684	3094	3967	3596	
1048	91	3696770
4068	3694	3475	3598	4300	
1049	122	3691903
2889	4276	3694	2940	2896	
1050	13	2310469
4158	
1051	99	3685439
4282	3980	3540	3141	
1052	123	3700783
3067	3223	3344	4013	
1053	31	3695362
3170	3433	3459	
1054	28	2314240
3771	
1055	7	3699445
3668	3949	3765	3104	4083	
1056	81	3705022
3894	4177	4125	3016	4239	
1057	126	3703045
3467	3400	3639	3116	3600	
1058	44	2655294
2904	4192	
1059	85	3708459
3343	3123	3170	3437	
1060	0	3710378
3325	3612	4057	3695	4163	
1061	4	3714659
3972	3497	4183	4281	2880	
1062	62	3750298
3239	
1063	11	3766222
3861	3786	4301	3591	3782	
1064	44	2726829
2917	3135	
1065	55	3700448
3822	4003	
1066	19	3753311
3701	4156	3272	3013	
1067	73	3770027
3440	3697	3991	3996	3498	
1068	131	3774240
3065	3092	3845	4218	
1069	7	3778227
2931	4220	4180	3591	3987	
1070	53	3781695
3961	2996	2957	3864	
1071	31	3781607
4189	3840	3380	
1072	89	3784773
3947	4132	3078	
1073	60	2730870
3344	4043	4041	
1074	40	3784649
3861	
1075	91	3788217
3490	4087	4236	3713	3444	
1076	127	3791654
3445	4032	3545	3437	
1077	70	3792274
3382	3868	4090	3409	
1078	118	3796048
3041	4019	3524	3774	2916	
1079	66	3799514
3513	4276	3069	3466	
1080	124	3850354
3121	2886	3763	4003	4224	
1081	48	3835771
3857	
1082	25	3853413
3059	
1083	98	1434350
4005	
1084	122	3839703
4051	3798	4249	3801	3932	
1085	118	3857534
3592	3478	3460	3388	4121	
1086	75	3860790
3168	4178	3016	3586	3256	
1087	34	3860511
3210	2978	3732	3436	
1088	74	3861191
4310	
1089	63	3864805
4040	4085	3340	3688	4015	
1090	126	3865260
3105	3266	3199	3247	4069	
1091	100	3868951
3550	3976	3265	2983	3691	
1092	39	1383603
3603	
1093	77	3860300
3523	3471	2978	
1094	97	3864536
4242	4236	
1095	69	3871302
3544	3926	3587	3329	3059	
1096	100	3875602
3149	4215	3998	4300	4181	
1097	117	3871831
3125	3156	3966	
1098	59	3879655
3191	4011	4257	3437	4053	
1099	93	3878803
3443	2924	3399	3201	
1100	98	1441560
4019	
1101	41	3882924
3875	3090	3269	
1102	28	2403079
3704	
1103	16	3879220
3938	3747	4082	
1104	61	3878893
3776	3410	3972	
1105	120	3886677
4264	3317	2905	4318	3753	
1106	5	3936114
4120	3827	
1107	126	3887179
3344	4171	3083	3270	3641	
1108	54	2742124
2906	3606	
1109	115	3882230
3337	
1110	92	3939739
3625	2905	
1111	48	3923494
3915	
1112	16	3943220
3053	3190	3481	
1113	10	3885871
3284	3641	
1114	44	2814275
4305	3751	
1115	78	3922754
3115	4122	4022	3677	
1116	51	3943918
4234	3439	4179	
1117	113	3947467
4170	3941	3192	4247	3071	
1118	35	3951396
3469	3648	3929	
1119	118	3955187
3161	4235	4065	3590	3791	
1120	30	3958170
2943	3468	3601	4068	2983	
1121	8	3955147
3877	3378	3571	
1122	31	3958309
4049	3480	3162	
1123	36	3925195
3312	4319	3510	3323	
1124	52	3961873
3030	4307	3067	3703	
1125	15	2589804
3649	
1126	73	3965830
4053	4216	4291	3037	3957	
1127	39	1417397
4289	
1128	81	4023830
3463	3602	3805	2928	3002	
1129	46	2829296
3292	4299	4021	
1130	37	4027092
3336	3043	
1131	126	4030699
3568	3656	3483	3607	3138	
1132	6	3936292
4012	4276	3206	
1133	31	4033840
3727	2970	3141	
1134	117	3939825
3092	3995	3533	
1135	77	4026743
4121	2988	2932	
1136	29	4037268
3935	3942	3428	
1137	61	4030157
3605	3066	3414	
1138	115	4034074
3917	
1139	100	4040467
3568	4126	2922	3199	3053	
1140	28	2477033
4088	
1141	74	4041778
4215	
1142	118	4043706
4167	3957	4161	3239	3019	
1143	99	4038340
3817	2880	3654	4266	
1144	74	4045994
4216	
1145	106	2484053
3427	3063	
1146	52	4050057
2928	3810	3789	4063	
1147	78	4054370
4147	4307	3166	4313	
1148	44	2904642
3866	3780	
1149	72	4046670
4050	3333	3833	2945	2964	
1150	101	4110021
3394	3962	3252	2970	
1151	94	4045003
3616	3002	3357	3718	
1152	96	4048344
3296	3341	
1153	90	4113952
3691	3146	3359	3472	3931	
1154	82	4118123
3760	3504	4225	4171	
1155	1	4121961
3755	3609	4145	4244	3230	
1156	89	4125169
3791	3771	3208	
1157	102	4128929
3760	
1158	4	4133021
3660	4102	3487	3411	4092	
1159	54	2915392
3689	3248	
1160	19	4128491
3260	3584	3367	3119	
1161	79	4055547
4213	3716	
1162	113	4136249
3913	3762	3995	3974	3228	
1163	12	2670746
3755	
1164	27	4059573
3904	4202	4026	
1165	92	4120950
3800	3163	
1166	84	922416
2945	
1167	87	4095234
3709	3261	
1168	19	4132479
4062	3898	3929	3988	
1169	82	4140244
3648	3405	3006	3995	
1170	20	4128557
2995	3678	
1171	32	4125216
4018	3796	4266	
1172	31	4138909
3283	3664	3424	
1173	85	4143421
3749	3825	2958	3177	
1174	76	4128756
3773	3070	3540	
1175	98	1612747
4001	
1176	90	4198027
2978	2972	4110	3539	4309	
1177	61	4132966
3261	3866	4210	
1178	15	2717028
2915	
1179	12	2719958
2930	
1180	30	4201383
2991	2961	3109	3005	3356	
1181	5	4201265
3633	4009	
1182	3	955401
3605	
1183	16	4131788
3413	3232	3231	
1184	7	4205416
2904	3234	4151	3720	3295	
1185	13	2558611
3732	
1186	65	4209165
3386	3749	3079	
1187	41	4212570
3368	3405	3337	
1188	112	4216432
3939	3893	3079	3862	
1189	55	4135918
3125	4130	
1190	90	4220531
3706	3117	3876	3308	4099	
1191	14	4224013
3314	4248	4065	3613	3482	
1192	106	2570214
3391	4238	
1193	89	4281284
3475	3488	3952	
1194	57	4223607
4110	3893	3081	
1195	28	2574098
3884	
1196	71	4284526
3400	3100	4201	3843	3242	
1197	72	4231989
3627	3185	3493	4181	3802	
1198	63	4288144
3833	4050	3221	3990	3618	
1199	115	4288268
3098	
1200	66	4268347
3731	3078	3826	3958	
1201	106	2587701
3515	3268	
1202	109	4291230
3026	2881	3565	2911	2962	
1203	31	4295451
4215	3278	4221	
1204	105	2747448
3406	
1205	125	4288416
3019	4123	4015	
1206	51	4298690
3438	3863	3239	
1207	119	4291544
3701	3239	3270	3400	
1208	99	4295975
4273	4318	3015	3696	
1209	117	4299761
4096	4155	3786	
1210	43	4303078
3348	3110	3317	3088	
1211	108	4367567
3384	3868	3893	
1212	84	998529
3695	
1213	80	4371461
3616	3483	3427	3542	3894	
1214	81	4374915
3045	3570	3257	3502	3454	
1215	81	4378507
3522	3056	3808	4226	3592	
1216	62	4374528
3419	
1217	130	4378740
3594	3451	4212	
1218	26	4382957
3901	4097	4217	
1219	76	4377617
3697	3429	3172	
1220	116	2799810
4004	4256	
1221	115	4380577
2960	
1222	99	4383632
3307	3189	3499	3055	
1223	73	4387651
3740	3607	3882	4019	3218	
1224	68	4390565
3226	2914	
1225	25	4391227
3576	
1226	90	4394329
3194	3118	4082	3107	3102	
1227	22	4398008
3679	
1228	33	931152
3753	
1229	42	4454550
3812	3680	4045	4199	
1230	28	2650057
3415	
1231	110	4458007
2895	4256	3941	3457	
1232	1	4461573
3787	3504	3523	3134	3566	
1233	1	4465526
3505	3679	3364	4105	3953	
1234	123	4468762
4133	3013	3130	3236	
1235	76	4390657
4027	3406	3143	
1236	30	4472052
3122	4012	3047	3783	3290	
1237	92	4458592
4304	3026	
1238	64	4475965
3367	3913	
1239	95	4462571
3672	3698	3978	3979	3002	
1240	7	4465729
4138	3006	3138	3666	3158	
1241	68	4468670
2992	2941	
1242	49	2389022
3907	
1243	106	2665650
4158	4154	
1244	130	4471688
4019	3593	3018	
1245	13	2672998
3329	
1246	56	4479754
3276	3789	
1247	108	4468794
2900	3874	2943	
1248	129	2989922
3135	
1249	69	4475376
3068	3544	3571	3946	3688	
1250	108	4540770
3670	2992	3618	
1251	21	4543992
3519	3425	
1252	6	4543697
4215	3271	2927	
1253	30	4548138
3750	3177	4178	3421	3684	
1254	29	4551735
3431	3471	3860	
1255	38	4555350
4005	3219	3393	3615	
1256	11	4552103
4192	4008	4253	4228	3357	
1257	10	4556306
3963	4203	
1258	89	4556356
2911	4142	4253	
1259	119	4559500
3428	2912	4203	3144	
1260	27	4559664
3126	4241	3358	
1261	95	4558681
4265	3824	4179	3750	3331	
1262	121	4563555
3053	4203	3862	4310	4055	
1263	29	4562529
3030	4187	3848	
1264	79	4563090
3985	3426	
1265	50	4564588
4265	4014	3704	
1266	126	4568348
4185	3674	3735	3760	3482	
1267	17	4571679
3962	4194	2986	3331	
1268	97	4569683
3148	3607	
1269	59	4571734
3589	3282	3888	3363	3386	
1270	17	4575942
4220	4220	3517	4263	
1271	49	2475051
4006	
1272	64	4612145
3802	3154	
1273	32	4628206
3673	3556	3122	
1274	79	4632029
3668	3823	
1275	42	4632338
3367	4133	3670	3093	
1276	93	4615087
3741	3960	4170	2943	
1277	14	4635645
3767	3803	2883	3232	3307	
1278	106	2730900
4198	4183	
1279	59	4638663
3612	3010	4223	3880	3018	
1280	54	3087941
3561	3689	
1281	102	4642828
4165	
1282	116	2902901
3096	4194	
1283	96	4638508
3565	3596	
1284	126	4640269
3005	3059	3296	4051	3974	
1285	48	4643210
2941	
1286	45	4646543
3144	4150	3155	3333	
1287	35	4646319
3188	3041	3491	
1288	130	4650689
3745	4305	4146	
1289	7	4654704
3487	2999	3626	3341	4015	
1290	33	998115
4058	
1291	126	4658038
3245	3780	3647	3393	3334	
1292	123	4650140
3188	3764	3681	3821	
1293	79	4649584
4196	3430	
1294	90	4662192
3787	3384	4104	4154	4011	
1295	121	4665670
3945	3546	2887	3792	3478	
1296	102	4668982
3312	
1297	11	4714534
3980	2973	2911	3327	2993	
1298	58	3161555
3026	3451	
1299	56	4717770
2945	3236	
1300	113	4720960
4187	3147	3908	3159	3190	
1301	19	4665315
3797	4157	3764	3123	
1302	76	4717540
4046	4122	3007	
1303	64	4725217
3894	4257	
1304	82	4728511
3857	4255	3550	3294	
1305	3	998148
3007	
1306	91	4731984
3480	3469	3316	3694	3473	
1307	47	4715487
3124	3225	3220	3340	3034	
1308	49	2561320
3374	
1309	127	4735808
3564	3079	3561	3824	
1310	65	4724536
3812	3145	3435	
1311	105	2934801
3367	
1312	4	4738724
3460	3054	4042	3861	2916	
1313	92	4717536
3270	2944	
1314	66	4732705
4143	3370	3540	4308	
1315	100	4743013
4066	3439	4279	3220	4289	
1316	35	4747069
3661	3159	4056	
1317	62	4739302
3377	
1318	62	4742211
2909	
1319	118	4750000
3984	3121	4242	4038	2931	
1320	126	4749451
2892	3563	3648	3072	3202	
1321	60	3170637
2947	3690	3245	
1322	13	2763934
3053	
1323	60	3173799
4163	3900	3162	
1324	90	4786092
4042	3445	3933	4240	3989	
1325	33	1017044
3518	
1326	75	4790158
3574	3908	3504	3892	4066	
1327	45	4794202
3731	4275	3878	4219	
1328	46	3250669
3485	2985	4195	
1329	92	4735774
4075	3505	
1330	30	4801961
3894	4191	4269	3943	4159	
1331	5	4802020
3590	3834	
1332	71	4805683
3558	3804	4305	2961	3722	
1333	32	4806016
3745	3996	3108	
1334	119	4809927
3613	2972	3749	4244	
1335	131	4809383
4168	3553	3043	3367	
1336	19	4807978
3440	2983	3907	3272	
1337	97	4813622
3552	4239	
1338	0	4817690
3390	4317	3996	3276	4068	
1339	87	4820370
3042	3472	
1340	80	4823937
4046	4039	3057	3567	2882	
1341	94	4826636
3066	3914	3577	3209	
1342	98	1784083
3117	
1343	68	4828143
3362	4206	
1344	94	4830184
4281	3549	3756	3548	
1345	72	4833964
4261	3412	4021	3780	3012	
1346	58	3332002
2927	4315	
1347	10	4837438
3518	3474	
1348	34	4837153
3111	3730	4203	3189	
1349	32	4873341
3015	3290	3503	
1350	94	4876800
3067	3603	2950	3459	
1351	48	4872452
2899	
1352	59	4827877
3487	3662	3143	4017	3940	
1353	118	4876657
3479	3825	3081	4205	3255	
1354	10	4879992
2908	3192	
1355	92	4815532
3027	3145	
1356	59	4880355
3874	3461	3469	3725	3698	
1357	105	3005261
3854	
1358	90	4888236
3557	3990	4207	3535	3749	
1359	14	4891575
3356	3013	3421	2913	3339	
1360	108	4891823
3554	3802	3391	
1361	12	3009089
3828	
1362	121	4896051
3072	3067	3375	4185	4228	
1363	73	4900255
3991	3700	4133	3643	4204	
1364	25	4903722
3467	
1365	78	4907492
3678	3391	4174	3770	
1366	66	4899820
3489	3606	3858	3864	
1367	52	4957957
3081	4049	3873	3665	
1368	15	3019779
4017	
1369	43	4903516
3909	4254	3371	3696	
1370	59	4960920
4056	3964	3544	3549	2963	
1371	104	4963856
3934	3650	3184	4033	2936	
1372	89	4967572
3128	3905	3716	
1373	91	4975470
3473	4024	3888	4154	4298	
1374	115	4906650
4139	
1375	118	4978423
4258	3010	3716	3866	2953	
1376	80	4981795
3582	4262	3872	4258	3372	
1377	72	4982901
3068	3631	4261	3900	3226	
1378	101	4985312
4169	3317	3181	3517	
1379	71	4989127
3959	4287	2922	4285	3815	
1380	6	4920677
4073	3052	3333	
1381	107	4992133
4298	3688	3006	
1382	58	3425432
3788	3055	
1383	6	4960974
3166	3937	4209	
1384	59	4995943
3670	3399	3420	4004	3810	
1385	48	4991201
4015	
1386	67	5046019
3039	3372	3689	4276	3276	
1387	7	4999050
3468	3814	4158	2982	3573	
1388	103	5050308
3074	4289	
1389	51	5005958
3711	3079	3834	
1390	117	4986084
3506	3227	3477	
1391	88	4989507
3289	3821	
1392	84	1096941
2943	
1393	67	5054319
3929	4239	3792	3671	4011	
1394	37	5046308
3195	4279	
1395	68	5050356
4204	4048	
1396	15	3099780
4137	
1397	90	5061437
3632	3666	2916	3378	3518	
1398	27	4989999
3594	3731	3915	
1399	117	4993434
4065	3942	3435	
1400	65	5065218
3465	4071	3947	
1401	53	5065173
3923	3620	3231	3736	
1402	25	5068429
3256	
1403	56	5072491
3440	4062	
1404	105	3144021
4279	
1405	128	5076289
4137	4271	4115	2984	3798	
1406	4	5079545
4202	4278	4248	3081	3256	
1407	55	4962045
3012	4207	
1408	35	5082854
3606	4218	3309	
1409	127	5133372
3527	4039	3561	3718	
1410	100	5136668
3983	3539	3971	3712	3296	
1411	28	2937335
3812	
1412	80	5140348
4156	3365	2972	3975	3680	
1413	71	5147338
3278	4209	3277	2953	3390	
1414	7	5089304
3931	3084	3559	3600	3820	
1415	33	1095076
2908	
1416	16	4973049
4226	3420	3433	
1417	26	5150896
3859	3202	3558	
1418	129	3504631
3101	
1419	35	5153986
3698	4184	3090	
1420	7	5096593
4165	3351	4045	3506	4087	
1421	66	5132050
3718	3357	4056	3057	
1422	79	5072610
3273	4183	
1423	126	5136258
3300	4061	3321	4285	4208	
1424	60	3344808
3353	4310	4049	
1425	131	5076896
4194	3798	3002	4286	
1426	80	5158210
3628	3373	3936	3342	4224	
1427	105	3176647
3565	
1428	7	5147222
4192	2980	3310	3241	4022	
1429	28	2999594
3398	
1430	19	5150677
3815	3889	3874	3455	
1431	10	5087351
3901	3278	
1432	124	5161109
4096	4140	3757	3451	2899	
1433	38	5154609
3217	3384	4061	3932	
1434	35	5164980
4099	4053	3871	
1435	2	5158839
3953	3334	4211	3900	4230	
1436	12	3186596
3080	
1437	41	5168578
3584	3054	3598	
1438	51	5162716
3735	3663	3877	
1439	35	5219200
3752	2961	3822	
1440	94	5154724
4179	2968	4281	3564	
1441	131	5158761
3547	3807	3033	4037	
1442	120	5222336
2976	4154	3506	3707	3136	
1443	42	5225986
3949	3650	3571	3650	
1444	81	5232821
3443	3336	3023	3322	3235	
1445	11	5237101
3709	3189	3452	3413	4280	
1446	50	5162920
3203	3622	4180	
1447	40	5165189
3015	
1448	91	5241126
4039	3453	2989	3752	4025	
1449	92	5233711
3417	3226	
1450	35	5244314
4253	3918	3188	
1451	126	5237539
4274	4303	3285	3828	3783	
1452	123	5247779
3772	3179	3722	3465	
1453	84	1176470
3484	
1454	30	5251877
3062	3189	3989	3375	4098	
1455	16	5241782
3635	3130	4243	
1456	26	5254925
3707	3970	3048	
1457	62	5248413
3529	
1458	35	5305398
3359	3998	3673	
1459	45	5252591
3986	3859	3446	4178	
1460	51	5255758
3299	3718	3167	
1461	86	5241191
3776	3763	
1462	74	5249512
4284	
1463	65	5259330
3867	3973	3572	
1464	110	5308896
3789	3398	3364	3498	
1465	53	5312521
3284	3668	4027	3625	
1466	86	5245310
3891	4119	
1467	127	5319885
3684	3356	4312	3764	
1468	65	5303441
4065	4199	4035	
1469	103	5323401
3652	3516	
1470	29	5311055
4135	3951	3962	
1471	65	5318713
4243	3706	4058	
1472	60	3503376
3825	4317	3095	
1473	40	5224981
4142	
1474	36	5232499
2886	3966	3287	3918	
1475	26	5327584
3858	4302	4183	
1476	64	5331895
3379	4311	
1477	69	5330338
3632	4051	4210	3332	3944	
1478	98	1963023
3150	
1479	129	3592965
3237	
1480	44	3510896
2885	4233	
1481	17	5333323
3429	4267	4225	2985	
1482	41	5335793
3564	4032	3898	
1483	53	5339464
3195	3641	3716	3671	
1484	80	5389964
3758	4152	3990	3535	3700	
1485	26	5393266
3453	3087	3302	
1486	1	5396298
4130	3297	3214	2918	3032	
1487	54	3517663
4234	3553	
1488	104	5399891
3974	2918	4149	3304	3593	
1489	3	1109542
3990	
1490	8	5350048
4195	2948	3881	
1491	69	5354017
3406	4031	4140	2893	3969	
1492	80	5407774
4313	4185	3162	3135	4283	
1493	13	3107501
2883	
1494	89	5411016
3499	3289	3242	
1495	62	5392747
3195	
1496	103	5414027
4164	3011	
1497	97	5347547
3727	3459	
1498	4	5417166
4011	4288	3645	3054	3139	
1499	113	5420706
3897	4005	3549	2918	3540	
1500	52	5424497
4034	3581	2968	3791	
1501	9	5428723
3494	2989	4109	4226	
1502	112	5479659
4258	4026	3245	4136	
1503	30	5483470
4019	4005	4048	3124	3811	
1504	73	5490861
3444	3215	3888	3604	3791	
1505	127	5494379
3204	3626	3980	3518	
1506	118	5497853
2918	3511	2890	4281	3474	
1507	95	5426717
3454	4010	3953	3699	4054	
1508	34	5430447
3354	3557	3006	3730	
1509	90	5501866
3037	3796	3106	3818	4013	
1510	7	5438294
3425	3675	3692	3203	4029	
1511	58	3684641
4228	4004	
1512	85	5505282
3897	3828	3889	3416	
1513	0	5477534
3208	3670	3786	4265	2951	
1514	66	5481248
4182	3043	3019	3714	
1515	79	5414325
4009	3041	
1516	49	2909879
3799	
1517	111	5508814
4203	4196	3165	3546	3532	
1518	17	5492090
4121	3413	4245	3696	
1519	56	5512111
4057	3297	
1520	6	5425850
3625	3688	4115	
1521	94	5429407
4025	3946	4095	3557	
1522	101	5563098
3301	4021	3041	4187	
1523	57	5495439
3243	3695	3349	
1524	12	3326298
3700	
1525	50	5342946
4134	4180	3254	
1526	60	3602101
3580	3609	3758	
1527	19	5498913
4189	3511	4276	3474	
1528	116	3336797
3622	3388	
1529	31	5502919
3058	3390	4006	
1530	45	5506723
3241	3312	3632	3804	
1531	87	5436283
4172	3181	
1532	26	5566416
3132	3716	3318	
1533	2	5513425
3068	2896	2891	4081	2986	
1534	80	5569459
3109	3302	3877	4127	3043	
1535	32	5479977
3192	3422	3336	
1536	81	5576959
3115	3753	3000	2940	3900	
1537	110	5580349
4038	3897	3756	3390	
1538	118	5584135
3425	3922	3780	3217	3786	
1539	88	5495649
3003	4097	
1540	103	5587983
2956	3848	
1541	55	5423315
3877	3943	
1542	29	5563010
3990	3487	3129	
1543	97	5483849
3903	3872	
1544	130	5567072
3361	2974	4062	
1545	21	5499850
3437	4201	
1546	36	5493997
3822	3879	2981	3574	
1547	19	5571248
3818	3119	3945	4176	
1548	66	5578170
3487	3659	3784	3322	
1549	83	5497199
4095	3952	3202	
1550	71	5591640
4031	3883	3144	3645	3657	
1551	35	5594964
4319	3095	3324	
1552	21	5502877
4219	3027	
1553	93	5584734
4113	3532	4248	2919	
1554	57	5588624
2918	3465	3890	
1555	108	5507870
3089	3790	4062	
1556	95	5591753
3187	4294	2999	3834	3129	
1557	60	3688777
3449	3275	3563	
1558	94	5511326
4041	3517	3015	3456	
1559	107	5598558
3234	3213	3594	
1560	0	5595399
3446	4060	4303	3873	3646	
1561	95	5598858
4098	3567	3137	2974	3459	
1562	94	5522066
3122	3325	3877	3654	
1563	26	5648658
3060	3000	2937	
1564	58	3852776
3131	3066	
1565	104	5652205
2911	2884	4232	3890	3547	
1566	9	5655167
3438	2977	3317	2962	
1567	46	3768324
3688	3223	4255	
1568	114	5529367
3193	3069	
1569	58	3855685
3853	2909	
1570	123	5658776
3197	3208	4065	3609	
1571	10	5565445
3520	3678	
1572	84	1262707
3831	
1573	26	5666662
3122	3858	4286	
1574	28	3268142
3981	
1575	45	5649109
3693	4168	4194	3786	
1576	82	5669603
3502	3759	3495	2941	
1577	104	5673432
4012	3636	3276	3812	3829	
1578	105	3431155
4127	
1579	5	5579032
3289	3965	
1580	131	5572743
3263	3546	4114	4022	
1581	80	5676476
3487	4171	2976	4087	3044	
1582	15	3440877
2887	
1583	34	5667672
3843	3311	3248	3569	
1584	47	5671325
3499	3134	3489	3327	3653	
1585	20	5484868
3273	4144	
1586	72	5675599
3700	3003	3848	3340	4274	
1587	6	5586457
3566	4145	3798	
1588	77	5590143
2931	4247	3686	
1589	115	5593869
3726	
1590	100	5680066
3117	2967	3316	3723	3590	
1591	127	5684312
3771	3237	4269	4246	
1592	61	5600353
3408	3481	3247	
1593	86	5587226
3584	3947	
1594	108	5603429
4036	3067	3076	
1595	46	3851735
4088	3939	3289	
1596	13	3325406
4201	
1597	79	5607714
3452	4285	
1598	41	5687550
3625	3763	3238	
1599	38	5687097
2989	3371	3349	3506	
1600	117	5615278
3363	3029	3801	
1601	51	5690130
3514	3803	3033	
1602	91	5737716
3475	3247	2890	3689	2916	
1603	28	3339164
3540	
1604	46	3854714
3933	4274	2979	
1605	60	3857917
3548	3737	3203	
1606	12	3498608
3352	
1607	35	5741581
3653	3098	3865	
1608	100	5749425
3723	3417	3797	3282	4244	
1609	89	5752784
3787	3217	3359	
1610	131	5650942
3679	3365	2926	3264	
1611	3	1185195
4120	
1612	72	5701418
3011	3034	3772	3804	4317	
1613	70	5736724
4162	4119	3434	2906	
1614	119	5755746
3520	4305	3584	2962	
1615	112	5759222
3409	4076	4108	3476	
1616	73	5763306
3260	3446	4229	3664	4084	
1617	87	5669652
3722	2969	
1618	22	5766421
3115	
1619	102	5769453
3032	
1620	51	5744443
3284	3779	4055	
1621	63	5773077
3327	3228	3369	3520	3624	
1622	19	5752327
3777	4187	4271	4284	
1623	29	5756621
3523	3835	4294	
1624	58	3948997
3941	3325	
1625	108	5676643
3576	3782	3167	
1626	83	5680820
3917	4266	4177	
1627	79	5684872
3867	4052	
1628	64	5823001
3946	3124	
1629	58	3952208
3655	3211	
1630	25	5826403
3402	
1631	71	5830196
4143	3617	3371	3955	3793	
1632	15	3529019
3977	
1633	126	5768190
3162	3793	3448	3368	3668	
1634	85	5837817
2987	4133	3241	4021	
1635	126	5774845
3641	3955	3901	3678	3414	
1636	74	5526913
2923	
1637	10	5691468
3738	3225	
1638	114	5694897
4033	3429	
1639	92	5680631
3287	3988	
1640	45	5777745
3816	3128	3863	2900	
1641	64	5841094
3195	3277	
1642	32	5752461
3582	4130	3513	
1643	124	5845240
4112	3856	3218	3286	4146	
1644	97	5756779
3751	4318	
1645	109	5783885
4252	3706	4137	4237	2945	
1646	76	5764070
4156	2898	3054	
1647	129	4111377
3852	
1648	93	5787385
3732	3503	3817	3500	
1649	48	5823597
3812	
1650	76	5767732
3410	2975	3662	
1651	68	5826967
3750	3370	
1652	17	5830921
3130	3598	3967	3954	
1653	129	4122190
4240	
1654	64	5848249
3047	3009	
1655	37	5840662
3171	3094	
1656	37	5844146
3997	3484	
1657	122	5848424
3850	3924	3052	3053	4278	
1658	83	5777910
3577	2885	3158	
1659	103	5851485
3061	3017	
1660	59	5855351
4282	2881	4269	4274	3866	
1661	75	5858800
4126	3390	3304	3985	3449	
1662	16	5773557
3252	3345	3065	
1663	78	5909609
3262	2963	2921	4009	
1664	110	5912800
3461	4271	2989	3191	
1665	96	5781227
3329	3317	
1666	88	5759632
3432	3954	
1667	18	1612189
3391	
1668	15	3585187
3319	
1669	105	3592829
4042	
1670	51	5861500
3066	3836	3041	
1671	16	5777016
3058	3206	3459	
1672	30	5917018
3228	4247	4238	3686	4218	
1673	108	5821576
3245	3364	3711	
1674	92	5839419
4186	3648	
1675	62	5869457
4271	
1676	19	5872796
4057	3465	3701	3339	
1677	43	5908637
4263	3807	3508	3441	
1678	98	2137598
3018	
1679	116	3603618
4043	3517	
1680	86	5843576
4207	4158	
1681	119	5924609
3466	3408	3577	3991	
1682	26	5927840
2899	2992	3231	
1683	111	5931143
4249	3767	2988	3328	3303	
1684	20	5850024
3619	3327	
1685	87	5831228
3739	3156	
1686	123	5934264
4106	3253	4186	3121	
1687	27	5838768
4018	3723	3940	
1688	126	5917849
4069	2956	3597	3075	2892	
1689	13	3443707
3846	
1690	62	5924676
3227	
1691	10	5842155
3026	3387	
1692	80	5937423
3782	3514	3985	3572	3159	
1693	108	5850185
4063	3290	4045	
1694	13	3450601
3380	
1695	111	5941383
4146	3519	3045	3229	3960	
1696	79	5857271
4204	4041	
1697	63	5945086
3342	4015	3649	4018	3703	
162
39704	19058
71988	34554
73105	35090
264504	126961
569618	273416
1177623	565259
2396171	1150162
4761031	2285294
9292710	4460500
10664	5119
30645	14709
52936	25409
140326	67356
245597	117886
412649	198071
680820	326793
1097536	526817
1738736	834593
564	270
11160	5356
11321	5434
28308	13587
47652	22872
77005	36962
121383	58263
187276	89892
284265	136447
40540	19458
67437	32369
72266	34687
216939	104130
412513	198006
753022	361450
1339023	642731
2331316	1119031
3994235	1917232
424	203
12864	6174
21347	10246
57971	27826
103106	49490
176047	84502
293892	141068
479920	230361
770725	369948
11278	5413
11339	5442
14103	6769
47392	22748
97153	46633
191194	91773
368555	176906
694620	333417
1287082	617799
4498	2159
34143	16388
35815	17191
98259	47164
175957	84459
302492	145196
506466	243103
830309	398548
1339559	642988
14834	7120
21728	10429
31162	14957
100430	48206
200224	96107
383213	183942
715062	343229
1306131	626942
2347400	1126752
58011	27845
76450	36696
77032	36975
349495	167757
875218	420104
2104085	1009960
4924847	2363926
11287883	5418183
25461835	12221680
11809	5668
47785	22936
88626	42540
338850	162648
757069	363393
1623806	779426
3397514	1630806
6957680	3339686
14017910	6728596
35723	17146
37313	17910
51579	24757
247505	118802
643406	308834
1605671	770722
3903174	1873523
9290032	4459215
21759017	10444328
31497	15118
43361	20813
73143	35108
321268	154208
787337	377921
1852356	889130
4274365	2051695
9640234	4627312
21370752	10257960
49511	23765
89728	43069
106971	51346
531767	255248
1415321	679354
3616258	1735803
9001417	4320680
21937437	10529969
52610704	25253137
8677	4165
50619	24297
95109	45652
315798	151583
642236	308273
1253869	601857
2390668	1147520
4460052	2140824
8184550	3928584
5104	2450
17854	8569
30841	14803
103045	49461
210437	101009
412560	198028
792942	380612
1489757	715083
2751307	1320627
34697	16653
36712	17621
46927	22524
132893	63788
243063	116670
426783	204855
728723	349787
1218816	585031
2006582	963159
1106	530
22287	10697
30800	14784
78753	37801
134559	64588
220712	105941
354377	170100
556413	267078
858997	412318
510	245
68209	32740
85042	40820
273436	131249
544292	261260
1040109	499252
1934453	928537
3523430	1691246
6316197	3031774
6
71
31.875
20.375
35
17.5
14
99
32400	43200
46800	79200
118800	129600
133200	165600
205200	216000
219600	252000
291600	302400
306000	338400
378000	388800
392400	424800
464400	475200
478800	511200
550800	561600
565200	597600
637200	648000
651600	676800
723600	734400
738000	763200
810000	820800
824400	849600
896400	907200
910800	936000
982800	993600
997200	1022400
1069200	1080000
1083600	1108800
1155600	1166400
1170000	1195200
1256400	1274400
1342800	1360800
1429200	1447200
1515600	1533600
1602000	1620000
1688400	1706400
1774800	1792800
1846800	1857600
1861200	1900800
1933200	1944000
1947600	1987200
2019600	2030400
2034000	2073600
2106000	2116800
2120400	2160000
2192400	2203200
2206800	2246400
2278800	2289600
2293200	2332800
2365200	2376000
2379600	2419200
2466000	2484000
2552400	2570400
2638800	2656800
2725200	2743200
2811600	2829600
2898000	2916000
2984400	3002400
3070800	3088800
3157200	3175200
3243600	3261600
3330000	3348000
3416400	3434400
3502800	3520800
3589200	3607200
3675600	3693600
3762000	3780000
3848400	3866400
3934800	3952800
4021200	4039200
4107600	4125600
4194000	4212000
4266000	4276800
4280400	4305600
4352400	4363200
4366800	4392000
4438800	4449600
4453200	4478400
4525200	4536000
4539600	4564800
4611600	4622400
4626000	4651200
4698000	4708800
4712400	4737600
4784400	4795200
4798800	4824000
4885200	4903200
4971600	4989600
5058000	5076000
5144400	5162400
5230800	5248800
5317200	5335200
5403600	5421600
5490000	5508000
5576400	5594400
5662800	5680800
5749200	5767200
5835600	5853600
5922000	5940000
6008400	6026400
1000000000	2000000000
55442266222222442222
22222222222222222233
22222222225544222222
22222222222222222222
22222222222222222222
22882244228822222222
22008822222222222222
22227722666622222277
22222222222211222222
66666666666666006666
88664466666611666666
22222222222222222222
22222222222222222222
22222288222222222222
66666666666666666666
66666666666666666666
66666666666666666666
44444444444466884444
78
46800	64800
133200	151200
219600	237600
306000	324000
392400	410400
478800	496800
565200	583200
651600	669600
738000	756000
824400	842400
910800	928800
997200	1015200
1083600	1101600
1170000	1188000
1256400	1274400
1342800	1360800
1429200	1447200
1515600	1533600
1602000	1620000
1688400	1706400
1774800	1792800
1861200	1879200
1947600	1965600
2034000	2052000
2120400	2138400
2206800	2224800
2293200	2311200
2379600	2397600
2466000	2484000
2552400	2570400
2638800	2656800
2725200	2743200
2811600	2829600
2898000	2916000
2984400	3002400
3070800	3088800
3157200	3175200
3243600	3261600
3330000	3348000
3416400	3434400
3502800	3520800
3589200	3607200
3675600	3693600
3762000	3780000
3848400	3866400
3934800	3952800
4021200	4039200
4107600	4125600
4194000	4212000
4280400	4298400
4366800	4384800
4453200	4471200
4539600	4557600
4626000	4644000
4712400	4730400
4798800	4816800
4885200	4903200
4971600	4989600
5058000	5076000
5144400	5162400
5230800	5248800
5317200	5335200
5403600	5421600
5475600	5486400
5490000	5508000
5562000	5572800
5576400	5594400
5648400	5659200
5662800	5680800
5734800	5745600
5749200	5767200
5821200	5832000
5835600	5853600
5907600	5918400
5922000	5940000
5994000	6004800
6008400	6026400
1000000000	2000000000
55442266222222442222
22222222222222222233
22222222225544222222
22222222222222222222
22222222222222222222
22882244228822222222
22008822222222222222
22227722666622222277
22222222222211222222
66666666666666006666
88664466666611666666
22222222222222222222
22222222222222222222
22222288222222222222
66666666666666666666
66666666666666666666
66666666666666666666
44444444444466884444
85
46800	64800
133200	151200
219600	237600
306000	324000
392400	410400
478800	496800
565200	583200
651600	669600
738000	756000
824400	842400
910800	928800
997200	1015200
1083600	1101600
1170000	1188000
1256400	1274400
1342800	1360800
1429200	1447200
1515600	1533600
1602000	1620000
1688400	1706400
1774800	1792800
1861200	1879200
1947600	1965600
2034000	2052000
2120400	2138400
2206800	2224800
2293200	2311200
2379600	2397600
2466000	2484000
2552400	2570400
2638800	2656800
2725200	2743200
2811600	2829600
2898000	2916000
2984400	3002400
3056400	3067200
3070800	3103200
3142800	3153600
3157200	3189600
3229200	3240000
3243600	3276000
3315600	3326400
3330000	3362400
3402000	3412800
3416400	3448800
3488400	3499200
3502800	3535200
3574800	3585600
3589200	3621600
3661200	3672000
3675600	3700800
3747600	3758400
3762000	3787200
3834000	3844800
3848400	3873600
3920400	3931200
3934800	3960000
4006800	4017600
4021200	4046400
4093200	4104000
4107600	4132800
4179600	4190400
4194000	4219200
4280400	4298400
4366800	4384800
4453200	4471200
4539600	4557600
4626000	4644000
4712400	4730400
4798800	4816800
4885200	4903200
4971600	4989600
5058000	5076000
5144400	5162400
5230800	5248800
5317200	5335200
5403600	5421600
5490000	5508000
5576400	5594400
5662800	5680800
5749200	5767200
5835600	5853600
5922000	5940000
6008400	6026400
1000000000	2000000000
55442266222222442222
22222222222222222233
22222222225544222222
22222222222222222222
22222222222222222222
22882244228822222222
22008822222222222222
22227722666622222277
22222222222211222222
66666666666666006666
88664466666611666666
22222222222222222222
22222222222222222222
22222288222222222222
66666666666666666666
66666666666666666666
66666666666666666666
44444444444466884444
71
46800	64800
133200	151200
219600	237600
306000	324000
392400	410400
478800	496800
565200	583200
651600	669600
738000	756000
824400	842400
910800	928800
997200	1015200
1083600	1101600
1170000	1188000
1256400	1274400
1342800	1360800
1429200	1447200
1515600	1533600
1602000	1620000
1688400	1706400
1774800	1792800
1861200	1879200
1947600	1965600
2034000	2052000
2120400	2138400
2206800	2224800
2293200	2311200
2379600	2397600
2466000	2484000
2552400	2570400
2638800	2656800
2725200	2743200
2811600	2829600
2898000	2916000
2984400	3002400
3070800	3088800
3157200	3175200
3243600	3261600
3330000	3348000
3416400	3434400
3502800	3520800
3589200	3607200
3675600	3693600
3762000	3780000
3848400	3866400
3934800	3952800
4021200	4039200
4107600	4125600
4194000	4212000
4280400	4298400
4366800	4384800
4453200	4471200
4539600	4557600
4626000	4644000
4712400	4730400
4798800	4816800
4885200	4903200
4971600	4989600
5058000	5076000
5144400	5162400
5230800	5248800
5317200	5335200
5403600	5421600
5490000	5508000
5576400	5594400
5662800	5680800
5749200	5767200
5835600	5853600
5922000	5940000
6008400	6026400
1000000000	2000000000
55442266222222442222
22222222222222222233
22222222225544222222
22222222222222222222
22222222222222222222
22882244228822222222
22008822222222222222
22227722666622222277
22222222222211222222
66666666666666006666
88664466666611666666
22222222222222222222
22222222222222222222
22222288222222222222
66666666666666666666
66666666666666666666
66666666666666666666
44444444444466884444
71
46800	64800
133200	151200
219600	237600
306000	324000
392400	410400
478800	496800
565200	583200
651600	669600
738000	756000
824400	842400
910800	928800
997200	1015200
1083600	1101600
1170000	1188000
1256400	1274400
1342800	1360800
1429200	1447200
1515600	1533600
1602000	1620000
1688400	1706400
1774800	1792800
1861200	1879200
1947600	1965600
2034000	2052000
2120400	2138400
2206800	2224800
2293200	2311200
2379600	2397600
2466000	2484000
2552400	2570400
2638800	2656800
2725200	2743200
2811600	2829600
2898000	2916000
2984400	3002400
3070800	3088800
3157200	3175200
3243600	3261600
3330000	3348000
3416400	3434400
3502800	3520800
3589200	3607200
3675600	3693600
3762000	3780000
3848400	3866400
3934800	3952800
4021200	4039200
4107600	4125600
4194000	4212000
4280400	4298400
4366800	4384800
4453200	4471200
4539600	4557600
4626000	4644000
4712400	4730400
4798800	4816800
4885200	4903200
4971600	4989600
5058000	5076000
5144400	5162400
5230800	5248800
5317200	5335200
5403600	5421600
5490000	5508000
5576400	5594400
5662800	5680800
5749200	5767200
5835600	5853600
5922000	5940000
6008400	6026400
1000000000	2000000000
55442266222222442222
22222222222222222233
22222222225544222222
22222222222222222222
22222222222222222222
22882244228822222222
22008822222222222222
22227722666622222277
22222222222211222222
66666666666666006666
88664466666611666666
22222222222222222222
22222222222222222222
22222288222222222222
66666666666666666666
66666666666666666666
66666666666666666666
44444444444466884444
92
46800	64800
133200	151200
219600	237600
306000	324000
392400	410400
478800	496800
565200	583200
637200	648000
651600	705600
723600	734400
738000	792000
810000	820800
824400	878400
896400	907200
910800	964800
982800	993600
997200	1051200
1069200	1080000
1083600	1137600
1155600	1166400
1170000	1224000
1256400	1274400
1342800	1360800
1429200	1447200
1515600	1533600
1602000	1620000
1688400	1706400
1774800	1792800
1846800	1857600
1861200	1886400
1933200	1944000
1947600	1972800
2019600	2030400
2034000	2059200
2106000	2116800
2120400	2145600
2192400	2203200
2206800	2232000
2278800	2289600
2293200	2318400
2365200	2376000
2379600	2404800
2466000	2484000
2552400	2570400
2638800	2656800
2725200	2743200
2811600	2829600
2898000	2916000
2984400	3002400
3056400	3067200
3070800	3124800
3142800	3153600
3157200	3211200
3229200	3240000
3243600	3297600
3315600	3326400
3330000	3384000
3402000	3412800
3416400	3470400
3488400	3499200
3502800	3556800
3574800	3585600
3589200	3643200
3675600	3693600
3762000	3780000
3848400	3866400
3934800	3952800
4021200	4039200
4107600	4125600
4194000	4212000
4280400	4298400
4366800	4384800
4453200	4471200
4539600	4557600
4626000	4644000
4712400	4730400
4798800	4816800
4885200	4903200
4971600	4989600
5058000	5076000
5144400	5162400
5230800	5248800
5317200	5335200
5403600	5421600
5490000	5508000
5576400	5594400
5662800	5680800
5749200	5767200
5835600	5853600
5922000	5940000
6008400	6026400
1000000000	2000000000
55442266222222442222
22222222222222222233
22222222225544222222
22222222222222222222
22222222222222222222
22882244228822222222
22008822222222222222
22227722666622222277
22222222222211222222
66666666666666006666
88664466666611666666
22222222222222222222
22222222222222222222
22222288222222222222
66666666666666666666
66666666666666666666
66666666666666666666
44444444444466884444
78
46800	64800
133200	151200
219600	237600
306000	324000
392400	410400
478800	496800
565200	583200
604800	604800
691200	691200
777600	777600
864000	864000
950400	950400
1036800	1036800
1123200	1123200
1242000	1252800
1256400	1310400
1328400	1339200
1342800	1396800
1414800	1425600
1429200	1483200
1501200	1512000
1515600	1569600
1587600	1598400
1602000	1656000
1674000	1684800
1688400	1742400
1760400	1771200
1774800	1828800
1861200	1879200
1947600	1965600
2034000	2052000
2120400	2138400
2206800	2224800
2293200	2311200
2379600	2397600
2466000	2484000
2552400	2570400
2638800	2656800
2725200	2743200
2811600	2829600
2898000	2916000
2984400	3002400
3070800	3088800
3157200	3175200
3243600	3261600
3330000	3348000
3416400	3434400
3502800	3520800
3589200	3607200
3675600	3693600
3762000	3780000
3848400	3866400
3934800	3952800
4021200	4039200
4107600	4125600
4194000	4212000
4280400	4298400
4366800	4384800
4453200	4471200
4539600	4557600
4626000	4644000
4712400	4730400
4798800	4816800
4885200	4903200
4971600	4989600
5058000	5076000
5144400	5162400
5230800	5248800
5317200	5335200
5403600	5421600
5490000	5508000
5576400	5594400
5662800	5680800
5749200	5767200
5835600	5853600
5922000	5940000
6008400	6026400
1000000000	2000000000
55442266222222442222
22222222222222222233
22222222225544222222
22222222222222222222
22222222222222222222
22882244228822222222
22008822222222222222
22227722666622222277
22222222222211222222
66666666666666006666
88664466666611666666
22222222222222222222
22222222222222222222
22222288222222222222
66666666666666666666
66666666666666666666
66666666666666666666
44444444444466884444
99
46800	64800
133200	151200
219600	237600
306000	324000
392400	410400
478800	496800
565200	583200
651600	669600
738000	756000
824400	842400
910800	928800
997200	1015200
1083600	1101600
1170000	1188000
1242000	1252800
1256400	1303200
1328400	1339200
1342800	1389600
1414800	1425600
1429200	1476000
1501200	1512000
1515600	1562400
1587600	1598400
1602000	1648800
1674000	1684800
1688400	1735200
1760400	1771200
1774800	1821600
1861200	1879200
1947600	1965600
2034000	2052000
2120400	2138400
2206800	2224800
2293200	2311200
2379600	2397600
2451600	2462400
2466000	2505600
2538000	2548800
2552400	2592000
2624400	2635200
2638800	2678400
2710800	2721600
2725200	2764800
2797200	2808000
2811600	2851200
2883600	2894400
2898000	2937600
2970000	2980800
2984400	3024000
3056400	3067200
3070800	3110400
3142800	3153600
3157200	3196800
3229200	3240000
3243600	3283200
3315600	3326400
3330000	3369600
3402000	3412800
3416400	3456000
3488400	3499200
3502800	3542400
3574800	3585600
3589200	3628800
3675600	3693600
3762000	3780000
3848400	3866400
3934800	3952800
4021200	4039200
4107600	4125600
4194000	4212000
4280400	4298400
4366800	4384800
4453200	4471200
4539600	4557600
4626000	4644000
4712400	4730400
4798800	4816800
4885200	4903200
4971600	4989600
5058000	5076000
5144400	5162400
5230800	5248800
5317200	5335200
5403600	5421600
5475600	5486400
5490000	5536800
5562000	5572800
5576400	5623200
5648400	5659200
5662800	5709600
5734800	5745600
5749200	5796000
5821200	5832000
5835600	5882400
5907600	5918400
5922000	5968800
5994000	6004800
6008400	6055200
1000000000	2000000000
55442266222222442222
22222222222222222233
22222222225544222222
22222222222222222222
22222222222222222222
22882244228822222222
22008822222222222222
22227722666622222277
22222222222211222222
66666666666666006666
88664466666611666666
22222222222222222222
22222222222222222222
22222288222222222222
66666666666666666666
66666666666666666666
66666666666666666666
44444444444466884444
71
46800	64800
133200	151200
219600	237600
306000	324000
392400	410400
478800	496800
565200	583200
651600	669600
738000	756000
824400	842400
910800	928800
997200	1015200
1083600	1101600
1170000	1188000
1256400	1274400
1342800	1360800
1429200	1447200
1515600	1533600
1602000	1620000
1688400	1706400
1774800	1792800
1861200	1879200
1947600	1965600
2034000	2052000
2120400	2138400
2206800	2224800
2293200	2311200
2379600	2397600
2466000	2484000
2552400	2570400
2638800	2656800
2725200	2743200
2811600	2829600
2898000	2916000
2984400	3002400
3070800	3088800
3157200	3175200
3243600	3261600
3330000	3348000
3416400	3434400
3502800	3520800
3589200	3607200
3661200	3672000
3747600	3758400
3834000	3844800
3920400	3931200
4006800	4017600
4093200	4104000
4179600	4190400
4280400	4298400
4366800	4384800
4453200	4471200
4539600	4557600
4626000	4644000
4712400	4730400
4798800	4816800
4885200	4903200
4971600	4989600
5058000	5076000
5144400	5162400
5230800	5248800
5317200	5335200
5403600	5421600
5490000	5508000
5576400	5594400
5662800	5680800
5749200	5767200
5835600	5853600
5922000	5940000
6008400	6026400
1000000000	2000000000
55442266222222442222
22222222222222222233
22222222225544222222
22222222222222222222
22222222222222222222
22882244228822222222
22008822222222222222
22227722666622222277
22222222222211222222
66666666666666006666
88664466666611666666
22222222222222222222
22222222222222222222
22222288222222222222
66666666666666666666
66666666666666666666
66666666666666666666
44444444444466884444
134
32400	43200
46800	86400
118800	129600
133200	172800
205200	216000
219600	259200
291600	302400
306000	345600
378000	388800
392400	432000
464400	475200
478800	518400
550800	561600
565200	604800
637200	648000
651600	691200
723600	734400
738000	777600
810000	820800
824400	864000
896400	907200
910800	950400
982800	993600
997200	1036800
1069200	1080000
1083600	1123200
1155600	1166400
1170000	1209600
1242000	1252800
1256400	1296000
1328400	1339200
1342800	1382400
1414800	1425600
1429200	1468800
1501200	1512000
1515600	1555200
1587600	1598400
1602000	1641600
1674000	1684800
1688400	1728000
1760400	1771200
1774800	1814400
1846800	1857600
1861200	1900800
1933200	1944000
1947600	1987200
2019600	2030400
2034000	2073600
2106000	2116800
2120400	2160000
2192400	2203200
2206800	2246400
2278800	2289600
2293200	2332800
2365200	2376000
2379600	2419200
2451600	2462400
2466000	2505600
2538000	2548800
2552400	2592000
2624400	2635200
2638800	2678400
2710800	2721600
2725200	2764800
2797200	2808000
2811600	2851200
2883600	2894400
2898000	2937600
2970000	2980800
2984400	3024000
3056400	3067200
3070800	3110400
3142800	3153600
3157200	3196800
3229200	3240000
3243600	3283200
3315600	3326400
3330000	3369600
3402000	3412800
3416400	3456000
3488400	3499200
3502800	3542400
3574800	3585600
3589200	3628800
3661200	3672000
3675600	3715200
3747600	3758400
3762000	3801600
3834000	3844800
3848400	3888000
3920400	3931200
3934800	3974400
4006800	4017600
4021200	4060800
4093200	4104000
4107600	4147200
4179600	4190400
4194000	4233600
4233600	4233600
4320000	4320000
4406400	4406400
4492800	4492800
4579200	4579200
4665600	4665600
4752000	4752000
4870800	4881600
4885200	4924800
4957200	4968000
4971600	5011200
5043600	5054400
5058000	5097600
5130000	5140800
5144400	5184000
5216400	5227200
5230800	5270400
5302800	5313600
5317200	5356800
5389200	5400000
5403600	5443200
5475600	5486400
5490000	5529600
5562000	5572800
5576400	5616000
5648400	5659200
5662800	5702400
5734800	5745600
5749200	5788800
5821200	5832000
5835600	5875200
5907600	5918400
5922000	5961600
5994000	6004800
6008400	6048000
1000000000	2000000000
55442266222222442222
22222222222222222233
22222222225544222222
22222222222222222222
22222222222222222222
22882244228822222222
22008822222222222222
22227722666622222277
22222222222211222222
66666666666666006666
88664466666611666666
22222222222222222222
22222222222222222222
22222288222222222222
66666666666666666666
66666666666666666666
66666666666666666666
44444444444466884444
134
32400	43200
46800	100800
118800	129600
133200	187200
205200	216000
219600	273600
291600	302400
306000	360000
378000	388800
392400	446400
464400	475200
478800	532800
550800	561600
565200	619200
637200	648000
651600	691200
723600	734400
738000	777600
810000	820800
824400	864000
896400	907200
910800	950400
982800	993600
997200	1036800
1069200	1080000
1083600	1123200
1155600	1166400
1170000	1209600
1242000	1252800
1256400	1281600
1328400	1339200
1342800	1368000
1414800	1425600
1429200	1454400
1501200	1512000
1515600	1540800
1587600	1598400
1602000	1627200
1674000	1684800
1688400	1713600
1760400	1771200
1774800	1800000
1846800	1857600
1861200	1900800
1933200	1944000
1947600	1987200
2019600	2030400
2034000	2073600
2106000	2116800
2120400	2160000
2192400	2203200
2206800	2246400
2278800	2289600
2293200	2332800
2365200	2376000
2379600	2419200
2451600	2462400
2466000	2505600
2538000	2548800
2552400	2592000
2624400	2635200
2638800	2678400
2710800	2721600
2725200	2764800
2797200	2808000
2811600	2851200
2883600	2894400
2898000	2937600
2970000	2980800
2984400	3024000
3056400	3067200
3070800	3110400
3142800	3153600
3157200	3196800
3229200	3240000
3243600	3283200
3315600	3326400
3330000	3369600
3402000	3412800
3416400	3456000
3488400	3499200
3502800	3542400
3574800	3585600
3589200	3628800
3661200	3672000
3747600	3758400
3834000	3844800
3920400	3931200
4006800	4017600
4093200	4104000
4179600	4190400
4266000	4276800
4280400	4320000
4352400	4363200
4366800	4406400
4438800	4449600
4453200	4492800
4525200	4536000
4539600	4579200
4611600	4622400
4626000	4665600
4698000	4708800
4712400	4752000
4784400	4795200
4798800	4838400
4870800	4881600
4885200	4924800
4957200	4968000
4971600	5011200
5043600	5054400
5058000	5097600
5130000	5140800
5144400	5184000
5216400	5227200
5230800	5270400
5302800	5313600
5317200	5356800
5389200	5400000
5403600	5443200
5475600	5486400
5490000	5529600
5562000	5572800
5576400	5616000
5648400	5659200
5662800	5702400
5734800	5745600
5749200	5788800
5821200	5832000
5835600	5875200
5907600	5918400
5922000	5961600
5994000	6004800
6008400	6048000
1000000000	2000000000
55442266222222442222
22222222222222222233
22222222225544222222
22222222222222222222
22222222222222222222
22882244228822222222
22008822222222222222
22227722666622222277
22222222222211222222
66666666666666006666
88664466666611666666
22222222222222222222
22222222222222222222
22222288222222222222
66666666666666666666
66666666666666666666
66666666666666666666
44444444444466884444
71
46800	64800
133200	151200
219600	237600
306000	324000
392400	410400
478800	496800
565200	583200
651600	669600
738000	756000
824400	842400
910800	928800
997200	1015200
1083600	1101600
1170000	1188000
1256400	1274400
1342800	1360800
1429200	1447200
1515600	1533600
1602000	1620000
1688400	1706400
1774800	1792800
1861200	1879200
1947600	1965600
2034000	2052000
2120400	2138400
2206800	2224800
2293200	2311200
2379600	2397600
2466000	2484000
2552400	2570400
2638800	2656800
2725200	2743200
2811600	2829600
2898000	2916000
2984400	3002400
3070800	3088800
3157200	3175200
3243600	3261600
3330000	3348000
3416400	3434400
3502800	3520800
3589200	3607200
3675600	3693600
3762000	3780000
3848400	3866400
3934800	3952800
4021200	4039200
4107600	4125600
4194000	4212000
4280400	4298400
4366800	4384800
4453200	4471200
4539600	4557600
4626000	4644000
4712400	4730400
4798800	4816800
4885200	4903200
4971600	4989600
5058000	5076000
5144400	5162400
5230800	5248800
5317200	5335200
5403600	5421600
5490000	5508000
5576400	5594400
5662800	5680800
5749200	5767200
5835600	5853600
5922000	5940000
6008400	6026400
1000000000	2000000000
55442266222222442222
22222222222222222233
22222222225544222222
22222222222222222222
22222222222222222222
22882244228822222222
22008822222222222222
22227722666622222277
22222222222211222222
66666666666666006666
88664466666611666666
22222222222222222222
22222222222222222222
22222288222222222222
66666666666666666666
66666666666666666666
66666666666666666666
44444444444466884444
71
46800	64800
133200	151200
219600	237600
306000	324000
392400	410400
478800	496800
565200	583200
651600	669600
738000	756000
824400	842400
910800	928800
997200	1015200
1083600	1101600
1170000	1188000
1256400	1274400
1342800	1360800
1429200	1447200
1515600	1533600
1602000	1620000
1688400	1706400
1774800	1792800
1861200	1879200
1947600	1965600
2034000	2052000
2120400	2138400
2206800	2224800
2293200	2311200
2379600	2397600
2466000	2484000
2552400	2570400
2638800	2656800
2725200	2743200
2811600	2829600
2898000	2916000
2984400	3002400
3070800	3088800
3157200	3175200
3243600	3261600
3330000	3348000
3416400	3434400
3502800	3520800
3589200	3607200
3675600	3693600
3762000	3780000
3848400	3866400
3934800	3952800
4021200	4039200
4107600	4125600
4194000	4212000
4280400	4298400
4366800	4384800
4453200	4471200
4539600	4557600
4626000	4644000
4712400	4730400
4798800	4816800
4885200	4903200
4971600	4989600
5058000	5076000
5144400	5162400
5230800	5248800
5317200	5335200
5403600	5421600
5490000	5508000
5576400	5594400
5662800	5680800
5749200	5767200
5835600	5853600
5922000	5940000
6008400	6026400
1000000000	2000000000
55442266222222442222
22222222222222222233
22222222225544222222
22222222222222222222
22222222222222222222
22882244228822222222
22008822222222222222
22227722666622222277
22222222222211222222
66666666666666006666
88664466666611666666
22222222222222222222
22222222222222222222
22222288222222222222
66666666666666666666
66666666666666666666
66666666666666666666
44444444444466884444
78
46800	64800
133200	151200
219600	237600
306000	324000
392400	410400
478800	496800
565200	583200
651600	669600
738000	756000
824400	842400
910800	928800
997200	1015200
1083600	1101600
1170000	1188000
1256400	1274400
1342800	1360800
1429200	1447200
1515600	1533600
1602000	1620000
1688400	1706400
1774800	1792800
1846800	1857600
1861200	1915200
1933200	1944000
1947600	2001600
2019600	2030400
2034000	2088000
2106000	2116800
2120400	2174400
2192400	2203200
2206800	2260800
2278800	2289600
2293200	2347200
2365200	2376000
2379600	2433600
2466000	2484000
2552400	2570400
2638800	2656800
2725200	2743200
2811600	2829600
2898000	2916000
2984400	3002400
3070800	3088800
3157200	3175200
3243600	3261600
3330000	3348000
3416400	3434400
3502800	3520800
3589200	3607200
3675600	3693600
3762000	3780000
3848400	3866400
3934800	3952800
4021200	4039200
4107600	4125600
4194000	4212000
4280400	4298400
4366800	4384800
4453200	4471200
4539600	4557600
4626000	4644000
4712400	4730400
4798800	4816800
4885200	4903200
4971600	4989600
5058000	5076000
5144400	5162400
5230800	5248800
5317200	5335200
5403600	5421600
5490000	5508000
5576400	5594400
5662800	5680800
5749200	5767200
5835600	5853600
5922000	5940000
6008400	6026400
1000000000	2000000000
55442266222222442222
22222222222222222233
22222222225544222222
22222222222222222222
22222222222222222222
22882244228822222222
22008822222222222222
22227722666622222277
22222222222211222222
66666666666666006666
88664466666611666666
22222222222222222222
22222222222222222222
22222288222222222222
66666666666666666666
66666666666666666666
66666666666666666666
44444444444466884444
141
32400	43200
46800	86400
118800	129600
133200	172800
205200	216000
219600	259200
291600	302400
306000	345600
378000	388800
392400	432000
464400	475200
478800	518400
550800	561600
565200	604800
637200	648000
651600	691200
723600	734400
738000	777600
810000	820800
824400	864000
896400	907200
910800	950400
982800	993600
997200	1036800
1069200	1080000
1083600	1123200
1155600	1166400
1170000	1209600
1242000	1252800
1256400	1296000
1328400	1339200
1342800	1382400
1414800	1425600
1429200	1468800
1501200	1512000
1515600	1555200
1587600	1598400
1602000	1641600
1674000	1684800
1688400	1728000
1760400	1771200
1774800	1814400
1846800	1857600
1861200	1900800
1933200	1944000
1947600	1987200
2019600	2030400
2034000	2073600
2106000	2116800
2120400	2160000
2192400	2203200
2206800	2246400
2278800	2289600
2293200	2332800
2365200	2376000
2379600	2419200
2451600	2462400
2466000	2505600
2538000	2548800
2552400	2592000
2624400	2635200
2638800	2678400
2710800	2721600
2725200	2764800
2797200	2808000
2811600	2851200
2883600	2894400
2898000	2937600
2970000	2980800
2984400	3024000
3056400	3067200
3070800	3110400
3142800	3153600
3157200	3196800
3229200	3240000
3243600	3283200
3315600	3326400
3330000	3369600
3402000	3412800
3416400	3456000
3488400	3499200
3502800	3542400
3574800	3585600
3589200	3628800
3661200	3672000
3675600	3715200
3747600	3758400
3762000	3801600
3834000	3844800
3848400	3888000
3920400	3931200
3934800	3974400
4006800	4017600
4021200	4060800
4093200	4104000
4107600	4147200
4179600	4190400
4194000	4233600
4266000	4276800
4280400	4320000
4352400	4363200
4366800	4406400
4438800	4449600
4453200	4492800
4525200	4536000
4539600	4579200
4611600	4622400
4626000	4665600
4698000	4708800
4712400	4752000
4784400	4795200
4798800	4838400
4870800	4881600
4885200	4924800
4957200	4968000
4971600	5011200
5043600	5054400
5058000	5097600
5130000	5140800
5144400	5184000
5216400	5227200
5230800	5270400
5302800	5313600
5317200	5356800
5389200	5400000
5403600	5443200
5475600	5486400
5490000	5529600
5562000	5572800
5576400	5616000
5648400	5659200
5662800	5702400
5734800	5745600
5749200	5788800
5821200	5832000
5835600	5875200
5907600	5918400
5922000	5961600
5994000	6004800
6008400	6048000
1000000000	2000000000
55442266222222442222
22222222222222222233
22222222225544222222
22222222222222222222
22222222222222222222
22882244228822222222
22008822222222222222
22227722666622222277
22222222222211222222
66666666666666006666
88664466666611666666
22222222222222222222
22222222222222222222
22222288222222222222
66666666666666666666
66666666666666666666
66666666666666666666
44444444444466884444
141
32400	43200
46800	86400
118800	129600
133200	172800
205200	216000
219600	259200
291600	302400
306000	345600
378000	388800
392400	432000
464400	475200
478800	518400
550800	561600
565200	604800
637200	648000
651600	691200
723600	734400
738000	777600
810000	820800
824400	864000
896400	907200
910800	950400
982800	993600
997200	1036800
1069200	1080000
1083600	1123200
1155600	1166400
1170000	1209600
1242000	1252800
1256400	1296000
1328400	1339200
1342800	1382400
1414800	1425600
1429200	1468800
1501200	1512000
1515600	1555200
1587600	1598400
1602000	1641600
1674000	1684800
1688400	1728000
1760400	1771200
1774800	1814400
1846800	1857600
1861200	1900800
1933200	1944000
1947600	1987200
2019600	2030400
2034000	2073600
2106000	2116800
2120400	2160000
2192400	2203200
2206800	2246400
2278800	2289600
2293200	2332800
2365200	2376000
2379600	2419200
2451600	2462400
2466000	2505600
2538000	2548800
2552400	2592000
2624400	2635200
2638800	2678400
2710800	2721600
2725200	2764800
2797200	2808000
2811600	2851200
2883600	2894400
2898000	2937600
2970000	2980800
2984400	3024000
3056400	3067200
3070800	3110400
3142800	3153600
3157200	3196800
3229200	3240000
3243600	3283200
3315600	3326400
3330000	3369600
3402000	3412800
3416400	3456000
3488400	3499200
3502800	3542400
3574800	3585600
3589200	3628800
3661200	3672000
3675600	3715200
3747600	3758400
3762000	3801600
3834000	3844800
3848400	3888000
3920400	3931200
3934800	3974400
4006800	4017600
4021200	4060800
4093200	4104000
4107600	4147200
4179600	4190400
4194000	4233600
4266000	4276800
4280400	4320000
4352400	4363200
4366800	4406400
4438800	4449600
4453200	4492800
4525200	4536000
4539600	4579200
4611600	4622400
4626000	4665600
4698000	4708800
4712400	4752000
4784400	4795200
4798800	4838400
4870800	4881600
4885200	4924800
4957200	4968000
4971600	5011200
5043600	5054400
5058000	5097600
5130000	5140800
5144400	5184000
5216400	5227200
5230800	5270400
5302800	5313600
5317200	5356800
5389200	5400000
5403600	5443200
5475600	5486400
5490000	5529600
5562000	5572800
5576400	5616000
5648400	5659200
5662800	5702400
5734800	5745600
5749200	5788800
5821200	5832000
5835600	5875200
5907600	5918400
5922000	5961600
5994000	6004800
6008400	6048000
1000000000	2000000000
55442266222222442222
22222222222222222233
22222222225544222222
22222222222222222222
22222222222222222222
22882244228822222222
22008822222222222222
22227722666622222277
22222222222211222222
66666666666666006666
88664466666611666666
22222222222222222222
22222222222222222222
22222288222222222222
66666666666666666666
66666666666666666666
66666666666666666666
44444444444466884444
141
32400	43200
46800	86400
118800	129600
133200	172800
205200	216000
219600	259200
291600	302400
306000	345600
378000	388800
392400	432000
464400	475200
478800	518400
550800	561600
565200	604800
637200	648000
651600	691200
723600	734400
738000	777600
810000	820800
824400	864000
896400	907200
910800	950400
982800	993600
997200	1036800
1069200	1080000
1083600	1123200
1155600	1166400
1170000	1209600
1242000	1252800
1256400	1296000
1328400	1339200
1342800	1382400
1414800	1425600
1429200	1468800
1501200	1512000
1515600	1555200
1587600	1598400
1602000	1641600
1674000	1684800
1688400	1728000
1760400	1771200
1774800	1814400
1846800	1857600
1861200	1900800
1933200	1944000
1947600	1987200
2019600	2030400
2034000	2073600
2106000	2116800
2120400	2160000
2192400	2203200
2206800	2246400
2278800	2289600
2293200	2332800
2365200	2376000
2379600	2419200
2451600	2462400
2466000	2505600
2538000	2548800
2552400	2592000
2624400	2635200
2638800	2678400
2710800	2721600
2725200	2764800
2797200	2808000
2811600	2851200
2883600	2894400
2898000	2937600
2970000	2980800
2984400	3024000
3056400	3067200
3070800	3110400
3142800	3153600
3157200	3196800
3229200	3240000
3243600	3283200
3315600	3326400
3330000	3369600
3402000	3412800
3416400	3456000
3488400	3499200
3502800	3542400
3574800	3585600
3589200	3628800
3661200	3672000
3675600	3715200
3747600	3758400
3762000	3801600
3834000	3844800
3848400	3888000
3920400	3931200
3934800	3974400
4006800	4017600
4021200	4060800
4093200	4104000
4107600	4147200
4179600	4190400
4194000	4233600
4266000	4276800
4280400	4320000
4352400	4363200
4366800	4406400
4438800	4449600
4453200	4492800
4525200	4536000
4539600	4579200
4611600	4622400
4626000	4665600
4698000	4708800
4712400	4752000
4784400	4795200
4798800	4838400
4870800	4881600
4885200	4924800
4957200	4968000
4971600	5011200
5043600	5054400
5058000	5097600
5130000	5140800
5144400	5184000
5216400	5227200
5230800	5270400
5302800	5313600
5317200	5356800
5389200	5400000
5403600	5443200
5475600	5486400
5490000	5529600
5562000	5572800
5576400	5616000
5648400	5659200
5662800	5702400
5734800	5745600
5749200	5788800
5821200	5832000
5835600	5875200
5907600	5918400
5922000	5961600
5994000	6004800
6008400	6048000
1000000000	2000000000
55442266222222442222
22222222222222222233
22222222225544222222
22222222222222222222
22222222222222222222
22882244228822222222
22008822222222222222
22227722666622222277
22222222222211222222
66666666666666006666
88664466666611666666
22222222222222222222
22222222222222222222
22222288222222222222
66666666666666666666
66666666666666666666
66666666666666666666
44444444444466884444
141
32400	43200
46800	72000
118800	129600
133200	158400
205200	216000
219600	244800
291600	302400
306000	331200
378000	388800
392400	417600
464400	475200
478800	504000
550800	561600
565200	590400
637200	648000
651600	676800
723600	734400
738000	763200
810000	820800
824400	849600
896400	907200
910800	936000
982800	993600
997200	1022400
1069200	1080000
1083600	1108800
1155600	1166400
1170000	1195200
1242000	1252800
1256400	1281600
1328400	1339200
1342800	1368000
1414800	1425600
1429200	1454400
1501200	1512000
1515600	1540800
1587600	1598400
1602000	1627200
1674000	1684800
1688400	1713600
1760400	1771200
1774800	1800000
1846800	1857600
1861200	1886400
1933200	1944000
1947600	1972800
2019600	2030400
2034000	2059200
2106000	2116800
2120400	2145600
2192400	2203200
2206800	2232000
2278800	2289600
2293200	2318400
2365200	2376000
2379600	2404800
2451600	2462400
2466000	2491200
2538000	2548800
2552400	2577600
2624400	2635200
2638800	2664000
2710800	2721600
2725200	2750400
2797200	2808000
2811600	2836800
2883600	2894400
2898000	2923200
2970000	2980800
2984400	3009600
3056400	3067200
3070800	3096000
3142800	3153600
3157200	3182400
3229200	3240000
3243600	3268800
3315600	3326400
3330000	3355200
3402000	3412800
3416400	3441600
3488400	3499200
3502800	3528000
3574800	3585600
3589200	3614400
3661200	3672000
3675600	3715200
3747600	3758400
3762000	3801600
3834000	3844800
3848400	3888000
3920400	3931200
3934800	3974400
4006800	4017600
4021200	4060800
4093200	4104000
4107600	4147200
4179600	4190400
4194000	4233600
4266000	4276800
4280400	4334400
4352400	4363200
4366800	4420800
4438800	4449600
4453200	4507200
4525200	4536000
4539600	4593600
4611600	4622400
4626000	4680000
4698000	4708800
4712400	4766400
4784400	4795200
4798800	4852800
4870800	4881600
4885200	4910400
4957200	4968000
4971600	4996800
5043600	5054400
5058000	5083200
5130000	5140800
5144400	5169600
5216400	5227200
5230800	5256000
5302800	5313600
5317200	5342400
5389200	5400000
5403600	5428800
5475600	5486400
5490000	5515200
5562000	5572800
5576400	5601600
5648400	5659200
5662800	5688000
5734800	5745600
5749200	5774400
5821200	5832000
5835600	5860800
5907600	5918400
5922000	5947200
5994000	6004800
6008400	6033600
1000000000	2000000000
55442266222222442222
22222222222222222233
22222222225544222222
22222222222222222222
22222222222222222222
22882244228822222222
22008822222222222222
22227722666622222277
22222222222211222222
66666666666666006666
88664466666611666666
22222222222222222222
22222222222222222222
22222288222222222222
66666666666666666666
66666666666666666666
66666666666666666666
44444444444466884444
0.48
