9
5
100
291
0	5
3384	5077
0	3	5	9	12	
1	4
3384	5077
2	3	7	13	
2	5
3384	5077
2	3	5	8	11	
3	6
3384	5077
2	4	6	7	11	13	
4	4
3384	5077
0	5	9	12	
5	2
3384	5077
2	8	
6	6
3384	5077
2	3	6	10	11	13	
7	4
3384	5077
6	7	11	12	
8	5
3384	5077
1	3	6	9	12	
9	4
3384	5077
0	4	8	11	
10	3
3384	5077
6	8	12	
11	6
3384	5077
2	4	8	11	12	13	
12	6
3384	5077
2	3	6	9	12	13	
13	1
3384	5077
13	
14	1
3384	5077
5	
15	2
3384	5077
3	12	
16	5
3384	5077
1	3	6	9	12	
17	5
3384	5077
0	4	5	8	13	
18	3
3384	5077
0	9	11	
19	1
3384	5077
4	
20	2
3384	5077
5	9	
21	6
3384	5077
1	4	5	9	11	12	
22	6
3384	5077
0	3	6	9	11	13	
23	4
3384	5077
2	5	8	12	
24	4
3384	5077
0	5	10	13	
25	6
3384	5077
1	3	6	10	12	13	
26	4
3384	5077
0	5	9	12	
27	5
3384	5077
1	3	6	9	13	
28	6
3384	5077
0	4	5	10	12	13	
29	2
3384	5077
5	7	
30	6
3384	5077
1	4	5	9	12	13	
31	6
3384	5077
1	3	6	7	11	12	
32	3
3384	5077
2	8	12	
33	4
3384	5077
1	3	8	11	
34	3
3384	5077
8	12	13	
35	4
3384	5077
1	3	5	9	
36	1
3384	5077
12	
37	5
3384	5077
1	4	6	9	13	
38	5
3384	5077
2	3	6	7	13	
39	6
3384	5077
0	3	6	9	12	13	
40	5
3384	5077
1	3	6	10	12	
41	1
3384	5077
11	
42	6
3384	5077
2	3	5	10	12	13	
43	1
3384	5077
6	
44	3
3384	5077
0	10	13	
45	2
3384	5077
10	12	
46	4
3384	5077
2	5	8	12	
47	4
3384	5077
3	6	7	11	
48	6
3384	5077
2	3	6	8	12	13	
49	5
3384	5077
2	3	5	9	12	
50	3
3384	5077
3	5	7	
51	3
3384	5077
2	7	11	
52	6
3384	5077
0	3	5	10	12	13	
53	4
3384	5077
0	4	6	7	
54	4
3384	5077
0	6	10	13	
55	3
3384	5077
5	8	13	
56	3
3384	5077
0	4	13	
57	6
3384	5077
1	4	5	9	12	13	
58	2
3384	5077
1	8	
59	2
3384	5077
1	8	
60	2
3384	5077
7	13	
61	1
3384	5077
13	
62	2
3384	5077
9	13	
63	1
3384	5077
6	
64	1
3384	5077
9	
65	3
3384	5077
3	5	9	
66	4
3384	5077
1	4	5	8	
67	2
3384	5077
5	9	
68	4
3384	5077
0	4	10	13	
69	5
3384	5077
0	3	6	8	12	
70	5
3384	5077
0	3	6	10	13	
71	2
3384	5077
3	12	
72	6
3384	5077
3	6	7	11	12	13	
73	2
3384	5077
9	13	
74	4
3384	5077
0	4	10	13	
75	6
3384	5077
0	4	6	10	12	13	
76	6
3384	5077
1	4	5	8	11	13	
77	3
3384	5077
3	9	11	
78	6
3384	5077
1	4	5	9	11	13	
79	2
3384	5077
3	5	
80	4
3384	5077
0	3	8	13	
81	1
3384	5077
11	
82	1
3384	5077
10	
83	1
3384	5077
11	
84	5
3384	5077
0	4	6	8	13	
85	6
3384	5077
1	3	6	7	12	13	
86	5
3384	5077
2	3	9	11	12	
87	3
3384	5077
2	5	10	
88	2
3384	5077
4	6	
89	3
3384	5077
0	4	6	
90	4
3384	5077
1	3	9	11	
91	5
3384	5077
1	4	5	7	13	
92	5
3384	5077
3	5	10	11	13	
93	4
3384	5077
0	3	7	13	
94	4
3384	5077
1	6	7	12	
95	1
3384	5077
1	
96	1
3384	5077
3	
97	5
3384	5077
2	4	5	7	11	
98	2
3384	5077
6	7	
99	2
3384	5077
2	8	
100	3
3384	5077
2	10	12	
101	6
3384	5077
0	3	6	8	11	12	
102	4
3384	5077
2	4	6	10	
103	5
3384	5077
3	6	7	12	13	
104	6
3384	5077
0	3	6	9	11	13	
105	6
3384	5077
0	4	6	9	12	13	
106	2
3384	5077
7	12	
107	3
3384	5077
0	3	9	
108	6
3384	5077
1	4	6	7	11	12	
109	5
3384	5077
0	4	9	11	12	
110	3
3384	5077
4	6	7	
111	3
3384	5077
2	4	7	
112	2
3384	5077
1	12	
113	4
3384	5077
1	6	7	13	
114	6
3384	5077
1	3	5	7	12	13	
115	2
3384	5077
4	11	
116	3
3384	5077
5	10	13	
117	1
3384	5077
7	
118	3
3384	5077
2	3	12	
119	4
3384	5077
1	6	9	13	
120	2
3384	5077
10	12	
121	4
3384	5077
3	6	8	11	
122	4
3384	5077
3	6	9	13	
123	4
3384	5077
0	4	9	13	
124	2
3384	5077
6	7	
125	3
3384	5077
1	3	8	
126	5
3384	5077
1	3	10	11	12	
127	3
3384	5077
7	11	13	
128	6
3384	5077
0	4	6	8	12	13	
129	1
3384	5077
10	
130	4
3384	5077
3	5	8	11	
131	3
3384	5077
1	3	10	
132	3
3384	5077
3	8	12	
133	4
3384	5077
2	5	7	13	
134	4
3384	5077
3	7	12	13	
135	4
3384	5077
2	4	11	12	
136	4
3384	5077
1	3	6	7	
137	6
3384	5077
1	4	6	7	11	13	
138	3
3384	5077
2	4	10	
139	6
3384	5077
1	3	6	10	11	13	
140	5
3384	5077
1	4	9	11	12	
141	3
3384	5077
0	7	13	
142	2
3384	5077
4	11	
143	4
3384	5077
0	3	5	8	
144	2
3384	5077
5	7	
145	1
3384	5077
10	
146	3
3384	5077
0	3	8	
147	1
3384	5077
9	
148	4
3384	5077
3	5	10	12	
149	4
3384	5077
0	5	7	12	
150	3
3384	5077
2	3	5	
151	2
3384	5077
6	12	
152	3
3384	5077
11	12	13	
153	4
3384	5077
0	6	10	12	
154	6
3384	5077
2	5	8	11	12	13	
155	3
3384	5077
3	7	13	
156	2
3384	5077
6	13	
157	4
3384	5077
0	9	11	12	
158	5
3384	5077
0	4	6	10	13	
159	2
3384	5077
4	13	
160	3
3384	5077
3	5	13	
161	2
3384	5077
5	9	
162	5
3384	5077
1	4	6	9	12	
163	3
3384	5077
0	5	7	
164	1
3384	5077
3	
165	3
3384	5077
2	6	13	
166	3
3384	5077
2	6	8	
167	6
3384	5077
1	3	6	8	12	13	
168	5
3384	5077
1	4	6	10	12	
169	3
3384	5077
4	6	8	
170	3
3384	5077
2	3	12	
171	4
3384	5077
2	4	8	11	
172	6
3384	5077
2	3	5	9	12	13	
173	4
3384	5077
0	3	10	13	
174	3
3384	5077
0	4	7	
175	6
3384	5077
0	4	5	7	12	13	
176	3
3384	5077
3	8	11	
177	1
3384	5077
11	
178	2
3384	5077
3	6	
179	1
3384	5077
5	
180	5
3384	5077
2	4	9	11	12	
181	6
3384	5077
1	3	5	7	11	12	
182	1
3384	5077
12	
183	6
3384	5077
1	3	6	7	12	13	
184	2
3384	5077
2	10	
185	1
3384	5077
4	
186	4
3384	5077
1	4	5	7	
187	1
3384	5077
7	
188	3
3384	5077
1	4	7	
189	1
3384	5077
10	
190	1
3384	5077
0	
191	2
3384	5077
3	9	
192	5
3384	5077
0	3	6	10	11	
193	2
3384	5077
0	3	
194	2
3384	5077
0	13	
195	4
3384	5077
0	3	8	12	
196	5
3384	5077
1	4	5	9	12	
197	6
3384	5077
1	4	6	8	11	12	
198	2
3384	5077
4	7	
199	2
3384	5077
10	12	
200	2
3384	5077
1	8	
201	4
3384	5077
3	5	9	13	
202	3
3384	5077
2	5	7	
203	3
3384	5077
0	3	10	
204	4
3384	5077
3	5	8	12	
205	3
3384	5077
2	3	6	
206	2
3384	5077
3	13	
207	3
3384	5077
2	4	8	
208	6
3384	5077
2	4	7	11	12	13	
209	5
3384	5077
0	3	5	9	12	
210	6
3384	5077
2	3	5	7	11	12	
211	3
3384	5077
2	3	7	
212	2
3384	5077
1	9	
213	3
3384	5077
2	10	11	
214	5
3384	5077
2	3	6	10	12	
215	3
3384	5077
6	7	12	
216	2
3384	5077
2	10	
217	5
3384	5077
2	3	7	12	13	
218	3
3384	5077
0	3	7	
219	1
3384	5077
4	
220	1
3384	5077
11	
221	6
3384	5077
1	3	6	8	11	12	
222	3
3384	5077
2	6	9	
223	5
3384	5077
0	5	9	12	13	
224	2
3384	5077
1	9	
225	2
3384	5077
5	8	
226	1
3384	5077
3	
227	1
3384	5077
11	
228	1
3384	5077
4	
229	1
3384	5077
13	
230	2
3384	5077
2	9	
231	6
3384	5077
2	4	5	7	12	13	
232	5
3384	5077
2	4	6	8	12	
233	2
3384	5077
3	13	
234	6
3384	5077
0	3	5	8	12	13	
235	4
3384	5077
1	3	12	13	
236	3
3384	5077
2	3	9	
237	4
3384	5077
0	6	9	13	
238	2
3384	5077
4	9	
239	4
3384	5077
2	5	11	13	
240	4
3384	5077
2	3	9	13	
241	1
3384	5077
6	
242	3
3384	5077
0	4	8	
243	3
3384	5077
5	9	11	
244	3
3384	5077
0	3	12	
245	2
3384	5077
2	10	
246	5
3384	5077
0	3	6	8	11	
247	1
3384	5077
8	
248	3
3384	5077
1	3	7	
249	3
3384	5077
0	4	8	
250	6
3384	5077
0	4	6	7	12	13	
251	6
3384	5077
1	3	5	10	11	13	
252	4
3384	5077
0	4	8	12	
253	5
3384	5077
0	4	5	7	13	
254	1
3384	5077
1	
255	5
3384	5077
1	3	7	12	13	
256	6
3384	5077
2	4	6	7	12	13	
257	3
3384	5077
4	7	12	
258	4
3384	5077
1	3	5	8	
259	3
3384	5077
1	3	10	
260	6
3384	5077
1	3	6	10	12	13	
261	4
3384	5077
0	4	9	13	
262	6
3384	5077
1	6	8	11	12	13	
263	4
3384	5077
0	3	5	7	
264	1
3384	5077
8	
265	3
3384	5077
2	4	11	
266	5
3384	5077
0	4	5	8	13	
267	2
3384	5077
3	10	
268	1
3384	5077
10	
269	2
3384	5077
3	6	
270	6
3384	5077
2	3	5	8	11	12	
271	4
3384	5077
4	5	8	13	
272	1
3384	5077
1	
273	3
3384	5077
1	3	5	
274	6
3384	5077
1	4	5	8	12	13	
275	1
3384	5077
13	
276	5
3384	5077
1	4	8	12	13	
277	4
3384	5077
0	3	10	13	
278	6
3384	5077
0	4	5	7	11	13	
279	5
3384	5077
1	3	7	12	13	
280	2
3384	5077
4	7	
281	2
3384	5077
0	8	
282	1
3384	5077
9	
283	3
3384	5077
1	9	12	
284	1
3384	5077
6	
285	6
3384	5077
2	3	6	7	12	13	
286	1
3384	5077
1	
287	5
3384	5077
2	4	6	9	13	
288	3
3384	5077
3	5	9	
289	3
3384	5077
3	6	10	
290	6
3384	5077
0	3	5	10	11	13	
14
0
0	1	1	1381	1405
1.31444	0.297297	0.995677
0.936359	0.97208	0.505849	0.414474	0.303725	0.856134	0.155321	0.835621	0.434963	
1
0	1	1	952	1016
1.32035	0.164908	0.648526
0.319329	0.570787	0.786723	0.867074	0.826749	0.215841	0.294732	0.492608	0.402745	
2
0	1	2	1919	1964
1.22519	0.622918	0.719097
0.00396954	0.701891	0.63315	0.173791	0.569694	0.978821	0.673527	0.468846	0.86608	
3
1	1	2	866	890
1.29335	0.169447	0.601336
0.899899	0.689958	0.0483896	0.0360314	0.115843	0.462426	0.0376502	0.866932	0.753014	
4
1	1	1	1337	1383
1.18055	0.66275	0.686473
0.465999	0.7561	0.58684	0.519467	0.907166	0.969448	0.690993	0.782873	0.497266	
5
2	1	3	827	846
1.38716	0.293451	0.715127
0.642259	0.347704	0.895792	0.343207	0.398604	0.952751	0.351178	0.179004	0.284309	
6
2	1	1	1526	1543
1.23893	0.603178	0.769806
0.647603	0.36505	0.832225	0.0879905	0.0490561	0.63899	0.483479	0.512085	0.316452	
7
3	1	1	1093	1179
1.29602	0.587107	0.748147
0.956662	0.892236	0.980004	0.543185	0.907119	0.717097	0.506596	0.121515	0.621924	
8
3	1	4	1514	1535
1.14532	0.0251039	0.513271
0.50746	0.896028	0.630912	0.528927	0.699042	0.258532	0.813981	0.382368	0.257044	
9
3	1	2	1107	1126
1.12651	0.284791	0.661643
0.700179	0.915905	0.690098	0.137989	0.689021	0.677636	0.415221	0.307886	0.704199	
10
3	1	3	1313	1391
1.20325	0.256344	0.623949
0.785968	0.933072	0.848443	0.428797	0.400325	0.148713	0.706158	0.366061	0.465731	
11
4	1	1	866	914
1.25447	0.359449	0.812012
0.00899103	0.22087	0.118563	0.306952	0.231008	0.287855	0.723281	0.528402	0.880593	
12
5	1	4	858	1001
1.39625	0.264217	0.976503
0.602862	0.281431	0.224204	0.130123	0.186696	0.809152	0.668532	0.540941	0.0959498	
13
6	1	3	1650	1679
1.36669	0.728398	0.731771
0.407629	0.43388	0.52208	0.281141	0.616615	0.717407	0.824187	0.820284	0.287759	
999
0	170	36645
3776	3922	4245	
1	120	41070
3731	4425	
2	162	48781
4570	4355	3473	3792	4111	
3	234	52223
3960	4909	4624	4987	3400	3442	
4	121	135771
3897	3522	5007	3770	
5	123	55818
3616	3939	3551	3595	
6	265	139406
3649	3525	3635	
7	45	57219
3388	5038	
8	16	61144
4979	3957	4373	3551	3925	
9	212	56605
5036	3503	
10	39	65284
4797	3631	4456	3554	3492	4140	
11	174	52647
3982	4274	4200	
12	155	69153
4243	4021	3869	
13	175	72572
4706	3856	3597	3901	4624	3419	
14	136	119535
3998	4975	3571	3534	
15	152	144833
4837	3690	4280	
16	28	148864
4927	3576	3741	5024	4621	3487	
17	257	153008
3719	5067	4144	
18	144	128145
3816	3543	
19	155	152894
4390	4021	4030	
20	162	156626
4408	4442	3435	3932	3618	
21	282	127761
4295	
22	131	74274
4101	4350	4196	
23	126	207562
3708	3491	3628	3899	4136	
24	161	136150
4619	4789	
25	43	126574
3605	
26	281	127075
3549	4861	
27	271	206994
3527	4191	3933	5011	
28	282	140342
4192	
29	28	211636
4718	4914	4564	4373	4074	3876	
30	10	215537
4578	3395	3901	
31	131	141406
3674	4112	4462	
32	105	223880
5042	4846	4923	4195	4131	4743	
33	250	227456
4229	4217	3839	4260	3830	3576	
34	243	220363
3787	5034	3821	
35	134	231889
4805	3426	4324	4433	
36	141	235713
3413	4378	3824	
37	220	225196
4833	
38	240	240655
4865	4569	4078	4942	
39	139	245469
3998	4006	4216	4112	4732	4814	
40	119	250257
3567	4318	3713	4788	
41	96	125821
4544	
42	233	254609
5020	4352	
43	132	234991
5006	5002	3569	
44	89	210463
4717	4505	4415	
45	220	234673
4745	
46	240	258299
4753	4225	3535	3690	
47	274	295683
3794	4201	3580	4785	4354	4689	
48	50	156501
3668	3736	4762	
49	144	206422
4375	4038	
50	142	307772
4435	4699	
51	251	312578
3515	4871	4092	3736	4806	3848	
52	278	317003
4196	4311	3986	3701	3905	4425	
53	247	298845
3455	
54	31	320851
4687	4493	4869	3434	4368	3617	
55	21	393810
4477	4582	4712	3770	4558	3601	
56	50	227494
4961	3964	4683	
57	200	379367
3550	4922	
58	138	213926
4997	3644	3413	
59	72	398095
4514	3442	3855	4131	3896	4051	
60	42	402158
4263	4849	4423	4337	4218	3450	
61	33	401952
3818	3999	4783	4012	
62	143	388424
4677	3444	4673	4274	
63	200	468629
3744	4605	
64	113	406521
4039	4867	4070	4363	
65	181	406689
4851	4571	3401	4178	4737	3996	
66	162	410823
4475	3885	4093	4479	4134	
67	141	410137
3813	4662	3616	
68	7	479697
3542	4440	4607	4591	
69	281	472256
4157	3627	
70	13	414926
4789	
71	114	484717
4162	3568	4184	5074	5020	3780	
72	265	483441
3434	4097	3745	
73	199	489594
4866	4877	
74	229	488641
3924	
75	163	315570
3439	4561	4140	
76	56	492762
4449	4152	4121	
77	69	551627
4721	3473	3448	3755	3829	
78	122	496241
3691	4875	3888	3479	
79	253	501070
3508	4355	3901	3879	4829	
80	244	555831
4581	3874	4204	
81	11	570241
4078	4461	4583	4215	5007	5041	
82	36	573937
3730	
83	78	573763
4259	4567	4564	4769	3616	3522	
84	195	577383
4789	4792	3609	3446	
85	133	577601
3799	4585	3976	3838	
86	63	302158
4959	
87	201	582491
4529	4769	4310	4890	
88	208	586180
4208	3679	4342	3895	3509	3689	
89	207	639700
4137	3845	4297	
90	100	584667
4749	4199	3775	
91	273	382251
4147	3737	4815	
92	246	655307
3885	3729	4395	4778	3707	
93	160	590273
4921	3988	4093	
94	44	594337
3671	4140	4064	
95	10	652252
3839	4173	3697	
96	257	656263
4357	4293	4011	
97	74	598633
3404	3634	3633	4296	
98	191	326956
4600	3520	
99	111	336295
4761	4068	4235	
100	263	394709
4805	3501	3755	4870	
101	191	331650
3442	4694	
102	7	659786
4226	4619	3555	3523	
103	72	663657
3818	3613	4672	3922	3871	3620	
104	252	667956
4019	4509	4061	4299	
105	208	726043
4457	4147	3896	4533	3515	4087	
106	35	397767
4257	3733	4005	4173	
107	63	380486
4655	
108	160	730768
4992	3922	4725	
109	171	739236
4375	4492	4405	3519	
110	166	665100
4959	4574	4383	
111	10	676014
4537	4415	4543	
112	136	411761
4229	5053	5047	3865	
113	173	739136
3634	5036	4276	4768	
114	25	744124
3445	3598	4406	3622	3521	4988	
115	79	406465
3554	4944	
116	83	743459
4223	
117	94	731164
4900	4879	4888	4829	
118	203	406975
4944	5043	4325	
119	221	747902
3995	4589	3608	4032	3721	4443	
120	113	748474
3771	3461	4379	4350	
121	199	752634
4106	4732	
122	1	752699
5008	4883	4593	4225	
123	13	811469
4770	
124	166	724949
4596	4001	4602	
125	285	815574
3920	3963	3652	3740	4229	4105	
126	192	750819
4476	4655	3491	4738	3639	
127	144	485198
4413	3749	
128	237	819663
3648	4873	3555	4089	
129	80	827252
4264	3483	3628	3989	
130	1	831180
4377	4438	4546	3928	
131	271	835554
3675	4036	3702	4374	
132	141	839645
4835	4383	4091	
133	253	898684
3957	4552	3501	4434	5039	
134	87	489403
4223	3542	4814	
135	30	903080
4030	4576	3527	3972	3951	4396	
136	244	811585
4450	4516	3971	
137	210	816075
4131	4093	4148	3509	3969	4490	
138	79	491183
3729	3951	
139	21	828004
3556	4918	4960	3992	4673	4865	
140	226	399901
4731	
141	113	911122
4855	4762	3804	4442	
142	127	916050
4740	4838	4928	
143	155	920557
3823	4790	4507	
144	136	552124
4811	3766	4890	4320	
145	90	837737
3696	4399	4243	5038	
146	90	841373
4944	4543	4581	3636	
147	127	925013
4790	4110	4456	
148	243	918591
3581	4029	4708	
149	252	831931
3495	4078	4621	3927	
150	52	984069
3950	3597	3735	4420	4141	5056	
151	96	423969
3940	
152	51	922824
3523	4376	4233	
153	237	987513
3805	4396	4330	3444	
154	135	927775
4883	3698	4951	3997	
155	157	999968
4365	3666	3766	3803	
156	260	1005025
4803	4423	4783	4984	5057	3908	
157	263	569797
4277	4071	4058	4907	
158	139	1009639
4728	5019	3643	3591	3542	4614	
159	36	1008524
3499	
160	212	570356
3579	4670	
161	36	1012804
4280	
162	256	1070976
4844	4910	4024	4547	4172	4171	
163	207	745311
4025	4501	4811	
164	90	1007984
4492	4449	4664	4501	
165	175	1075697
4086	4637	4830	4093	4469	4721	
166	255	1083758
4434	4547	4204	4991	4461	
167	100	1077407
3903	3741	4171	
168	49	1085124
3444	4261	4060	4203	4117	
169	281	749216
4018	3905	
170	84	1087741
3796	3725	4092	5070	3983	
171	170	1088569
3491	4639	3445	
172	97	1012485
4352	3581	4508	3729	4501	
173	156	1091859
3797	4118	
174	81	1084735
3850	
175	8	1091979
4223	4452	4638	4962	3410	
176	84	1095306
4014	3628	4198	4440	3447	
177	242	763036
4892	4436	4310	
178	69	1095679
4869	4167	4726	3412	3700	
179	251	1099843
3613	3454	3995	3631	3504	4537	
180	192	1093288
4740	4416	4587	4686	5049	
181	191	642851
4241	3896	
182	47	1097309
4219	3523	3451	4021	
183	153	1099900
4780	4902	4002	4221	
184	207	817245
4049	4305	3997	
185	103	1158551
5028	4433	3627	4651	3996	
186	112	1108197
3690	3646	
187	89	727631
4044	4580	4822	
188	59	825746
3564	4901	
189	37	1162015
4171	4018	4243	3917	3464	
190	73	1166329
4900	4314	
191	10	1158458
5028	4605	3461	
192	172	1174123
4138	5000	3756	4236	4975	4194	
193	202	673237
3965	4728	4428	
194	258	834553
4439	4462	3779	4202	
195	153	1170821
3784	3852	4937	3788	
196	41	1170341
4632	
197	233	1178621
3679	4498	
198	8	1175229
4841	4030	3479	4494	4408	
199	21	1179886
3658	3422	4217	4853	4993	4657	
200	159	1182835
3478	4214	
201	178	751787
4554	3954	
202	31	1184095
4427	4765	4720	3651	4221	4209	
203	27	1187410
3388	4565	4750	3465	4575	
204	48	1244903
4205	3515	3635	4288	4901	3493	
205	136	827165
3654	3424	3499	4673	
206	169	843874
3562	5027	5033	
207	92	1248757
4540	3536	3490	4631	3854	
208	116	1257359
4053	3665	5002	
209	281	847419
4253	3545	
210	76	1261659
4747	4300	4721	4497	3871	4300	
211	178	835281
4887	4263	
212	179	726537
3637	
213	204	1193880
3762	3508	4961	4884	
214	161	819615
3860	4358	
215	162	1244396
3632	3459	3436	4259	3716	
216	96	583764
4026	
217	23	1248943
4957	4276	3683	4547	
218	191	843899
4895	4359	
219	11	1266316
4635	5073	3916	3554	4823	4657	
220	226	593121
4462	
221	44	1270294
3871	4268	3978	
222	86	1265735
4111	3777	4145	3838	4455	
223	157	1270267
4673	5013	4771	4532	
224	250	1329312
3644	4080	3620	4756	5045	4856	
225	275	1333099
3787	
226	233	1337784
3829	4685	
227	100	1279148
3462	4506	3836	
228	259	765552
4958	3596	4184	
229	1	1345146
4143	4451	3753	3762	
230	220	1273183
4563	
231	18	1345458
3690	4307	3875	
232	192	1349383
4741	3917	4239	4276	3925	
233	168	1330092
3439	4997	5039	4323	4144	
234	131	912922
4445	4506	3707	
235	86	1353400
4037	4499	4233	3697	4017	
236	197	1357710
3807	4181	3665	3627	4630	3885	
237	156	1348872
3957	3726	
238	38	1352677
4331	4839	4736	4277	3805	
239	9	1429520
4576	4508	3560	3410	
240	108	1433261
4783	4186	4453	3810	3540	3741	
241	214	1437496
4448	4340	4921	4651	4235	
242	149	1442523
4286	3790	4851	5027	
243	130	1438116
4943	3393	3612	5056	
244	183	1446556
4883	4714	3836	4577	4012	4033	
245	147	897892
3895	
246	265	1443174
3619	4282	5058	
247	110	997346
3738	4580	4222	
248	94	1450053
3963	4390	4757	3518	
249	124	1006048
4311	3945	
250	224	901330
4230	3438	
251	31	1516586
4292	3538	5020	3500	5011	4896	
252	216	989625
3775	4677	
253	191	905624
4595	4294	
254	200	929377
4675	3702	
255	242	933042
3804	4044	3665	
256	7	1521351
3794	4413	4766	3384	
257	65	912653
3390	4809	3429	
258	266	1504464
3404	4906	4686	4395	3908	
259	222	1073476
4124	4997	3920	
260	29	1018725
4678	3628	
261	82	997433
4208	
262	242	988165
4340	4277	3928	
263	113	1508078
4403	4879	4151	3614	
264	188	1086335
3500	4593	4381	
265	208	1526436
3631	5073	3875	4612	4066	4539	
266	217	1530552
4473	4350	5064	4534	4116	
267	151	1534129
5044	3632	
268	251	1588180
4883	4847	4500	4031	3898	3628	
269	116	1591833
5055	4221	3653	
270	162	1538854
4623	4935	4392	4329	4725	
271	215	1590569
4578	4968	4915	
272	226	687634
4782	
273	100	1594667
3437	3913	4098	
274	48	1602847
3707	4865	4037	3796	4579	3495	
275	166	1158785
4462	4779	3959	
276	146	1162601
3433	4343	3816	
277	213	1533554
4591	4083	3693	
278	250	1607900
3499	4596	4402	3577	4596	5053	
279	117	1170879
4093	
280	122	1611857
4384	4498	5055	3957	
281	97	1605727
4724	4549	4498	3911	3773	
282	275	1615624
3767	
283	109	1611236
4310	3908	4680	4021	3794	
284	30	1674561
4514	4970	3921	4348	3894	4937	
285	103	1678217
4598	4983	3838	4489	3656	
286	287	1682420
4589	4013	4365	3674	4203	
287	105	1690808
3692	4194	3905	4721	3484	4788	
288	250	1695652
4036	4266	5076	4743	3422	4844	
289	121	1614617
4192	4286	3845	4869	
290	215	1677918
4696	4548	4593	
291	244	1682926
3396	3985	5008	
292	127	1699412
3688	3939	3760	
293	89	1260584
4930	5060	4389	
294	74	1703103
4179	4887	4729	3691	
295	271	1761532
4377	3782	4643	4429	
296	37	1766097
4800	4705	3448	4996	4565	
297	130	1690363
4451	4298	4346	3407	
298	222	1270560
4206	3596	4980	
299	210	1695026
3566	3429	4131	4150	3639	4663	
300	51	1697914
3816	4092	3912	
301	57	1770205
4524	3883	5016	4718	4255	4108	
302	279	1777476
4313	4205	3409	4156	3671	
303	104	1781755
4147	4735	4814	3617	3500	4279	
304	90	1705653
4829	4807	3743	4239	
305	142	1778176
4133	4123	
306	142	1781611
4033	3435	
307	121	1786006
3884	3836	4888	4395	
308	41	1790440
4434	
309	201	1785800
4500	3980	4553	4045	
310	197	1862726
4036	4926	3461	4554	3548	4557	
311	57	1866759
3563	4544	4480	3750	4033	3398	
312	106	1871613
4802	4854	
313	84	1870224
4042	4827	4662	3444	3465	
314	15	1875188
4983	3575	
315	133	1873771
3408	4782	3439	3547	
316	279	1934216
3461	4982	3890	5028	3717	
317	130	1865869
4463	4421	3985	3481	
318	278	1938517
4984	4070	4601	4537	4258	4301	
319	76	1942214
4078	4342	3773	3389	3734	3697	
320	72	1950871
4815	3457	4547	3570	4074	5057	
321	221	1950654
4344	3438	4021	4100	4560	4989	
322	255	1955164
4329	3898	4354	4510	4274	
323	154	1959334
4070	3615	3482	3776	3571	4170	
324	179	1005624
4834	
325	261	1964072
3430	4287	4724	4738	
326	112	1963436
3706	4701	
327	206	2023027
4758	4955	
328	215	1968230
3772	4312	4794	
329	47	1958346
4916	4347	5075	4179	
330	114	2027894
3470	3974	4661	3831	4785	4867	
331	50	1367997
4564	4492	3877	
332	45	2024798
4908	4983	
333	185	836339
4361	
334	23	2029817
4593	3718	3633	5019	
335	47	1962826
3419	3668	3938	4480	
336	224	1331559
3498	3494	
337	182	2037023
3606	
338	142	2035022
4330	3796	
339	285	2041240
3592	4904	4739	4431	4217	3732	
340	87	1076930
3905	4435	4221	
341	237	2044728
4682	4416	4592	3488	
342	276	2048383
3462	4309	4916	4434	3655	
343	217	2106601
3656	3834	4785	4045	4218	
344	63	1432026
4005	
345	243	2039658
4626	4616	4636	
346	8	2054511
4962	4543	4194	5019	4792	
347	82	1084723
4193	
348	40	2058668
4688	4051	4448	3419	4157	
349	232	2109766
3904	4867	4392	4932	4298	
350	128	2114166
5059	3583	4181	3717	3641	4400	
351	39	2122078
4644	3675	3409	4317	3676	4312	
352	83	2043794
4136	
353	93	2126762
3853	4222	4440	4684	
354	157	2124699
4522	5005	3918	4016	
355	91	2130491
3919	3781	3469	4174	3729	
356	124	1511711
4763	5061	
357	135	2129185
3494	4403	4062	4486	
358	95	849259
4150	
359	11	2134958
3410	3657	4320	4026	4083	4467	
360	247	1510996
3434	
361	208	2193028
4438	4927	3621	4668	4415	4070	
362	282	1520249
4086	
363	36	2142341
4658	
364	90	2133264
3905	4873	5057	4396	
365	222	1529491
4452	3398	4185	
366	65	1533709
4123	4598	4218	
367	259	1444563
4732	4398	3895	
368	233	2197735
4575	4707	
369	246	2136781
4996	4537	4868	4014	3517	
370	236	1537858
4604	4676	4149	
371	20	1542927
4707	5069	
372	187	1523118
4186	
373	76	2209241
3717	3987	4766	4771	3780	4269	
374	111	1526796
4693	4353	3678	
375	131	1449550
4480	4456	4987	
376	121	2213182
3969	4231	4635	4221	
377	130	2217818
3900	3873	3879	4636	
378	228	921192
4556	
379	178	1532308
4233	4798	
380	46	2192581
3686	3716	4895	3440	
381	5	1546380
4945	4921	
382	262	2222164
4291	3619	3678	3553	4346	3602	
383	221	2294564
4536	3761	4931	3946	4738	4936	
384	10	2299504
4831	4906	4940	
385	68	2281085
4764	4809	3622	4921	
386	4	2303594
4385	4786	4907	4090	
387	138	1456818
4661	3520	3646	
388	149	2307012
5015	3574	4990	3418	
389	223	2365564
4878	4689	4860	4552	4455	
390	61	2369276
3712	
391	107	1589813
4412	3407	4719	
392	213	2299285
3802	4276	4776	
393	130	2303644
3922	3945	4409	4359	
394	77	2307854
3734	4926	4210	
395	283	2315238
4553	4831	3674	
396	235	2374274
4793	3825	3658	4998	
397	290	2382241
3527	4823	4522	3640	4897	4367	
398	102	1608169
3923	3660	3417	4880	
399	280	1535703
4722	3917	
400	290	2385728
4195	4785	4734	3683	4577	3402	
401	7	2390574
3587	4571	4846	3503	
402	290	2394748
3766	4740	4443	4248	4097	4174	
403	26	2394679
3499	5042	3890	4105	
404	31	2453174
4641	3969	3906	4213	4502	3992	
405	102	1620038
4414	4342	4070	3938	
406	60	2452358
3914	3610	
407	268	1624031
3993	
408	7	2458033
4309	3837	4860	4559	
409	238	1611725
4716	4665	
410	255	2462217
3472	4309	3724	4184	4129	
411	189	1627512
3481	
412	281	1611814
4322	4041	
413	49	2470608
4005	4520	3755	4188	4791	
414	48	2474916
4841	4595	4258	4589	4301	4308	
415	69	2478379
4752	3701	3532	4758	3470	
416	280	1684391
3697	4088	
417	229	2479855
4939	
418	99	1694146
4431	4621	
419	159	2538411
3449	4556	
420	67	1620318
4699	4405	
421	256	2542091
4592	4571	3882	4711	3384	3680	
422	179	1274315
4641	
423	84	2546498
4112	3969	4232	3773	4407	
424	197	2486748
4503	4339	4351	3679	3973	4985	
425	205	1705056
4253	3856	4623	
426	108	2491051
4475	4000	4274	4004	4072	4303	
427	17	2554970
4206	3687	4445	4886	4872	
428	192	2473371
4773	3911	4818	4430	3693	
429	89	1776126
3880	4913	4378	
430	104	2559834
3754	4441	3780	4737	4579	4864	
431	226	1112275
4785	
432	28	2563623
3683	4374	5007	4072	4352	3789	
433	110	1784682
4576	4208	4776	
434	241	1788117
4003	
435	97	2481808
3620	4248	4218	3559	3858	
436	8	2546616
4528	4223	4891	3658	4413	
437	43	1851469
4461	
438	22	2568258
4323	3662	4611	4036	4147	4635	
439	11	2626982
3826	3426	4619	4520	4804	4724	
440	52	2631363
4945	4314	4999	4626	3965	4381	
441	193	1161283
4977	4409	
442	36	2563492
4507	
443	84	2639516
5005	3797	3814	3937	4553	
444	169	1939842
3416	3536	4225	
445	141	2643586
4320	4931	4070	
446	223	2647489
3765	4356	3614	4255	3903	
447	22	2651120
4473	3762	4494	4180	3822	3631	
448	162	2572185
4765	3860	3974	3521	4438	
449	199	2576956
4523	4771	
450	284	1934180
4682	
451	185	1084028
4745	
452	174	1797786
4635	4196	4614	
453	197	2627439
4107	4202	3771	3607	4526	3683	
454	66	2022473
5007	4364	4108	3424	
455	159	2655418
4026	4298	
456	285	2713748
3695	3706	3522	3503	4380	4330	
457	99	2026027
4528	3554	
458	96	1176403
4052	
459	195	2639629
3932	4777	4500	4210	
460	1	2717348
4443	3821	4728	3600	
461	270	2644217
3396	3793	3818	3562	3734	4588	
462	81	2506365
3808	
463	192	2510081
3924	3789	3545	3420	3716	
464	258	2113513
4690	4879	4539	3824	
465	199	2649069
4279	4852	
466	196	2653204
3481	4850	3908	4404	4135	
467	155	2721381
4916	4722	4033	
468	232	2656825
4215	4334	4722	4128	3621	
469	104	2729603
3465	4376	3446	3409	4370	4622	
470	155	2734271
4229	4123	4668	
471	209	2661083
4928	4364	4333	3839	4258	
472	31	2711727
3660	3464	4455	4446	4153	3844	
473	185	1114009
4009	
474	171	2547775
4503	4417	4136	3971	
475	224	2486105
4763	3746	
476	155	2738458
3598	4742	4187	
477	159	2743133
4090	4675	
478	69	2716077
4154	3447	4297	4029	4350	
479	284	2023009
3471	
480	70	2801337
3618	4220	4761	4958	4204	
481	213	2554813
4976	4350	3438	
482	29	1971620
4761	3786	
483	181	2720518
4048	3975	4794	4255	4718	4441	
484	64	2491065
4960	
485	240	2805295
3808	3427	4573	3958	
486	40	2728295
3991	3566	4602	3932	4177	
487	40	2732304
4606	4449	3683	4154	4009	
488	67	2500525
4765	4887	
489	262	2812716
4968	5068	3479	3646	4411	3821	
490	107	2504788
4889	4765	4263	
491	244	2740188
3541	4777	3473	
492	8	2743853
4033	4940	4646	4882	3665	
493	176	2567109
4417	3992	3932	
494	2	2571412
4168	4774	3507	4570	4303	
495	232	2747843
3622	3976	4849	4929	3990	
496	232	2798798
4556	3981	3849	3898	4155	
497	200	2453750
4851	4676	
498	90	2575442
5065	4810	4686	4030	
499	31	2803511
3896	4174	3759	4574	3439	4713	
500	213	2582350
4089	3774	3469	
501	115	2587108
3862	4758	
502	14	1509106
4033	
503	266	2817149
3435	3675	3655	4864	4433	
504	5	2467003
4173	4789	
505	170	2811861
3910	4530	4750	
506	224	2554724
4944	4368	
507	109	2815837
4055	4425	3776	4710	3976	
508	62	2821340
4966	4191	
509	96	1359084
4404	
510	226	1363140
4056	
511	117	2124412
4171	
512	135	2819633
4746	4387	3598	3796	
513	30	2825640
3454	3929	4677	3728	3779	4300	
514	212	2571572
4356	4378	
515	20	2575508
4765	3936	
516	123	2829269
4955	3438	3500	3629	
517	31	2826956
4736	3678	4824	3738	4996	3544	
518	194	2887211
3965	3942	
519	170	2831018
3870	5008	4062	
520	169	2471985
4982	3938	4982	
521	81	2629702
4090	
522	159	2891053
4221	3842	
523	84	2898378
4374	3647	3779	4260	3725	
524	207	2479905
4525	4765	3660	
525	54	2902753
3899	4867	4845	4375	
526	91	2907542
4427	4387	4435	3635	4789	
527	166	2484494
4801	3822	4589	
528	97	2633686
3735	5073	4702	3590	3984	
529	202	2139703
4224	3561	4328	
530	277	2911672
3682	3902	3970	4130	
531	214	2836080
3542	4066	4610	3716	5062	
532	64	2583002
3994	
533	263	2143310
4610	4541	4895	3607	
534	116	2915733
3894	4060	4061	
535	219	1258005
4741	
536	11	2974377
4350	4900	4648	4412	3630	4644	
537	4	2890646
3730	4880	3785	4136	
538	76	2977795
4798	4979	4258	4766	4616	3418	
539	135	2899173
4366	3799	4295	4927	
540	6	2986242
4693	5067	4873	4686	4522	4847	
541	187	2147258
3948	
542	65	2591659
3440	3731	4872	
543	55	2989980
4781	3947	3738	
544	206	2995053
4274	5073	
545	253	2998532
3949	3794	5020	4438	3479	
546	266	3002290
3621	3870	4470	3692	3758	
547	244	2904210
4008	3945	5037	
548	286	1251819
4888	
549	74	3060569
4604	3969	3667	4279	
550	1	3065014
3982	3565	3560	4445	
551	55	3073394
4763	3714	4780	
552	220	2659463
4332	
553	210	2908283
4160	3849	4562	4837	4687	4073	
554	40	2912391
4645	3653	3731	4327	4108	
555	197	2915864
3648	4265	3971	4199	3541	3473	
556	46	2920006
3649	3593	4605	4142	
557	158	3077048
4355	3875	4577	3530	3654	
558	105	3081313
3491	4270	3560	4807	3532	4265	
559	241	2282548
4970	
560	91	3086100
4130	4183	3597	4665	4787	
561	69	2974948
3631	4666	4925	5014	4610	
562	157	2979750
4671	3717	3608	4802	
563	206	3144357
4785	4257	
564	3	3149307
3583	4296	4039	3940	3969	4950	
565	189	2227059
3923	
566	222	2640040
4216	3401	3857	
567	252	2988418
4589	4186	4274	5068	
568	121	2679871
3732	3730	4768	4603	
569	29	2298835
4234	3722	
570	121	2684916
3509	4715	3414	5045	
571	73	3157580
3409	4673	
572	214	2991995
3726	4271	4412	4276	3577	
573	111	2303880
4533	3803	5045	
574	41	2713927
3811	
575	250	3161738
4228	4818	3832	4740	4915	4158	
576	128	3165348
4789	3604	3918	4517	4114	3610	
577	122	3170349
4804	3411	3515	5001	
578	8	3005238
3869	4908	3430	3424	4214	
579	232	3056822
3406	3421	3471	3874	4784	
580	207	2580857
4927	3433	4931	
581	59	2585154
4077	4297	
582	222	2654887
4151	5049	4499	
583	255	3174986
4174	3766	4138	3574	4637	
584	48	3233697
3574	4025	4183	4077	4629	4711	
585	215	3072204
3703	3405	3579	
586	162	3075634
4434	4294	3821	4165	3430	
587	265	2717320
4018	3877	3393	
588	179	1768617
4238	
589	38	3237444
3392	4456	4422	4847	3747	
590	116	3244816
4974	4562	3772	
591	190	1351773
4306	
592	163	2471215
4087	4828	4980	
593	32	3080559
4018	3938	4925	
594	277	3248715
4547	4976	3469	3899	
595	2	2725467
3613	4969	4198	3801	4547	
596	234	3252766
3494	3681	3533	3718	4268	4051	
597	91	3257360
5004	3949	4730	4905	4594	
598	185	1380532
4942	
599	164	1545352
4676	
600	85	3261375
4471	3795	4773	4438	4134	4015	
601	182	3093104
4143	
602	79	1852919
4138	4439	
603	91	3319325
3826	3984	4738	3677	3950	
604	190	1415453
4752	
605	163	2489170
4454	3929	4935	
606	127	3323189
4163	3972	3864	
607	256	3331644
4869	3793	3505	4031	5074	4855	
608	120	3149592
3410	4614	
609	49	3157696
4227	4519	4072	4068	4504	
610	102	2477761
4337	3460	3673	3456	
611	56	3335539
4536	3533	3895	
612	212	2668070
4511	4950	
613	125	2640670
3503	5003	3982	
614	278	3339325
4783	4627	5069	4196	3733	3786	
615	144	2505304
3876	3744	
616	134	3342998
3395	3894	3463	3673	
617	41	2736902
3730	
618	19	1439639
3710	
619	1	3402046
3632	4438	5055	5048	
620	16	3165913
4709	4329	4892	4961	4754	
621	276	3405932
4926	3672	3485	4591	3886	
622	115	2741034
4543	4132	
623	141	3409453
4581	4724	3521	
624	15	3174646
3930	4142	
625	1	3417134
3541	4946	4975	4081	
626	57	3421279
3527	3758	4599	3492	4427	4145	
627	208	3424726
4554	3764	4761	3593	4808	3447	
628	267	2482642
4034	4881	
629	235	3428437
3712	3746	4567	3711	
630	203	2486850
3576	4904	4208	
631	49	3239423
4340	3625	4919	4806	4175	
632	209	3247099
3627	4443	4447	3537	4076	
633	244	3251125
3717	4806	4026	
634	183	3432123
4222	4242	4005	4878	3768	3686	
635	141	3490988
4453	3599	4865	
636	1	3496041
4521	3435	4888	5053	
637	145	2490274
3424	
638	141	3504535
3903	5049	4894	
639	287	3508084
4988	3610	4016	4718	3549	
640	217	3511499
3822	4112	4844	4862	3415	
641	194	3515598
3629	4099	
642	251	3520252
4635	4804	4436	3616	4113	4654	
643	92	3577733
3773	4483	4460	4660	3481	
644	156	3581447
4248	3714	
645	214	3263962
3758	3595	4799	4373	4207	
646	64	2730091
4507	
647	141	3585260
4367	4125	3813	
648	186	2628533
3615	4747	4375	4037	
649	94	3268128
3932	3681	4476	4166	
650	246	2757531
4016	4959	4572	4856	4131	
651	69	3319778
4590	4635	4902	4318	4850	
652	163	2640495
3733	4647	3886	
653	12	3593301
4027	3692	4650	4890	4737	4441	
654	119	3598335
4143	3397	4647	5034	
655	193	1723219
3452	4569	
656	166	2658078
4584	4433	4749	
657	203	2562320
3912	4947	4999	
658	6	3602450
4353	4067	3913	5031	4630	4115	
659	28	3606252
4669	3591	3422	3835	4140	3802	
660	254	1447559
3627	
661	152	3663896
3877	3933	3644	
662	13	3668693
4797	
663	196	3340018
4750	4677	3385	3620	3830	
664	260	3676169
4554	4756	3701	4444	3785	3876	
665	84	3681061
4924	3976	4475	4149	4892	
666	45	3348742
4630	4939	
667	101	3352908
3482	4562	3616	4361	4447	4166	
668	148	3403878
4407	3442	4206	4170	
669	70	3685207
4282	3999	4035	3895	4146	
670	42	3689676
4726	3904	4482	4056	3938	4469	
671	87	2726646
4465	3770	4693	
672	41	2800682
4997	
673	201	3748146
4318	3689	3490	4470	
674	243	2804426
4196	3533	3744	
675	227	2812844
4818	
676	184	2731399
4053	4753	
677	243	2816995
4508	3918	4151	
678	258	2670218
3997	4628	4877	3630	
679	194	3752160
3626	4014	
680	74	3755875
3739	5076	4088	3715	
681	194	3763310
4607	3835	
682	243	2820457
4783	4529	3462	
683	168	3416403
4810	3765	3521	3889	4987	
684	133	3767437
3958	3673	3571	4127	
685	154	3770842
5056	4263	4709	4804	4509	3405	
686	270	3425486
3537	3720	4231	4562	3470	4574	
687	290	3775865
5023	4920	4815	4353	3503	5023	
688	192	2836210
4690	3539	4429	3656	3976	
689	99	2716713
3661	4824	
690	227	2841127
4917	
691	143	2720155
3515	4285	4263	3442	
692	209	3429307
4616	4363	3601	3669	3821	
693	43	2729520
3674	
694	186	2648530
4242	3435	4607	4464	
695	255	3779334
3779	5059	3995	4334	3469	
696	19	1623468
5027	
697	166	2733186
4899	3614	3666	
698	219	1626902
3434	
699	82	2751131
3746	
700	203	2755312
3843	4498	4181	
701	82	2758825
3513	
702	43	2737087
3953	
703	194	3837232
4894	3898	
704	3	3841274
3878	4482	4896	4527	4367	4042	
705	81	2849737
4243	
706	149	3437988
4000	4844	4124	4347	
707	167	3849849
3989	4450	4511	4644	3425	4975	
708	227	2853235
3498	
709	217	3853399
4983	5074	4930	3866	3550	
710	0	3495968
3902	4535	4309	3569	3889	
711	155	3857548
3482	3798	4149	
712	206	3861074
3968	3526	
713	62	3866082
4898	5008	
714	155	3924168
3674	4712	4086	
715	34	3928429
4789	4568	4261	
716	234	3935471
4203	3853	3790	4433	5025	3442	
717	239	3939382
4406	4648	4972	3911	
718	222	2807083
4558	4819	3829	
719	225	2817843
4209	4429	
720	205	2812429
4358	3460	3516	
721	4	3513927
4557	3499	4542	4766	
722	160	3943566
4203	4646	4184	
723	224	2818660
5075	3435	
724	83	2888335
4928	
725	55	3948256
4123	4960	4690	
726	193	1937993
3981	3703	
727	56	3951717
3478	4797	3461	
728	206	4010610
4580	4893	
729	4	3518398
3767	4537	3755	4471	
730	35	2827055
4527	3975	4539	4640	
731	109	3523062
4144	3473	4415	4046	4664	
732	1	4015354
3989	3838	4805	4744	
733	216	2762642
4446	3817	
734	83	2899647
3666	
735	65	2836115
3942	3622	4645	
736	137	4022722
3567	4578	4706	4614	4995	3768	
737	23	3574861
4585	4885	3653	4999	
738	83	2909698
5056	
739	192	2913622
4401	3946	4855	3821	3924	
740	38	4027277
3621	4919	4233	5001	4555	
741	161	2840112
4109	3997	
742	102	2884512
4692	4141	4288	3819	
743	132	3579155
4426	4032	4294	
744	135	3583907
4662	5023	4426	4752	
745	83	2921610
3562	
746	101	3592042
4045	4566	4633	3486	3880	4535	
747	60	4031432
4995	4155	
748	53	2894136
3764	4623	4992	3729	
749	255	4036337
4685	4368	4586	3679	4905	
750	76	4094323
3664	3441	5030	4348	3526	3986	
751	151	3599706
3390	3985	
752	189	2889162
4650	
753	48	4097903
3599	4660	3538	4554	4148	3580	
754	176	2933938
4037	4917	4922	
755	289	2909569
4428	4905	4607	
756	42	4101938
3799	4030	4364	4926	4722	4035	
757	176	2937583
4486	3385	3645	
758	233	4109316
4789	3778	
759	212	2844754
3992	4642	
760	106	3612811
4164	4235	
761	268	2919431
4936	
762	101	3664079
3525	5069	3989	4697	5056	4468	
763	245	2923242
4303	3811	
764	245	2926895
4303	3653	
765	56	4112819
3506	4342	3503	
766	154	4117361
3571	4358	4412	4692	4657	4542	
767	146	2926674
4860	4701	3583	
768	227	2976382
3851	
769	40	3676609
4250	4724	3504	3734	4273	
770	1	4121260
4299	3997	4033	3899	
771	268	2974856
3724	
772	277	4180118
3917	4271	3849	4858	
773	147	2848825
4071	
774	190	1852831
4089	
775	51	2984865
4449	4631	4883	
776	145	2986046
3741	
777	189	2990429
4383	
778	273	2452812
3516	3606	3584	
779	149	3681371
4655	3996	4344	4762	
780	290	4184783
5074	3520	3496	4624	4219	4665	
781	197	3685153
4791	4117	4259	4279	3581	3782	
782	279	4189584
3418	4837	4663	5073	4801	
783	210	3694199
4347	3703	3635	4919	4525	3973	
784	212	2884878
4981	3653	
785	290	4196915
4206	3789	4073	3826	3840	3731	
786	260	4200584
4426	4832	3487	4706	5004	3669	
787	56	4205159
4757	3955	4575	
788	20	2889261
4840	4383	
789	153	3750991
4396	4032	3913	4988	
790	213	3012472
4762	3484	4974	
791	15	3755690
5023	4699	
792	121	3016805
3545	4132	3876	4333	
793	184	3015552
4020	4570	
794	261	4208745
4841	3810	4747	3586	
795	62	4266744
3601	3999	
796	77	3020253
4887	3393	3448	
797	127	4270586
3436	3574	3842	
798	226	2143897
4810	
799	87	3018962
4723	4167	3410	
800	240	4275349
3662	4544	4255	4763	
801	153	3763924
4511	4794	4464	4634	
802	139	4283230
3666	5038	4901	3912	3691	4281	
803	193	2158365
3973	4886	
804	170	3768469
5042	4080	4545	
805	12	4287176
3988	3999	4987	4738	4064	3946	
806	159	4290674
3550	3498	
807	33	3077529
3518	4656	4555	3390	
808	198	2936998
4282	4486	
809	258	2998612
3687	3754	4851	3485	
810	8	3776190
4169	3438	4622	4019	3657	
811	1	4294120
4568	3943	4418	3446	
812	15	3780124
3826	3934	
813	88	3072262
4076	4786	
814	118	3784439
4053	4198	4315	
815	178	3076683
4573	4421	
816	206	4352730
3630	4610	
817	221	3835679
3775	3685	3658	3652	4063	4440	
818	273	2490158
4518	4876	4688	
819	10	3839069
4267	3594	3390	
820	79	2493851
3974	3693	
821	166	3142887
5057	4278	3508	
822	23	3843011
4913	3997	4202	3942	
823	183	4356236
4344	3856	3902	3543	4711	3506	
824	54	4361053
4627	3947	3542	4817	
825	116	4368153
3793	4711	3500	
826	146	3151552
4396	4453	4463	
827	84	4371877
3466	3591	4581	4297	3724	
828	36	3855985
4663	
829	99	3164231
4222	4782	
830	109	3860994
3874	4539	3601	4233	5009	
831	97	3160734
3861	3415	4926	5038	3534	
832	121	3169226
3486	4170	4995	4546	
833	273	2511572
3553	3760	5005	
834	83	3174241
5015	
835	73	4376223
4866	4346	
836	49	3865219
3627	3705	3899	4290	4225	
837	171	3246482
3913	4026	3567	3841	
838	132	3869202
3983	4158	3983	
839	147	3084334
4101	
840	126	3920674
3647	3943	3954	3390	4672	
841	192	3254356
3564	4534	3885	4567	4484	
842	243	3258350
3671	4366	3994	
843	59	3180550
3896	3599	
844	283	3924335
4809	4987	3661	
845	53	3171637
4723	4100	4666	3564	
846	248	3175487
4837	4206	3850	
847	171	3330238
4222	3541	3940	3488	
848	262	4380713
4873	5041	3564	4090	4225	4490	
849	69	3936509
3791	3657	3570	4792	4349	
850	242	3238941
4596	5012	3470	
851	195	3941386
4431	3397	3921	4877	
852	34	4438924
4011	4098	4211	
853	285	4442641
5014	4544	4889	4761	4892	3717	
854	289	3248007
3635	4814	4407	
855	74	4447346
3699	3669	4549	4705	
856	204	3955156
4968	3920	4017	4780	
857	97	3337753
3746	4751	3941	3744	3425	
858	86	3959009
5027	3390	4333	4601	3853	
859	247	3258297
3807	
860	139	4455166
4711	3897	3855	4310	3725	4220	
861	147	3101612
3592	
862	170	4009932
3971	3972	4123	
863	203	3330186
4459	4560	4920	
864	25	4460095
4682	4153	4126	4571	3813	4929	
865	25	4464190
3944	4213	4559	4980	3652	4095	
866	183	4468981
5020	4089	4590	4376	3704	4791	
867	59	3262817
3998	4520	
868	61	4526420
3439	
869	258	3267627
4783	4019	3398	4810	
870	18	3418710
3717	3762	4231	
871	124	3323745
3831	5063	
872	182	4029128
4427	
873	11	4530016
4163	5061	3535	3742	4093	3596	
874	91	4533463
3754	4988	3997	4042	3447	
875	61	4542127
5064	
876	276	4546988
3648	4693	4534	4676	4861	
877	248	3335556
4754	4747	4169	
878	207	3319819
3731	4520	4523	
879	69	4042709
3844	5050	4617	5021	4812	
880	107	3108964
4908	4748	3590	
881	2	3425928
4094	3721	4631	3852	3476	
882	97	3429334
3879	4946	3998	4128	3406	
883	81	3433977
4643	
884	77	3506646
4673	4850	4269	
885	208	4551372
4775	4534	4714	4881	4053	4384	
886	102	3344065
3557	5023	4544	4328	
887	279	4555917
3533	4161	3716	3654	4545	
888	245	3347838
4136	3773	
889	231	4614731
4647	4026	3644	4021	4611	4814	
890	222	3340070
4650	4797	3775	
891	180	4109616
3910	4842	4823	4224	4189	
892	256	4619031
3459	3651	4646	4901	4131	4300	
893	55	4627124
4538	4521	4493	
894	49	4118297
4489	5074	4841	3540	4550	
895	156	4630697
4782	3573	
896	284	3407270
3772	
897	169	3411051
4016	3781	3653	
898	175	4635104
3891	3596	4519	5026	4678	4407	
899	0	4127318
5053	4064	3431	4448	4343	
900	274	4639232
4060	4752	5032	3487	4744	4128	
901	139	4698160
4951	3483	4651	4735	4055	4928	
902	220	3592963
4757	
903	231	4701605
4919	3648	3865	4519	3649	3445	
904	173	4705003
3747	4582	4779	3398	
905	278	4712884
4354	4200	4275	4851	3914	4281	
906	204	4186771
4978	4952	3614	4260	
907	51	3600520
4213	3678	3643	
908	239	4717486
4303	4549	3392	4602	
909	0	4195310
4692	4932	5031	4092	4939	
910	42	4721854
3674	3947	4364	4046	3912	4368	
911	38	4726923
3512	4513	5070	5007	5069	
912	191	3360879
3647	3906	
913	29	3428312
3496	3940	
914	37	4785281
5021	3997	3484	4559	4358	
915	242	3425599
3933	4456	3847	
916	171	3676686
4280	4544	4718	4374	
917	69	4202643
4971	4718	4904	4458	3421	
918	129	3433612
3652	
919	74	4789273
4326	4388	4518	3992	
920	158	4794197
4607	3520	3813	4506	4924	
921	188	3432893
4524	4409	4581	
922	12	4801223
3580	4539	3628	3995	3566	3426	
923	250	4805229
4548	3582	4916	3599	4345	4006	
924	239	4808775
3415	4501	3881	3546	
925	111	3506528
3950	4998	3811	
926	187	3510630
4102	
927	253	4813466
5051	3638	4720	3450	4691	
928	152	4871530
3838	4685	4064	
929	118	4218845
3541	4003	3606	
930	103	4876087
4347	3685	3819	4681	4557	
931	57	4880641
4697	4287	4439	4566	4256	4554	
932	161	3507787
4343	5053	
933	172	4889308
3428	4767	4954	3779	4258	5067	
934	112	4286588
3765	4148	
935	275	4893112
3804	
936	1	4897936
4697	4250	3585	4824	
937	79	2669835
3549	4114	
938	10	4290056
3885	3393	3468	
939	193	2580754
4076	4844	
940	218	3526004
4206	3538	4520	
941	88	3514400
5052	4113	
942	159	4902960
4452	5024	
943	96	2588037
3745	
944	288	3515227
4160	4140	3661	
945	48	4961539
5048	3567	4553	3682	4639	4579	
946	158	4965198
4592	3535	4701	4889	3659	
947	187	3530689
4685	
948	117	3535008
4319	
949	81	3688681
4276	
950	261	4973826
4590	3915	4491	5028	
951	68	4977980
3604	3566	3715	4154	
952	266	4982289
4090	4558	3848	3435	4309	
953	275	4986239
3950	
954	12	5043920
3430	3407	4467	3958	4265	3681	
955	224	3589543
4449	3822	
956	167	5048698
5065	4720	4342	4577	4885	4778	
957	175	5053185
4398	4614	4304	4316	3442	4487	
958	147	3593611
4068	
959	217	5060903
4007	4697	4927	4780	4118	
960	165	5064363
3983	4644	3460	
961	75	5068263
3834	4490	4781	4733	4587	3900	
962	162	4371313
4009	4354	3913	4778	4259	
963	180	4375980
4453	4782	3958	4557	4667	
964	231	5073215
5064	4216	4346	4592	4237	4952	
965	277	5130720
4662	3682	3976	3505	
966	270	4384736
3938	4784	4592	3565	3862	4519	
967	13	5135316
4596	
968	42	5139673
3646	3617	4244	4097	4068	4357	
969	175	5147334
3451	3550	4829	4182	4531	4061	
970	37	5150939
5023	3841	4725	4528	3605	
971	237	5155139
4593	4715	3875	4200	
972	113	5159023
3414	4612	4157	3884	
973	24	5217443
4333	5012	4275	4420	
974	78	5221685
4540	5062	3528	4982	4654	4242	
975	24	5226414
4075	3436	4272	4729	
976	239	5234089
3563	4916	4326	4075	
977	191	3679134
4154	3711	
978	30	5238199
3800	4565	3617	4041	4859	4110	
979	134	5243085
3429	3826	4030	4886	
980	22	5246728
4004	3871	3502	4292	4305	3643	
981	181	4456450
4756	4471	4311	4199	3790	3826	
982	262	5305540
3565	5019	5013	4350	3416	4812	
983	52	5309794
5012	4127	5001	3658	4447	4254	
984	27	5317808
3962	4549	4997	3433	4414	
985	143	3688470
4838	3964	3705	4896	
986	111	3688031
5005	4324	4953	
987	214	4469224
4021	4373	3803	4748	4911	
988	49	4472656
5053	4304	3599	4821	3432	
989	162	4476101
4083	4076	4565	4852	3445	
990	206	5322091
3999	4283	
991	114	5325574
4021	4675	5044	4444	3583	3483	
992	256	5330018
4594	4393	3929	4055	4601	4444	
993	204	4534958
4589	4736	3608	3873	
994	8	4543152
4625	4222	4972	4476	4594	
995	182	4548025
4873	
996	216	3698325
4999	5006	
997	137	5333773
4405	3820	3898	4806	4827	3755	
998	69	4552439
3797	4393	4097	3716	4414	
126
8054	3866
26975	12947
27093	13004
98450	47256
212623	102059
440836	211601
890809	427588
1762244	845877
3430269	1646529
3149	1511
12386	5945
19100	9168
70346	33766
153296	73582
320695	153933
658521	316090
1321382	634263
2605831	1250798
33000	15840
38096	18285
52978	25429
155893	74828
292514	140406
526910	252916
925859	444412
1592324	764315
2694234	1293232
5310	2548
18845	9045
31340	15043
108486	52073
226839	108882
455337	218561
892133	428223
1710560	821068
3226413	1548678
10159	4875
10522	5050
15329	7357
40354	19369
70302	33744
117575	56436
192114	92214
307121	147418
482906	231794
18696	8974
45562	21869
63712	30581
272095	130605
654458	314139
1511172	725362
3403572	1633714
7503125	3601500
16273153	7811113
13433	6447
17145	8229
22272	10690
67768	32528
130025	62412
239500	114960
429574	206195
754472	362146
1304045	625941
11731	5630
14949	7175
19982	9591
69599	33407
146131	70142
294543	141380
583681	280166
1129791	542299
2148617	1031336
1498	719
30629	14702
59675	28644
143451	68856
235219	112905
370263	177726
567773	272531
852448	409175
1259442	604532
5719	2745
13287	6377
20083	9639
45936	22049
72868	34976
110967	53264
164693	79052
239297	114862
342122	164218
12733	6112
30994	14876
49674	23843
138458	66459
250577	120276
435345	208965
741587	355961
1234803	592705
2021040	970099
4835	2320
10923	5242
13452	6456
42490	20395
83584	40120
157843	75764
292092	140204
528426	253644
939794	451101
24059	11548
88921	42681
91061	43709
396590	190363
966446	463894
2260921	1085242
5264746	2527078
11934526	5728572
26523826	12731436
85958	41260
86357	41451
118011	56645
482005	231362
1125385	540184
2522444	1210773
5510572	2645074
11785361	5656973
24800902	11904432
7
33.5
32.25
19.25
56.125
7
11.25
9.75
127
32400	43200
46800	72000
118800	129600
133200	158400
205200	216000
219600	244800
291600	302400
306000	331200
378000	388800
392400	417600
464400	475200
478800	504000
550800	561600
565200	590400
637200	648000
651600	676800
723600	734400
738000	763200
810000	820800
824400	849600
896400	907200
910800	936000
982800	993600
997200	1022400
1069200	1080000
1083600	1108800
1155600	1166400
1170000	1195200
1242000	1252800
1256400	1281600
1328400	1339200
1342800	1368000
1414800	1425600
1429200	1454400
1501200	1512000
1515600	1540800
1587600	1598400
1602000	1627200
1674000	1684800
1688400	1713600
1760400	1771200
1774800	1800000
1846800	1857600
1861200	1886400
1933200	1944000
1947600	1972800
2019600	2030400
2034000	2059200
2106000	2116800
2120400	2145600
2192400	2203200
2206800	2232000
2278800	2289600
2293200	2318400
2365200	2376000
2379600	2404800
2451600	2462400
2466000	2491200
2538000	2548800
2552400	2577600
2624400	2635200
2638800	2664000
2710800	2721600
2725200	2750400
2797200	2808000
2811600	2836800
2883600	2894400
2898000	2923200
2970000	2980800
2984400	3009600
3056400	3067200
3070800	3096000
3142800	3153600
3157200	3182400
3229200	3240000
3243600	3268800
3315600	3326400
3330000	3355200
3402000	3412800
3416400	3441600
3488400	3499200
3502800	3528000
3574800	3585600
3589200	3614400
3661200	3672000
3675600	3700800
3747600	3758400
3762000	3787200
3834000	3844800
3848400	3873600
3920400	3931200
3934800	3960000
4006800	4017600
4021200	4046400
4093200	4104000
4107600	4132800
4179600	4190400
4194000	4219200
4266000	4276800
4280400	4305600
4352400	4363200
4366800	4392000
4438800	4449600
4453200	4478400
4525200	4536000
4539600	4564800
4611600	4622400
4626000	4651200
4698000	4708800
4712400	4737600
4784400	4795200
4798800	4824000
4870800	4881600
4885200	4910400
4957200	4968000
4971600	4996800
5043600	5054400
5058000	5083200
5130000	5140800
5144400	5169600
5216400	5227200
5230800	5256000
5302800	5313600
5317200	5342400
5389200	5400000
5403600	5428800
1000000000	2000000000
444444444444444444
444444444444444444
444444224422444488
886666666688666666
666666666666446677
333333338833333333
333333333333333333
666666666666666666
114466116655666666
666666006666446666
556666666622776666
222222227722222222
444444444444444444
663333333333333333
127
32400	43200
46800	72000
118800	129600
133200	158400
205200	216000
219600	244800
291600	302400
306000	331200
378000	388800
392400	417600
464400	475200
478800	504000
550800	561600
565200	590400
637200	648000
651600	676800
723600	734400
738000	763200
810000	820800
824400	849600
896400	907200
910800	936000
982800	993600
997200	1022400
1069200	1080000
1083600	1108800
1155600	1166400
1170000	1195200
1242000	1252800
1256400	1281600
1328400	1339200
1342800	1368000
1414800	1425600
1429200	1454400
1501200	1512000
1515600	1540800
1587600	1598400
1602000	1627200
1674000	1684800
1688400	1713600
1760400	1771200
1774800	1800000
1846800	1857600
1861200	1886400
1933200	1944000
1947600	1972800
2019600	2030400
2034000	2059200
2106000	2116800
2120400	2145600
2192400	2203200
2206800	2232000
2278800	2289600
2293200	2318400
2365200	2376000
2379600	2404800
2451600	2462400
2466000	2491200
2538000	2548800
2552400	2577600
2624400	2635200
2638800	2664000
2710800	2721600
2725200	2750400
2797200	2808000
2811600	2836800
2883600	2894400
2898000	2923200
2970000	2980800
2984400	3009600
3056400	3067200
3070800	3096000
3142800	3153600
3157200	3182400
3229200	3240000
3243600	3268800
3315600	3326400
3330000	3355200
3402000	3412800
3416400	3441600
3488400	3499200
3502800	3528000
3574800	3585600
3589200	3614400
3661200	3672000
3675600	3700800
3747600	3758400
3762000	3787200
3834000	3844800
3848400	3873600
3920400	3931200
3934800	3960000
4006800	4017600
4021200	4046400
4093200	4104000
4107600	4132800
4179600	4190400
4194000	4219200
4266000	4276800
4280400	4305600
4352400	4363200
4366800	4392000
4438800	4449600
4453200	4478400
4525200	4536000
4539600	4564800
4611600	4622400
4626000	4651200
4698000	4708800
4712400	4737600
4784400	4795200
4798800	4824000
4870800	4881600
4885200	4910400
4957200	4968000
4971600	4996800
5043600	5054400
5058000	5083200
5130000	5140800
5144400	5169600
5216400	5227200
5230800	5256000
5302800	5313600
5317200	5342400
5389200	5400000
5403600	5428800
1000000000	2000000000
444444444444444444
444444444444444444
444444224422444488
886666666688666666
666666666666446677
333333338833333333
333333333333333333
666666666666666666
114466116655666666
666666006666446666
556666666622776666
222222227722222222
444444444444444444
663333333333333333
113
32400	43200
46800	72000
118800	129600
133200	158400
205200	216000
219600	244800
291600	302400
306000	331200
378000	388800
392400	417600
464400	475200
478800	504000
550800	561600
565200	590400
637200	648000
651600	676800
723600	734400
738000	763200
810000	820800
824400	849600
896400	907200
910800	936000
982800	993600
997200	1022400
1069200	1080000
1083600	1108800
1155600	1166400
1170000	1195200
1242000	1252800
1256400	1281600
1328400	1339200
1342800	1368000
1414800	1425600
1429200	1454400
1501200	1512000
1515600	1540800
1587600	1598400
1602000	1627200
1674000	1684800
1688400	1713600
1760400	1771200
1774800	1800000
1861200	1879200
1947600	1965600
2034000	2052000
2120400	2138400
2206800	2224800
2293200	2311200
2379600	2397600
2451600	2462400
2466000	2491200
2538000	2548800
2552400	2577600
2624400	2635200
2638800	2664000
2710800	2721600
2725200	2750400
2797200	2808000
2811600	2836800
2883600	2894400
2898000	2923200
2970000	2980800
2984400	3009600
3070800	3088800
3157200	3175200
3243600	3261600
3330000	3348000
3416400	3434400
3502800	3520800
3589200	3607200
3661200	3672000
3675600	3700800
3747600	3758400
3762000	3787200
3834000	3844800
3848400	3873600
3920400	3931200
3934800	3960000
4006800	4017600
4021200	4046400
4093200	4104000
4107600	4132800
4179600	4190400
4194000	4219200
4266000	4276800
4280400	4305600
4352400	4363200
4366800	4392000
4438800	4449600
4453200	4478400
4525200	4536000
4539600	4564800
4611600	4622400
4626000	4651200
4698000	4708800
4712400	4737600
4784400	4795200
4798800	4824000
4870800	4881600
4885200	4939200
4957200	4968000
4971600	5025600
5043600	5054400
5058000	5112000
5130000	5140800
5144400	5198400
5216400	5227200
5230800	5284800
5302800	5313600
5317200	5371200
5389200	5400000
5403600	5457600
1000000000	2000000000
444444444444444444
444444444444444444
444444224422444488
886666666688666666
666666666666446677
333333338833333333
333333333333333333
666666666666666666
114466116655666666
666666006666446666
556666666622776666
222222227722222222
444444444444444444
663333333333333333
127
32400	43200
46800	100800
118800	129600
133200	187200
205200	216000
219600	273600
291600	302400
306000	360000
378000	388800
392400	446400
464400	475200
478800	532800
550800	561600
565200	619200
637200	648000
651600	691200
723600	734400
738000	777600
810000	820800
824400	864000
896400	907200
910800	950400
982800	993600
997200	1036800
1069200	1080000
1083600	1123200
1155600	1166400
1170000	1209600
1242000	1252800
1256400	1296000
1328400	1339200
1342800	1382400
1414800	1425600
1429200	1468800
1501200	1512000
1515600	1555200
1587600	1598400
1602000	1641600
1674000	1684800
1688400	1728000
1760400	1771200
1774800	1814400
1846800	1857600
1861200	1900800
1933200	1944000
1947600	1987200
2019600	2030400
2034000	2073600
2106000	2116800
2120400	2160000
2192400	2203200
2206800	2246400
2278800	2289600
2293200	2332800
2365200	2376000
2379600	2419200
2451600	2462400
2466000	2505600
2538000	2548800
2552400	2592000
2624400	2635200
2638800	2678400
2710800	2721600
2725200	2764800
2797200	2808000
2811600	2851200
2883600	2894400
2898000	2937600
2970000	2980800
2984400	3024000
3056400	3067200
3070800	3124800
3142800	3153600
3157200	3211200
3229200	3240000
3243600	3297600
3315600	3326400
3330000	3384000
3402000	3412800
3416400	3470400
3488400	3499200
3502800	3556800
3574800	3585600
3589200	3643200
3661200	3672000
3675600	3715200
3747600	3758400
3762000	3801600
3834000	3844800
3848400	3888000
3920400	3931200
3934800	3974400
4006800	4017600
4021200	4060800
4093200	4104000
4107600	4147200
4179600	4190400
4194000	4233600
4266000	4276800
4280400	4320000
4352400	4363200
4366800	4406400
4438800	4449600
4453200	4492800
4525200	4536000
4539600	4579200
4611600	4622400
4626000	4665600
4698000	4708800
4712400	4752000
4784400	4795200
4798800	4838400
4870800	4881600
4885200	4924800
4957200	4968000
4971600	5011200
5043600	5054400
5058000	5097600
5130000	5140800
5144400	5184000
5216400	5227200
5230800	5270400
5302800	5313600
5317200	5356800
5389200	5400000
5403600	5443200
1000000000	2000000000
444444444444444444
444444444444444444
444444224422444488
886666666688666666
666666666666446677
333333338833333333
333333333333333333
666666666666666666
114466116655666666
666666006666446666
556666666622776666
222222227722222222
444444444444444444
663333333333333333
127
32400	43200
46800	86400
118800	129600
133200	172800
205200	216000
219600	259200
291600	302400
306000	345600
378000	388800
392400	432000
464400	475200
478800	518400
550800	561600
565200	604800
637200	648000
651600	691200
723600	734400
738000	777600
810000	820800
824400	864000
896400	907200
910800	950400
982800	993600
997200	1036800
1069200	1080000
1083600	1123200
1155600	1166400
1170000	1209600
1242000	1252800
1256400	1296000
1328400	1339200
1342800	1382400
1414800	1425600
1429200	1468800
1501200	1512000
1515600	1555200
1587600	1598400
1602000	1641600
1674000	1684800
1688400	1728000
1760400	1771200
1774800	1814400
1846800	1857600
1861200	1900800
1933200	1944000
1947600	1987200
2019600	2030400
2034000	2073600
2106000	2116800
2120400	2160000
2192400	2203200
2206800	2246400
2278800	2289600
2293200	2332800
2365200	2376000
2379600	2419200
2451600	2462400
2466000	2505600
2538000	2548800
2552400	2592000
2624400	2635200
2638800	2678400
2710800	2721600
2725200	2764800
2797200	2808000
2811600	2851200
2883600	2894400
2898000	2937600
2970000	2980800
2984400	3024000
3056400	3067200
3070800	3110400
3142800	3153600
3157200	3196800
3229200	3240000
3243600	3283200
3315600	3326400
3330000	3369600
3402000	3412800
3416400	3456000
3488400	3499200
3502800	3542400
3574800	3585600
3589200	3628800
3661200	3672000
3675600	3700800
3747600	3758400
3762000	3787200
3834000	3844800
3848400	3873600
3920400	3931200
3934800	3960000
4006800	4017600
4021200	4046400
4093200	4104000
4107600	4132800
4179600	4190400
4194000	4219200
4266000	4276800
4280400	4320000
4352400	4363200
4366800	4406400
4438800	4449600
4453200	4492800
4525200	4536000
4539600	4579200
4611600	4622400
4626000	4665600
4698000	4708800
4712400	4752000
4784400	4795200
4798800	4838400
4870800	4881600
4885200	4932000
4957200	4968000
4971600	5018400
5043600	5054400
5058000	5104800
5130000	5140800
5144400	5191200
5216400	5227200
5230800	5277600
5302800	5313600
5317200	5364000
5389200	5400000
5403600	5450400
1000000000	2000000000
444444444444444444
444444444444444444
444444224422444488
886666666688666666
666666666666446677
333333338833333333
333333333333333333
666666666666666666
114466116655666666
666666006666446666
556666666622776666
222222227722222222
444444444444444444
663333333333333333
127
32400	43200
46800	64800
118800	129600
133200	151200
205200	216000
219600	237600
291600	302400
306000	324000
378000	388800
392400	410400
464400	475200
478800	496800
550800	561600
565200	583200
637200	648000
651600	669600
723600	734400
738000	756000
810000	820800
824400	842400
896400	907200
910800	928800
982800	993600
997200	1015200
1069200	1080000
1083600	1101600
1155600	1166400
1170000	1188000
1242000	1252800
1256400	1274400
1328400	1339200
1342800	1360800
1414800	1425600
1429200	1447200
1501200	1512000
1515600	1533600
1587600	1598400
1602000	1620000
1674000	1684800
1688400	1706400
1760400	1771200
1774800	1792800
1846800	1857600
1861200	1879200
1933200	1944000
1947600	1965600
2019600	2030400
2034000	2052000
2106000	2116800
2120400	2138400
2192400	2203200
2206800	2224800
2278800	2289600
2293200	2311200
2365200	2376000
2379600	2397600
2451600	2462400
2466000	2520000
2538000	2548800
2552400	2606400
2624400	2635200
2638800	2692800
2710800	2721600
2725200	2779200
2797200	2808000
2811600	2865600
2883600	2894400
2898000	2952000
2970000	2980800
2984400	3038400
3056400	3067200
3070800	3088800
3142800	3153600
3157200	3175200
3229200	3240000
3243600	3261600
3315600	3326400
3330000	3348000
3402000	3412800
3416400	3434400
3488400	3499200
3502800	3520800
3574800	3585600
3589200	3607200
3661200	3672000
3675600	3693600
3747600	3758400
3762000	3780000
3834000	3844800
3848400	3866400
3920400	3931200
3934800	3952800
4006800	4017600
4021200	4039200
4093200	4104000
4107600	4125600
4179600	4190400
4194000	4212000
4266000	4276800
4280400	4298400
4352400	4363200
4366800	4384800
4438800	4449600
4453200	4471200
4525200	4536000
4539600	4557600
4611600	4622400
4626000	4644000
4698000	4708800
4712400	4730400
4784400	4795200
4798800	4816800
4870800	4881600
4885200	4903200
4957200	4968000
4971600	4989600
5043600	5054400
5058000	5076000
5130000	5140800
5144400	5162400
5216400	5227200
5230800	5248800
5302800	5313600
5317200	5335200
5389200	5400000
5403600	5421600
1000000000	2000000000
444444444444444444
444444444444444444
444444224422444488
886666666688666666
666666666666446677
333333338833333333
333333333333333333
666666666666666666
114466116655666666
666666006666446666
556666666622776666
222222227722222222
444444444444444444
663333333333333333
127
32400	43200
46800	64800
118800	129600
133200	151200
205200	216000
219600	237600
291600	302400
306000	324000
378000	388800
392400	410400
464400	475200
478800	496800
550800	561600
565200	583200
637200	648000
651600	669600
723600	734400
738000	756000
810000	820800
824400	842400
896400	907200
910800	928800
982800	993600
997200	1015200
1069200	1080000
1083600	1101600
1155600	1166400
1170000	1188000
1242000	1252800
1256400	1274400
1328400	1339200
1342800	1360800
1414800	1425600
1429200	1447200
1501200	1512000
1515600	1533600
1587600	1598400
1602000	1620000
1674000	1684800
1688400	1706400
1760400	1771200
1774800	1792800
1846800	1857600
1861200	1879200
1933200	1944000
1947600	1965600
2019600	2030400
2034000	2052000
2106000	2116800
2120400	2138400
2192400	2203200
2206800	2224800
2278800	2289600
2293200	2311200
2365200	2376000
2379600	2397600
2451600	2462400
2466000	2484000
2538000	2548800
2552400	2570400
2624400	2635200
2638800	2656800
2710800	2721600
2725200	2743200
2797200	2808000
2811600	2829600
2883600	2894400
2898000	2916000
2970000	2980800
2984400	3002400
3056400	3067200
3070800	3088800
3142800	3153600
3157200	3175200
3229200	3240000
3243600	3261600
3315600	3326400
3330000	3348000
3402000	3412800
3416400	3434400
3488400	3499200
3502800	3520800
3574800	3585600
3589200	3607200
3661200	3672000
3675600	3693600
3747600	3758400
3762000	3780000
3834000	3844800
3848400	3866400
3920400	3931200
3934800	3952800
4006800	4017600
4021200	4039200
4093200	4104000
4107600	4125600
4179600	4190400
4194000	4212000
4266000	4276800
4280400	4298400
4352400	4363200
4366800	4384800
4438800	4449600
4453200	4471200
4525200	4536000
4539600	4557600
4611600	4622400
4626000	4644000
4698000	4708800
4712400	4730400
4784400	4795200
4798800	4816800
4870800	4881600
4885200	4903200
4957200	4968000
4971600	4989600
5043600	5054400
5058000	5076000
5130000	5140800
5144400	5162400
5216400	5227200
5230800	5248800
5302800	5313600
5317200	5335200
5389200	5400000
5403600	5421600
1000000000	2000000000
444444444444444444
444444444444444444
444444224422444488
886666666688666666
666666666666446677
333333338833333333
333333333333333333
666666666666666666
114466116655666666
666666006666446666
556666666622776666
222222227722222222
444444444444444444
663333333333333333
127
32400	43200
46800	86400
118800	129600
133200	172800
205200	216000
219600	259200
291600	302400
306000	345600
378000	388800
392400	432000
464400	475200
478800	518400
550800	561600
565200	604800
637200	648000
651600	691200
723600	734400
738000	777600
810000	820800
824400	864000
896400	907200
910800	950400
982800	993600
997200	1036800
1069200	1080000
1083600	1123200
1155600	1166400
1170000	1209600
1242000	1252800
1256400	1296000
1328400	1339200
1342800	1382400
1414800	1425600
1429200	1468800
1501200	1512000
1515600	1555200
1587600	1598400
1602000	1641600
1674000	1684800
1688400	1728000
1760400	1771200
1774800	1814400
1846800	1857600
1861200	1900800
1933200	1944000
1947600	1987200
2019600	2030400
2034000	2073600
2106000	2116800
2120400	2160000
2192400	2203200
2206800	2246400
2278800	2289600
2293200	2332800
2365200	2376000
2379600	2419200
2451600	2462400
2466000	2505600
2538000	2548800
2552400	2592000
2624400	2635200
2638800	2678400
2710800	2721600
2725200	2764800
2797200	2808000
2811600	2851200
2883600	2894400
2898000	2937600
2970000	2980800
2984400	3024000
3056400	3067200
3070800	3110400
3142800	3153600
3157200	3196800
3229200	3240000
3243600	3283200
3315600	3326400
3330000	3369600
3402000	3412800
3416400	3456000
3488400	3499200
3502800	3542400
3574800	3585600
3589200	3628800
3661200	3672000
3675600	3715200
3747600	3758400
3762000	3801600
3834000	3844800
3848400	3888000
3920400	3931200
3934800	3974400
4006800	4017600
4021200	4060800
4093200	4104000
4107600	4147200
4179600	4190400
4194000	4233600
4266000	4276800
4280400	4320000
4352400	4363200
4366800	4406400
4438800	4449600
4453200	4492800
4525200	4536000
4539600	4579200
4611600	4622400
4626000	4665600
4698000	4708800
4712400	4752000
4784400	4795200
4798800	4838400
4870800	4881600
4885200	4924800
4957200	4968000
4971600	5011200
5043600	5054400
5058000	5097600
5130000	5140800
5144400	5184000
5216400	5227200
5230800	5270400
5302800	5313600
5317200	5356800
5389200	5400000
5403600	5443200
1000000000	2000000000
444444444444444444
444444444444444444
444444224422444488
886666666688666666
666666666666446677
333333338833333333
333333333333333333
666666666666666666
114466116655666666
666666006666446666
556666666622776666
222222227722222222
444444444444444444
663333333333333333
113
32400	43200
118800	129600
205200	216000
291600	302400
378000	388800
464400	475200
550800	561600
637200	648000
651600	676800
723600	734400
738000	763200
810000	820800
824400	849600
896400	907200
910800	936000
982800	993600
997200	1022400
1069200	1080000
1083600	1108800
1155600	1166400
1170000	1195200
1242000	1252800
1256400	1296000
1328400	1339200
1342800	1382400
1414800	1425600
1429200	1468800
1501200	1512000
1515600	1555200
1587600	1598400
1602000	1641600
1674000	1684800
1688400	1728000
1760400	1771200
1774800	1814400
1846800	1857600
1933200	1944000
2019600	2030400
2106000	2116800
2192400	2203200
2278800	2289600
2365200	2376000
2451600	2462400
2466000	2505600
2538000	2548800
2552400	2592000
2624400	2635200
2638800	2678400
2710800	2721600
2725200	2764800
2797200	2808000
2811600	2851200
2883600	2894400
2898000	2937600
2970000	2980800
2984400	3024000
3056400	3067200
3070800	3103200
3142800	3153600
3157200	3189600
3229200	3240000
3243600	3276000
3315600	3326400
3330000	3362400
3402000	3412800
3416400	3448800
3488400	3499200
3502800	3535200
3574800	3585600
3589200	3621600
3661200	3672000
3675600	3715200
3747600	3758400
3762000	3801600
3834000	3844800
3848400	3888000
3920400	3931200
3934800	3974400
4006800	4017600
4021200	4060800
4093200	4104000
4107600	4147200
4179600	4190400
4194000	4233600
4266000	4276800
4280400	4320000
4352400	4363200
4366800	4406400
4438800	4449600
4453200	4492800
4525200	4536000
4539600	4579200
4611600	4622400
4626000	4665600
4698000	4708800
4712400	4752000
4784400	4795200
4798800	4838400
4870800	4881600
4885200	4924800
4957200	4968000
4971600	5011200
5043600	5054400
5058000	5097600
5130000	5140800
5144400	5184000
5216400	5227200
5230800	5270400
5302800	5313600
5317200	5356800
5389200	5400000
5403600	5443200
1000000000	2000000000
444444444444444444
444444444444444444
444444224422444488
886666666688666666
666666666666446677
333333338833333333
333333333333333333
666666666666666666
114466116655666666
666666006666446666
556666666622776666
222222227722222222
444444444444444444
663333333333333333
120
32400	43200
46800	86400
118800	129600
133200	172800
205200	216000
219600	259200
291600	302400
306000	345600
378000	388800
392400	432000
464400	475200
478800	518400
550800	561600
565200	604800
637200	648000
651600	691200
723600	734400
738000	777600
810000	820800
824400	864000
896400	907200
910800	950400
982800	993600
997200	1036800
1069200	1080000
1083600	1123200
1155600	1166400
1170000	1209600
1242000	1252800
1256400	1296000
1328400	1339200
1342800	1382400
1414800	1425600
1429200	1468800
1501200	1512000
1515600	1555200
1587600	1598400
1602000	1641600
1674000	1684800
1688400	1728000
1760400	1771200
1774800	1814400
1814400	1814400
1900800	1900800
1987200	1987200
2073600	2073600
2160000	2160000
2246400	2246400
2332800	2332800
2451600	2462400
2466000	2505600
2538000	2548800
2552400	2592000
2624400	2635200
2638800	2678400
2710800	2721600
2725200	2764800
2797200	2808000
2811600	2851200
2883600	2894400
2898000	2937600
2970000	2980800
2984400	3024000
3056400	3067200
3070800	3110400
3142800	3153600
3157200	3196800
3229200	3240000
3243600	3283200
3315600	3326400
3330000	3369600
3402000	3412800
3416400	3456000
3488400	3499200
3502800	3542400
3574800	3585600
3589200	3628800
3661200	3672000
3675600	3700800
3747600	3758400
3762000	3787200
3834000	3844800
3848400	3873600
3920400	3931200
3934800	3960000
4006800	4017600
4021200	4046400
4093200	4104000
4107600	4132800
4179600	4190400
4194000	4219200
4266000	4276800
4280400	4320000
4352400	4363200
4366800	4406400
4438800	4449600
4453200	4492800
4525200	4536000
4539600	4579200
4611600	4622400
4626000	4665600
4698000	4708800
4712400	4752000
4784400	4795200
4798800	4838400
4870800	4881600
4885200	4924800
4957200	4968000
4971600	5011200
5043600	5054400
5058000	5097600
5130000	5140800
5144400	5184000
5216400	5227200
5230800	5270400
5302800	5313600
5317200	5356800
5389200	5400000
5403600	5443200
1000000000	2000000000
444444444444444444
444444444444444444
444444224422444488
886666666688666666
666666666666446677
333333338833333333
333333333333333333
666666666666666666
114466116655666666
666666006666446666
556666666622776666
222222227722222222
444444444444444444
663333333333333333
120
32400	43200
46800	79200
118800	129600
133200	165600
205200	216000
219600	252000
291600	302400
306000	338400
378000	388800
392400	424800
464400	475200
478800	511200
550800	561600
565200	597600
637200	648000
651600	691200
723600	734400
738000	777600
810000	820800
824400	864000
896400	907200
910800	950400
982800	993600
997200	1036800
1069200	1080000
1083600	1123200
1155600	1166400
1170000	1209600
1242000	1252800
1256400	1296000
1328400	1339200
1342800	1382400
1414800	1425600
1429200	1468800
1501200	1512000
1515600	1555200
1587600	1598400
1602000	1641600
1674000	1684800
1688400	1728000
1760400	1771200
1774800	1814400
1846800	1857600
1861200	1900800
1933200	1944000
1947600	1987200
2019600	2030400
2034000	2073600
2106000	2116800
2120400	2160000
2192400	2203200
2206800	2246400
2278800	2289600
2293200	2332800
2365200	2376000
2379600	2419200
2451600	2462400
2466000	2505600
2538000	2548800
2552400	2592000
2624400	2635200
2638800	2678400
2710800	2721600
2725200	2764800
2797200	2808000
2811600	2851200
2883600	2894400
2898000	2937600
2970000	2980800
2984400	3024000
3070800	3088800
3157200	3175200
3243600	3261600
3330000	3348000
3416400	3434400
3502800	3520800
3589200	3607200
3661200	3672000
3675600	3722400
3747600	3758400
3762000	3808800
3834000	3844800
3848400	3895200
3920400	3931200
3934800	3981600
4006800	4017600
4021200	4068000
4093200	4104000
4107600	4154400
4179600	4190400
4194000	4240800
4266000	4276800
4280400	4320000
4352400	4363200
4366800	4406400
4438800	4449600
4453200	4492800
4525200	4536000
4539600	4579200
4611600	4622400
4626000	4665600
4698000	4708800
4712400	4752000
4784400	4795200
4798800	4838400
4870800	4881600
4885200	4924800
4957200	4968000
4971600	5011200
5043600	5054400
5058000	5097600
5130000	5140800
5144400	5184000
5216400	5227200
5230800	5270400
5302800	5313600
5317200	5356800
5389200	5400000
5403600	5443200
1000000000	2000000000
444444444444444444
444444444444444444
444444224422444488
886666666688666666
666666666666446677
333333338833333333
333333333333333333
666666666666666666
114466116655666666
666666006666446666
556666666622776666
222222227722222222
444444444444444444
663333333333333333
71
46800	64800
133200	151200
219600	237600
306000	324000
392400	410400
478800	496800
565200	583200
651600	669600
738000	756000
824400	842400
910800	928800
997200	1015200
1083600	1101600
1170000	1188000
1256400	1274400
1342800	1360800
1429200	1447200
1515600	1533600
1602000	1620000
1688400	1706400
1774800	1792800
1861200	1879200
1947600	1965600
2034000	2052000
2120400	2138400
2206800	2224800
2293200	2311200
2379600	2397600
2451600	2462400
2466000	2512800
2538000	2548800
2552400	2599200
2624400	2635200
2638800	2685600
2710800	2721600
2725200	2772000
2797200	2808000
2811600	2858400
2883600	2894400
2898000	2944800
2970000	2980800
2984400	3031200
3070800	3088800
3157200	3175200
3243600	3261600
3330000	3348000
3416400	3434400
3502800	3520800
3589200	3607200
3675600	3693600
3762000	3780000
3848400	3866400
3934800	3952800
4021200	4039200
4107600	4125600
4194000	4212000
4280400	4298400
4366800	4384800
4453200	4471200
4539600	4557600
4626000	4644000
4712400	4730400
4798800	4816800
4885200	4903200
4971600	4989600
5058000	5076000
5144400	5162400
5230800	5248800
5317200	5335200
5403600	5421600
1000000000	2000000000
444444444444444444
444444444444444444
444444224422444488
886666666688666666
666666666666446677
333333338833333333
333333333333333333
666666666666666666
114466116655666666
666666006666446666
556666666622776666
222222227722222222
444444444444444444
663333333333333333
127
32400	43200
46800	72000
118800	129600
133200	158400
205200	216000
219600	244800
291600	302400
306000	331200
378000	388800
392400	417600
464400	475200
478800	504000
550800	561600
565200	590400
637200	648000
651600	676800
723600	734400
738000	763200
810000	820800
824400	849600
896400	907200
910800	936000
982800	993600
997200	1022400
1069200	1080000
1083600	1108800
1155600	1166400
1170000	1195200
1242000	1252800
1256400	1281600
1328400	1339200
1342800	1368000
1414800	1425600
1429200	1454400
1501200	1512000
1515600	1540800
1587600	1598400
1602000	1627200
1674000	1684800
1688400	1713600
1760400	1771200
1774800	1800000
1846800	1857600
1861200	1886400
1933200	1944000
1947600	1972800
2019600	2030400
2034000	2059200
2106000	2116800
2120400	2145600
2192400	2203200
2206800	2232000
2278800	2289600
2293200	2318400
2365200	2376000
2379600	2404800
2451600	2462400
2466000	2491200
2538000	2548800
2552400	2577600
2624400	2635200
2638800	2664000
2710800	2721600
2725200	2750400
2797200	2808000
2811600	2836800
2883600	2894400
2898000	2923200
2970000	2980800
2984400	3009600
3056400	3067200
3070800	3096000
3142800	3153600
3157200	3182400
3229200	3240000
3243600	3268800
3315600	3326400
3330000	3355200
3402000	3412800
3416400	3441600
3488400	3499200
3502800	3528000
3574800	3585600
3589200	3614400
3661200	3672000
3675600	3700800
3747600	3758400
3762000	3787200
3834000	3844800
3848400	3873600
3920400	3931200
3934800	3960000
4006800	4017600
4021200	4046400
4093200	4104000
4107600	4132800
4179600	4190400
4194000	4219200
4266000	4276800
4280400	4305600
4352400	4363200
4366800	4392000
4438800	4449600
4453200	4478400
4525200	4536000
4539600	4564800
4611600	4622400
4626000	4651200
4698000	4708800
4712400	4737600
4784400	4795200
4798800	4824000
4870800	4881600
4885200	4910400
4957200	4968000
4971600	4996800
5043600	5054400
5058000	5083200
5130000	5140800
5144400	5169600
5216400	5227200
5230800	5256000
5302800	5313600
5317200	5342400
5389200	5400000
5403600	5428800
1000000000	2000000000
444444444444444444
444444444444444444
444444224422444488
886666666688666666
666666666666446677
333333338833333333
333333333333333333
666666666666666666
114466116655666666
666666006666446666
556666666622776666
222222227722222222
444444444444444444
663333333333333333
127
32400	43200
46800	86400
118800	129600
133200	172800
205200	216000
219600	259200
291600	302400
306000	345600
378000	388800
392400	432000
464400	475200
478800	518400
550800	561600
565200	604800
637200	648000
651600	669600
723600	734400
738000	756000
810000	820800
824400	842400
896400	907200
910800	928800
982800	993600
997200	1015200
1069200	1080000
1083600	1101600
1155600	1166400
1170000	1188000
1242000	1252800
1256400	1274400
1328400	1339200
1342800	1360800
1414800	1425600
1429200	1447200
1501200	1512000
1515600	1533600
1587600	1598400
1602000	1620000
1674000	1684800
1688400	1706400
1760400	1771200
1774800	1792800
1846800	1857600
1861200	1879200
1933200	1944000
1947600	1965600
2019600	2030400
2034000	2052000
2106000	2116800
2120400	2138400
2192400	2203200
2206800	2224800
2278800	2289600
2293200	2311200
2365200	2376000
2379600	2397600
2451600	2462400
2466000	2484000
2538000	2548800
2552400	2570400
2624400	2635200
2638800	2656800
2710800	2721600
2725200	2743200
2797200	2808000
2811600	2829600
2883600	2894400
2898000	2916000
2970000	2980800
2984400	3002400
3056400	3067200
3070800	3088800
3142800	3153600
3157200	3175200
3229200	3240000
3243600	3261600
3315600	3326400
3330000	3348000
3402000	3412800
3416400	3434400
3488400	3499200
3502800	3520800
3574800	3585600
3589200	3607200
3661200	3672000
3675600	3693600
3747600	3758400
3762000	3780000
3834000	3844800
3848400	3866400
3920400	3931200
3934800	3952800
4006800	4017600
4021200	4039200
4093200	4104000
4107600	4125600
4179600	4190400
4194000	4212000
4266000	4276800
4280400	4298400
4352400	4363200
4366800	4384800
4438800	4449600
4453200	4471200
4525200	4536000
4539600	4557600
4611600	4622400
4626000	4644000
4698000	4708800
4712400	4730400
4784400	4795200
4798800	4816800
4870800	4881600
4885200	4903200
4957200	4968000
4971600	4989600
5043600	5054400
5058000	5076000
5130000	5140800
5144400	5162400
5216400	5227200
5230800	5248800
5302800	5313600
5317200	5335200
5389200	5400000
5403600	5421600
1000000000	2000000000
444444444444444444
444444444444444444
444444224422444488
886666666688666666
666666666666446677
333333338833333333
333333333333333333
666666666666666666
114466116655666666
666666006666446666
556666666622776666
222222227722222222
444444444444444444
663333333333333333
0.48
