9
6
50
195
0	2
2880	4320
2	8	
1	4
2880	4320
1	3	9	13	
2	6
2880	4320
0	4	6	9	11	13	
3	2
2880	4320
6	8	
4	1
2880	4320
0	
5	6
2880	4320
0	1	5	8	10	13	
6	3
2880	4320
0	5	12	
7	1
2880	4320
8	
8	4
2880	4320
0	4	6	10	
9	2
2880	4320
7	13	
10	2
2880	4320
1	6	
11	4
2880	4320
0	3	9	10	
12	1
2880	4320
8	
13	2
2880	4320
5	9	
14	4
2880	4320
0	3	7	10	
15	2
2880	4320
4	9	
16	3
2880	4320
4	8	13	
17	1
2880	4320
0	
18	4
2880	4320
5	9	10	13	
19	5
2880	4320
1	4	6	11	13	
20	2
2880	4320
9	10	
21	4
2880	4320
0	1	5	12	
22	2
2880	4320
3	9	
23	1
2880	4320
1	
24	5
2880	4320
0	7	9	12	13	
25	4
2880	4320
0	6	9	11	
26	6
2880	4320
0	4	7	8	10	13	
27	6
2880	4320
0	3	7	9	10	13	
28	2
2880	4320
0	10	
29	4
2880	4320
5	6	9	12	
30	2
2880	4320
1	4	
31	5
2880	4320
0	5	6	10	13	
32	4
2880	4320
0	4	7	8	
33	1
2880	4320
11	
34	4
2880	4320
0	1	4	9	
35	4
2880	4320
1	4	8	13	
36	5
2880	4320
0	1	2	6	9	
37	1
2880	4320
2	
38	6
2880	4320
0	1	3	6	10	13	
39	3
2880	4320
3	8	11	
40	6
2880	4320
0	5	7	9	11	13	
41	2
2880	4320
0	4	
42	1
2880	4320
12	
43	5
2880	4320
0	1	8	10	13	
44	5
2880	4320
1	5	9	12	13	
45	3
2880	4320
3	6	10	
46	4
2880	4320
3	8	10	13	
47	6
2880	4320
0	4	7	8	11	13	
48	4
2880	4320
0	5	6	13	
49	1
2880	4320
12	
50	3
2880	4320
1	6	9	
51	3
2880	4320
0	1	5	
52	6
2880	4320
0	2	7	8	11	13	
53	4
2880	4320
0	2	9	13	
54	6
2880	4320
0	5	7	8	12	13	
55	5
2880	4320
0	1	5	7	11	
56	1
2880	4320
7	
57	1
2880	4320
7	
58	1
2880	4320
9	
59	4
2880	4320
0	5	7	13	
60	3
2880	4320
0	3	8	
61	5
2880	4320
0	2	6	8	11	
62	4
2880	4320
1	4	7	8	
63	4
2880	4320
4	8	12	13	
64	4
2880	4320
3	6	11	13	
65	1
2880	4320
13	
66	4
2880	4320
0	6	12	13	
67	1
2880	4320
2	
68	2
2880	4320
0	12	
69	1
2880	4320
13	
70	3
2880	4320
5	7	9	
71	5
2880	4320
0	1	3	6	8	
72	4
2880	4320
6	8	12	13	
73	3
2880	4320
4	7	13	
74	3
2880	4320
4	7	9	
75	2
2880	4320
0	8	
76	2
2880	4320
7	13	
77	2
2880	4320
0	6	
78	5
2880	4320
0	4	6	8	10	
79	6
2880	4320
1	5	7	8	10	13	
80	1
2880	4320
6	
81	4
2880	4320
2	9	10	13	
82	6
2880	4320
0	1	3	7	9	12	
83	3
2880	4320
0	5	13	
84	6
2880	4320
0	1	4	7	12	13	
85	2
2880	4320
0	3	
86	1
2880	4320
1	
87	4
2880	4320
1	6	9	13	
88	4
2880	4320
0	1	5	8	
89	5
2880	4320
1	2	9	10	13	
90	2
2880	4320
1	2	
91	3
2880	4320
6	8	12	
92	3
2880	4320
0	4	10	
93	3
2880	4320
0	2	6	
94	3
2880	4320
1	5	12	
95	5
2880	4320
0	4	9	10	13	
96	6
2880	4320
0	1	3	7	8	13	
97	3
2880	4320
4	7	12	
98	4
2880	4320
3	7	9	13	
99	5
2880	4320
1	5	8	12	13	
100	1
2880	4320
9	
101	5
2880	4320
5	7	9	10	13	
102	2
2880	4320
6	12	
103	4
2880	4320
0	3	7	11	
104	3
2880	4320
1	5	9	
105	6
2880	4320
0	1	5	8	10	13	
106	3
2880	4320
0	9	13	
107	6
2880	4320
0	2	6	8	11	13	
108	4
2880	4320
2	6	9	12	
109	5
2880	4320
3	6	8	10	13	
110	4
2880	4320
0	6	9	13	
111	2
2880	4320
8	10	
112	5
2880	4320
0	3	6	9	10	
113	1
2880	4320
4	
114	2
2880	4320
2	8	
115	6
2880	4320
0	1	3	9	10	13	
116	1
2880	4320
11	
117	4
2880	4320
5	6	11	13	
118	6
2880	4320
0	1	2	7	9	11	
119	4
2880	4320
0	5	9	11	
120	4
2880	4320
3	6	8	13	
121	2
2880	4320
1	10	
122	6
2880	4320
1	3	7	9	12	13	
123	1
2880	4320
12	
124	3
2880	4320
1	10	13	
125	1
2880	4320
2	
126	3
2880	4320
1	2	6	
127	1
2880	4320
1	
128	2
2880	4320
5	7	
129	6
2880	4320
0	1	5	9	10	13	
130	4
2880	4320
0	1	3	13	
131	3
2880	4320
5	9	13	
132	2
2880	4320
1	3	
133	1
2880	4320
12	
134	4
2880	4320
0	1	3	13	
135	4
2880	4320
3	7	9	12	
136	5
2880	4320
0	5	8	12	13	
137	2
2880	4320
5	10	
138	2
2880	4320
4	8	
139	5
2880	4320
1	3	7	9	13	
140	4
2880	4320
1	4	8	10	
141	3
2880	4320
4	6	10	
142	5
2880	4320
0	3	9	12	13	
143	5
2880	4320
0	2	9	10	13	
144	1
2880	4320
13	
145	4
2880	4320
7	8	11	13	
146	6
2880	4320
1	2	7	9	10	13	
147	3
2880	4320
1	2	6	
148	1
2880	4320
10	
149	4
2880	4320
0	4	12	13	
150	5
2880	4320
1	5	9	11	13	
151	2
2880	4320
3	8	
152	3
2880	4320
0	4	12	
153	4
2880	4320
0	9	11	13	
154	2
2880	4320
1	10	
155	3
2880	4320
1	12	13	
156	4
2880	4320
0	4	9	12	
157	5
2880	4320
0	4	9	10	13	
158	2
2880	4320
8	12	
159	2
2880	4320
3	8	
160	3
2880	4320
4	9	11	
161	2
2880	4320
4	10	
162	5
2880	4320
0	2	7	8	12	
163	4
2880	4320
2	7	8	10	
164	1
2880	4320
0	
165	1
2880	4320
5	
166	3
2880	4320
6	10	13	
167	5
2880	4320
0	2	6	9	10	
168	6
2880	4320
0	5	6	8	11	13	
169	2
2880	4320
7	13	
170	4
2880	4320
0	4	10	13	
171	1
2880	4320
13	
172	2
2880	4320
0	4	
173	2
2880	4320
1	7	
174	1
2880	4320
4	
175	4
2880	4320
1	4	7	11	
176	2
2880	4320
0	3	
177	1
2880	4320
1	
178	1
2880	4320
5	
179	3
2880	4320
0	4	7	
180	5
2880	4320
1	3	9	10	13	
181	5
2880	4320
0	4	8	10	13	
182	2
2880	4320
11	13	
183	6
2880	4320
1	3	7	9	10	13	
184	3
2880	4320
9	11	13	
185	6
2880	4320
0	1	2	9	12	13	
186	1
2880	4320
0	
187	1
2880	4320
9	
188	2
2880	4320
3	11	
189	5
2880	4320
3	6	8	10	13	
190	3
2880	4320
1	4	13	
191	2
2880	4320
0	7	
192	4
2880	4320
0	4	8	11	
193	2
2880	4320
3	9	
194	2
2880	4320
2	13	
14
0
0	1	3	1149	1193
1.34957	0.699985	0.804144
0.972629	0.0721206	0.589622	0.967183	0.899092	0.841806	0.816891	0.202946	0.371292	
1
1	1	1	871	954
1.20096	0.0494428	0.889844
0.833285	0.747352	0.317614	0.320254	0.212561	0.128392	0.290211	0.899136	0.901484	
2
2	1	1	877	971
1.42803	0.453812	0.708013
0.197022	0.417883	0.813371	0.0895434	0.300738	0.770657	0.851838	0.693211	0.746807	
3
2	1	2	1622	1681
1.41994	0.301118	0.851124
0.109375	0.250589	0.0232748	0.738528	0.740351	0.14369	0.0918427	0.0634244	0.65816	
4
2	1	3	1415	1468
1.30965	0.703949	0.899557
0.244735	0.527765	0.774535	0.943678	0.914666	0.807988	0.139655	0.634509	0.368256	
5
2	1	2	1375	1417
1.27875	0.563852	0.631114
0.868006	0.00215552	0.420661	0.619407	0.689031	0.964244	0.854731	0.795973	0.770659	
6
3	1	7	895	932
1.2954	0.33952	0.782262
0.954976	0.829247	0.399371	0.340048	0.576333	0.163366	0.572843	0.432967	0.33602	
7
3	1	1	1462	1497
1.23641	0.176674	0.876965
0.512149	0.807955	0.964748	0.266802	0.0849713	0.679878	0.825323	0.433329	0.664144	
8
4	1	1	1024	1130
1.25806	0.455916	0.570351
0.850212	0.714085	0.192002	0.97055	0.039342	0.686338	0.236758	0.261055	0.123944	
9
4	1	1	1313	1325
1.31957	0.103233	0.513842
0.374394	0.183976	0.231252	0.941162	0.0596929	0.386211	0.467582	0.0342436	0.305135	
10
5	1	1	1089	1115
1.22374	0.741039	0.824286
0.0677778	0.87861	0.921142	0.638274	0.0499094	0.438314	0.251225	0.553101	0.010193	
11
5	1	2	1162	1231
1.31585	0.330151	0.632021
0.229264	0.999674	0.260109	0.0288518	0.65976	0.445236	0.775736	0.523536	0.770062	
12
5	1	1	1290	1328
1.28818	0.53984	0.844812
0.0663441	0.108815	0.114215	0.546698	0.849894	0.721066	0.903749	0.20467	0.458033	
13
6	1	1	883	895
1.47729	0.46556	0.698628
0.576256	0.961977	0.880837	0.450292	0.329775	0.749832	0.0254592	0.640838	0.76902	
1405
0	23	35768
3368	
1	92	36438
3489	2927	3476	
2	110	40272
4254	4075	4140	4204	
3	192	48638
3163	4237	3535	4192	
4	14	122234
3964	3780	3693	3434	
5	182	52930
4292	3980	
6	137	126070
3742	3836	
7	105	205694
2978	3276	3224	3804	4023	3875	
8	188	56395
2915	3465	
9	64	209333
3097	4026	3606	3639	
10	150	212669
3254	3898	3622	2981	3336	
11	94	62221
3059	3784	4177	
12	143	219617
3837	4182	3761	2980	3348	
13	142	223911
3402	3298	4144	3060	4294	
14	158	123546
3950	3597	
15	52	227044
3118	3185	4313	3368	3241	3133	
16	31	231086
3294	3651	3615	2971	4042	
17	36	205715
4064	3705	3069	3673	3323	
18	19	235140
3807	2880	3392	2927	4054	
19	122	238986
4293	2909	3170	3334	3991	3846	
20	140	214809
3125	3973	2937	3165	
21	38	294096
3399	3681	3665	3902	3686	3673	
22	109	298303
3944	3319	4138	4208	3908	
23	71	296258
3388	3895	3539	3310	4250	
24	143	306159
2893	3211	3087	3842	4256	
25	54	309745
3378	3685	3619	3281	2968	3586	
26	79	381390
4189	3378	3926	3333	3247	3678	
27	39	310693
3084	4221	3449	
28	137	384803
3387	3811	
29	145	384502
3764	3132	3697	3112	
30	81	388583
3467	3435	3780	3564	
31	130	396067
3091	3830	4060	3884	
32	176	210210
4116	3181	
33	11	467826
3854	3344	3553	3643	
34	106	399070
3750	3764	3003	
35	61	318582
3653	3159	2933	3855	4192	
36	113	141351
3173	
37	183	471556
3144	3635	3659	3603	3617	3730	
38	65	474859
3303	
39	42	306816
3677	
40	56	225028
4215	
41	40	481715
3592	3690	4062	3685	3737	3256	
42	50	301502
3514	3095	3332	
43	38	550881
4234	3829	4315	3262	3837	3702	
44	171	554387
3506	
45	178	206145
3173	
46	21	310512
3102	3294	4265	3696	
47	187	308281
3179	
48	17	154115
4102	
49	18	558143
3201	3055	4139	3756	
50	3	384044
3917	3448	
51	34	315274
3018	3272	2987	3938	
52	43	561493
3367	3558	3020	3332	3350	
53	67	142781
3696	
54	172	231169
3181	3591	
55	162	394785
3621	3426	4313	4120	3420	
56	63	568812
4190	3188	3337	3719	
57	137	561561
4152	3210	
58	88	402268
3914	3193	3638	4296	
59	159	406083
3422	3815	
60	17	206765
3149	
61	154	641081
3325	3920	
62	125	212629
4003	
63	118	380560
3531	2944	3886	3433	3827	4241	
64	180	644847
3876	3509	3025	3321	3766	
65	100	325186
3060	
66	136	652107
4009	3451	3588	4109	3660	
67	12	413782
4111	
68	6	467624
3158	3087	3432	
69	33	384831
4271	
70	139	655304
3515	3425	3294	3476	3197	
71	6	471222
4139	3426	3598	
72	180	659029
3177	3752	4209	3385	3725	
73	1	662175
2938	3038	3144	3146	
74	17	228126
2924	
75	193	378701
3843	3086	
76	160	388214
4292	4211	3383	
77	73	666422
2972	3643	4247	
78	127	315723
4019	
79	25	395673
3774	4019	3329	3859	
80	71	467407
3688	3267	3117	3743	3401	
81	116	399907
4234	
82	13	395447
3287	3784	
83	61	471668
3006	4002	3376	3009	3895	
84	170	670408
4132	4188	3658	3986	
85	163	658361
4097	3383	3664	3316	
86	61	481774
2912	4136	3148	3600	3728	
87	143	673614
3368	4098	2996	3814	3206	
88	6	474363
4054	2971	3141	
89	42	481567
3604	
90	180	677127
3672	3229	3175	2883	3513	
91	47	680726
3361	3859	3214	4223	3037	3599	
92	14	668562
4307	3288	3377	3504	
93	140	726544
3271	3551	4136	3982	
94	87	684697
3713	4132	4238	3971	
95	136	687589
4062	3553	4077	3408	2892	
96	71	557611
4252	4184	4033	3514	3949	
97	36	561311
3911	3364	3008	3286	4135	
98	40	723679
3441	3095	4121	4214	3158	3690	
99	176	395371
2939	3941	
100	46	730274
4000	4259	2917	3730	
101	15	572847
3029	3722	
102	92	732830
3018	3823	3369	
103	124	740166
3657	3735	3171	
104	154	743980
3671	3815	
105	190	744016
3973	3991	3850	
106	23	409373
3278	
107	133	551624
3542	
108	57	333499
3339	
109	99	747440
3962	3110	3585	4198	3424	
110	118	576359
3708	4287	3566	3133	3512	3094	
111	0	572949
2904	3894	
112	29	654523
3782	3386	4149	4317	
113	182	751534
2970	4094	
114	138	576309
4263	3360	
115	134	755237
3806	3337	4019	3703	
116	20	747481
3312	3501	
117	46	758160
3117	4078	3178	2923	
118	0	584624
3807	4237	
119	83	762331
3185	3682	4171	
120	54	766034
3373	3702	3907	4079	3576	3703	
121	194	769431
3260	3397	
122	62	592817
4286	2989	3557	4114	
123	110	772499
3240	2891	3880	3068	
124	85	485370
4028	3012	
125	100	665606
4059	
126	127	486323
3478	
127	35	776438
2958	4195	3629	3939	
128	136	812366
3466	3142	4103	3741	3528	
129	64	816285
3031	3900	3389	3919	
130	151	643144
4190	2995	
131	46	819296
3517	3493	3537	3011	
132	74	668550
3306	3152	2944	
133	98	825799
3253	3528	3764	2903	
134	59	828812
4097	3812	2907	3013	
135	1	832486
3378	3703	3251	3674	
136	41	550901
3518	3077	
137	106	835829
3101	3869	3343	
138	175	663940
3291	2894	3211	3301	
139	124	839230
3027	2919	3401	
140	145	842513
3925	3974	3751	3283	
141	149	845728
3824	3045	4229	3215	
142	3	664587
3948	2980	
143	35	849840
3255	3681	3821	4112	
144	52	853544
3836	3819	3677	3394	3890	3704	
145	92	814185
3314	3245	3070	
146	90	559666
3175	3434	
147	92	817271
2901	4175	3086	
148	167	820449
3368	2913	3356	3246	3178	
149	170	857031
3043	4258	3674	3487	
150	56	568793
3479	
151	111	831331
3521	3608	
152	140	834762
3903	2883	2973	3431	
153	84	860677
3386	3469	3663	3244	3838	3646	
154	139	863716
4187	3749	3928	2896	3039	
155	79	900342
3555	3566	4237	3320	2990	4226	
156	110	903255
3455	3293	4069	2913	
157	172	639228
3117	2883	
158	125	570043
3864	
159	132	581466
3345	2892	
160	41	642501
4040	3273	
161	7	725368
4152	
162	47	910830
3664	3535	3232	3030	3618	3975	
163	58	743843
3821	
164	23	639764
4298	
165	141	840632
3445	2883	2880	
166	131	913782
2910	3486	2952	
167	178	584438
3396	
168	8	898449
3308	3935	3176	3817	
169	74	751045
3474	4123	3716	
170	53	917720
3630	4249	3538	3938	
171	27	921929
3232	3724	3265	3818	4014	4209	
172	134	925200
3691	3769	3591	3271	
173	50	762208
3942	3456	3807	
174	141	906278
3697	2925	3815	
175	148	913672
3794	
176	159	732604
3727	4206	
177	156	814184
3916	3915	4029	4184	
178	61	824682
3652	3639	4191	3429	3443	
179	182	928476
3813	3276	
180	121	917202
3239	3530	
181	34	770109
4096	2903	3545	3872	
182	39	831378
3153	3503	2883	
183	99	932498
3008	3029	3064	4171	4022	
184	191	668507
4144	4103	
185	67	582228
4297	
186	132	664410
4185	3343	
187	118	834976
3067	3984	3740	3374	3179	3598	
188	163	920588
3326	3210	3642	3386	
189	95	936724
3134	2946	3098	2955	4226	
190	94	835332
3611	4290	2990	
191	174	724945
3552	
192	38	940105
3049	4281	3959	3105	3218	3381	
193	119	837994
3598	4047	3525	3018	
194	104	827019
3530	3265	3908	
195	94	838832
3431	3047	3500	
196	111	984311
3151	3550	
197	149	943317
3660	3020	4135	3212	
198	176	734019
3591	3733	
199	159	842009
4164	3981	
200	69	946847
3530	
201	128	747272
4288	3781	
202	58	830788
3769	
203	28	987692
3706	3381	
204	127	744700
3853	
205	25	841375
3494	3358	3047	3381	
206	135	901216
4261	3499	2939	4249	
207	28	991475
4104	3783	
208	2	983258
4054	4230	4182	3244	3151	4011	
209	143	999023
3038	2934	3772	2973	3948	
210	30	748803
3350	4103	
211	28	1001668
2982	3620	
212	37	725224
3770	
213	87	1002536
3785	3762	4119	3513	
214	31	1006836
3966	3004	4221	3813	4300	
215	145	1009990
3409	4123	3287	3154	
216	19	1013713
3171	3257	3683	2927	3723	
217	42	905470
4254	
218	188	918638
3705	3260	
219	9	1017030
3263	3317	
220	94	913036
3956	3574	3966	
221	54	1020849
2928	4090	3687	3139	3876	3819	
222	0	852612
3103	3341	
223	146	1024570
3725	3236	2996	3752	3143	3721	
224	193	855949
4315	4288	
225	6	920037
2972	3711	3125	
226	118	921855
3533	3136	3808	4044	3690	3217	
227	79	1028292
3679	3050	3945	3489	4245	3722	
228	119	926165
4080	4035	4273	4310	
229	142	1031297
3948	4055	3625	3561	3005	
230	46	1070419
2892	3519	3549	3087	
231	77	918758
3830	3380	
232	7	902681
3461	
233	174	758383
3291	
234	71	922875
3976	3183	3608	4117	3338	
235	128	912746
3746	3831	
236	171	1074005
3586	
237	187	914602
3865	
238	27	1077988
3868	3401	3072	3652	4039	3983	
239	70	921709
4255	4149	3455	
240	100	925500
3791	
241	102	927200
3754	3602	
242	88	926623
3892	4190	4181	3748	
243	189	1084925
3894	4176	3750	3088	3337	
244	7	1002804
3598	
245	8	1084048
4079	3927	3003	2903	
246	124	1089102
4291	3674	4177	
247	83	1092186
3632	4285	3084	
248	25	1006321
4200	3498	4113	3453	
249	13	1009586
3972	3265	
250	126	1008628
4193	3874	2922	
251	160	1013263
3923	3010	3677	
252	133	984315
3115	
253	130	1095708
3129	3633	3461	3522	
254	10	1012934
3419	4306	
255	2	1099374
3051	3555	3669	2927	3345	3666	
256	28	1091126
3492	3404	
257	127	911229
3618	
258	137	1094749
3395	3623	
259	14	1098223
3989	3351	3291	3474	
260	90	915055
3619	3826	
261	78	1101116
4117	3477	3109	3980	2893	
262	148	1158825
3709	
263	109	1162403
3642	4068	3303	3395	3578	
264	81	1166165
3853	3603	3945	3716	
265	31	1173621
3742	3939	3465	3497	3856	
266	3	1099742
4097	3440	
267	86	918446
3598	
268	136	1177551
3183	3231	3542	2881	3930	
269	117	1181186
3123	3276	3604	3635	
270	61	1175562
4076	3219	3648	4144	3577	
271	145	1184969
2913	3348	2889	3783	
272	30	921928
3401	3482	
273	40	1188301
3279	3712	3910	3992	3603	3332	
274	82	1160442
3812	4145	3627	4183	3355	3158	
275	79	1192529
2929	3462	3283	2995	3035	4228	
276	42	1163539
3097	
277	150	1196809
3024	4265	3856	4006	4280	
278	32	1185531
3262	3081	4099	3626	
279	103	1243877
3575	3447	2937	3358	
280	107	1247604
3975	4104	4270	3030	3020	3727	
281	122	1251217
4235	3411	4232	3860	2979	3613	
282	126	1183263
2942	3301	3927	
283	149	1259008
3560	3141	3584	4191	
284	144	1263047
4039	
285	182	1267094
3907	4047	
286	17	745054
2941	
287	8	1187123
3544	2907	3860	3773	
288	183	1270945
3286	3450	3176	3596	3914	3851	
289	105	1275234
3845	3060	4083	3942	3812	4289	
290	174	934534
3477	
291	132	1006477
3383	3409	
292	26	1279068
3809	3941	4307	3388	4004	3834	
293	168	1282540
4242	3406	4185	3121	3798	3472	
294	150	1285554
3421	3627	3649	3419	3014	
295	61	1268023
4027	2960	3231	3918	4218	
296	85	1010389
3975	3912	
297	158	1267864
3718	4237	
298	132	1014546
3210	4157	
299	47	1289776
2927	4218	3701	3148	3490	4222	
300	1	1292783
4123	3307	4147	3007	
301	17	775714
4291	
302	101	1295944
3874	3173	3008	3935	3161	
303	74	1172394
2972	4021	3663	
304	35	1331445
4298	4229	3687	3101	
305	68	1271980
3180	4116	
306	56	1175807
3414	
307	40	1334632
4195	3133	4017	3590	4192	3187	
308	39	1333969
3762	4306	4264	
309	183	1338262
4193	3042	4055	3236	3037	3630	
310	185	1345709
3248	3744	4159	3258	3700	3847	
311	114	1281406
4304	2920	
312	88	1285356
3457	3785	3768	3950	
313	143	1348728
3691	3318	4089	4256	3019	
314	70	1194800
3671	4048	3574	
315	151	1328705
3884	3749	
316	184	1352262
3154	2895	3534	
317	109	1355706
3879	3844	3434	4088	3444	
318	3	1335745
3899	3606	
319	185	1358622
4204	4022	3499	2927	3587	2916	
320	164	836697
3008	
321	143	1362472
4027	3185	2985	2951	3850	
322	131	1365492
4032	3086	3020	
323	60	1343146
3213	3773	3801	
324	127	1098970
4123	
325	50	1343085
3168	4002	3718	
326	176	1098633
3272	3801	
327	56	1259932
3605	
328	8	1346529
4206	4090	2905	3445	
329	65	1368970
3478	
330	187	1346007
2922	
331	121	1350022
3869	3493	
332	15	1349985
3985	3978	
333	116	1344205
3741	
334	178	1102670
4142	
335	166	1372974
3408	3701	4004	
336	78	1356732
3140	3686	4169	3746	3009	
337	164	857566
3011	
338	188	1348083
2942	3878	
339	181	1414843
3925	3221	4137	4110	3395	
340	148	1418762
3920	
341	169	1417985
3185	3142	
342	112	1422210
4183	3805	3856	3638	3448	
343	186	902059
3985	
344	46	1429583
4099	4153	3772	3734	
345	89	1432789
3752	3276	3535	3091	3206	
346	48	1437081
4275	3757	3611	4292	
347	189	1440044
4240	3086	3523	3374	2963	
348	175	1352208
3118	3901	3102	4125	
349	88	1435947
2973	3045	3147	2991	
350	128	1269679
3861	3460	
351	122	1443565
4071	3206	3958	3025	3170	3521	
352	39	1439612
3334	3665	3600	
353	112	1438950
3437	3652	3898	3732	2903	
354	191	1346127
3239	4090	
355	175	1442613
3366	2918	2988	3001	
356	121	1442810
4318	3860	
357	145	1447022
3945	3187	3199	3457	
358	185	1450229
3779	4198	2894	3071	3717	3207	
359	136	1453992
3946	3512	4309	3074	3763	
360	177	1247276
3801	
361	113	1184576
3617	
362	154	1446736
3636	3926	
363	6	1504910
3877	3208	3802	
364	53	1457788
3084	3116	3304	3796	
365	99	1509063
3323	3582	3873	4153	3786	
366	189	1516251
3215	3191	3801	3047	3588	
367	186	938028
3759	
368	177	1261466
3631	
369	105	1519189
3358	3643	4066	3789	3764	2938	
370	20	1511361
4059	3350	
371	111	1517989
4245	3028	
372	24	1522548
4314	3240	3720	3109	3359	
373	89	1526164
3181	3209	4287	2969	3616	
374	63	1529900
4271	3364	3433	3736	
375	116	1503827
4015	
376	116	1506743
2916	
377	5	1533770
3823	4246	2947	3747	3092	3870	
378	86	1330841
4305	
379	58	1458281
3423	
380	89	1537438
3917	3565	3611	3598	3668	
381	101	1541462
3725	3010	4050	3238	4024	
382	58	1509152
3610	
383	94	1522257
3340	3169	3052	
384	63	1545417
3105	3282	3168	3955	
385	66	1549219
3603	3758	3000	3802	
386	54	1553438
3483	4223	3641	4315	3931	4219	
387	111	1588061
3249	3175	
388	150	1589936
3116	4108	4237	4269	4098	
389	131	1594047
4208	4284	4111	
390	74	1524498
3657	3390	3225	
391	174	1245648
3239	
392	23	1349113
4299	
393	73	1597699
4243	3808	3652	
394	161	1591541
4137	3480	
395	135	1589798
3664	2957	3066	3442	
396	82	1593239
3720	3541	2900	3695	3857	3441	
397	160	1588950
3596	3362	3529	
398	101	1605212
4147	3608	3838	3479	3913	
399	194	1609390
3639	4178	
400	34	1542031
3001	3206	2978	3410	
401	100	1544976
2945	
402	137	1602173
3704	3553	
403	55	1592253
3407	4192	3860	4036	3303	
404	165	1415887
3139	
405	61	1595584
2911	4094	3717	3099	3331	
406	51	1419611
3122	3107	3724	
407	151	1530147
3793	3075	
408	21	1596846
3795	4194	2969	3607	
409	54	1613480
4210	3871	4127	3015	3998	4090	
410	70	1588819
3622	3698	4243	
411	41	1359424
3214	3564	
412	59	1617582
2881	4239	3296	4102	
413	131	1621829
4297	3962	4247	
414	175	1604810
4206	4134	4043	2922	
415	21	1607807
3666	3913	4212	3363	
416	22	1595999
3766	3218	
417	182	1625951
3954	4122	
418	5	1630163
4073	3301	3595	4295	3752	4212	
419	46	1634473
3646	3143	4219	4310	
420	146	1638044
4037	3388	3211	3865	3419	3571	
421	53	1674073
2905	3491	3437	3629	
422	165	1453165
3149	
423	160	1616010
3098	2886	3899	
424	151	1543622
3189	3022	
425	72	1677957
4126	3253	3702	3884	
426	1	1681778
3015	2944	3154	3821	
427	98	1684727
3571	3732	3074	2949	
428	33	1619997
3987	
429	81	1692268
3064	4006	4073	3941	
430	12	1590106
3631	
431	100	1628898
3667	
432	129	1695578
3925	3006	3972	3180	3932	3310	
433	32	1615012
3254	3934	3185	3260	
434	1	1698926
4043	3227	3756	3348	
435	93	1523904
3677	4297	4295	
436	107	1703090
3450	3926	3399	3503	4005	4164	
437	108	1679350
4248	3669	3916	2991	
438	35	1706772
4233	3836	4309	3682	
439	122	1710259
3827	3333	3761	3770	3787	3487	
440	138	1625776
3217	2952	
441	10	1602833
4240	3461	
442	44	1713684
3129	4314	3149	4254	3425	
443	3	1628801
3952	3025	
444	71	1632856
3508	4027	3219	4202	4055	
445	159	1676754
4011	4298	
446	44	1716655
3890	3350	3011	3601	2971	
447	158	1698319
4036	3727	
448	108	1702355
4017	3590	3653	4036	
449	0	1684114
3782	3324	
450	130	1719922
3288	4059	3741	3267	
451	45	1689652
3744	4102	4047	
452	107	1724039
3388	3988	3895	3003	3404	4117	
453	172	1518851
2919	3327	
454	194	1760626
3611	4187	
455	114	1694343
3178	3368	
456	105	1764068
3160	4020	3140	3191	3244	3442	
457	70	1700475
4216	3923	3942	
458	53	1767038
3039	3244	3183	2970	
459	49	1706249
3894	
460	39	1700848
3169	3314	3109	
461	152	1764503
2996	4047	4254	
462	74	1706917
4164	3298	3259	
463	114	1704503
3642	3655	
464	33	1704088
3240	
465	0	1708174
3121	3671	
466	117	1770199
3036	3830	4066	3161	
467	17	1110268
4150	
468	25	1765288
3715	3258	3821	3134	
469	48	1777092
4095	3420	2927	3293	
470	142	1780573
3249	3444	3823	4133	3481	
471	80	1704814
3825	
472	93	1776610
4213	3751	3396	
473	18	1784606
3125	3058	3819	4033	
474	146	1788615
3154	3618	3633	3992	3856	4009	
475	130	1792002
3661	3811	3047	3387	
476	180	1795401
4171	4235	2919	3702	3399	
477	67	1603781
3064	
478	23	1612069
3834	
479	22	1767887
4194	3757	
480	162	1775751
3504	2886	3406	3477	3515	
481	70	1770970
3495	3928	3083	
482	144	1799477
4076	
483	38	1802501
3494	3454	3340	3007	3304	3024	
484	54	1806323
4143	4088	4294	4088	3744	3822	
485	59	1809898
3487	3008	3664	3575	
486	21	1782432
3050	4304	2968	2937	
487	71	1783021
3602	4012	4035	3247	3404	
488	41	1530059
4066	2997	
489	97	1785485
4184	2963	3053	
490	160	1778342
3250	3470	3772	
491	100	1781861
3821	
492	185	1814160
2959	3940	3798	3649	3378	4262	
493	139	1850010
4134	3926	3101	3765	3450	
494	110	1853066
3848	3135	3736	3056	
495	74	1796199
3636	3965	3188	
496	12	1786154
3133	
497	16	1856493
3083	3386	3427	
498	28	1783718
3239	3804	
499	0	1793502
3639	3962	
500	10	1789619
4009	3620	
501	162	1864096
3244	3134	4021	3790	3776	
502	188	1781685
3842	3343	
503	193	1800253
4215	4054	
504	114	1867660
3201	3565	
505	97	1868207
3891	3045	4111	
506	170	1863542
3983	4243	3353	3449	
507	68	1871639
2901	3432	
508	168	1872227
3503	3464	3176	4161	3795	4201	
509	105	1876257
2917	3476	3214	4176	2924	3184	
510	149	1879586
3713	3534	4050	3329	
511	73	1883512
3526	4169	3926	
512	121	1934059
3391	4062	
513	80	1864994
3799	
514	12	1879712
3715	
515	13	1804118
3757	3865	
516	186	1259915
3061	
517	177	1704088
3699	
518	25	1875408
3123	3333	4244	3587	
519	12	1883710
3998	
520	138	1887103
4019	3393	
521	160	1933437
3861	3156	4029	
522	156	1878631
3880	3756	3947	2942	
523	68	1936171
3441	3540	
524	28	1938169
2912	4110	
525	165	1703980
3225	
526	55	1936675
3020	4204	3486	2934	3238	
527	180	1941996
3258	3442	4165	3827	3294	
528	141	1949212
2884	3761	3616	
529	166	1953422
4315	4210	3389	
530	185	1956396
3735	3802	3497	3441	3921	2974	
531	70	1887516
3623	3806	3569	
532	18	1959444
3506	3167	3129	3048	
533	14	1959710
4056	4028	3769	3159	
534	133	1943340
3248	
535	168	1963528
3660	3210	3976	3860	3233	4084	
536	12	1953053
4273	
537	15	1934365
3760	4082	
538	108	1952579
3777	3188	3800	3196	
539	152	1956409
3459	3741	3830	
540	135	1959334
4306	3845	2979	2925	
541	44	1967775
4162	3790	3634	4280	4247	
542	99	2020921
3698	3862	3871	3306	2933	
543	78	1963178
3083	3598	4229	3143	3468	
544	128	1957006
4023	2944	
545	38	2024537
2968	3514	3476	4109	3880	3616	
546	17	1332694
3042	
547	149	2027948
3252	3405	2971	3411	
548	83	2035165
3117	4129	3617	
549	128	1960803
3599	3797	
550	187	1963103
3911	
551	150	2038066
3013	3510	3379	3249	2901	
552	92	2024067
3768	3755	3009	
553	142	2042034
3358	3167	3408	3659	3968	
554	98	2046145
3029	4316	2948	4111	
555	90	1791412
4073	3911	
556	87	2049654
3365	3647	3115	3509	
557	154	2028330
4035	4263	
558	71	2035772
3070	3831	3788	3398	3439	
559	146	2053879
3623	3085	3951	4088	3473	4225	
560	179	2040426
3047	4099	2956	
561	159	2039515
3704	3743	
562	136	2057515
3170	3523	3058	3675	3636	
563	119	2041568
3390	3106	3085	3977	
564	49	2046426
3236	
565	42	2049377
2951	
566	22	2044599
3376	3923	
567	23	1867472
3606	
568	124	2061447
3781	3295	3932	
569	93	2039095
3276	4082	3345	
570	188	2044857
4318	3289	
571	152	2106818
4301	4117	3441	
572	145	2065492
3039	4250	2883	4045	
573	23	1875372
4119	
574	19	2069418
3867	4278	3038	3405	3926	
575	122	2110312
3010	3556	3372	3386	3494	3314	
576	140	2050969
3382	4234	4146	3356	
577	183	2114068
4047	3952	4252	3807	2977	3756	
578	131	2121735
3047	3102	4067	
579	35	2124932
3620	4154	3504	3197	
580	177	1953809
2911	
581	127	1957868
4059	
582	49	2113475
3163	
583	28	2111696
3607	3750	
584	193	2058548
4234	3654	
585	95	2128812
4030	3011	3758	4032	3880	
586	67	1872253
4304	
587	165	1863381
4160	
588	11	2122663
3699	4112	3993	3335	
589	188	2108088
4021	2943	
590	63	2132820
3156	3081	3748	4008	
591	141	2126597
3231	3390	3934	
592	128	2123723
3091	4234	
593	133	2124255
3432	
594	1	2136527
3232	3536	3200	3707	
595	31	2140615
3254	4134	3029	4256	4088	
596	143	2143760
4229	3025	4025	2962	3145	
597	76	2146709
3515	2949	
598	35	2149832
2932	4248	3582	3123	
599	42	2128244
3989	
600	60	2065450
3085	3025	4314	
601	134	2152895
3298	4075	4035	3063	
602	12	2109096
4046	
603	92	2137221
3921	3473	3406	
604	185	2156680
4073	4005	3604	4069	3760	3785	
605	122	2159720
2907	3090	3705	3014	3938	3040	
606	103	2134916
3544	3737	3973	3796	
607	182	2196179
3250	4059	
608	183	2200407
4127	3317	3414	3554	4105	4228	
609	151	2113188
3029	4092	
610	44	2208210
3997	3214	2914	4169	4203	
611	153	2211215
3952	3864	3346	3005	
612	65	2215205
3990	
613	9	2219232
4005	4027	
614	12	2120853
4065	
615	190	2223442
3538	3907	4210	
616	52	2226773
3828	4012	4095	3372	3665	3331	
617	50	2148564
3331	3818	3316	
618	42	2200215
3646	
619	62	2218563
3227	4131	3352	3733	
620	141	2199374
2927	3939	4048	
621	134	2230688
4304	3170	3014	3915	
622	126	2128361
3095	3545	3652	
623	16	2234009
3076	4228	3321	
624	48	2237213
3362	3952	3499	3204	
625	25	2219014
3512	3462	3983	3891	
626	157	2240306
3176	4260	4007	3137	3093	
627	96	2244526
3132	3338	3636	3864	3626	4220	
628	7	2230136
3719	
629	11	2209658
3576	3141	3924	3547	
630	175	2293495
3578	3849	2968	4088	
631	62	2297478
3587	3867	4064	3349	
632	57	2301054
3576	
633	123	2208013
4198	
634	109	2301244
3426	4094	3766	3388	3306	
635	121	2304276
3240	3032	
636	118	2305330
4069	3176	4239	3331	3609	4276	
637	172	2128830
4047	3072	
638	180	2308767
3081	3581	3101	4104	3399	
639	130	2312434
3492	3323	3318	3667	
640	15	2311669
3673	3905	
641	44	2368743
3772	3758	4095	3543	3308	
642	189	2372213
4170	3281	3498	3136	3470	
643	44	2375721
3163	4280	2956	3915	3508	
644	96	2382706
3586	4234	3906	3419	3897	3385	
645	138	2311889
4177	3250	
646	21	2375991
3094	3292	3665	3333	
647	60	2315652
3737	3247	3763	
648	39	2368765
3617	3189	3565	
649	128	2380289
3398	4085	
650	113	2140536
3856	
651	118	2385120
3733	4043	3216	4258	2910	3483	
652	99	2386655
4138	4070	3476	3961	3949	
653	79	2389984
3567	3062	3400	4188	3580	3329	
654	99	2393925
4259	3351	3187	4004	3941	
655	18	2397444
4256	3838	3604	3519	
656	127	2283937
3842	
657	24	2401637
3041	3686	3957	4097	4193	
658	167	2395792
3951	4026	3879	3450	3081	
659	187	2398759
2967	
660	39	2395686
4123	3764	3741	
661	2	2455645
4262	3603	3072	3306	3724	4045	
662	169	2459723
4267	4078	
663	103	2468464
2919	3865	3978	4302	
664	139	2472127
3558	3010	2935	3849	2916	
665	185	2475796
3147	3235	3886	3492	3504	3669	
666	93	2298922
3324	3941	3360	
667	150	2479913
3971	3970	3949	4294	2975	
668	150	2483766
4136	3476	4160	3853	2891	
669	123	2479456
3825	
670	152	2483176
4197	3518	3720	
671	141	2453588
3380	3708	3796	
672	69	2486799
3033	
673	10	2305665
2932	3035	
674	13	2487309
4247	3581	
675	141	2457383
3634	4308	3795	
676	27	2491621
3554	3757	3996	3014	4312	4236	
677	71	2399444
2920	3604	3955	3743	3758	
678	166	2495626
4014	2992	4005	
679	167	2498428
3031	4229	3331	3535	3815	
680	132	2366151
2987	3735	
681	167	2501381
4147	3288	3836	4054	2953	
682	134	2498751
3159	3107	3662	3125	
683	167	2541127
3321	3392	3191	3579	3620	
684	191	2478228
3922	3019	
685	179	2481288
4084	3223	3060	
686	58	2544152
3061	
687	35	2502891
3328	4309	3564	4140	
688	162	2553313
4231	3859	3211	3379	3766	
689	98	2556371
4304	3215	3472	3287	
690	144	2559831
3460	
691	88	2556089
3316	3563	4295	3163	
692	46	2563758
3948	3748	4176	3927	
693	177	2383509
3951	
694	173	2560067
4158	3953	
695	41	2380598
3415	3622	
696	172	2383956
4168	3358	
697	132	2391683
3199	4016	
698	82	2564357
3545	2933	3886	3367	3911	4290	
699	91	2567777
3898	3570	3420	
700	36	2567664
3509	4157	3281	3591	3686	
701	129	2571439
4309	3499	3443	3312	3775	2962	
702	68	2624975
3063	3198	
703	94	2629030
3091	4203	4055	
704	15	2574992
4062	4016	
705	156	2633066
3814	4250	3018	4036	
706	40	2628395
3804	3869	3342	3884	3534	3995	
707	12	2566576
3169	
708	9	2631644
3294	3249	
709	27	2642062
3297	3900	3535	3595	3461	3066	
710	156	2645360
3231	3398	3191	3300	
711	86	2466196
4050	
712	143	2650476
3218	4194	4116	3206	4315	
713	158	2649223
4180	3863	
714	106	2654387
3037	3179	3911	
715	58	2656748
4202	
716	180	2661202
3136	3545	3611	3224	4067	
717	152	2653286
4058	2892	4063	
718	122	2714266
4044	3037	3639	4213	3460	3466	
719	89	2718270
3709	4069	3791	3088	4004	
720	63	2725325
3386	3713	3363	3455	
721	2	2729487
3008	4173	4094	3537	3953	4162	
722	78	2671733
3254	3005	4068	3289	3370	
723	86	2480986
3901	
724	44	2732753
3754	3308	3929	3219	3266	
725	128	2649752
3509	4108	
726	11	2719046
3261	4019	3315	3617	
727	121	2726907
4068	4261	
728	123	2727857
3415	
729	151	2581804
3575	4046	
730	43	2737054
3736	4113	3626	2919	4301	
731	194	2740567
2947	3513	
732	2	2744429
2970	3212	3822	3098	3916	3862	
733	20	2732766
3396	2940	
734	184	2747496
3839	3270	3067	
735	64	2750891
3500	3381	3188	3395	
736	194	2754942
3578	4051	
737	53	2757842
3706	3239	2882	2900	
738	135	2739808
4122	4217	4014	4249	
739	138	2629161
4204	4131	
740	124	2761068
2990	3521	3226	
741	124	2764286
3974	3003	3218	
742	56	2725819
3450	
743	104	2742902
3703	2890	3329	
744	115	2800240
4080	3318	3142	3022	3474	3554	
745	194	2804340
3180	4100	
746	7	2632368
3207	
747	51	2568081
2944	3561	3575	
748	10	2640184
4108	3202	
749	74	2748912
3351	2948	2988	
750	127	2629891
3716	
751	88	2639856
3313	3132	4272	3888	
752	164	1782785
4136	
753	1	2807674
2927	4248	3299	3334	
754	131	2814258
2930	4223	2984	
755	135	2801399
4210	3971	3817	4199	
756	136	2818257
4088	3725	3452	3178	3999	
757	53	2821547
3052	2985	3366	3290	
758	26	2824977
3309	4292	4229	2900	3777	3430	
759	61	2741056
4232	4305	3579	4089	2949	
760	49	2812152
3975	
761	108	2815598
4084	3199	3761	3446	
762	132	2648734
3372	3653	
763	66	2828183
3035	4011	4129	3206	
764	133	2823086
3359	
765	19	2831125
3053	3489	3379	3992	2942	
766	188	2802714
4194	3666	
767	154	2753600
3667	3447	
768	91	2826571
4262	3631	3485	
769	11	2814380
4299	3105	3801	3080	
770	110	2834245
4057	3672	3020	3120	
771	13	2821594
3752	4195	
772	166	2838337
3976	3704	4092	
773	15	2825606
3109	4012	
774	72	2884434
3075	3590	3843	3935	
775	82	2888538
3111	3425	3046	3605	4054	4124	
776	135	2892096
4046	3646	3897	3558	
777	119	2887589
4075	3270	3117	3989	
778	11	2840941
3050	3295	4267	3565	
779	190	2888227
3289	3795	3793	
780	163	2844225
2937	4067	4123	3284	
781	144	2892297
4070	
782	30	2714083
3726	3253	
783	102	2899375
2979	3679	
784	127	2717436
3354	
785	62	2820128
3420	3098	3443	3057	
786	44	2903238
3690	4143	3963	3863	3578	
787	80	2813391
4275	
788	120	2907110
3306	3223	4290	3872	
789	82	2906216
3670	3206	3062	3930	3751	2978	
790	18	2910180
2897	3754	3871	3070	
791	59	2913638
3870	4030	3959	3458	
792	59	2916759
3511	3520	4125	3121	
793	173	2903773
3237	3231	
794	182	2920760
3524	4001	
795	25	2899476
3171	3897	3866	3573	
796	111	2899752
3572	4026	
797	180	2924453
4309	3291	4011	3957	3693	
798	78	2907881
4071	3268	4163	3697	4172	
799	25	2907507
3168	4041	4002	4021	
800	175	2911620
2964	3079	3327	4113	
801	141	2911214
3100	2955	3333	
802	169	2928154
3958	3701	
803	95	2931615
3343	4155	3161	3220	3461	
804	56	2914634
3576	
805	169	2986375
3312	3361	
806	45	2918179
3955	3232	3745	
807	84	2990910
3104	3292	2996	4288	3801	4077	
808	113	2803383
4228	
809	148	2922194
4015	
810	91	2993820
3382	2910	3186	
811	14	2994838
4090	3658	4204	3085	
812	113	2806834
3451	
813	154	2999099
3296	4261	
814	77	2910954
4103	4270	
815	124	3003414
3949	4315	3586	
816	147	2914308
4005	2937	3354	
817	113	2813496
3062	
818	117	3006410
3716	3235	3654	2996	
819	10	2989950
3491	4007	
820	194	3010390
3934	3980	
821	148	3006819
3405	
822	6	2997101
3230	3003	3281	
823	59	3014008
3196	3216	4199	3618	
824	173	3002374
3029	3337	
825	118	3075056
3716	4146	3073	3546	4286	3337	
826	182	3079031
3306	3975	
827	143	3082248
4222	3439	4089	4284	3217	
828	175	3082111
4111	4021	3189	3749	
829	154	3082604
3850	3265	
830	183	3086695
4230	3976	3108	3600	4091	4061	
831	67	2832232
4123	
832	30	2898160
3138	3699	
833	160	3086630
3612	3288	3886	
834	13	3090042
4188	4010	
835	146	3146590
3138	3018	3630	4171	3611	3790	
836	109	3150560
3830	3983	3809	4149	3069	
837	89	3158416
4013	3582	3753	4255	2994	
838	49	3001129
4028	
839	175	3143884
3212	4185	3734	3254	
840	126	2997088
4101	3044	3155	
841	157	3162716
2882	3270	3912	3109	4300	
842	184	3166467
4114	3199	3751	
843	108	3149400
4288	4121	3561	3808	
844	11	3165664
3074	2940	3003	4140	
845	29	3159201
3387	3978	3365	3445	
846	24	3170101
4169	2941	3920	2943	3634	
847	55	3163568
2900	4182	4147	3893	4246	
848	53	3173193
4205	3249	3850	3092	
849	3	3062490
3257	3303	
850	31	3176523
3635	3854	3583	2922	3330	
851	2	3180459
3702	3788	4202	2992	3119	3936	
852	63	3184605
3920	3897	3352	4146	
853	170	3187511
4069	4038	3404	2906	
854	57	3166704
3489	
855	126	3077648
4244	3479	3819	
856	172	2974204
4122	3453	
857	125	2978186
3697	
858	2	3191059
3737	2949	3242	3226	3044	3548	
859	81	3231152
4018	3273	3978	4113	
860	4	1981604
3551	
861	43	3235261
3710	3849	3279	3556	4109	
862	81	3238547
3744	4257	3159	3286	
863	169	3246335
4014	4188	
864	138	3077576
3097	4310	
865	114	3081073
3302	3497	
866	72	3249711
3880	3943	4260	3376	
867	46	3252810
3804	4079	3241	3099	
868	163	3247666
3170	3296	3766	3023	
869	16	3256972
3276	3918	4162	
870	5	3260170
2907	3031	2913	3944	3272	3198	
871	7	3186413
4067	
872	112	3254699
3575	3858	3291	3515	3761	
873	104	3187281
3348	3521	3127	
874	184	3263365
2940	4172	3195	
875	187	3233216
3395	
876	56	3246733
4319	
877	4	2027820
3624	
878	5	3266770
3920	3278	3294	3201	4233	3405	
879	0	3232704
3417	3490	
880	139	3269877
3591	3229	2905	3660	3107	
881	62	3253608
3171	3209	3970	3684	
882	61	3257598
3804	3810	4021	3759	3990	
883	192	3261093
3713	3412	3249	3495	
884	78	3318668
3781	4232	3562	4052	2904	
885	55	3318575
3563	3930	3640	3321	3482	
886	180	3322465
3033	3688	3886	2880	3797	
887	55	3322088
3120	3354	3215	3953	3513	
888	135	3333438
3379	4135	4158	3491	
889	68	3337577
3260	4139	
890	174	3056879
4040	
891	1	3337462
3547	3298	3671	4025	
892	88	3268301
3072	3229	3772	3633	
893	124	3340814
3841	3338	3352	
894	77	3099866
3117	4222	
895	160	3341204
3404	4096	3185	
896	105	3344694
3728	3323	3972	3383	4011	3880	
897	9	3348765
3714	4071	
898	133	3341412
3835	
899	107	3351823
3026	4260	3882	3632	3622	3058	
900	174	3063223
2940	
901	85	3074059
2970	3831	
902	46	3355112
3517	3975	3276	3289	
903	99	3358423
3285	3046	3713	3113	3311	
904	12	3330233
4029	
905	9	3362025
3647	3602	
906	42	3348159
3634	
907	127	3087232
3733	
908	0	3333623
3146	3390	
909	152	3352080
3501	3019	3921	
910	99	3365835
2981	4136	3748	2938	3810	
911	41	3072754
3009	2912	
912	44	3402357
3050	3721	3499	3592	4122	
913	33	3402322
3496	
914	121	3339063
4161	3290	
915	114	3341045
4082	3674	
916	75	3345055
3986	4010	
917	161	3343092
3691	4029	
918	51	3158995
3544	3698	3971	
919	87	3405627
3548	3096	3538	3270	
920	179	3343826
4096	3959	3048	
921	99	3409649
3479	3764	4035	3060	4022	
922	27	3412606
3548	2945	4127	3100	3690	2957	
923	106	3420016
3607	3874	3810	
924	84	3423618
3731	3372	2897	3707	2987	3602	
925	125	3065609
4074	
926	175	3423645
3231	3577	3159	3585	
927	15	3359146
4214	3931	
928	119	3426762
3192	3100	2903	3117	
929	147	3229991
3625	3683	3463	
930	112	3409028
2925	3726	2897	3780	3338	
931	14	3427078
3122	3179	3859	3779	
932	151	3351995
2973	2905	
933	11	3431192
3742	3082	4296	4114	
934	170	3434588
3379	4004	2929	3396	
935	58	3412706
2981	
936	1	3437477
3291	2915	3866	2889	
937	83	3441009
3487	3639	3532	
938	48	3444602
3962	3748	2965	3593	
939	141	3492339
4300	4038	4218	
940	43	3496384
4285	4270	3294	4045	3295	
941	58	3423057
2885	
942	103	3430783
2961	3126	3705	3328	
943	169	3503905
3265	3921	
944	60	3359333
4080	3499	4044	
945	69	3507525
3620	
946	54	3511480
3915	4162	3457	4173	3065	3955	
947	180	3515379
4142	3991	4194	3133	3899	
948	104	3430693
4280	3601	3442	
949	102	3510232
3969	3682	
950	21	3514537
3454	3348	4002	4305	
951	115	3518680
3881	3912	3255	4158	3370	3301	
952	27	3522421
3421	4124	3337	3653	4276	3741	
953	97	3517930
3080	3954	3393	
954	25	3513486
2954	4209	3928	2985	
955	52	3525583
3333	3560	3033	3640	3324	3162	
956	60	3521142
3492	2928	4306	
957	86	3260589
3769	
958	23	3317936
3347	
959	125	3236705
3155	
960	26	3578855
3319	3384	3535	4310	3570	4055	
961	128	3591141
3090	2977	
962	168	3582213
4087	3670	2887	3584	3193	3358	
963	165	3264187
3865	
964	99	3589820
3398	3655	3937	4317	4007	
965	182	3593201
3092	3381	
966	50	3517337
3312	2933	3851	
967	70	3595446
3183	4305	3106	
968	177	3332517
4271	
969	92	3582445
3631	3948	4075	
970	25	3598790
3356	3259	3344	2966	
971	111	3585424
3372	2979	
972	99	3597064
3097	3856	4050	3392	3863	
973	177	3339552
3938	
974	24	3603708
3290	3734	3817	2884	3985	
975	65	3606783
3075	
976	95	3610245
2935	3281	3046	3335	3462	
977	187	3608935
3282	
978	24	3614311
2930	4201	4243	2882	4015	
979	193	3616813
3983	3635	
980	177	3342825
3273	
981	11	4270159
3187	4242	4064	4159	
982	95	4274227
3620	3528	3292	3301	4068	
983	174	3257004
4167	
984	138	3583163
3216	3168	
985	181	4281400
3230	3003	3929	3493	3573	
986	155	4284735
3141	4185	3335	
987	27	4288540
4208	3257	3831	4028	3062	3805	
988	192	3601688
3389	3829	3262	2898	
989	130	4292545
3107	3952	3928	4005	
990	185	4295436
2913	3588	3868	4299	3108	2891	
991	99	4299362
3444	3959	2950	3445	3926	
992	64	4303409
3837	4023	3426	4047	
993	155	4307168
3694	3178	3759	
994	143	4311346
3167	4243	3601	3446	4178	
995	122	4314749
3789	3631	3121	3400	4040	3403	
996	91	3748689
3278	4062	4114	
997	183	4318120
3809	3908	3578	3070	3511	3371	
998	23	3429635
3793	
999	107	4353717
2965	3455	3291	3134	3938	3197	
1000	85	3429317
3595	3376	
1001	120	4356797
3509	3325	3498	3080	
1002	12	3611852
4254	
1003	52	4360154
3715	3784	3272	4066	3662	3357	
1004	60	3690312
3750	3049	3935	
1005	125	3426976
4108	
1006	26	4367758
3865	3125	3070	2901	2935	4004	
1007	2	4370881
4206	4302	2980	3591	3609	3123	
1008	171	4374870
3989	
1009	59	4378844
3363	3846	2994	3974	
1010	61	3751202
4071	3088	3888	3752	3610	
1011	75	3700180
3090	3215	
1012	187	3696620
3046	
1013	85	3438922
4216	3047	
1014	27	4381946
3034	3328	3401	3345	4058	3102	
1015	10	3443406
4180	3712	
1016	103	3767339
4242	4235	3335	3891	
1017	98	4385281
4039	3403	3692	3335	
1018	29	3774468
3510	4044	3993	3993	
1019	74	3777715
3874	4071	3247	
1020	138	3703967
3701	3787	
1021	181	4388724
3838	3672	3616	3097	3443	
1022	32	3778118
3035	3086	3513	3861	
1023	56	3849703
3533	
1024	108	3834813
3569	3308	2916	3098	
1025	51	3491201
3890	3217	3423	
1026	126	3495168
2913	4136	3695	
1027	45	4358606
3090	4215	3944	
1028	182	4391693
3315	2969	
1029	12	3782032
3914	
1030	66	4395805
3916	3846	3776	4112	
1031	175	3853849
3724	4056	4146	3893	
1032	159	3785873
4066	3841	
1033	157	4399952
3202	4213	2919	3318	4147	
1034	3	3788853
4064	2980	
1035	97	3858166
4100	2960	4317	
1036	160	3857587
3635	3180	3738	
1037	92	4368643
3300	3336	3119	
1038	132	3512335
3040	4255	
1039	182	4403561
3277	3609	
1040	64	4439408
3321	3089	3853	3447	
1041	186	2456791
3628	
1042	47	4443159
3570	4058	3571	3024	3622	3751	
1043	41	3523957
3343	3014	
1044	26	4447139
3485	2972	3598	4126	4218	3980	
1045	112	4376028
3230	3133	3777	3639	3167	
1046	17	2478193
4174	
1047	124	4453747
3625	2972	3008	
1048	74	3936649
2958	4270	3056	
1049	51	3511946
4291	4012	3365	
1050	44	4458013
3654	4153	3457	2896	4266	
1051	106	4461399
2906	3244	3386	
1052	190	4465530
3290	3039	4131	
1053	40	4469632
3912	3889	3634	3582	4311	4102	
1054	106	4473348
4113	3791	3716	
1055	83	4476395
3236	4068	3047	
1056	103	3951509
3650	2890	4175	3848	
1057	188	4009801
3719	4292	
1058	116	4013118
3317	
1059	3	3867892
3311	3386	
1060	111	4382873
3244	3873	
1061	177	3577142
4252	
1062	167	4440761
2937	3321	3665	3211	3888	
1063	86	3581175
4033	
1064	37	3505312
3223	
1065	119	4016813
3655	4019	3149	3695	
1066	184	4480346
3131	3200	3951	
1067	178	3578036
3161	
1068	128	3948051
3956	3594	
1069	72	4484105
3457	3784	2975	3759	
1070	14	4444728
3380	3255	3218	3967	
1071	2	4488276
3254	3949	3505	3406	4153	4171	
1072	152	3946648
3082	4117	3567	
1073	182	4491325
3553	3049	
1074	63	4526940
3683	3167	4115	3215	
1075	64	4530298
3716	4030	2957	3358	
1076	12	3921471
3784	
1077	107	4534463
4001	3467	3483	4129	3161	4165	
1078	143	4542300
3908	3705	4106	4151	4237	
1079	102	4007886
4261	3123	
1080	150	4545636
3750	3725	3645	3944	3336	
1081	181	4549667
4025	3919	3382	3872	4031	
1082	51	3592858
2958	3832	3541	
1083	154	4460238
3545	3887	
1084	142	4552662
3758	3348	4214	2899	2995	
1085	160	4099490
3849	3361	4109	
1086	189	4556934
4307	4211	4179	4293	4272	
1087	5	4560143
3908	3373	3260	4087	3251	3209	
1088	145	4563736
3494	3415	3888	3593	
1089	46	4568000
3555	3583	3893	4264	
1090	72	4571359
3357	3817	4230	3359	
1091	158	4034523
3453	3546	
1092	22	4026402
4106	4256	
1093	46	4575418
3395	3475	4043	4059	
1094	8	4532626
3338	3405	3272	2908	
1095	94	4038569
3421	4051	4046	
1096	0	4041285
3374	3793	
1097	61	4110656
3335	3183	3609	3465	3678	
1098	91	4096276
3568	3830	3076	
1099	110	4578432
3056	3364	3798	3014	
1100	15	4033096
3124	2896	
1101	61	4114921
3111	3422	4069	3367	4265	
1102	43	4614198
3021	3194	3799	3879	3366	
1103	154	4543502
4141	3397	
1104	176	3604800
2967	3320	
1105	10	3679463
3968	3863	
1106	130	4618233
2958	3270	3154	4035	
1107	132	3679020
3773	4151	
1108	70	4036016
4260	3952	2920	
1109	145	4621326
3216	4263	3553	3093	
1110	93	3683616
2951	3125	4153	
1111	11	4547816
3626	3423	4040	4314	
1112	142	4628339
3747	2952	3344	3544	3413	
1113	11	4550881
3652	4155	4030	3065	
1114	4	2650594
3665	
1115	40	4631612
3874	3978	4172	2920	2992	3273	
1116	148	4554502
3621	
1117	16	4635379
2977	4109	3767	
1118	194	4638921
3060	3542	
1119	131	4642547
3298	3177	3626	
1120	83	4646583
3215	3081	4036	
1121	112	4612382
3759	3325	3727	3795	3880	
1122	50	4100732
3384	3931	3810	
1123	110	4649966
3002	3067	4281	3383	
1124	36	4111689
2962	3283	4283	3028	3076	
1125	146	4653659
3131	3895	3122	3688	3885	3693	
1126	96	4657042
3379	3569	4125	2914	3377	3383	
1127	56	4112289
3350	
1128	78	4619651
2940	4251	3131	4161	3384	
1129	60	4119003
3715	3007	4147	
1130	130	4661315
3760	3856	3020	4273	
1131	136	4664750
3342	4131	2998	3631	3435	
1132	81	4701332
3049	3802	3310	4182	
1133	163	4630378
3612	4210	3394	3817	
1134	87	4704813
4208	4098	4306	3481	
1135	155	4712674
3830	3609	4261	
1136	144	4715814
3140	
1137	0	4129664
4209	4269	
1138	91	4183569
4190	2919	3326	
1139	81	4719448
3205	3834	3040	3634	
1140	61	4182488
3206	3554	3430	3182	2888	
1141	177	3764845
3342	
1142	122	4722760
3793	3529	3549	3004	4241	3312	
1143	115	4725728
3597	4158	4130	3887	2903	2968	
1144	142	4728935
4033	3822	3308	3273	3207	
1145	5	4732025
3191	4227	3803	3423	3930	3090	
1146	175	4186633
3335	2966	3034	4145	
1147	31	4735681
2948	3165	3956	3677	3656	
1148	108	4197749
3425	3494	3762	3066	
1149	74	4195070
4107	3501	3810	
1150	60	4182895
3327	3724	4107	
1151	4	2743871
3027	
1152	74	4198593
3946	3536	3523	
1153	81	4739304
4205	3016	3889	3623	
1154	68	4200776
2893	3027	
1155	66	4742460
3448	3855	3558	3156	
1156	106	4745958
3142	3247	3498	
1157	166	4749262
3956	3890	3304	
1158	164	2756333
2979	
1159	92	4713109
3390	3359	3802	
1160	138	4187200
4020	4305	
1161	191	4202515
4076	3996	
1162	193	4207742
2892	2886	
1163	131	4785564
3483	3474	3902	
1164	159	4190096
3516	2896	
1165	73	4789343
4102	4263	3779	
1166	37	3769561
3698	
1167	102	4207877
4283	3543	
1168	61	4196605
3547	3757	3386	2908	2905	
1169	109	4793276
3444	4195	3601	2907	3933	
1170	157	4799764
3999	2887	3631	4183	2888	
1171	44	4803963
3388	3040	3710	3181	4199	
1172	136	4807100
3104	3296	3171	3328	3137	
1173	11	4723664
4055	4058	4120	3465	
1174	174	3863448
3068	
1175	161	4727362
3985	3698	
1176	107	4810730
3444	3580	3226	3512	3804	3630	
1177	112	4730398
3969	3244	3738	2921	3036	
1178	21	4276749
3564	4051	3987	4240	
1179	99	4814380
3434	3987	3327	3586	3650	
1180	171	4817909
3529	
1181	188	4210914
4261	3734	
1182	42	4287843
3908	
1183	189	4821357
4213	3339	3138	3316	3448	
1184	70	4269168
4237	3560	3970	
1185	52	4825664
3609	3134	3630	3034	4083	4307	
1186	52	4829665
3708	2896	3174	3581	4155	4001	
1187	6	4291114
3435	3139	3271	
1188	186	2839538
3305	
1189	62	4289851
3599	4261	2889	3901	
1190	191	4291537
4095	3106	
1191	44	4833401
3112	3500	3363	3250	3736	
1192	119	4291534
3199	3062	3257	3961	
1193	2	4837477
4125	3501	3959	3174	3773	4076	
1194	156	4297485
3645	3402	3050	3121	
1195	69	4873152
3275	
1196	179	4295062
3430	3999	3525	
1197	155	4876168
2998	4058	3016	
1198	162	4367575
3265	2892	3908	4143	4313	
1199	109	4879240
3929	4004	3806	3297	3072	
1200	152	4371338
3846	3672	3763	
1201	158	4374794
3583	3178	
1202	120	4887125
4314	4014	3097	4285	
1203	149	4890401
3754	3450	3139	3276	
1204	39	4381987
3319	4096	2905	
1205	53	4893740
3918	4155	3423	3339	
1206	8	4794085
3487	3501	3970	3074	
1207	181	4897067
3022	3621	3641	3343	3327	
1208	73	4900975
3877	3423	3908	
1209	149	4903990
3059	2941	3393	3015	
1210	159	4389899
3028	4271	
1211	29	4439452
3658	2998	2944	4126	
1212	148	4804435
3407	
1213	188	4440219
3411	4232	
1214	163	4808178
3397	4281	4193	3743	
1215	161	4811352
3114	3174	
1216	32	4397070
4243	3181	2939	2978	
1217	137	4814833
2948	3481	
1218	69	4907289
3299	
1219	74	4382315
3898	4302	3868	
1220	154	4872355
4303	3522	
1221	160	4443748
3667	3216	3529	
1222	57	4453627
2912	
1223	114	4440989
3213	4319	
1224	190	4911022
3042	4250	3733	
1225	49	4442708
3256	
1226	76	4914394
4255	3372	
1227	34	4389133
3020	2951	3647	3602	
1228	134	4917815
3240	3276	2914	3421	
1229	23	3929678
3566	
1230	154	4875575
4247	3220	
1231	128	4461851
2907	3969	
1232	66	4921972
3321	4004	3748	4157	
1233	135	4467046
3996	4238	2902	3859	
1234	44	4957455
3377	3743	3352	3581	3083	
1235	31	4961663
4133	3237	3932	3075	4208	
1236	151	4445275
3038	4286	
1237	184	4965044
3334	3835	3381	
1238	83	4972567
3558	3456	3923	
1239	106	4976531
3920	3775	3964	
1240	118	4531121
3641	4309	3689	3773	3457	3845	
1241	138	4449558
3269	4283	
1242	150	4980844
3826	2933	3630	3586	4313	
1243	184	4985012
3439	3592	4168	
1244	106	4989230
3598	4300	4218	
1245	146	4992805
3270	4189	3850	3070	3875	3575	
1246	124	4996106
3575	4028	3301	
1247	194	4999113
3840	3007	
1248	8	4894441
3432	3135	3096	4288	
1249	76	5002214
3189	3101	
1250	133	4528909
4282	
1251	190	5005345
2980	3271	3131	
1252	137	4897823
3473	3382	
1253	24	5008417
3476	3586	3317	4227	3072	
1254	141	4901652
3423	4270	3829	
1255	63	5044079
3935	2903	2976	3262	
1256	181	5048042
4256	3765	3409	3629	3963	
1257	156	4555706
4045	3473	4235	2933	
1258	128	4552973
4055	4086	
1259	98	5051565
3903	3753	3150	3523	
1260	66	5058293
3879	3523	4314	3128	
1261	182	5061735
3128	3442	
1262	160	4615003
3549	4086	4277	
1263	98	5065914
3704	4248	4298	4179	
1264	77	4207813
3954	4063	
1265	12	4463162
3692	
1266	134	5069980
3801	3545	3589	4066	
1267	79	5072889
3998	3867	3100	3426	3666	2909	
1268	175	4636577
3125	3055	4103	3983	
1269	116	4640215
3638	
1270	43	5076841
3582	4070	3166	3202	3952	
1271	136	5080313
3055	4104	3930	4163	3472	
1272	70	4640357
3677	3286	3780	
1273	123	4698336
4207	
1274	96	5083222
3225	3396	3859	3489	3057	2909	
1275	41	4111386
2984	3896	
1276	36	4643984
3079	4119	3198	3818	3627	
1277	60	4647422
2927	3356	4070	
1278	36	4648209
3958	3842	4083	4101	4225	
1279	10	4288394
3937	4262	
1280	100	4651448
3239	
1281	25	4700930
2880	4076	3450	2930	
1282	49	4702450
4114	
1283	26	5087210
3044	3373	3550	3113	4184	3988	
1284	185	5091040
4012	4298	2924	4174	3046	3830	
1285	91	4719471
3243	4168	3619	
1286	69	5095324
4284	
1287	127	4111781
3389	
1288	153	5130651
3934	3952	3570	2927	
1289	139	5134220
4233	4281	4291	4059	3569	
1290	102	4723204
2999	3733	
1291	178	4036030
4243	
1292	50	4722561
3566	3931	2968	
1293	83	5137346
3209	4155	3126	
1294	93	4374084
3730	2985	3041	
1295	96	5144630
3720	3138	4111	3306	4000	3684	
1296	119	4726502
3329	3906	3941	3922	
1297	184	5148050
3798	3053	3420	
1298	42	4727277
4073	
1299	168	5152063
4085	3154	3449	3960	3477	4013	
1300	73	5155863
3429	3830	3800	
1301	127	4180765
4047	
1302	122	5158818
2981	3414	4082	3967	2923	2955	
1303	168	5162281
3102	4114	4208	3355	3522	3463	
1304	97	4803316
3888	3717	4103	
1305	140	4977993
3572	2888	4205	4060	
1306	102	4806725
3676	3409	
1307	79	5165669
3440	3138	3627	2991	3860	3388	
1308	194	5168582
4130	2913	
1309	100	4803161
3949	
1310	106	5172609
3582	3680	4027	
1311	62	4810379
2906	4252	2880	3824	
1312	165	4197831
3472	
1313	165	4201099
3268	
1314	144	5176138
3529	
1315	178	4204987
3888	
1316	120	5179400
4284	4234	3287	3262	
1317	78	4985044
3264	2949	4145	3221	3191	
1318	45	4989201
3549	4174	4157	
1319	119	4810851
3102	2901	4010	3997	
1320	50	4815109
3500	4166	4258	
1321	12	4821064
4177	
1322	141	5047164
3348	3323	3963	
1323	148	5050926
3762	
1324	134	5183493
3858	2985	3313	4093	
1325	116	4814183
3332	
1326	141	5053957
3025	4286	3031	
1327	174	4211805
3873	
1328	147	4549825
4126	3823	3280	
1329	113	4215031
3226	
1330	11	5061590
3587	3542	4091	4033	
1331	8	5065711
3990	3185	4136	4121	
1332	109	5219082
3253	3686	4256	3478	3189	
1333	136	5222972
3394	3028	4250	3646	3890	
1334	172	4269285
3703	4269	
1335	104	4822792
4077	3178	3592	
1336	110	5226615
4234	3527	3924	3643	
1337	1	5234142
3809	3093	3762	3927	
1338	21	4877748
3682	4220	3359	3302	
1339	117	5237030
4102	4101	2969	2888	
1340	104	4873220
3224	3032	3142	
1341	82	4881285
3412	3150	3823	3875	3897	3537	
1342	135	4888345
3185	4125	4250	3460	
1343	37	4211115
3240	
1344	50	4889972
3234	4208	4117	
1345	122	5241112
3425	3287	3560	4149	2958	4082	
1346	45	5073233
3125	3260	4044	
1347	22	4898332
3031	4211	
1348	67	4214461
3346	
1349	93	4713646
4079	3744	4103	
1350	10	4716820
2894	3174	
1351	85	4301215
2982	3959	
1352	61	4874617
3300	4135	3800	4173	3465	
1353	79	5244794
4123	2938	3161	4072	3468	3682	
1354	17	3229969
3645	
1355	174	4273579
4294	
1356	10	4723506
2984	2886	
1357	139	5248188
3280	3514	3501	3179	3394	
1358	67	4272691
3551	
1359	121	5133864
3497	3163	
1360	89	5251106
3823	3032	3926	4190	2918	
1361	86	4371805
2990	
1362	15	4909578
4098	4141	
1363	183	5253992
3526	3812	3556	4122	4254	2886	
1364	53	5257165
3111	3423	4223	3173	
1365	151	4897212
3251	3745	
1366	44	5260285
3615	2929	3026	3028	3120	
1367	76	5263828
3932	3543	
1368	182	5267788
4115	3960	
1369	140	5149846
3354	4123	3347	3938	
1370	96	5304002
3348	4229	3713	4097	3588	3814	
1371	170	5308139
3964	3457	3441	4137	
1372	190	5311542
2902	3261	3403	
1373	152	4964645
3633	2923	4094	
1374	131	5318884
2927	3478	3742	
1375	125	4375753
3514	
1376	146	5322240
4253	4259	3417	3166	4218	3356	
1377	166	5326507
3781	3010	4267	
1378	94	4967557
3452	4162	2912	
1379	181	5329667
4312	4092	4077	3010	3160	
1380	3	4984085
4060	3966	
1381	35	5333100
2901	2967	4057	3433	
1382	192	5047317
4160	2889	3447	3717	
1383	130	5336117
3333	3897	3925	3017	
1384	138	4995877
3954	4288	
1385	108	4983284
3931	3661	3825	3617	
1386	128	4983647
3324	4188	
1387	140	5221336
3127	3019	3010	3811	
1388	130	5340346
4144	3129	3327	4229	
1389	34	4987077
3896	3173	3308	3793	
1390	129	5344412
3631	4253	3434	3306	4282	4066	
1391	147	4806501
3588	3449	3093	
1392	103	5050838
3845	3993	3228	3521	
1393	147	4810448
2887	3700	3947	
1394	176	4475425
3023	3444	
1395	9	5348509
3122	4097	
1396	57	5061898
3501	
1397	187	4993919
3536	
1398	11	5232253
2902	3386	4158	3035	
1399	125	4543836
3732	
1400	136	5352060
2904	3857	3882	2930	3551	
1401	189	5355154
3622	4309	3327	3714	3094	
1402	75	5049790
4316	4094	
1403	135	5065951
3860	3138	3052	3967	
1404	20	5239544
2951	3577	
126
54010	25924
62046	29782
77159	37036
303455	145658
690870	331617
1509972	724786
3226087	1548521
6742605	3236450
13859321	6652474
537	258
9681	4646
10880	5222
30153	14473
54364	26094
94091	45163
160483	77031
267197	128254
436917	209720
11817	5672
18437	8849
26041	12499
121338	58242
309304	148465
756911	363317
1828389	877626
4309459	2068540
9972733	4786911
28192	13532
79688	38249
93627	44940
428876	205860
1080893	518828
2615199	1255295
6183621	2968138
14303946	6865894
32542542	15620420
57566	27631
73562	35309
81776	39252
293913	141078
630148	302471
1296992	622556
2609245	1252437
5135115	2464855
9939321	4770874
26508	12723
29671	14241
47014	22566
157293	75500
321508	154323
630878	302821
1208803	580225
2266378	1087861
4179771	2006290
38794	18621
89384	42903
114264	54846
397413	190758
833605	400130
1678609	805732
3305686	1586729
6367509	3056404
12061695	5789613
3731	1791
18523	8890
21122	10138
63877	30660
122064	58590
223922	107482
400733	192351
701914	336918
1209555	580586
7356	3530
9202	4416
16135	7744
51403	24673
101696	48814
193147	92710
361919	173721
661799	317663
1188274	570371
2711	1301
13496	6478
26265	12607
96560	46348
210170	100881
439152	210792
893285	428776
1779379	854101
3488289	1674378
11073	5314
12317	5911
14943	7172
43814	21030
82017	39368
147389	70746
258384	124024
443344	212805
748389	359226
15133	7263
28971	13905
45839	22002
167099	80207
361657	173595
751434	360688
1530801	734784
3048275	1463172
5966662	2863997
12350	5927
19328	9276
22879	10981
78252	37560
162315	77911
323218	155144
628379	301621
1195448	573815
2237147	1073830
14461	6941
21701	10416
31063	14910
160238	76914
437124	209819
1144762	549485
2920340	1401763
7294323	3501275
17929012	8605925
7
15.75
9
44.5
13.5
27
26.5
15.75
127
32400	43200
46800	86400
118800	129600
133200	172800
205200	216000
219600	259200
291600	302400
306000	345600
378000	388800
392400	432000
464400	475200
478800	518400
550800	561600
565200	604800
637200	648000
651600	691200
723600	734400
738000	777600
810000	820800
824400	864000
896400	907200
910800	950400
982800	993600
997200	1036800
1069200	1080000
1083600	1123200
1155600	1166400
1170000	1209600
1242000	1252800
1256400	1296000
1328400	1339200
1342800	1382400
1414800	1425600
1429200	1468800
1501200	1512000
1515600	1555200
1587600	1598400
1602000	1641600
1674000	1684800
1688400	1728000
1760400	1771200
1774800	1814400
1846800	1857600
1861200	1900800
1933200	1944000
1947600	1987200
2019600	2030400
2034000	2073600
2106000	2116800
2120400	2160000
2192400	2203200
2206800	2246400
2278800	2289600
2293200	2332800
2365200	2376000
2379600	2419200
2451600	2462400
2466000	2505600
2538000	2548800
2552400	2592000
2624400	2635200
2638800	2678400
2710800	2721600
2725200	2764800
2797200	2808000
2811600	2851200
2883600	2894400
2898000	2937600
2970000	2980800
2984400	3024000
3056400	3067200
3070800	3110400
3142800	3153600
3157200	3196800
3229200	3240000
3243600	3283200
3315600	3326400
3330000	3369600
3402000	3412800
3416400	3456000
3488400	3499200
3502800	3542400
3574800	3585600
3589200	3628800
3661200	3672000
3675600	3715200
3747600	3758400
3762000	3801600
3834000	3844800
3848400	3888000
3920400	3931200
3934800	3974400
4006800	4017600
4021200	4060800
4093200	4104000
4107600	4147200
4179600	4190400
4194000	4233600
4266000	4276800
4280400	4320000
4352400	4363200
4366800	4406400
4438800	4449600
4453200	4492800
4525200	4536000
4539600	4579200
4611600	4622400
4626000	4665600
4698000	4708800
4712400	4752000
4784400	4795200
4798800	4838400
4870800	4881600
4885200	4924800
4957200	4968000
4971600	5011200
5043600	5054400
5058000	5097600
5130000	5140800
5144400	5184000
5216400	5227200
5230800	5270400
5302800	5313600
5317200	5356800
5389200	5400000
5403600	5443200
1000000000	2000000000
666666666666666666
333333333333333333
444444444444444444
444433444444444444
334444444444444444
444444444444444444
112222222288222222
552222222222222222
555555555555555555
555555555555555555
113333336633003333
333333333333333311
333333333377333333
666666666666666666
127
32400	43200
46800	64800
118800	129600
133200	151200
205200	216000
219600	237600
291600	302400
306000	324000
378000	388800
392400	410400
464400	475200
478800	496800
550800	561600
565200	583200
637200	648000
651600	669600
723600	734400
738000	756000
810000	820800
824400	842400
896400	907200
910800	928800
982800	993600
997200	1015200
1069200	1080000
1083600	1101600
1155600	1166400
1170000	1188000
1242000	1252800
1256400	1274400
1328400	1339200
1342800	1360800
1414800	1425600
1429200	1447200
1501200	1512000
1515600	1533600
1587600	1598400
1602000	1620000
1674000	1684800
1688400	1706400
1760400	1771200
1774800	1792800
1846800	1857600
1861200	1879200
1933200	1944000
1947600	1965600
2019600	2030400
2034000	2052000
2106000	2116800
2120400	2138400
2192400	2203200
2206800	2224800
2278800	2289600
2293200	2311200
2365200	2376000
2379600	2397600
2451600	2462400
2466000	2484000
2538000	2548800
2552400	2570400
2624400	2635200
2638800	2656800
2710800	2721600
2725200	2743200
2797200	2808000
2811600	2829600
2883600	2894400
2898000	2916000
2970000	2980800
2984400	3002400
3056400	3067200
3070800	3088800
3142800	3153600
3157200	3175200
3229200	3240000
3243600	3261600
3315600	3326400
3330000	3348000
3402000	3412800
3416400	3434400
3488400	3499200
3502800	3520800
3574800	3585600
3589200	3607200
3661200	3672000
3675600	3693600
3747600	3758400
3762000	3780000
3834000	3844800
3848400	3866400
3920400	3931200
3934800	3952800
4006800	4017600
4021200	4039200
4093200	4104000
4107600	4125600
4179600	4190400
4194000	4212000
4266000	4276800
4280400	4298400
4352400	4363200
4366800	4384800
4438800	4449600
4453200	4471200
4525200	4536000
4539600	4557600
4611600	4622400
4626000	4644000
4698000	4708800
4712400	4730400
4784400	4795200
4798800	4816800
4870800	4881600
4885200	4903200
4957200	4968000
4971600	4989600
5043600	5054400
5058000	5076000
5130000	5140800
5144400	5162400
5216400	5227200
5230800	5248800
5302800	5313600
5317200	5335200
5389200	5400000
5403600	5421600
1000000000	2000000000
666666666666666666
333333333333333333
444444444444444444
444433444444444444
334444444444444444
444444444444444444
112222222288222222
552222222222222222
555555555555555555
555555555555555555
113333336633003333
333333333333333311
333333333377333333
666666666666666666
127
32400	43200
46800	72000
118800	129600
133200	158400
205200	216000
219600	244800
291600	302400
306000	331200
378000	388800
392400	417600
464400	475200
478800	504000
550800	561600
565200	590400
637200	648000
651600	676800
723600	734400
738000	763200
810000	820800
824400	849600
896400	907200
910800	936000
982800	993600
997200	1022400
1069200	1080000
1083600	1108800
1155600	1166400
1170000	1195200
1242000	1252800
1256400	1281600
1328400	1339200
1342800	1368000
1414800	1425600
1429200	1454400
1501200	1512000
1515600	1540800
1587600	1598400
1602000	1627200
1674000	1684800
1688400	1713600
1760400	1771200
1774800	1800000
1846800	1857600
1861200	1886400
1933200	1944000
1947600	1972800
2019600	2030400
2034000	2059200
2106000	2116800
2120400	2145600
2192400	2203200
2206800	2232000
2278800	2289600
2293200	2318400
2365200	2376000
2379600	2404800
2451600	2462400
2466000	2491200
2538000	2548800
2552400	2577600
2624400	2635200
2638800	2664000
2710800	2721600
2725200	2750400
2797200	2808000
2811600	2836800
2883600	2894400
2898000	2923200
2970000	2980800
2984400	3009600
3056400	3067200
3070800	3096000
3142800	3153600
3157200	3182400
3229200	3240000
3243600	3268800
3315600	3326400
3330000	3355200
3402000	3412800
3416400	3441600
3488400	3499200
3502800	3528000
3574800	3585600
3589200	3614400
3661200	3672000
3675600	3700800
3747600	3758400
3762000	3787200
3834000	3844800
3848400	3873600
3920400	3931200
3934800	3960000
4006800	4017600
4021200	4046400
4093200	4104000
4107600	4132800
4179600	4190400
4194000	4219200
4266000	4276800
4280400	4305600
4352400	4363200
4366800	4392000
4438800	4449600
4453200	4478400
4525200	4536000
4539600	4564800
4611600	4622400
4626000	4651200
4698000	4708800
4712400	4737600
4784400	4795200
4798800	4824000
4870800	4881600
4885200	4910400
4957200	4968000
4971600	4996800
5043600	5054400
5058000	5083200
5130000	5140800
5144400	5169600
5216400	5227200
5230800	5256000
5302800	5313600
5317200	5342400
5389200	5400000
5403600	5428800
1000000000	2000000000
666666666666666666
333333333333333333
444444444444444444
444433444444444444
334444444444444444
444444444444444444
112222222288222222
552222222222222222
555555555555555555
555555555555555555
113333336633003333
333333333333333311
333333333377333333
666666666666666666
127
32400	43200
46800	72000
118800	129600
133200	158400
205200	216000
219600	244800
291600	302400
306000	331200
378000	388800
392400	417600
464400	475200
478800	504000
550800	561600
565200	590400
637200	648000
651600	676800
723600	734400
738000	763200
810000	820800
824400	849600
896400	907200
910800	936000
982800	993600
997200	1022400
1069200	1080000
1083600	1108800
1155600	1166400
1170000	1195200
1242000	1252800
1256400	1274400
1328400	1339200
1342800	1360800
1414800	1425600
1429200	1447200
1501200	1512000
1515600	1533600
1587600	1598400
1602000	1620000
1674000	1684800
1688400	1706400
1760400	1771200
1774800	1792800
1846800	1857600
1861200	1886400
1933200	1944000
1947600	1972800
2019600	2030400
2034000	2059200
2106000	2116800
2120400	2145600
2192400	2203200
2206800	2232000
2278800	2289600
2293200	2318400
2365200	2376000
2379600	2404800
2451600	2462400
2466000	2491200
2538000	2548800
2552400	2577600
2624400	2635200
2638800	2664000
2710800	2721600
2725200	2750400
2797200	2808000
2811600	2836800
2883600	2894400
2898000	2923200
2970000	2980800
2984400	3009600
3056400	3067200
3070800	3096000
3142800	3153600
3157200	3182400
3229200	3240000
3243600	3268800
3315600	3326400
3330000	3355200
3402000	3412800
3416400	3441600
3488400	3499200
3502800	3528000
3574800	3585600
3589200	3614400
3661200	3672000
3675600	3700800
3747600	3758400
3762000	3787200
3834000	3844800
3848400	3873600
3920400	3931200
3934800	3960000
4006800	4017600
4021200	4046400
4093200	4104000
4107600	4132800
4179600	4190400
4194000	4219200
4266000	4276800
4280400	4305600
4352400	4363200
4366800	4392000
4438800	4449600
4453200	4478400
4525200	4536000
4539600	4564800
4611600	4622400
4626000	4651200
4698000	4708800
4712400	4737600
4784400	4795200
4798800	4824000
4870800	4881600
4885200	4910400
4957200	4968000
4971600	4996800
5043600	5054400
5058000	5083200
5130000	5140800
5144400	5169600
5216400	5227200
5230800	5256000
5302800	5313600
5317200	5342400
5389200	5400000
5403600	5428800
1000000000	2000000000
666666666666666666
333333333333333333
444444444444444444
444433444444444444
334444444444444444
444444444444444444
112222222288222222
552222222222222222
555555555555555555
555555555555555555
113333336633003333
333333333333333311
333333333377333333
666666666666666666
127
32400	43200
46800	64800
118800	129600
133200	151200
205200	216000
219600	237600
291600	302400
306000	324000
378000	388800
392400	410400
464400	475200
478800	496800
550800	561600
565200	583200
637200	648000
651600	676800
723600	734400
738000	763200
810000	820800
824400	849600
896400	907200
910800	936000
982800	993600
997200	1022400
1069200	1080000
1083600	1108800
1155600	1166400
1170000	1195200
1242000	1252800
1256400	1281600
1328400	1339200
1342800	1368000
1414800	1425600
1429200	1454400
1501200	1512000
1515600	1540800
1587600	1598400
1602000	1627200
1674000	1684800
1688400	1713600
1760400	1771200
1774800	1800000
1846800	1857600
1861200	1886400
1933200	1944000
1947600	1972800
2019600	2030400
2034000	2059200
2106000	2116800
2120400	2145600
2192400	2203200
2206800	2232000
2278800	2289600
2293200	2318400
2365200	2376000
2379600	2404800
2451600	2462400
2466000	2491200
2538000	2548800
2552400	2577600
2624400	2635200
2638800	2664000
2710800	2721600
2725200	2750400
2797200	2808000
2811600	2836800
2883600	2894400
2898000	2923200
2970000	2980800
2984400	3009600
3056400	3067200
3070800	3096000
3142800	3153600
3157200	3182400
3229200	3240000
3243600	3268800
3315600	3326400
3330000	3355200
3402000	3412800
3416400	3441600
3488400	3499200
3502800	3528000
3574800	3585600
3589200	3614400
3661200	3672000
3675600	3700800
3747600	3758400
3762000	3787200
3834000	3844800
3848400	3873600
3920400	3931200
3934800	3960000
4006800	4017600
4021200	4046400
4093200	4104000
4107600	4132800
4179600	4190400
4194000	4219200
4266000	4276800
4280400	4305600
4352400	4363200
4366800	4392000
4438800	4449600
4453200	4478400
4525200	4536000
4539600	4564800
4611600	4622400
4626000	4651200
4698000	4708800
4712400	4737600
4784400	4795200
4798800	4824000
4870800	4881600
4885200	4910400
4957200	4968000
4971600	4996800
5043600	5054400
5058000	5083200
5130000	5140800
5144400	5169600
5216400	5227200
5230800	5256000
5302800	5313600
5317200	5342400
5389200	5400000
5403600	5428800
1000000000	2000000000
666666666666666666
333333333333333333
444444444444444444
444433444444444444
334444444444444444
444444444444444444
112222222288222222
552222222222222222
555555555555555555
555555555555555555
113333336633003333
333333333333333311
333333333377333333
666666666666666666
127
32400	43200
46800	72000
118800	129600
133200	158400
205200	216000
219600	244800
291600	302400
306000	331200
378000	388800
392400	417600
464400	475200
478800	504000
550800	561600
565200	590400
637200	648000
651600	676800
723600	734400
738000	763200
810000	820800
824400	849600
896400	907200
910800	936000
982800	993600
997200	1022400
1069200	1080000
1083600	1108800
1155600	1166400
1170000	1195200
1242000	1252800
1256400	1281600
1328400	1339200
1342800	1368000
1414800	1425600
1429200	1454400
1501200	1512000
1515600	1540800
1587600	1598400
1602000	1627200
1674000	1684800
1688400	1713600
1760400	1771200
1774800	1800000
1846800	1857600
1861200	1886400
1933200	1944000
1947600	1972800
2019600	2030400
2034000	2059200
2106000	2116800
2120400	2145600
2192400	2203200
2206800	2232000
2278800	2289600
2293200	2318400
2365200	2376000
2379600	2404800
2451600	2462400
2466000	2491200
2538000	2548800
2552400	2577600
2624400	2635200
2638800	2664000
2710800	2721600
2725200	2750400
2797200	2808000
2811600	2836800
2883600	2894400
2898000	2923200
2970000	2980800
2984400	3009600
3056400	3067200
3070800	3096000
3142800	3153600
3157200	3182400
3229200	3240000
3243600	3268800
3315600	3326400
3330000	3355200
3402000	3412800
3416400	3441600
3488400	3499200
3502800	3528000
3574800	3585600
3589200	3614400
3661200	3672000
3675600	3700800
3747600	3758400
3762000	3787200
3834000	3844800
3848400	3873600
3920400	3931200
3934800	3960000
4006800	4017600
4021200	4046400
4093200	4104000
4107600	4132800
4179600	4190400
4194000	4219200
4266000	4276800
4280400	4305600
4352400	4363200
4366800	4392000
4438800	4449600
4453200	4478400
4525200	4536000
4539600	4564800
4611600	4622400
4626000	4651200
4698000	4708800
4712400	4737600
4784400	4795200
4798800	4824000
4870800	4881600
4885200	4910400
4957200	4968000
4971600	4996800
5043600	5054400
5058000	5083200
5130000	5140800
5144400	5169600
5216400	5227200
5230800	5256000
5302800	5313600
5317200	5342400
5389200	5400000
5403600	5428800
1000000000	2000000000
666666666666666666
333333333333333333
444444444444444444
444433444444444444
334444444444444444
444444444444444444
112222222288222222
552222222222222222
555555555555555555
555555555555555555
113333336633003333
333333333333333311
333333333377333333
666666666666666666
71
32400	43200
118800	129600
205200	216000
291600	302400
378000	388800
464400	475200
550800	561600
651600	669600
738000	756000
824400	842400
910800	928800
997200	1015200
1083600	1101600
1170000	1188000
1256400	1274400
1342800	1360800
1429200	1447200
1515600	1533600
1602000	1620000
1688400	1706400
1774800	1792800
1861200	1879200
1947600	1965600
2034000	2052000
2120400	2138400
2206800	2224800
2293200	2311200
2379600	2397600
2466000	2484000
2552400	2570400
2638800	2656800
2725200	2743200
2811600	2829600
2898000	2916000
2984400	3002400
3056400	3067200
3070800	3124800
3142800	3153600
3157200	3211200
3229200	3240000
3243600	3297600
3315600	3326400
3330000	3384000
3402000	3412800
3416400	3470400
3488400	3499200
3502800	3556800
3574800	3585600
3589200	3643200
3675600	3693600
3762000	3780000
3848400	3866400
3934800	3952800
4021200	4039200
4107600	4125600
4194000	4212000
4280400	4298400
4366800	4384800
4453200	4471200
4539600	4557600
4626000	4644000
4712400	4730400
4798800	4816800
4885200	4903200
4971600	4989600
5058000	5076000
5144400	5162400
5230800	5248800
5317200	5335200
5403600	5421600
1000000000	2000000000
666666666666666666
333333333333333333
444444444444444444
444433444444444444
334444444444444444
444444444444444444
112222222288222222
552222222222222222
555555555555555555
555555555555555555
113333336633003333
333333333333333311
333333333377333333
666666666666666666
71
32400	43200
46800	79200
118800	129600
133200	165600
205200	216000
219600	252000
291600	302400
306000	338400
378000	388800
392400	424800
464400	475200
478800	511200
550800	561600
565200	597600
651600	669600
738000	756000
824400	842400
910800	928800
997200	1015200
1083600	1101600
1170000	1188000
1256400	1274400
1342800	1360800
1429200	1447200
1515600	1533600
1602000	1620000
1688400	1706400
1774800	1792800
1861200	1879200
1947600	1965600
2034000	2052000
2120400	2138400
2206800	2224800
2293200	2311200
2379600	2397600
2466000	2484000
2552400	2570400
2638800	2656800
2725200	2743200
2811600	2829600
2898000	2916000
2984400	3002400
3070800	3088800
3157200	3175200
3243600	3261600
3330000	3348000
3416400	3434400
3502800	3520800
3589200	3607200
3675600	3693600
3762000	3780000
3848400	3866400
3934800	3952800
4021200	4039200
4107600	4125600
4194000	4212000
4280400	4298400
4366800	4384800
4453200	4471200
4539600	4557600
4626000	4644000
4712400	4730400
4798800	4816800
4885200	4903200
4971600	4989600
5058000	5076000
5144400	5162400
5230800	5248800
5317200	5335200
5403600	5421600
1000000000	2000000000
666666666666666666
333333333333333333
444444444444444444
444433444444444444
334444444444444444
444444444444444444
112222222288222222
552222222222222222
555555555555555555
555555555555555555
113333336633003333
333333333333333311
333333333377333333
666666666666666666
127
32400	43200
46800	79200
118800	129600
133200	165600
205200	216000
219600	252000
291600	302400
306000	338400
378000	388800
392400	424800
464400	475200
478800	511200
550800	561600
565200	597600
637200	648000
651600	684000
723600	734400
738000	770400
810000	820800
824400	856800
896400	907200
910800	943200
982800	993600
997200	1029600
1069200	1080000
1083600	1116000
1155600	1166400
1170000	1202400
1242000	1252800
1256400	1288800
1328400	1339200
1342800	1375200
1414800	1425600
1429200	1461600
1501200	1512000
1515600	1548000
1587600	1598400
1602000	1634400
1674000	1684800
1688400	1720800
1760400	1771200
1774800	1807200
1846800	1857600
1861200	1893600
1933200	1944000
1947600	1980000
2019600	2030400
2034000	2066400
2106000	2116800
2120400	2152800
2192400	2203200
2206800	2239200
2278800	2289600
2293200	2325600
2365200	2376000
2379600	2412000
2451600	2462400
2466000	2498400
2538000	2548800
2552400	2584800
2624400	2635200
2638800	2671200
2710800	2721600
2725200	2757600
2797200	2808000
2811600	2844000
2883600	2894400
2898000	2930400
2970000	2980800
2984400	3016800
3056400	3067200
3070800	3103200
3142800	3153600
3157200	3189600
3229200	3240000
3243600	3276000
3315600	3326400
3330000	3362400
3402000	3412800
3416400	3448800
3488400	3499200
3502800	3535200
3574800	3585600
3589200	3621600
3661200	3672000
3675600	3708000
3747600	3758400
3762000	3794400
3834000	3844800
3848400	3880800
3920400	3931200
3934800	3967200
4006800	4017600
4021200	4053600
4093200	4104000
4107600	4140000
4179600	4190400
4194000	4226400
4266000	4276800
4280400	4312800
4352400	4363200
4366800	4399200
4438800	4449600
4453200	4485600
4525200	4536000
4539600	4572000
4611600	4622400
4626000	4658400
4698000	4708800
4712400	4744800
4784400	4795200
4798800	4831200
4870800	4881600
4885200	4917600
4957200	4968000
4971600	5004000
5043600	5054400
5058000	5090400
5130000	5140800
5144400	5176800
5216400	5227200
5230800	5263200
5302800	5313600
5317200	5349600
5389200	5400000
5403600	5436000
1000000000	2000000000
666666666666666666
333333333333333333
444444444444444444
444433444444444444
334444444444444444
444444444444444444
112222222288222222
552222222222222222
555555555555555555
555555555555555555
113333336633003333
333333333333333311
333333333377333333
666666666666666666
127
32400	43200
46800	79200
118800	129600
133200	165600
205200	216000
219600	252000
291600	302400
306000	338400
378000	388800
392400	424800
464400	475200
478800	511200
550800	561600
565200	597600
637200	648000
651600	684000
723600	734400
738000	770400
810000	820800
824400	856800
896400	907200
910800	943200
982800	993600
997200	1029600
1069200	1080000
1083600	1116000
1155600	1166400
1170000	1202400
1242000	1252800
1256400	1288800
1328400	1339200
1342800	1375200
1414800	1425600
1429200	1461600
1501200	1512000
1515600	1548000
1587600	1598400
1602000	1634400
1674000	1684800
1688400	1720800
1760400	1771200
1774800	1807200
1846800	1857600
1861200	1893600
1933200	1944000
1947600	1980000
2019600	2030400
2034000	2066400
2106000	2116800
2120400	2152800
2192400	2203200
2206800	2239200
2278800	2289600
2293200	2325600
2365200	2376000
2379600	2412000
2451600	2462400
2466000	2498400
2538000	2548800
2552400	2584800
2624400	2635200
2638800	2671200
2710800	2721600
2725200	2757600
2797200	2808000
2811600	2844000
2883600	2894400
2898000	2930400
2970000	2980800
2984400	3016800
3056400	3067200
3070800	3103200
3142800	3153600
3157200	3189600
3229200	3240000
3243600	3276000
3315600	3326400
3330000	3362400
3402000	3412800
3416400	3448800
3488400	3499200
3502800	3535200
3574800	3585600
3589200	3621600
3661200	3672000
3675600	3708000
3747600	3758400
3762000	3794400
3834000	3844800
3848400	3880800
3920400	3931200
3934800	3967200
4006800	4017600
4021200	4053600
4093200	4104000
4107600	4140000
4179600	4190400
4194000	4226400
4266000	4276800
4280400	4312800
4352400	4363200
4366800	4399200
4438800	4449600
4453200	4485600
4525200	4536000
4539600	4572000
4611600	4622400
4626000	4658400
4698000	4708800
4712400	4744800
4784400	4795200
4798800	4831200
4870800	4881600
4885200	4917600
4957200	4968000
4971600	5004000
5043600	5054400
5058000	5090400
5130000	5140800
5144400	5176800
5216400	5227200
5230800	5263200
5302800	5313600
5317200	5349600
5389200	5400000
5403600	5436000
1000000000	2000000000
666666666666666666
333333333333333333
444444444444444444
444433444444444444
334444444444444444
444444444444444444
112222222288222222
552222222222222222
555555555555555555
555555555555555555
113333336633003333
333333333333333311
333333333377333333
666666666666666666
113
32400	43200
118800	129600
205200	216000
291600	302400
378000	388800
464400	475200
550800	561600
637200	648000
651600	669600
723600	734400
738000	756000
810000	820800
824400	842400
896400	907200
910800	928800
982800	993600
997200	1015200
1069200	1080000
1083600	1101600
1155600	1166400
1170000	1188000
1242000	1252800
1256400	1274400
1328400	1339200
1342800	1360800
1414800	1425600
1429200	1447200
1501200	1512000
1515600	1533600
1587600	1598400
1602000	1620000
1674000	1684800
1688400	1706400
1760400	1771200
1774800	1792800
1846800	1857600
1861200	1879200
1933200	1944000
1947600	1965600
2019600	2030400
2034000	2052000
2106000	2116800
2120400	2138400
2192400	2203200
2206800	2224800
2278800	2289600
2293200	2311200
2365200	2376000
2379600	2397600
2451600	2462400
2466000	2505600
2538000	2548800
2552400	2592000
2624400	2635200
2638800	2678400
2710800	2721600
2725200	2764800
2797200	2808000
2811600	2851200
2883600	2894400
2898000	2937600
2970000	2980800
2984400	3024000
3056400	3067200
3070800	3088800
3142800	3153600
3157200	3175200
3229200	3240000
3243600	3261600
3315600	3326400
3330000	3348000
3402000	3412800
3416400	3434400
3488400	3499200
3502800	3520800
3574800	3585600
3589200	3607200
3628800	3628800
3715200	3715200
3801600	3801600
3888000	3888000
3974400	3974400
4060800	4060800
4147200	4147200
4266000	4276800
4280400	4298400
4352400	4363200
4366800	4384800
4438800	4449600
4453200	4471200
4525200	4536000
4539600	4557600
4611600	4622400
4626000	4644000
4698000	4708800
4712400	4730400
4784400	4795200
4798800	4816800
4870800	4881600
4885200	4903200
4957200	4968000
4971600	4989600
5043600	5054400
5058000	5076000
5130000	5140800
5144400	5162400
5216400	5227200
5230800	5248800
5302800	5313600
5317200	5335200
5389200	5400000
5403600	5421600
1000000000	2000000000
666666666666666666
333333333333333333
444444444444444444
444433444444444444
334444444444444444
444444444444444444
112222222288222222
552222222222222222
555555555555555555
555555555555555555
113333336633003333
333333333333333311
333333333377333333
666666666666666666
120
32400	43200
46800	64800
118800	129600
133200	151200
205200	216000
219600	237600
291600	302400
306000	324000
378000	388800
392400	410400
464400	475200
478800	496800
550800	561600
565200	583200
637200	648000
651600	669600
723600	734400
738000	756000
810000	820800
824400	842400
896400	907200
910800	928800
982800	993600
997200	1015200
1069200	1080000
1083600	1101600
1155600	1166400
1170000	1188000
1242000	1252800
1256400	1274400
1328400	1339200
1342800	1360800
1414800	1425600
1429200	1447200
1501200	1512000
1515600	1533600
1587600	1598400
1602000	1620000
1674000	1684800
1688400	1706400
1760400	1771200
1774800	1792800
1846800	1857600
1861200	1879200
1933200	1944000
1947600	1965600
2019600	2030400
2034000	2052000
2106000	2116800
2120400	2138400
2192400	2203200
2206800	2224800
2278800	2289600
2293200	2311200
2365200	2376000
2379600	2397600
2451600	2462400
2466000	2484000
2538000	2548800
2552400	2570400
2624400	2635200
2638800	2656800
2710800	2721600
2725200	2743200
2797200	2808000
2811600	2829600
2883600	2894400
2898000	2916000
2970000	2980800
2984400	3002400
3056400	3067200
3070800	3088800
3142800	3153600
3157200	3175200
3229200	3240000
3243600	3261600
3315600	3326400
3330000	3348000
3402000	3412800
3416400	3434400
3488400	3499200
3502800	3520800
3574800	3585600
3589200	3607200
3661200	3672000
3675600	3693600
3747600	3758400
3762000	3780000
3834000	3844800
3848400	3866400
3920400	3931200
3934800	3952800
4006800	4017600
4021200	4039200
4093200	4104000
4107600	4125600
4179600	4190400
4194000	4212000
4266000	4276800
4280400	4298400
4352400	4363200
4366800	4384800
4438800	4449600
4453200	4471200
4525200	4536000
4539600	4557600
4611600	4622400
4626000	4644000
4698000	4708800
4712400	4730400
4784400	4795200
4798800	4816800
4870800	4881600
4957200	4968000
5043600	5054400
5130000	5140800
5216400	5227200
5302800	5313600
5389200	5400000
1000000000	2000000000
666666666666666666
333333333333333333
444444444444444444
444433444444444444
334444444444444444
444444444444444444
112222222288222222
552222222222222222
555555555555555555
555555555555555555
113333336633003333
333333333333333311
333333333377333333
666666666666666666
127
32400	43200
46800	64800
118800	129600
133200	151200
205200	216000
219600	237600
291600	302400
306000	324000
378000	388800
392400	410400
464400	475200
478800	496800
550800	561600
565200	583200
637200	648000
651600	669600
723600	734400
738000	756000
810000	820800
824400	842400
896400	907200
910800	928800
982800	993600
997200	1015200
1069200	1080000
1083600	1101600
1155600	1166400
1170000	1188000
1242000	1252800
1256400	1274400
1328400	1339200
1342800	1360800
1414800	1425600
1429200	1447200
1501200	1512000
1515600	1533600
1587600	1598400
1602000	1620000
1674000	1684800
1688400	1706400
1760400	1771200
1774800	1792800
1846800	1857600
1861200	1879200
1933200	1944000
1947600	1965600
2019600	2030400
2034000	2052000
2106000	2116800
2120400	2138400
2192400	2203200
2206800	2224800
2278800	2289600
2293200	2311200
2365200	2376000
2379600	2397600
2451600	2462400
2466000	2484000
2538000	2548800
2552400	2570400
2624400	2635200
2638800	2656800
2710800	2721600
2725200	2743200
2797200	2808000
2811600	2829600
2883600	2894400
2898000	2916000
2970000	2980800
2984400	3002400
3056400	3067200
3070800	3117600
3142800	3153600
3157200	3204000
3229200	3240000
3243600	3290400
3315600	3326400
3330000	3376800
3402000	3412800
3416400	3463200
3488400	3499200
3502800	3549600
3574800	3585600
3589200	3636000
3661200	3672000
3675600	3693600
3747600	3758400
3762000	3780000
3834000	3844800
3848400	3866400
3920400	3931200
3934800	3952800
4006800	4017600
4021200	4039200
4093200	4104000
4107600	4125600
4179600	4190400
4194000	4212000
4266000	4276800
4280400	4298400
4352400	4363200
4366800	4384800
4438800	4449600
4453200	4471200
4525200	4536000
4539600	4557600
4611600	4622400
4626000	4644000
4698000	4708800
4712400	4730400
4784400	4795200
4798800	4816800
4870800	4881600
4885200	4903200
4957200	4968000
4971600	4989600
5043600	5054400
5058000	5076000
5130000	5140800
5144400	5162400
5216400	5227200
5230800	5248800
5302800	5313600
5317200	5335200
5389200	5400000
5403600	5421600
1000000000	2000000000
666666666666666666
333333333333333333
444444444444444444
444433444444444444
334444444444444444
444444444444444444
112222222288222222
552222222222222222
555555555555555555
555555555555555555
113333336633003333
333333333333333311
333333333377333333
666666666666666666
127
32400	43200
46800	86400
118800	129600
133200	172800
205200	216000
219600	259200
291600	302400
306000	345600
378000	388800
392400	432000
464400	475200
478800	518400
550800	561600
565200	604800
637200	648000
651600	691200
723600	734400
738000	777600
810000	820800
824400	864000
896400	907200
910800	950400
982800	993600
997200	1036800
1069200	1080000
1083600	1123200
1155600	1166400
1170000	1209600
1242000	1252800
1256400	1296000
1328400	1339200
1342800	1382400
1414800	1425600
1429200	1468800
1501200	1512000
1515600	1555200
1587600	1598400
1602000	1641600
1674000	1684800
1688400	1728000
1760400	1771200
1774800	1814400
1846800	1857600
1861200	1900800
1933200	1944000
1947600	1987200
2019600	2030400
2034000	2073600
2106000	2116800
2120400	2160000
2192400	2203200
2206800	2246400
2278800	2289600
2293200	2332800
2365200	2376000
2379600	2419200
2451600	2462400
2466000	2505600
2538000	2548800
2552400	2592000
2624400	2635200
2638800	2678400
2710800	2721600
2725200	2764800
2797200	2808000
2811600	2851200
2883600	2894400
2898000	2937600
2970000	2980800
2984400	3024000
3056400	3067200
3070800	3110400
3142800	3153600
3157200	3196800
3229200	3240000
3243600	3283200
3315600	3326400
3330000	3369600
3402000	3412800
3416400	3456000
3488400	3499200
3502800	3542400
3574800	3585600
3589200	3628800
3661200	3672000
3675600	3715200
3747600	3758400
3762000	3801600
3834000	3844800
3848400	3888000
3920400	3931200
3934800	3974400
4006800	4017600
4021200	4060800
4093200	4104000
4107600	4147200
4179600	4190400
4194000	4233600
4266000	4276800
4280400	4320000
4352400	4363200
4366800	4406400
4438800	4449600
4453200	4492800
4525200	4536000
4539600	4579200
4611600	4622400
4626000	4665600
4698000	4708800
4712400	4752000
4784400	4795200
4798800	4838400
4870800	4881600
4885200	4924800
4957200	4968000
4971600	5011200
5043600	5054400
5058000	5097600
5130000	5140800
5144400	5184000
5216400	5227200
5230800	5270400
5302800	5313600
5317200	5356800
5389200	5400000
5403600	5443200
1000000000	2000000000
666666666666666666
333333333333333333
444444444444444444
444433444444444444
334444444444444444
444444444444444444
112222222288222222
552222222222222222
555555555555555555
555555555555555555
113333336633003333
333333333333333311
333333333377333333
666666666666666666
0.48
