12
4
300
44
0	7
2880	4320
0	1	2	5	9	10	12	
1	6
2880	4320
2	8	9	11	12	13	
2	6
2880	4320
0	1	2	10	12	13	
3	3
2880	4320
0	1	2	
4	1
2880	4320
5	
5	4
2880	4320
0	1	4	10	
6	1
2880	4320
4	
7	3
2880	4320
0	6	9	
8	7
2880	4320
1	2	4	9	10	12	13	
9	2
2880	4320
0	5	
10	2
2880	4320
0	8	
11	2
2880	4320
1	11	
12	3
2880	4320
1	3	12	
13	6
2880	4320
0	2	3	9	11	13	
14	6
2880	4320
0	2	3	11	12	13	
15	2
2880	4320
6	9	
16	6
2880	4320
2	3	9	10	12	13	
17	4
2880	4320
0	2	5	10	
18	1
2880	4320
10	
19	7
2880	4320
0	1	2	5	9	11	12	
20	4
2880	4320
8	9	10	12	
21	4
2880	4320
7	9	11	13	
22	5
2880	4320
0	7	9	12	13	
23	5
2880	4320
0	1	2	8	13	
24	4
2880	4320
1	8	11	12	
25	5
2880	4320
3	9	11	12	13	
26	3
2880	4320
0	2	9	
27	5
2880	4320
0	1	7	9	12	
28	1
2880	4320
7	
29	1
2880	4320
5	
30	5
2880	4320
0	2	4	9	11	
31	4
2880	4320
0	2	7	12	
32	7
2880	4320
0	2	3	9	11	12	13	
33	1
2880	4320
10	
34	6
2880	4320
2	8	9	10	12	13	
35	4
2880	4320
1	2	11	12	
36	1
2880	4320
13	
37	5
2880	4320
0	2	8	10	13	
38	1
2880	4320
9	
39	7
2880	4320
0	1	2	6	9	11	12	
40	6
2880	4320
0	1	2	5	11	13	
41	5
2880	4320
0	9	10	12	13	
42	4
2880	4320
2	4	9	11	
43	7
2880	4320
0	2	5	9	10	12	13	
14
0
0	1	2	970	1027
1.23649	0.311241	0.627323
0.619034	0.142379	0.614329	0.751215	0.288342	0.912708	0.451035	0.934547	0.860783	
1
1	1	2	942	982
1.44872	0.237628	0.82665
0.996736	0.696825	0.455815	0.770165	0.736224	0.570514	0.652313	0.705501	0.187687	
2
2	1	3	865	887
1.46471	0.844791	0.848533
0.743963	0.200338	0.966724	0.502084	0.259829	0.125111	0.824202	0.249834	0.8146	
3
3	1	1	956	979
1.40703	0.25141	0.656186
0.8716	0.840015	0.195777	0.620391	0.390786	0.725218	0.730758	0.229663	0.715497	
4
3	1	5	840	841
1.31862	0.387392	0.814019
0.453472	0.424238	0.57218	0.145641	0.163315	0.511428	0.276198	0.760341	0.240213	
5
3	1	2	982	1000
1.45326	0.0844222	0.519406
0.484659	0.44866	0.866631	0.399449	0.18903	0.0358976	0.221863	0.819262	0.619781	
6
3	1	2	1060	1071
1.32661	0.10434	0.570605
0.712663	0.403503	0.253779	0.875378	0.936943	0.946858	0.558322	0.723811	0.763957	
7
3	1	1	1149	1154
1.11492	0.496413	0.664656
0.2209	0.300525	0.192734	0.438967	0.149361	0.176326	0.489972	0.0578351	0.151722	
8
3	1	1	802	864
1.45416	0.41246	0.564213
0.623485	0.598668	0.695902	0.124752	0.709125	0.785336	0.517191	0.22094	0.532346	
9
4	1	2	1065	1065
1.34583	0.575628	0.969011
0.181311	0.779906	0.160104	0.318	0.0128067	0.715766	0.345053	0.401871	0.40753	
10
5	1	3	900	970
1.13439	0.251294	0.673403
0.105903	0.156769	0.533294	0.628609	0.0438961	0.975809	0.216045	0.266865	0.240057	
11
5	1	2	1060	1190
1.2544	0.0796681	0.53455
0.262456	0.711266	0.169604	0.897118	0.669016	0.364713	0.236385	0.975146	0.898398	
12
6	1	1	1063	1163
1.1547	0.619111	0.623467
0.124153	0.748347	0.559141	0.534948	0.259172	0.967026	0.304793	0.783121	0.292953	
13
7	1	1	1738	1802
1.28343	0.070711	0.607977
0.179327	0.655327	0.292372	0.195808	0.879297	0.298464	0.840014	0.523309	0.336374	
1100
0	35	50720
3421	2882	3381	2971	
1	3	54083
3094	3024	3862	
2	37	58408
4206	4304	3328	3201	3222	
3	8	63056
3085	3257	3322	4262	4110	3183	3590	
4	8	137748
3850	3945	3015	3591	4140	3159	3567	
5	38	123385
3645	
6	34	141679
3517	4316	3929	4201	3748	3886	
7	27	144805
4280	3865	3293	3081	3264	
8	26	137456
2988	2954	3461	
9	27	148805
3397	3451	4052	3723	4000	
10	0	153104
3734	3457	3293	3470	4049	3830	4299	
11	39	156862
3698	4129	3823	4294	3839	4023	3758	
12	2	208085
4000	3531	2952	3166	4197	2885	
13	5	220614
3306	3879	3987	3677	
14	26	152299
3913	3924	3232	
15	21	222961
3876	3324	3110	3361	
16	0	224438
3588	3122	3022	3531	4286	3824	3512	
17	18	227806
3368	
18	34	231391
4314	3222	3358	3367	2980	3198	
19	32	234623
3576	3837	3468	3050	3848	3450	3105	
20	28	144103
3861	
21	23	291873
3702	3221	3719	3166	3250	
22	25	295843
3393	3208	3164	4125	3970	
23	42	307003
2997	3093	4318	3199	
24	27	242262
2926	3075	3971	3659	3280	
25	20	309892
3646	3935	3198	3892	
26	30	310571
3332	2909	3395	4091	3568	
27	1	314785
3574	3621	3392	4011	4113	4214	
28	9	226052
4028	3128	
29	5	313052
3477	4131	4228	3854	
30	22	318917
3027	3949	3336	3620	4132	
31	30	318838
3381	2941	3059	3878	4256	
32	4	229717
3665	
33	33	316616
3564	
34	30	321986
4081	3808	3609	4072	3148	
35	24	393915
3966	2902	3318	3853	
36	28	236608
3053	
37	27	397424
3975	3549	3948	3158	3509	
38	22	401146
3691	3610	2977	3706	3722	
39	16	404466
3998	3298	3387	3078	3336	3171	
40	9	234162
3414	3562	
41	40	407624
3764	3972	4048	3769	3188	3158	
42	18	395580
3331	
43	2	464593
3757	3995	4253	3291	3194	2969	
44	18	403034
4163	
45	26	327611
3596	4139	3762	
46	30	399952
3103	2997	3546	3870	3060	
47	16	468445
3832	2890	3269	3730	4310	3852	
48	17	409884
4057	4199	3592	3120	
49	7	386275
3897	3537	4196	
50	27	415323
3037	3377	3796	3856	3353	
51	40	472110
3687	3461	4062	2993	3973	3665	
52	12	419536
4049	4193	4213	
53	41	482500
3665	3638	3623	4313	3032	
54	31	485682
3366	3601	4001	3183	
55	14	489597
2958	3624	3252	3390	3915	3049	
56	26	401070
4046	3556	3701	
57	8	493015
4192	2905	3076	4164	3933	3120	3418	
58	3	403848
4128	3646	3159	
59	7	408266
3302	3160	3032	
60	34	495962
3365	3322	3968	3784	2998	2947	
61	37	553059
4093	3470	3660	3968	3097	
62	21	556242
3728	2955	3405	3183	
63	41	565386
4279	3309	3335	3262	3320	
64	6	404100
3727	
65	43	569578
3256	3241	3165	3203	4028	3708	3931	
66	15	471096
2881	3493	
67	4	468223
3016	
68	23	573614
3257	2984	3736	4211	4036	
69	24	572337
3500	4218	4256	2982	
70	26	486408
3065	3872	3440	
71	24	576272
4233	2920	3097	3935	
72	32	580154
3456	4117	3224	4056	3984	2953	3882	
73	37	637786
3278	3356	4191	4319	3632	
74	2	640975
3112	3002	4156	4238	2995	3189	
75	7	494743
3737	2909	3386	
76	30	569054
3748	3023	3210	3123	3854	
77	15	557081
3259	3071	
78	37	644130
4094	3968	4006	3771	3155	
79	40	651930
3188	3640	3432	3679	3103	4200	
80	15	560112
4279	3031	
81	10	558770
4137	3964	
82	1	654820
3061	3875	3629	3543	3151	2890	
83	25	658942
2933	3080	2892	4022	4122	
84	18	654130
4047	
85	17	658253
3259	3740	3971	4123	
86	29	579498
3873	
87	13	662638
3007	3434	4260	4264	3016	3696	
88	2	665576
3031	4228	3816	3800	4111	2938	
89	21	668733
3422	3241	4234	3157	
90	13	726406
4066	3403	3759	4304	4233	3673	
91	20	665666
3840	2926	3581	3302	
92	42	661755
3218	3742	4307	3280	
93	9	582753
3470	3255	
94	0	669660
4041	3477	2886	2890	4124	3071	3994	
95	10	654798
4026	4047	
96	30	664848
4089	2917	3283	3094	3093	
97	15	663210
3507	4291	
98	38	666581
3371	
99	21	738279
3414	3101	3292	3359	
100	38	673350
3668	
101	13	742530
3077	3530	3751	3863	3622	4251	
102	11	745774
3776	3879	
103	15	680869
4084	3656	
104	12	672953
3495	4309	3293	
105	3	661644
4016	3508	3622	
106	19	749733
3400	3988	3736	3510	3484	3337	3959	
107	22	753650
3550	4096	3850	2987	3917	
108	43	811338
2894	3402	3549	3412	3852	3736	3688	
109	20	759974
3831	3792	3230	3518	
110	6	651887
3455	
111	38	730897
3090	
112	21	814302
3208	4194	3148	2964	
113	32	825632
3480	3104	3858	3599	4204	3288	4056	
114	40	829228
3182	3816	3727	3448	3462	3596	
115	35	832290
3504	3124	3965	3913	
116	15	745436
4303	3146	
117	30	835172
3795	3852	3746	4273	2882	
118	19	839080
3144	3455	3746	3792	3324	3908	3880	
119	29	810032
4185	
120	42	911284
4060	3574	3245	3804	
121	30	915017
3284	3504	4241	4078	3733	
122	3	762794
4280	3331	3429	
123	28	669487
3624	
124	39	918584
3426	3166	3364	3977	4177	3307	3567	
125	39	922185
3449	4177	3943	3685	4300	3861	3222	
126	34	926437
3896	3975	4100	3672	4252	4205	
127	8	984426
3530	2899	3714	4041	4132	3989	3572	
128	14	987371
3503	3311	3321	4091	3756	2945	
129	12	937258
4172	4258	3076	
130	41	991353
4254	2980	4057	3135	3982	
131	33	911852
3814	
132	22	998179
3478	4147	3186	3817	3226	
133	16	1001088
3036	3157	4100	4147	3683	2909	
134	3	842785
4293	3804	2910	
135	9	827420
3143	3649	
136	23	1004830
3710	2949	2914	3802	3742	
137	39	998211
2972	3280	4185	3646	3297	3534	3495	
138	34	1008971
3501	3885	3186	3168	3789	4141	
139	10	921702
3364	3215	
140	9	841275
4315	3892	
141	0	1005277
3522	3767	3491	3126	3370	3625	3277	
142	32	1012851
3458	3444	3175	3639	3392	3290	3880	
143	36	1070733
3882	
144	32	1074620
3433	3278	4128	2881	3573	3530	3887	
145	27	1015764
3173	3103	4243	4015	3667	
146	10	925073
3746	3371	
147	15	935881
3471	3489	
148	24	1019177
4227	3572	4184	3413	
149	30	1013055
3795	3721	3390	4048	3696	
150	32	1084958
3049	3233	3824	3743	3299	3877	3341	
151	11	1088211
4252	3457	
152	15	992320
3745	3301	
153	43	1089199
4083	3591	3776	3870	3166	3495	4241	
154	4	990313
3737	
155	26	1003277
4114	4120	3487	
156	4	997674
3761	
157	28	923825
2948	
158	21	1092821
2912	3977	3930	3622	
159	40	1096101
3500	3572	3385	3266	3207	3280	
160	4	1003880
2940	
161	38	1010331
3077	
162	11	1098794
3050	3446	
163	32	1172098
3296	3821	3423	4171	3987	2959	3875	
164	37	1175318
3377	4063	3614	3723	3220	
165	2	1179163
3372	3596	3802	3201	4277	3845	
166	18	1084814
3956	
167	32	1182052
3209	3421	2963	2955	3917	4258	2889	
168	2	1185623
2934	3484	2968	3849	3864	3571	
169	30	1179043
4086	4035	3851	3860	3945	
170	22	1243265
2947	3490	2973	2893	3642	
171	35	1190646
2976	3508	3094	4172	
172	20	1193676
3339	4126	3916	3030	
173	11	1185533
3665	3396	
174	16	1247119
3177	3394	3000	2982	3961	3854	
175	16	1250907
4117	3716	3358	3888	3569	3788	
176	16	1257920
2972	3368	3875	3794	4002	3413	
177	9	1073866
4297	3798	
178	41	1261157
3535	3842	4226	4247	3237	
179	36	1264213
3056	
180	25	1267287
3258	2967	3117	3325	3074	
181	6	1077260
4209	
182	32	1271111
3690	3569	4006	3482	3337	3236	3824	
183	1	1329059
3224	2998	3799	3455	3349	3948	
184	26	1112727
4229	3228	3965	
185	20	1267109
4056	3350	2942	3267	
186	42	1267163
3374	4072	4196	3321	
187	1	1333362
3566	3520	3711	3946	3428	4303	
188	5	1181985
3005	4020	2915	3174	
189	4	1077164
3298	
190	42	1343380
3437	4145	3934	3871	
191	41	1337020
3959	3741	4211	3836	3658	
192	29	1083681
2917	
193	16	1344414
3325	3066	2943	3528	3171	3794	
194	31	1282056
2972	3187	3819	3940	
195	42	1346535
4006	4234	3319	3155	
196	8	1347691
3637	3537	3642	3231	3373	4273	3277	
197	34	1350651
3106	3447	3940	3486	3091	2960	
198	39	1349726
3973	3846	3692	3197	4290	2945	3191	
199	18	1268995
4012	
200	26	1188461
3039	3888	3079	
201	41	1354279
3553	3171	3354	3816	3628	
202	5	1344746
2993	4199	3117	3997	
203	22	1357704
2929	2932	3178	3404	3425	
204	33	1348033
3287	
205	42	1352568
3142	3747	3706	3088	
206	17	1351452
3410	3697	4269	3419	
207	25	1414836
3307	3503	3881	3890	3004	
208	20	1364111
3309	3519	3771	3275	
209	14	1418550
3301	3621	4069	4275	2961	3714	
210	9	1186602
3419	4112	
211	14	1433379
3456	3954	3109	4211	3727	3770	
212	43	1437621
3005	4216	2908	4132	3840	4285	3584	
213	4	1248712
3804	
214	28	1177184
4238	
215	1	1441849
3292	3175	3445	4229	3681	4228	
216	28	1180640
3456	
217	35	1444448
3127	3442	3227	3146	
218	3	1260172
3829	3750	3772	
219	26	1263838
3053	3666	2915	
220	12	1448174
3135	3167	3726	
221	23	1445721
4313	3868	3856	3585	3872	
222	34	1504253
3754	4216	3917	3581	3101	3053	
223	42	1444450
3797	3600	3627	3659	
224	23	1508385
4208	3070	3277	3004	4132	
225	4	1252372
3660	
226	35	1515943
4204	3355	2991	4252	
227	32	1519523
2988	3162	3648	2895	3682	3545	3273	
228	39	1523724
3634	4040	4097	3461	3279	3828	4201	
229	6	1332846
3601	
230	42	1526899
4129	3105	3301	3548	
231	2	1527453
2968	3920	3808	3585	2944	3729	
232	10	1334371
2888	2967	
233	2	1531163
3330	4279	3119	4182	3255	3710	
234	27	1533655
3552	2928	3505	4211	3732	
235	40	1588490
3546	3417	3076	3006	3003	3327	
236	43	1592490
4039	3173	4076	3609	4204	3133	4000	
237	4	1437628
3739	
238	6	1357894
3678	
239	12	1540947
3964	3751	4159	
240	2	1595710
4201	2962	4193	3933	3744	3220	
241	23	1603546
3903	4001	3553	3166	4236	
242	27	1548913
3743	4134	3295	2982	4222	
243	14	1607311
2999	4132	3482	3160	3092	3765	
244	35	1604978
3936	3378	3373	3543	
245	33	1518401
3053	
246	3	1521140
3371	3362	3931	
247	4	1441673
4045	
248	37	1610404
3023	3560	3006	2997	3093	
249	25	1614417
4310	3929	3575	2917	4013	
250	5	1528895
3351	3899	4171	4195	
251	28	1502281
3409	
252	14	1617701
2890	2973	3782	4266	3332	3284	
253	25	1675953
3560	3638	4053	3932	4252	
254	1	1679504
3103	3826	3220	3002	3041	3551	
255	27	1623126
3723	3428	3451	3053	3356	
256	8	1682873
4094	2953	4129	4260	3745	3230	3369	
257	2	1690277
3840	4182	3221	3676	3919	3804	
258	5	1612532
3734	4015	3212	3111	
259	31	1633462
2911	3118	4310	3187	
260	20	1636900
3962	2922	3122	3438	
261	3	1612886
3694	3523	4298	
262	36	1694198
3921	
263	35	1691648
3396	3383	3516	3032	
264	13	1697134
3081	3407	3263	2892	3069	2936	
265	2	1701002
4136	4146	4232	3585	3099	3868	
266	42	1698911
4233	3448	4222	4195	
267	12	1698282
4252	3820	3535	
268	15	1681923
3348	3701	
269	3	1696512
3097	4207	3244	
270	6	1680991
3543	
271	22	1705152
3318	3621	3758	4022	4150	
272	31	1705786
3156	2991	3313	3482	
273	32	1763629
3367	2957	3738	3548	3260	3843	3686	
274	9	1532002
3241	4182	
275	17	1775131
3798	3808	3561	4024	
276	13	1778068
3809	4101	3430	3027	3106	3268	
277	6	1688511
3920	
278	1	1782109
4282	3013	3062	3240	3081	4041	
279	12	1784906
3722	3815	3760	
280	39	1788480
3953	3036	3742	3849	3638	2963	3574	
281	12	1791998
4202	3282	3518	
282	4	1764390
4122	
283	9	1767981
3391	3591	
284	41	1849719
2881	3359	3923	3721	2892	
285	24	1799973
4257	3115	3579	4254	
286	21	1853029
4256	3481	4315	3310	
287	38	1784816
3307	
288	28	1761864
3783	
289	11	1864018
3211	3615	
290	3	1787178
2929	3214	3838	
291	8	1856691
3716	3121	3790	4290	3193	3214	3662	
292	7	1795462
3322	4301	3994	
293	4	1775142
3561	
294	37	1863506
3293	3040	3526	3405	3215	
295	14	1867325
2965	3091	3380	3017	3307	3157	
296	31	1871295
4105	3575	3321	3970	
297	41	1874760
4312	3457	3602	3129	3465	
298	12	1877688
4076	4162	3264	
299	17	2469057
4258	3503	3605	3057	
300	2	2473750
4009	4082	4285	3883	3089	3899	
301	16	2478120
3256	4037	2970	4153	3134	4161	
302	32	2482389
4318	3957	3920	4252	3180	3579	4269	
303	41	2485981
3831	3337	4276	3761	3592	
304	17	2552767
2971	3634	4305	2998	
305	5	2556535
4074	3243	3767	3768	
306	43	2560819
3216	3297	4268	3204	3995	4188	4284	
307	34	2565038
4031	3409	3757	3138	4315	2941	
308	3	1942981
3442	3916	3775	
309	33	2567447
3779	
310	39	2568032
4004	3372	3336	3352	4073	4004	2994	
311	4	2470309
2931	
312	41	2640471
3288	3812	3457	2943	4109	
313	8	2643817
2956	4030	3163	2893	4098	3047	3346	
314	20	2647614
3239	3483	4212	4084	
315	23	2646974
3655	4141	3644	4092	3157	
316	29	2473234
2925	
317	17	2650821
3477	4290	4189	3207	
318	2	2654188
3513	4177	3158	3233	3367	3023	
319	24	2657490
3396	3413	4132	3302	
320	2	2726402
3136	3370	3300	3688	3395	3654	
321	38	2488981
3584	
322	37	2730356
4111	3849	3966	3538	3954	
323	12	2729183
3755	3055	3040	
324	0	2733521
3905	4127	4107	3751	4042	3841	3715	
325	31	2737216
3921	3353	4105	3695	
326	41	2741231
3473	3653	3280	3625	4015	
327	26	2499744
3977	3743	3068	
328	30	2556024
2947	2894	4208	4318	3624	
329	12	2743887
3081	3772	3046	
330	5	2740942
2890	3629	3372	4141	
331	3	2107122
3910	4139	3051	
332	21	2744738
3112	3697	3095	3507	
333	41	2812592
3648	4001	2977	4101	3724	
334	26	2540972
2976	3636	4012	
335	0	2816444
3612	3297	2956	3223	3066	3995	3853	
336	19	2819377
4039	4238	2966	4021	3560	3030	2933	
337	31	2822839
3840	3840	2920	3462	
338	13	2816423
3330	4095	3874	3589	3255	3831	
339	27	2826140
3101	3477	4160	4059	3301	
340	1	2830088
2939	3391	3511	3877	3145	3948	
341	42	2640807
3754	3235	3395	3126	
342	0	2833432
4212	3525	3016	3838	3731	3990	4147	
343	29	2553266
3410	
344	11	2644764
4186	3957	
345	1	2884475
3315	3443	4314	4248	4243	4040	
346	20	2841953
3456	3914	4257	4278	
347	24	2846035
3306	3603	3084	4082	
348	5	2827901
4171	2909	2947	3340	
349	12	2850238
3245	2949	4203	
350	10	2216145
3246	3534	
351	9	2556856
4241	3590	
352	30	2656038
3811	4193	3322	3856	3942	
353	11	2727660
3286	3222	
354	38	2584911
3344	
355	5	2900419
3269	3686	3462	4118	
356	4	2560104
3248	
357	40	2888410
2897	3317	3441	3879	3539	3935	
358	31	2886583
3016	4221	3960	3945	
359	27	2889837
3524	3910	4198	4029	3254	
360	24	2893911
3456	3188	3130	4074	
361	30	2737681
3314	4179	3517	4105	3352	
362	27	2901164
4230	4297	3102	4262	3653	
363	21	2891984
3175	2938	4143	3574	
364	20	2904945
3097	3001	2947	3781	
365	3	2310401
2921	4136	3702	
366	4	2567979
3996	
367	20	2908861
3082	3593	3601	3916	
368	36	2899264
3680	
369	29	2624954
2975	
370	11	2813570
3071	3346	
371	41	2912174
3063	3177	3817	3313	3023	
372	43	2916331
3150	3256	3946	3016	4059	4157	3696	
373	22	2920017
2951	4072	4018	3686	3205	
374	22	2970904
3961	3733	3405	3039	4087	
375	20	2987479
4202	3463	4235	3787	
376	29	2632224
3324	
377	8	2990978
4130	3276	3968	3000	3086	3499	3074	
378	11	2817431
4252	3861	
379	22	2995193
3681	3437	3073	4215	3501	
380	7	2661741
3581	4060	2950	
381	2	2998879
3381	3070	3884	3976	3686	2932	
382	33	2998526
3986	
383	0	3001828
2974	3685	3866	3023	3361	3302	2928	
384	12	3005960
4042	2936	4132	
385	1	3057038
3073	3483	3572	3839	2975	4278	
386	20	3074495
3652	3448	3989	4313	
387	30	2824520
3942	3006	3759	4123	3250	
388	7	2680405
4291	3738	4160	
389	1	3078041
2931	3383	3049	3825	3147	3546	
390	8	3081740
3425	2941	3839	3024	3841	3749	3699	
391	13	3085006
3585	4270	3634	2966	4201	3266	
392	33	3081920
3862	
393	17	3086185
2941	4147	3902	4265	
394	34	3157905
3439	3243	3044	3243	3632	3563	
395	16	3161284
2962	4070	3731	3122	3380	2903	
396	11	2904693
2925	3747	
397	31	3164214
3938	4252	3168	2930	
398	16	3167735
3994	3845	3677	4113	3521	2883	
399	11	2909000
3191	4307	
400	16	3171978
4152	3402	3299	3640	3657	4243	
401	17	3172613
2943	3664	3617	3910	
402	7	2735479
3041	3277	3484	
403	13	3229577
4261	3195	4050	3756	3208	3599	
404	40	3233802
3766	2920	3243	3116	4213	4225	
405	39	3174400
3974	3094	3810	3503	3198	3413	3008	
406	31	3177886
4196	3378	2946	3486	
407	41	3244060
3739	3989	2979	3481	3214	
408	4	2653308
3826	
409	24	3247116
4216	2965	3292	3057	
410	28	2561093
4076	
411	23	3247723
3068	3251	4197	3127	3663	
412	3	2565313
4137	3919	3494	
413	14	3251347
4267	4082	4124	2899	3501	3624	
414	28	2564023
2930	
415	41	3254866
4260	4036	3304	4249	3022	
416	28	2568032
4009	
417	0	3257940
4075	3211	3254	4266	3624	3333	3074	
418	8	3316207
3035	3860	3905	3904	3463	4267	3021	
419	1	3319904
3404	2906	3527	3165	3606	3697	
420	35	3269544
4053	2994	3003	3731	
421	3	2650199
3190	2930	4189	
422	37	3322930
3435	3721	3352	3173	3026	
423	14	3330788
3474	3503	3617	3689	4184	4258	
424	35	3277060
4152	4142	3086	3332	
425	29	2714597
3023	
426	17	3260173
3185	3993	3992	2908	
427	41	3334271
3358	3081	3647	4132	3483	
428	21	3338050
4037	2932	3300	3779	
429	33	3336058
3838	
430	7	2771602
4074	3438	4076	
431	25	3341140
3572	4044	4233	3141	3090	
432	42	3086400
3269	3876	3292	3099	
433	36	3344924
3784	
434	37	3403202
3069	3440	3246	4185	4278	
435	40	3406283
3108	4099	3175	3034	4213	3081	
436	0	3344559
4188	4110	3139	3922	3223	4316	2968	
437	33	3347893
3334	
438	28	2629581
3512	
439	5	3420003
4120	3378	3746	3710	
440	32	3410102
3392	3017	3974	3487	3205	3673	3819	
441	35	3352163
3794	3241	3196	3931	
442	3	2738568
2931	4214	3458	
443	28	2632757
3176	
444	37	3423895
3226	4306	3536	3892	3722	
445	35	3355740
4218	3322	4101	3577	
446	5	3427147
3873	4150	3257	3252	
447	24	3358626
3936	3478	3954	2886	
448	0	3430730
4026	3304	2997	2928	3127	3583	3080	
449	6	2819465
4128	
450	13	3427561
3318	4053	3595	3641	4240	3666	
451	12	3434779
3407	4152	4049	
452	16	3503439
3555	3642	3245	4307	4096	3326	
453	2	3507599
3390	3742	3225	3526	4161	3644	
454	35	3511428
4240	4228	3673	3829	
455	43	3515049
2986	4156	4152	4199	3894	3621	3215	
456	35	3518379
4016	3511	3862	3330	
457	36	3518832
3783	
458	31	3522157
3540	4184	3217	3778	
459	29	2909881
3360	
460	19	3525861
3602	2987	3226	3242	3104	4256	3704	
461	19	3530169
4078	3230	3888	2998	3377	3687	4308	
462	9	2978243
2951	3787	
463	4	2985796
3953	
464	33	3514194
3337	
465	28	2971817
3601	
466	13	3576173
3872	3713	4287	3385	3473	3341	
467	15	2985981
3990	4160	
468	24	3533428
4130	3801	3127	3259	
469	21	3579340
3531	3205	3503	3167	
470	1	3583315
4103	4046	3435	3311	2979	3975	
471	7	2996419
3720	4161	3798	
472	43	3590344
3159	3578	3511	3565	3624	4220	3429	
473	11	3347025
3966	3624	
474	30	3418920
4217	4118	3487	3543	3495	
475	32	3593982
4107	3379	4256	4026	3951	3197	3638	
476	25	3597423
3221	2974	3090	3139	3441	
477	5	3589865
2883	3351	3058	3647	
478	42	3429841
3026	3587	3973	3880	
479	35	3582860
4281	3019	4163	3497	
480	32	3600377
3442	4175	3794	4096	3585	3528	2954	
481	36	3603821
3444	
482	5	3593771
3223	2962	3167	3906	
483	26	3022378
3659	3486	3782	
484	28	2978837
3489	
485	11	3510255
3779	4266	
486	38	3025823
3445	
487	20	3598013
3579	3102	3241	4242	
488	14	3606712
2941	4239	3111	4316	3026	2891	
489	9	2993021
2907	3714	
490	3	3076082
3008	4215	2896	
491	16	3663605
3749	2926	2917	3730	3092	2893	
492	0	3608150
3856	4071	3688	2900	4249	3297	4019	
493	25	3667807
3888	3536	3985	3028	4202	
494	13	3670942
3347	2981	3661	3392	3288	3135	
495	16	3678709
4270	4152	3824	3313	4069	4167	
496	1	3682784
3278	3860	3901	4011	3286	4075	
497	13	3686608
3710	2956	3516	4263	4066	3824	
498	33	3678916
3164	
499	21	3690560
4021	4203	3987	3952	
500	23	3747868
3932	3639	3459	3703	3308	
501	14	3751449
2919	3222	3758	3099	3168	3581	
502	39	3685586
3126	3816	2925	3076	3184	4217	3345	
503	33	3681975
3059	
504	40	3755758
3987	2903	4101	2881	3236	4309	
505	16	3762930
3649	3951	3229	3340	2948	3572	
506	42	3685195
4162	3008	3206	3935	
507	7	3172409
4255	3074	4023	
508	38	3176161
3752	
509	37	3766223
3302	4088	2910	3327	3293	
510	42	3688242
3580	3387	3951	3047	
511	29	3163071
3452	
512	42	3692349
3089	3364	3782	4107	
513	39	3764404
3447	3633	2943	3372	2893	2902	4224	
514	18	3692313
3671	
515	20	3767752
3860	4016	4305	3348	
516	27	3772038
4176	3338	4200	3339	4286	
517	13	3769896
3705	4121	3761	3802	3879	3673	
518	34	3776341
3941	3048	3626	3115	4303	3937	
519	15	3257156
2958	3013	
520	34	3834461
3290	2946	3191	2936	3625	4120	
521	14	3837988
3100	3727	3362	4086	3582	3527	
522	11	3775752
3969	4136	
523	28	3170090
3346	
524	10	3238491
3999	3120	
525	18	3774926
3857	
526	38	3264002
3655	
527	17	3778092
3902	2998	4032	3166	
528	5	3849655
3713	4098	3852	3163	
529	17	3852915
2977	4301	3642	3260	
530	23	3841299
3667	4114	3217	3815	3311	
531	17	3856356
3827	4064	3823	3441	
532	31	3786874
4208	3754	4097	3326	
533	27	3789789
3404	4209	2954	3773	2915	
534	0	3859333
4021	2919	3125	3188	3108	2977	2965	
535	6	3239399
3086	
536	38	3274917
4034	
537	24	3863457
3358	4193	4103	4124	
538	41	3921637
3930	3536	3970	4159	4180	
539	39	3870827
3392	3723	3734	3502	3185	3829	3211	
540	35	3874817
4044	4057	3204	3990	
541	15	3325349
3031	4111	
542	7	3333253
4085	3839	4304	
543	34	3935500
2882	3057	4213	3781	3863	3508	
544	22	3939217
3283	3796	3054	3718	3539	
545	7	3344832
3501	3529	4312	
546	2	3943005
3226	3851	3615	3749	3036	3788	
547	15	3348898
3586	4066	
548	29	3260926
3456	
549	33	3942324
3091	
550	12	3945417
3282	3054	3164	
551	21	3947253
2946	3227	4062	4248	
552	32	3951379
3415	3867	3019	3440	2967	3304	4126	
553	18	3945674
3350	
554	37	4009060
3769	3189	3464	4094	3681	
555	14	4012455
3342	3366	3486	3695	3878	3395	
556	26	3358613
3449	4009	3048	
557	13	4015818
2913	3750	4301	4041	4100	3363	
558	32	4023027
4205	4305	3451	3397	3213	3526	3609	
559	2	4026165
3293	3753	3363	4278	3721	3138	
560	35	4025378
4035	3971	4093	2931	
561	26	3420166
3069	3728	3044	
562	6	3246142
3143	
563	23	4029264
4271	2967	4224	2998	3099	
564	23	4033076
3321	3292	3358	3924	3812	
565	4	3318178
3252	
566	13	4036350
3985	3022	3968	3331	3005	3274	
567	33	4025362
2916	
568	25	4094018
2953	3924	3279	2956	3668	
569	8	4097759
4161	3429	3936	4019	4056	3054	3741	
570	37	4101363
3987	3433	3887	3341	3604	
571	8	4108682
3348	3360	3118	3828	3509	3272	3719	
572	15	3496351
4075	3810	
573	22	4112713
3529	3362	4204	3029	4031	
574	42	4024576
2930	3094	3582	4074	
575	20	4108808
2964	3123	4139	3848	
576	7	3514117
3640	3870	3257	
577	42	4028279
3732	3977	3435	3703	
578	26	3521351
3690	3814	3799	
579	33	4111893
3086	
580	11	4032502
3783	4223	
581	30	4036549
3423	4175	2925	3400	4047	
582	14	4116942
3961	4289	3554	4187	4052	4229	
583	6	3508485
3065	
584	21	4120968
3889	3631	3166	4026	
585	18	4115666
3773	
586	11	4116275
3561	3973	
587	12	4116836
2921	3754	3976	
588	11	4119318
3367	3043	
589	42	4122458
4270	4202	3487	3140	
590	32	4194735
3710	4076	3095	3262	3875	3318	3131	
591	11	4197838
3284	3105	
592	34	4198047
3759	2948	3737	3403	3313	3049	
593	36	4201640
3593	
594	8	4205521
4174	3902	3576	4114	4313	3519	3881	
595	0	4205797
3249	3738	3833	3116	4165	2991	4231	
596	5	4199091
3424	3924	3182	4318	
597	40	4209707
3951	4033	2968	3659	3068	4186	
598	3	3604036
3398	4246	4172	
599	17	4203127
4020	3826	3603	4036	
600	18	4206577
3450	
601	22	4267808
3383	3870	3631	3243	4101	
602	14	4271122
3614	3000	4119	3098	3984	3314	
603	39	4216049
3947	4046	2940	2919	2975	4318	3025	
604	31	4220064
2892	2887	4125	4015	
605	43	4275310
2945	2916	3889	3202	3176	4274	4188	
606	4	3686565
3306	
607	13	4282055
3310	3156	3716	3947	3273	3145	
608	31	4227455
4177	3365	3354	3117	
609	41	4285533
3516	3867	3803	4132	3478	
610	21	4289551
4041	3270	3297	4018	
611	10	3511414
2899	3377	
612	16	4293500
3456	3767	3617	3260	3845	3949	
613	28	3750897
4049	
614	16	4296734
4246	2960	3036	3436	3767	3234	
615	4	3690591
4026	
616	24	4293704
3252	3691	3660	4001	
617	27	4296608
4302	3556	4002	4207	2904	
618	34	4354753
3039	3240	3347	4032	3091	4019	
619	4	3693510
2919	
620	26	3765197
3311	3160	3146	
621	16	4358092
3500	3282	3956	3786	2912	3339	
622	25	4361523
3338	3925	3405	4202	3431	
623	42	4294335
3829	3267	3210	3978	
624	9	3751748
3086	4238	
625	33	4369009
4139	
626	23	4368632
3189	3350	3243	3854	3509	
627	7	3780176
3301	4212	3888	
628	28	3757859
2960	
629	21	4372512
3258	3698	3334	3880	
630	9	3755620
3588	3872	
631	37	4376287
3828	4074	2937	3601	3775	
632	13	4379201
3898	2894	3300	3891	3101	2914	
633	3	3766385
2958	3490	2937	
634	36	4383056
3855	
635	33	4376117
3507	
636	1	4441284
4223	3444	3529	2989	3348	4228	
637	38	3794468
3174	
638	0	4379507
2957	3796	3203	3840	3526	3106	3390	
639	31	4383496
3214	3983	3714	3989	
640	2	4444439
3275	3683	4285	3690	4241	3155	
641	25	4448711
3742	3999	4013	3071	4272	
642	13	4455331
3905	4080	3636	4234	3656	3020	
643	14	4458439
4295	4302	3951	3241	2925	3108	
644	18	4454288
2975	
645	15	3841836
3174	3209	
646	17	4457482
3827	4252	3894	3194	
647	31	4396962
3318	3940	4235	3229	
648	9	3842162
3287	4268	
649	14	4461699
2909	3114	3079	4313	2987	3260	
650	24	4459781
3993	3564	3295	3998	
651	0	4462677
3798	3234	3453	3242	2941	3147	2896	
652	0	4466108
3362	3802	4090	3033	3837	3798	3431	
653	25	4469398
3263	2962	4132	3101	3290	
654	40	4526495
2965	3736	4074	2987	3694	3097	
655	25	4530397
3110	2967	3090	3233	3902	
656	2	4533557
3916	4129	3837	3304	4234	3160	
657	38	3863310
4067	
658	11	4542599
3122	4206	
659	29	3860403
3819	
660	11	4546307
3296	3708	
661	7	3866574
4195	3906	3264	
662	40	4550222
3642	4124	3310	3299	2992	3915	
663	29	3921857
4012	
664	15	3870385
2965	3811	
665	14	4553775
3323	3755	4123	2935	3261	3553	
666	42	4555391
2913	4280	3140	3157	
667	34	4556940
3730	2931	3452	3997	3030	3165	
668	11	4626774
3473	2983	
669	25	4630820
2956	3150	2901	4046	3521	
670	0	4635124
3355	2955	3406	3651	2903	3324	4304	
671	41	4638857
2919	4315	2975	3733	3719	
672	13	4642965
3998	4002	4038	3236	3267	4108	
673	7	3950523
4277	3673	3603	
674	10	3926678
3262	3347	
675	19	4642472
3119	3595	3421	4140	3534	3132	3615	
676	23	4701275
2989	4140	3372	4035	4310	
677	6	3927762
3082	
678	17	4550670
4152	4180	4279	4243	
679	16	4704846
3981	4287	3352	4028	3009	3571	
680	15	4014413
3583	3326	
681	7	4021518
3783	3161	3505	
682	16	4708232
3318	3958	4000	3846	3970	3386	
683	38	4029697
4179	
684	4	4012273
4075	
685	9	4016343
2938	4070	
686	35	4653666
3860	2929	2884	4215	
687	33	4630077
3133	
688	25	4716125
4162	4025	2933	4009	4293	
689	6	3931129
3367	
690	28	3841807
3259	
691	11	4713991
3215	3700	
692	1	4719434
3090	3462	4294	3498	2958	3309	
693	30	4721807
4063	3038	3483	3726	4318	
694	25	4725728
4112	3032	3804	3921	2982	
695	43	4730008
4075	4151	3930	4283	3571	3053	4280	
696	35	4732254
3976	3833	4019	3473	
697	10	4013585
4159	3323	
698	35	4801252
3646	4004	3221	3100	
699	21	4805415
4243	4306	3313	4164	
700	13	4808626
3373	2915	3491	3058	4062	2990	
701	2	4811853
4075	3777	3552	3017	4193	3227	
702	38	4060142
3721	
703	0	4808423
3812	2967	2929	4219	3011	2986	2978	
704	20	4812179
4163	3457	3969	3756	
705	7	4103186
3711	3528	4176	
706	19	4816221
4139	4056	4042	3618	3704	4005	4042	
707	16	4873982
3320	3920	2958	4134	3658	3761	
708	36	4877381
3399	
709	20	4823727
3181	3234	3637	3848	
710	38	4120585
3903	
711	2	4881311
3914	4033	4200	4144	3045	3930	
712	30	4816160
3142	3884	3549	3029	3529	
713	20	4830508
3319	3674	4254	3736	
714	33	4799688
3099	
715	35	4888453
3096	3754	3892	3568	
716	43	4891568
3059	3154	4262	4230	3531	3115	3095	
717	30	4892565
3549	3437	2981	3865	4113	
718	29	4186145
4019	
719	13	4896442
3278	3492	4298	3705	3090	3877	
720	10	4032044
3041	4196	
721	3	4137296
4280	3340	3349	
722	34	4899569
4289	4039	2945	3535	3131	3127	
723	43	4902636
2918	3848	3600	4205	3479	3897	3067	
724	42	4898892
4137	2887	3731	3237	
725	4	4197325
3980	
726	33	4813175
2942	
727	29	4200983
3658	
728	39	4902742
3314	3704	3607	3418	3777	3850	2966	
729	28	3852983
3333	
730	13	4974941
3822	3429	3022	3388	3798	3693	
731	43	4978101
4183	3807	3664	3914	2984	3222	3160	
732	27	4909035
2936	3610	3044	4028	3071	
733	20	4913004
3050	3402	4282	3969	
734	17	4893005
3456	3211	4017	4164	
735	6	4196113
3343	
736	14	4981474
4136	4209	3126	3870	3370	3373	
737	12	4981725
3045	3927	2915	
738	37	4985547
3265	3740	3345	4162	4073	
739	30	4982308
3441	4265	3203	3869	3498	
740	9	4266213
3682	3549	
741	17	4901198
3184	3409	3815	4031	
742	0	4984614
3774	3787	4207	3786	4255	3411	2889	
743	38	4281389
3506	
744	42	4985726
3042	3621	3215	3418	
745	31	4988512
4163	3848	4136	3898	
746	2	5045777
3391	3529	3496	3392	3265	3259	
747	17	4979869
3449	3476	4031	3468	
748	33	4983893
4024	
749	5	4986941
3816	3692	3006	3048	
750	22	5049172
3546	2892	3948	3361	3395	
751	36	5053025
3853	
752	27	4998350
4167	4067	4232	2925	3212	
753	20	5058470
4236	3717	2999	4141	
754	5	5061578
3598	3074	3737	3238	
755	16	5066512
3545	2940	3078	4276	3390	4048	
756	14	5070441
4206	4084	4161	3457	3871	3929	
757	0	5073717
3281	3567	4197	3919	4191	4034	3992	
758	8	5131918
2979	3921	3242	3379	2927	4201	3983	
759	31	5082163
3743	3693	4180	4245	
760	28	4360393
3813	
761	6	4357070
3607	
762	26	4356402
3451	3285	2894	
763	23	5136099
3605	3879	3023	3923	4181	
764	41	5145180
3503	3604	3942	4054	3111	
765	3	4313293
2987	3491	3829	
766	40	5148833
3412	3623	3687	3605	4016	3653	
767	25	5151823
3136	3537	2988	3502	2990	
768	30	5068154
4197	3125	3702	3646	3567	
769	26	4377823
4136	3707	3636	
770	12	5152189
4187	3814	3508	
771	40	5155101
3435	3707	3519	3637	3692	3278	
772	30	5074813
2898	3401	3927	3544	2967	
773	14	5158665
3541	3805	4133	3666	4073	3564	
774	33	5148133
2976	
775	7	4387840
3358	2919	3077	
776	27	5159955
4042	3752	3276	3486	3693	
777	40	5216859
3709	3624	3318	3077	3198	4194	
778	15	4395356
3009	4030	
779	35	5163179
3679	4155	3868	3224	
780	2	5220640
4171	3920	2916	3261	3640	3781	
781	5	5155363
3051	3844	3235	3969	
782	27	5169976
3746	3221	2890	3399	3157	
783	22	5224762
3066	4072	4164	3888	4122	
784	30	5157762
4266	4137	3060	3410	3817	
785	12	5176906
3876	3172	3042	
786	12	5180006
4211	3527	3100	
787	18	5159077
3714	
788	27	5183841
4129	4289	3536	3589	3835	
789	43	5231545
4286	4145	4086	3659	3987	3672	3183	
790	23	5235186
3311	3136	2898	3427	3641	
791	9	4527694
3457	3722	
792	14	5239227
3811	3175	3606	2948	3218	4041	
793	28	4552980
3449	
794	23	5242531
3470	2972	3149	4100	3304	
795	12	5238434
3254	3200	3751	
796	0	5242344
2950	3074	3937	4004	3431	3555	3910	
797	27	5246023
3601	4241	3024	3876	3679	
798	22	5304283
4068	4304	2901	3996	4260	
799	34	5307369
2990	3284	3742	3295	3443	3086	
800	9	4634552
3524	3255	
801	1	5310901
3223	3006	3835	2965	3634	3532	
802	43	5318236
3019	2892	3528	3027	3244	3106	3735	
803	42	5235230
4221	2891	3749	3155	
804	43	5322012
3023	3062	3515	3865	4123	3734	3776	
805	12	5267878
4214	3350	3942	
806	31	5303553
3634	3641	4155	3275	
807	13	5325797
3465	3664	3875	2893	4173	3785	
808	28	4705196
3041	
809	16	5329511
3556	4196	3241	3176	3784	3714	
810	37	5332772
3834	3459	3971	3051	3261	
811	34	5390830
3113	3413	3643	3642	2992	4058	
812	27	5327637
3922	3737	4247	3341	3687	
813	27	5331106
3582	4001	3626	3108	3469	
814	14	5394234
4074	4069	2937	2883	2897	3404	
815	18	5327019
3069	
816	33	5330756
3737	
817	16	5397153
3675	3015	4183	4232	4302	2919	
818	33	5406953
3565	
819	5	5410673
3806	3286	3543	3720	
820	43	5414988
4173	4055	3262	4097	3090	3254	4315	
821	23	5418217
4184	3964	3068	3526	3229	
822	43	5421289
4252	3987	4238	3315	3628	3674	3072	
823	37	5478658
3706	3307	4239	3178	3369	
824	21	5481943
3334	3387	3161	3285	
825	7	4740592
3770	3434	3197	
826	27	5420722
3245	3381	3585	4027	3121	
827	6	4721540
3037	
828	7	4748680
3040	3384	4061	
829	0	5492204
3732	3205	4074	4267	3723	3044	3332	
830	5	5494947
3171	3276	3618	2934	
831	33	5498810
3863	
832	29	4790973
3202	
833	5	5503018
3265	3273	3854	4208	
834	7	4791427
3953	3279	3655	
835	2	5506916
4281	3497	3360	3898	3017	2935	
836	21	5564524
4310	3449	3302	3608	
837	42	5320960
3456	3490	3036	3811	
838	41	5579498
3961	3372	4092	4212	3240	
839	21	5582748
3230	3784	4011	3250	
840	42	5329013
2893	3978	3096	4042	
841	43	5585704
3716	3519	3480	3216	3021	2920	2956	
842	0	5585606
3106	4019	3008	3864	3777	3177	2881	
843	15	4878605
3207	3631	
844	38	4886007
3802	
845	3	4823419
3325	4265	3301	
846	12	5589346
2922	4078	3740	
847	10	4788688
4262	4252	
848	21	5589593
4057	3876	4253	3889	
849	25	5593644
3120	3533	4217	4298	3595	
850	43	5651335
3174	2997	3800	3729	3167	3216	3691	
851	25	5655197
4020	3960	3073	3086	3862	
852	39	5603271
4041	3506	3532	2914	3588	3241	3325	
853	13	5658110
3380	3573	2920	4075	3602	2913	
854	2	5665747
3178	3209	3235	3976	4261	4037	
855	14	5668884
3809	4067	3495	3774	4293	3137	
856	39	5655269
3094	4028	3308	3929	4231	3269	3844	
857	8	5673103
3726	3346	3563	3783	3953	3127	4219	
858	11	5495056
3452	3814	
859	19	5668921
3830	3304	4168	3255	3955	4201	3818	
860	33	5669074
3972	
861	40	5676039
3928	3719	4029	2998	3886	2936	
862	3	4984761
3862	4079	3395	
863	39	5671820
3711	3174	3876	3655	3147	4287	2899	
864	41	5680239
3466	3988	3067	3949	4200	
865	27	5679052
3621	3464	3067	4086	3283	
866	21	5737657
4225	3840	3960	3418	
867	9	4984864
3605	3498	
868	43	5740607
3077	3123	3289	3927	3094	3722	2950	
869	20	5687071
3048	3754	3586	4297	
870	16	5750433
3350	4220	2927	3210	3076	2927	
871	30	5583436
2949	3163	4055	3134	3646	
872	3	5063083
2912	3774	3414	
873	19	5753772
3871	3259	2992	3714	4124	4016	3340	
874	41	5757953
4287	4054	3688	4181	3487	
875	20	5761219
3596	2998	3721	3266	
876	7	5092147
4195	3641	3060	
877	34	5765475
4185	3290	4048	3072	3350	4256	
878	27	5768455
3037	3939	3006	4210	3886	
879	22	5824862
3587	4158	2951	3784	3662	
880	6	5051179
3524	
881	29	5070767
3703	
882	15	5139270
3211	3514	
883	5	5764821
2964	3754	3154	3909	
884	27	5776240
3746	3184	3894	2993	4001	
885	22	5828330
4076	3421	3748	3018	3468	
886	28	5152868
3556	
887	21	5831375
3385	3904	3112	3045	
888	30	5662857
3576	3728	3120	4184	3893	
889	43	5838426
4079	4296	4272	3032	3336	3020	3451	
890	21	5842050
3817	4068	2914	3624	
891	36	5846115
4065	
892	42	5668843
4286	3475	3970	3072	
893	39	5839740
2953	4127	3268	4001	3056	3495	3182	
894	26	5178036
3189	3758	2954	
895	27	5843473
4083	3723	3574	3432	3733	
896	26	5221238
3583	2979	3593	
897	35	5847498
3224	3771	3563	4025	
898	20	5850936
3289	3390	4242	3438	
899	40	5849478
3007	4279	3466	3898	3845	3363	
900	0	5853841
4293	2913	4110	3043	4116	3069	2905	
901	13	5907608
3701	3698	3907	3519	2962	4130	
902	29	5235981
3084	
903	6	5138490
3860	
904	18	5846883
3015	
905	15	5240862
4087	3373	
906	33	5850502
3619	
907	31	5857330
3419	3295	3981	3489	
908	29	5239961
3980	
909	41	5923223
3320	3720	3180	3090	4230	
910	18	5926072
3990	
911	41	5930043
3978	3930	3260	3183	3894	
912	21	5933355
3145	4214	3498	3312	
913	6	5145624
3534	
914	34	5936467
3503	3751	3343	3971	3460	3112	
915	41	5994599
3547	3548	3854	3948	4132	
916	0	6008773
3571	3617	4155	3406	4028	3215	3088	
917	14	6012706
3402	3118	3294	3852	3192	3933	
918	36	6016539
3833	
919	38	5267508
3863	
920	36	6020414
3875	
921	21	6024316
3052	3704	3428	3902	
922	20	6014985
3880	3292	3752	3020	
923	21	6081546
3304	4037	4210	3230	
924	16	6084872
4167	4166	3006	4262	3795	3326	
925	15	5321273
3021	3726	
926	15	5324517
3487	3244	
927	29	5305749
4202	
928	18	6020625
3839	
929	26	5328121
3145	3569	3604	
930	23	6088381
3724	3752	3319	3100	3509	
931	41	6095780
3689	3576	3346	3841	3799	
932	4	5308971
3222	
933	4	5312909
3938	
934	12	6027645
3888	3733	3179	
935	18	6095773
3402	
936	31	6031202
2902	3883	3357	3557	
937	37	6099046
3351	3858	3183	2916	3266	
938	15	5334601
3400	2904	
939	11	5838229
3096	3733	
940	7	5337833
4112	3787	3232	
941	15	5341448
3357	3615	
942	40	6102933
2887	3493	3972	3988	3206	3887	
943	16	6106904
4214	4145	3091	3432	3112	3971	
944	36	6110609
3705	
945	37	6168499
4036	4308	3476	3394	3890	
946	15	5347612
3770	3073	
947	29	5323952
3455	
948	35	6105226
3408	3606	3160	3105	
949	6	5149480
3856	
950	43	6171640
4129	4159	3973	3403	3873	4091	3141	
951	6	5152668
3188	
952	13	6175403
3217	3641	4104	3653	2989	3763	
953	4	5392929
3928	
954	40	6182112
3641	3936	3595	3666	3973	3109	
955	15	5396130
3141	3024	
956	30	5923326
3271	3411	3723	2902	3369	
957	20	6113001
4121	3772	3042	3395	
958	31	6116189
3553	4252	3456	3188	
959	43	6186122
2885	4053	3307	4147	3946	3846	4010	
960	36	6189939
3817	
961	13	6194191
3379	3612	4006	3191	3053	4252	
962	42	5930574
3262	2950	4055	4195	
963	6	5399408
3535	
964	34	6198196
3147	3846	3107	3168	4190	4005	
965	17	6191443
3126	3066	3492	3499	
966	25	6256111
2996	3248	4310	3698	3915	
967	29	5410089
3095	
968	11	5938576
3808	3692	
969	39	6196181
3452	3706	3708	3909	3441	3131	3516	
970	38	5431572
3979	
971	10	5404328
3587	3655	
972	5	6194864
3065	3392	4234	3421	
973	19	6199877
3254	3325	4076	3976	3676	3604	3696	
974	43	6260410
3526	3028	4025	3212	3731	4290	4299	
975	4	5476325
4235	
976	28	5395929
3273	
977	5	6270001
3479	4040	4256	3006	
978	21	6263616
4098	3421	3581	3206	
979	16	6274567
3315	3073	3776	3717	3123	3972	
980	32	6277947
3068	3465	3057	4195	3115	4229	3117	
981	10	5410142
4244	4002	
982	34	6281577
3329	3198	3970	3694	3630	2965	
983	29	5480070
3745	
984	20	6285574
3238	3396	4285	3997	
985	33	6354190
4093	
986	12	6288793
3538	3738	3219	
987	33	6357228
3038	
988	3	5427550
3279	3508	3589	
989	1	6343050
3893	2950	3685	3203	3004	3450	
990	17	6360482
3285	3517	3531	3254	
991	22	6345981
4273	4152	4287	3708	2931	
992	7	5504974
3974	3832	3784	
993	25	6349510
3305	3789	3268	4315	3529	
994	3	5494310
4149	4310	4303	
995	6	5416896
4134	
996	3	5497414
3305	3001	3104	
997	18	6363396
2914	
998	9	5493958
3655	3951	
999	41	6368558
3687	3796	4287	3122	3997	
1000	14	6426366
2957	3064	2974	3956	4166	3808	
1001	3	5504394
3534	4088	3131	
1002	28	5478190
3211	
1003	33	6371714
4031	
1004	18	6443366
3252	
1005	6	5420989
4093	
1006	8	6446823
3092	4139	4101	3267	3253	2957	3161	
1007	36	6450174
3351	
1008	27	6450074
3729	3115	3821	3972	3455	
1009	1	6454151
3578	4302	3589	3657	4077	3961	
1010	36	6457117
2966	
1011	30	6106646
3581	3609	4088	2926	3755	
1012	21	6515098
3578	4282	3044	3981	
1013	10	5570216
3618	3914	
1014	10	5577813
4168	3997	
1015	24	6457195
3126	4098	3129	3044	
1016	32	6519300
3862	3571	4006	3472	3162	2958	4202	
1017	21	6523021
3046	4256	2940	3721	
1018	13	6530337
3455	3487	3139	3671	3371	3716	
1019	9	5587603
3750	3550	
1020	24	6463877
3026	2935	3942	3724	
1021	35	6466824
4199	3285	3982	2947	
1022	28	5590250
4035	
1023	17	6449585
3502	3590	4171	2966	
1024	17	6453258
4129	4129	3616	3673	
1025	14	6534299
3810	4183	3931	3857	3594	3962	
1026	29	5655888
3872	
1027	32	6538027
3174	3204	3858	3413	3733	3182	3728	
1028	26	5664968
4287	3471	4093	
1029	22	6541467
3788	3374	3494	4159	3440	
1030	21	6599653
3554	3723	3225	4186	
1031	26	5676431
3515	3827	4246	
1032	22	6602701
3782	3015	4232	3415	3048	
1033	13	6605790
3688	4168	3177	3891	3639	3089	
1034	9	5736954
3999	4076	
1035	4	5741187
4233	
1036	42	6284590
3134	3058	3001	3120	
1037	18	6457075
3817	
1038	13	6608773
3988	3095	4011	3248	3491	2983	
1039	38	5749334
3953	
1040	1	6615273
4121	4081	3409	4117	3909	2900	
1041	27	6520706
3360	2910	3788	3045	3223	
1042	6	5739463
2971	
1043	26	5759612
3406	2942	3824	
1044	12	6527724
3482	3712	3418	
1045	25	6618918
3322	3124	4146	3972	3645	
1046	4	5744454
3267	
1047	12	6534682
3210	3744	2986	
1048	43	6623176
4173	3430	3641	4134	3766	4041	4258	
1049	17	6533201
3511	3565	3532	3960	
1050	8	6627238
2898	3646	4051	4135	3884	4292	4062	
1051	1	6630982
3794	3809	4122	2891	3035	3744	
1052	27	6549035
4018	3444	3184	3076	2985	
1053	11	6371007
4191	3372	
1054	23	6688645
3281	4231	2930	3765	3663	
1055	11	6443188
3345	3781	
1056	16	6692365
3561	3928	3016	4221	3928	3720	
1057	22	6699908
3216	4160	3736	3765	3943	
1058	35	6560171
3868	3662	3476	3443	
1059	14	6703725
3420	3514	3869	4145	3592	3817	
1060	42	6453963
3206	3934	3073	3154	
1061	4	5762046
2899	
1062	24	6600046
3465	3458	2945	3883	
1063	8	6706680
3971	4108	4158	3660	3077	4025	2955	
1064	23	6710011
2881	4230	3230	3243	3331	
1065	20	6616904
3595	3105	3338	4232	
1066	5	6620075
4073	3396	2973	3954	
1067	37	6713461
2916	3267	3356	3596	3450	
1068	4	5765794
3748	
1069	10	5939526
3630	3317	
1070	8	6716813
3237	2980	3821	3942	3367	4195	3352	
1071	28	5827634
3260	
1072	39	6631761
3386	3608	3812	3354	3772	3842	3895	
1073	9	5851268
3304	3932	
1074	32	6774486
3778	3893	3400	3928	3257	3518	3673	
1075	25	6778355
3925	4088	3221	3138	3869	
1076	18	6630578
3540	
1077	17	6702259
3052	4257	3786	3281	
1078	20	6775422
3108	2945	4067	3822	
1079	2	6781549
3362	3569	4215	2898	3735	3194	
1080	28	5831659
4025	
1081	2	6788264
3887	3892	3988	3682	3089	3115	
1082	12	6861989
2924	4030	4143	
1083	16	6866018
3826	3926	2976	4005	3825	4029	
1084	12	6868779
4048	3059	2965	
1085	35	6948670
3799	2969	4004	4291	
1086	4	6001363
3577	
1087	27	6952314
3883	3293	3451	4002	3644	
1088	32	7030917
4253	3561	4010	3204	3094	3001	3029	
1089	21	7034814
3604	3805	3148	3897	
1090	3	6101980
3121	4169	3274	
1091	38	6109431
3915	
1092	35	7033808
2972	3922	3780	2893	
1093	26	6112886
4096	3160	3455	
1094	22	7038386
3936	3830	3264	3161	3572	
1095	13	7046282
3855	3026	3139	2903	3755	4296	
1096	25	7050099
3902	3255	2882	3748	3817	
1097	12	7119786
3852	3138	3469	
1098	39	7123661
3019	3486	3273	3880	3634	3095	3875	
1099	1	7127715
3648	2933	4299	4270	4054	3756	
126
8725	4188
17587	8441
28036	13457
84805	40706
162074	77795
297356	142730
534857	256731
940406	451394
1625329	780157
14284	6856
49691	23851
60112	28853
292438	140370
767204	368257
1932227	927468
4759896	2284750
11468720	5504985
27173868	13043456
73893	35468
74221	35625
87470	41985
439776	211092
1179351	566088
3036165	1457359
7626908	3660915
18750774	9000371
45350970	21768465
6626	3180
17296	8302
26359	12652
117482	56391
290730	139550
690682	331527
1600744	768357
3631072	1742914
8103238	3889554
32430	15566
68146	32709
83716	40183
307103	147409
667469	320385
1392671	668482
2825568	1356272
5615514	2695446
10985542	5273060
5373	2579
33062	15869
63655	30554
312599	150047
825252	396120
2091495	1003917
5166882	2480103
12495667	5997920
29734515	14272567
4544	2181
24851	11928
43553	20905
162695	78093
357908	171795
755857	362811
1554236	746033
3129523	1502171
6201435	2976688
4913	2357
6578	3157
9897	4750
21945	10533
34099	16367
50864	24414
73811	35429
104906	50354
146756	70442
10754	5161
14710	7061
26073	12515
128279	61573
339071	162754
860390	412987
2146028	1030093
5228704	2509777
12517166	6008239
27066	12991
45563	21870
47021	22570
183394	88029
415218	199304
902479	433189
1907057	915387
3947617	1894856
8043907	3861075
6372	3058
17076	8196
25359	12172
59229	28429
95273	45731
147121	70618
223328	107197
331147	158950
482446	231574
2622	1258
17597	8446
32921	15802
103968	49904
204494	98157
386128	185341
721258	346203
1313785	630616
2348720	1127385
6754	3241
6802	3264
10910	5236
26876	12900
44793	21500
71669	34401
112983	54231
173876	83460
262810	126148
2139	1027
18397	8830
30260	14524
102353	49129
210743	101156
416559	199948
804718	386264
1520821	729994
2826768	1356848
8
12
7.5
20.5
74.625
21
15.625
19.375
12.25
169
32400	43200
46800	64800
118800	129600
133200	151200
205200	216000
219600	237600
291600	302400
306000	324000
378000	388800
392400	410400
464400	475200
478800	496800
550800	561600
565200	583200
637200	648000
651600	669600
723600	734400
738000	756000
810000	820800
824400	842400
896400	907200
910800	928800
982800	993600
997200	1015200
1069200	1080000
1083600	1101600
1155600	1166400
1170000	1188000
1242000	1252800
1256400	1274400
1328400	1339200
1342800	1360800
1414800	1425600
1429200	1447200
1501200	1512000
1515600	1533600
1587600	1598400
1602000	1620000
1674000	1684800
1688400	1706400
1760400	1771200
1774800	1792800
1846800	1857600
1861200	1879200
1933200	1944000
1947600	1965600
2019600	2030400
2034000	2052000
2106000	2116800
2120400	2138400
2192400	2203200
2206800	2224800
2278800	2289600
2293200	2311200
2365200	2376000
2379600	2397600
2451600	2462400
2466000	2484000
2538000	2548800
2552400	2570400
2624400	2635200
2638800	2656800
2710800	2721600
2725200	2743200
2797200	2808000
2811600	2829600
2883600	2894400
2898000	2916000
2970000	2980800
2984400	3002400
3056400	3067200
3070800	3088800
3142800	3153600
3157200	3175200
3229200	3240000
3243600	3261600
3315600	3326400
3330000	3348000
3402000	3412800
3416400	3434400
3488400	3499200
3502800	3520800
3574800	3585600
3589200	3607200
3661200	3672000
3675600	3693600
3747600	3758400
3762000	3780000
3834000	3844800
3848400	3866400
3920400	3931200
3934800	3952800
4006800	4017600
4021200	4039200
4093200	4104000
4107600	4125600
4179600	4190400
4194000	4212000
4266000	4276800
4280400	4298400
4352400	4363200
4366800	4384800
4438800	4449600
4453200	4471200
4525200	4536000
4539600	4557600
4611600	4622400
4626000	4644000
4698000	4708800
4712400	4730400
4784400	4795200
4798800	4816800
4870800	4881600
4885200	4903200
4957200	4968000
4971600	4989600
5043600	5054400
5058000	5076000
5130000	5140800
5144400	5162400
5216400	5227200
5230800	5248800
5302800	5313600
5317200	5335200
5389200	5400000
5403600	5421600
5475600	5486400
5490000	5508000
5562000	5572800
5576400	5594400
5648400	5659200
5662800	5680800
5734800	5745600
5749200	5767200
5821200	5832000
5835600	5853600
5907600	5918400
5922000	5940000
5994000	6004800
6008400	6026400
6080400	6091200
6094800	6112800
6166800	6177600
6181200	6199200
6253200	6264000
6267600	6285600
6339600	6350400
6354000	6372000
6426000	6436800
6440400	6458400
6512400	6523200
6526800	6544800
6598800	6609600
6613200	6631200
6685200	6696000
6699600	6717600
6771600	6782400
6786000	6804000
6858000	6868800
6872400	6890400
6944400	6955200
6958800	6976800
7030800	7041600
7045200	7063200
7117200	7128000
7131600	7149600
7203600	7214400
7218000	7236000
1000000000	2000000000
333333333333333333333333
222222222222222222222222
666666336666556666668866
333333333388333333333333
333333333333333333333333
883333003333333333333333
333333333333333333333333
333333333333333333333366
332233663333333333333333
666666667755666666666666
222222222222222222222222
222222222222222222222244
666666666666666666556611
333333334433333333333333
85
46800	64800
133200	151200
219600	237600
306000	324000
392400	410400
478800	496800
565200	583200
651600	669600
738000	756000
824400	842400
910800	928800
997200	1015200
1083600	1101600
1170000	1188000
1256400	1274400
1342800	1360800
1429200	1447200
1515600	1533600
1602000	1620000
1688400	1706400
1774800	1792800
1861200	1879200
1947600	1965600
2034000	2052000
2120400	2138400
2206800	2224800
2293200	2311200
2379600	2397600
2466000	2484000
2552400	2570400
2638800	2656800
2725200	2743200
2811600	2829600
2898000	2916000
2984400	3002400
3070800	3088800
3157200	3175200
3243600	3261600
3330000	3348000
3416400	3434400
3502800	3520800
3589200	3607200
3675600	3693600
3762000	3780000
3848400	3866400
3934800	3952800
4021200	4039200
4107600	4125600
4194000	4212000
4280400	4298400
4366800	4384800
4453200	4471200
4539600	4557600
4626000	4644000
4712400	4730400
4798800	4816800
4885200	4903200
4971600	4989600
5058000	5076000
5144400	5162400
5230800	5248800
5317200	5335200
5403600	5421600
5490000	5508000
5576400	5594400
5662800	5680800
5749200	5767200
5835600	5853600
5922000	5940000
6008400	6026400
6094800	6112800
6181200	6199200
6267600	6285600
6354000	6372000
6440400	6458400
6526800	6544800
6613200	6631200
6699600	6717600
6786000	6804000
6872400	6890400
6958800	6976800
7045200	7063200
7131600	7149600
7218000	7236000
1000000000	2000000000
333333333333333333333333
222222222222222222222222
666666336666556666668866
333333333388333333333333
333333333333333333333333
883333003333333333333333
333333333333333333333333
333333333333333333333366
332233663333333333333333
666666667755666666666666
222222222222222222222222
222222222222222222222244
666666666666666666556611
333333334433333333333333
169
32400	43200
46800	86400
118800	129600
133200	172800
205200	216000
219600	259200
291600	302400
306000	345600
378000	388800
392400	432000
464400	475200
478800	518400
550800	561600
565200	604800
637200	648000
651600	691200
723600	734400
738000	777600
810000	820800
824400	864000
896400	907200
910800	950400
982800	993600
997200	1036800
1069200	1080000
1083600	1123200
1155600	1166400
1170000	1209600
1242000	1252800
1256400	1296000
1328400	1339200
1342800	1382400
1414800	1425600
1429200	1468800
1501200	1512000
1515600	1555200
1587600	1598400
1602000	1641600
1674000	1684800
1688400	1728000
1760400	1771200
1774800	1814400
1846800	1857600
1861200	1879200
1933200	1944000
1947600	1965600
2019600	2030400
2034000	2052000
2106000	2116800
2120400	2138400
2192400	2203200
2206800	2224800
2278800	2289600
2293200	2311200
2365200	2376000
2379600	2397600
2451600	2462400
2466000	2505600
2538000	2548800
2552400	2592000
2624400	2635200
2638800	2678400
2710800	2721600
2725200	2764800
2797200	2808000
2811600	2851200
2883600	2894400
2898000	2937600
2970000	2980800
2984400	3024000
3056400	3067200
3070800	3110400
3142800	3153600
3157200	3196800
3229200	3240000
3243600	3283200
3315600	3326400
3330000	3369600
3402000	3412800
3416400	3456000
3488400	3499200
3502800	3542400
3574800	3585600
3589200	3628800
3661200	3672000
3675600	3708000
3747600	3758400
3762000	3794400
3834000	3844800
3848400	3880800
3920400	3931200
3934800	3967200
4006800	4017600
4021200	4053600
4093200	4104000
4107600	4140000
4179600	4190400
4194000	4226400
4266000	4276800
4280400	4320000
4352400	4363200
4366800	4406400
4438800	4449600
4453200	4492800
4525200	4536000
4539600	4579200
4611600	4622400
4626000	4665600
4698000	4708800
4712400	4752000
4784400	4795200
4798800	4838400
4870800	4881600
4885200	4924800
4957200	4968000
4971600	5011200
5043600	5054400
5058000	5097600
5130000	5140800
5144400	5184000
5216400	5227200
5230800	5270400
5302800	5313600
5317200	5356800
5389200	5400000
5403600	5443200
5475600	5486400
5490000	5529600
5562000	5572800
5576400	5616000
5648400	5659200
5662800	5702400
5734800	5745600
5749200	5788800
5821200	5832000
5835600	5875200
5907600	5918400
5922000	5961600
5994000	6004800
6008400	6048000
6080400	6091200
6094800	6148800
6166800	6177600
6181200	6235200
6253200	6264000
6267600	6321600
6339600	6350400
6354000	6408000
6426000	6436800
6440400	6494400
6512400	6523200
6526800	6580800
6598800	6609600
6613200	6667200
6685200	6696000
6699600	6739200
6771600	6782400
6786000	6825600
6858000	6868800
6872400	6912000
6944400	6955200
6958800	6998400
7030800	7041600
7045200	7084800
7117200	7128000
7131600	7171200
7203600	7214400
7218000	7257600
1000000000	2000000000
333333333333333333333333
222222222222222222222222
666666336666556666668866
333333333388333333333333
333333333333333333333333
883333003333333333333333
333333333333333333333333
333333333333333333333366
332233663333333333333333
666666667755666666666666
222222222222222222222222
222222222222222222222244
666666666666666666556611
333333334433333333333333
169
32400	43200
46800	64800
118800	129600
133200	151200
205200	216000
219600	237600
291600	302400
306000	324000
378000	388800
392400	410400
464400	475200
478800	496800
550800	561600
565200	583200
637200	648000
651600	669600
723600	734400
738000	756000
810000	820800
824400	842400
896400	907200
910800	928800
982800	993600
997200	1015200
1069200	1080000
1083600	1101600
1155600	1166400
1170000	1188000
1242000	1252800
1256400	1274400
1328400	1339200
1342800	1360800
1414800	1425600
1429200	1447200
1501200	1512000
1515600	1533600
1587600	1598400
1602000	1620000
1674000	1684800
1688400	1706400
1760400	1771200
1774800	1792800
1846800	1857600
1861200	1879200
1933200	1944000
1947600	1965600
2019600	2030400
2034000	2052000
2106000	2116800
2120400	2138400
2192400	2203200
2206800	2224800
2278800	2289600
2293200	2311200
2365200	2376000
2379600	2397600
2451600	2462400
2466000	2484000
2538000	2548800
2552400	2570400
2624400	2635200
2638800	2656800
2710800	2721600
2725200	2743200
2797200	2808000
2811600	2829600
2883600	2894400
2898000	2916000
2970000	2980800
2984400	3002400
3056400	3067200
3070800	3124800
3142800	3153600
3157200	3211200
3229200	3240000
3243600	3297600
3315600	3326400
3330000	3384000
3402000	3412800
3416400	3470400
3488400	3499200
3502800	3556800
3574800	3585600
3589200	3643200
3661200	3672000
3675600	3693600
3747600	3758400
3762000	3780000
3834000	3844800
3848400	3866400
3920400	3931200
3934800	3952800
4006800	4017600
4021200	4039200
4093200	4104000
4107600	4125600
4179600	4190400
4194000	4212000
4266000	4276800
4280400	4298400
4352400	4363200
4366800	4384800
4438800	4449600
4453200	4471200
4525200	4536000
4539600	4557600
4611600	4622400
4626000	4644000
4698000	4708800
4712400	4730400
4784400	4795200
4798800	4816800
4870800	4881600
4885200	4903200
4957200	4968000
4971600	4989600
5043600	5054400
5058000	5076000
5130000	5140800
5144400	5162400
5216400	5227200
5230800	5248800
5302800	5313600
5317200	5335200
5389200	5400000
5403600	5421600
5475600	5486400
5490000	5508000
5562000	5572800
5576400	5594400
5648400	5659200
5662800	5680800
5734800	5745600
5749200	5767200
5821200	5832000
5835600	5853600
5907600	5918400
5922000	5940000
5994000	6004800
6008400	6026400
6080400	6091200
6094800	6112800
6166800	6177600
6181200	6199200
6253200	6264000
6267600	6285600
6339600	6350400
6354000	6372000
6426000	6436800
6440400	6458400
6512400	6523200
6526800	6544800
6598800	6609600
6613200	6631200
6685200	6696000
6699600	6717600
6771600	6782400
6786000	6804000
6858000	6868800
6872400	6890400
6944400	6955200
6958800	6976800
7030800	7041600
7045200	7063200
7117200	7128000
7131600	7149600
7203600	7214400
7218000	7236000
1000000000	2000000000
333333333333333333333333
222222222222222222222222
666666336666556666668866
333333333388333333333333
333333333333333333333333
883333003333333333333333
333333333333333333333333
333333333333333333333366
332233663333333333333333
666666667755666666666666
222222222222222222222222
222222222222222222222244
666666666666666666556611
333333334433333333333333
169
32400	43200
46800	64800
118800	129600
133200	151200
205200	216000
219600	237600
291600	302400
306000	324000
378000	388800
392400	410400
464400	475200
478800	496800
550800	561600
565200	583200
637200	648000
651600	669600
723600	734400
738000	756000
810000	820800
824400	842400
896400	907200
910800	928800
982800	993600
997200	1015200
1069200	1080000
1083600	1101600
1155600	1166400
1170000	1188000
1242000	1252800
1256400	1274400
1328400	1339200
1342800	1360800
1414800	1425600
1429200	1447200
1501200	1512000
1515600	1533600
1587600	1598400
1602000	1620000
1674000	1684800
1688400	1706400
1760400	1771200
1774800	1792800
1846800	1857600
1861200	1879200
1933200	1944000
1947600	1965600
2019600	2030400
2034000	2052000
2106000	2116800
2120400	2138400
2192400	2203200
2206800	2224800
2278800	2289600
2293200	2311200
2365200	2376000
2379600	2397600
2451600	2462400
2466000	2484000
2538000	2548800
2552400	2570400
2624400	2635200
2638800	2656800
2710800	2721600
2725200	2743200
2797200	2808000
2811600	2829600
2883600	2894400
2898000	2916000
2970000	2980800
2984400	3002400
3056400	3067200
3070800	3088800
3142800	3153600
3157200	3175200
3229200	3240000
3243600	3261600
3315600	3326400
3330000	3348000
3402000	3412800
3416400	3434400
3488400	3499200
3502800	3520800
3574800	3585600
3589200	3607200
3661200	3672000
3675600	3693600
3747600	3758400
3762000	3780000
3834000	3844800
3848400	3866400
3920400	3931200
3934800	3952800
4006800	4017600
4021200	4039200
4093200	4104000
4107600	4125600
4179600	4190400
4194000	4212000
4266000	4276800
4280400	4298400
4352400	4363200
4366800	4384800
4438800	4449600
4453200	4471200
4525200	4536000
4539600	4557600
4611600	4622400
4626000	4644000
4698000	4708800
4712400	4730400
4784400	4795200
4798800	4816800
4870800	4881600
4885200	4903200
4957200	4968000
4971600	4989600
5043600	5054400
5058000	5076000
5130000	5140800
5144400	5162400
5216400	5227200
5230800	5248800
5302800	5313600
5317200	5335200
5389200	5400000
5403600	5421600
5475600	5486400
5490000	5508000
5562000	5572800
5576400	5594400
5648400	5659200
5662800	5680800
5734800	5745600
5749200	5767200
5821200	5832000
5835600	5853600
5907600	5918400
5922000	5940000
5994000	6004800
6008400	6026400
6080400	6091200
6094800	6112800
6166800	6177600
6181200	6199200
6253200	6264000
6267600	6285600
6339600	6350400
6354000	6372000
6426000	6436800
6440400	6458400
6512400	6523200
6526800	6544800
6598800	6609600
6613200	6631200
6685200	6696000
6699600	6717600
6771600	6782400
6786000	6804000
6858000	6868800
6872400	6890400
6944400	6955200
6958800	6976800
7030800	7041600
7045200	7063200
7117200	7128000
7131600	7149600
7203600	7214400
7218000	7236000
1000000000	2000000000
333333333333333333333333
222222222222222222222222
666666336666556666668866
333333333388333333333333
333333333333333333333333
883333003333333333333333
333333333333333333333333
333333333333333333333366
332233663333333333333333
666666667755666666666666
222222222222222222222222
222222222222222222222244
666666666666666666556611
333333334433333333333333
162
32400	43200
46800	100800
118800	129600
133200	187200
205200	216000
219600	273600
291600	302400
306000	360000
378000	388800
392400	446400
464400	475200
478800	532800
550800	561600
565200	619200
637200	648000
651600	669600
723600	734400
738000	756000
810000	820800
824400	842400
896400	907200
910800	928800
982800	993600
997200	1015200
1069200	1080000
1083600	1101600
1155600	1166400
1170000	1188000
1242000	1252800
1256400	1274400
1328400	1339200
1342800	1360800
1414800	1425600
1429200	1447200
1501200	1512000
1515600	1533600
1587600	1598400
1602000	1620000
1674000	1684800
1688400	1706400
1760400	1771200
1774800	1792800
1814400	1814400
1900800	1900800
1987200	1987200
2073600	2073600
2160000	2160000
2246400	2246400
2332800	2332800
2451600	2462400
2466000	2484000
2538000	2548800
2552400	2570400
2624400	2635200
2638800	2656800
2710800	2721600
2725200	2743200
2797200	2808000
2811600	2829600
2883600	2894400
2898000	2916000
2970000	2980800
2984400	3002400
3056400	3067200
3070800	3088800
3142800	3153600
3157200	3175200
3229200	3240000
3243600	3261600
3315600	3326400
3330000	3348000
3402000	3412800
3416400	3434400
3488400	3499200
3502800	3520800
3574800	3585600
3589200	3607200
3661200	3672000
3675600	3693600
3747600	3758400
3762000	3780000
3834000	3844800
3848400	3866400
3920400	3931200
3934800	3952800
4006800	4017600
4021200	4039200
4093200	4104000
4107600	4125600
4179600	4190400
4194000	4212000
4266000	4276800
4280400	4298400
4352400	4363200
4366800	4384800
4438800	4449600
4453200	4471200
4525200	4536000
4539600	4557600
4611600	4622400
4626000	4644000
4698000	4708800
4712400	4730400
4784400	4795200
4798800	4816800
4870800	4881600
4885200	4903200
4957200	4968000
4971600	4989600
5043600	5054400
5058000	5076000
5130000	5140800
5144400	5162400
5216400	5227200
5230800	5248800
5302800	5313600
5317200	5335200
5389200	5400000
5403600	5421600
5475600	5486400
5490000	5508000
5562000	5572800
5576400	5594400
5648400	5659200
5662800	5680800
5734800	5745600
5749200	5767200
5821200	5832000
5835600	5853600
5907600	5918400
5922000	5940000
5994000	6004800
6008400	6026400
6080400	6091200
6094800	6112800
6166800	6177600
6181200	6199200
6253200	6264000
6267600	6285600
6339600	6350400
6354000	6372000
6426000	6436800
6440400	6458400
6512400	6523200
6526800	6544800
6598800	6609600
6613200	6631200
6685200	6696000
6699600	6717600
6771600	6782400
6786000	6804000
6858000	6868800
6872400	6890400
6944400	6955200
6958800	6976800
7030800	7041600
7045200	7063200
7117200	7128000
7131600	7149600
7203600	7214400
7218000	7236000
1000000000	2000000000
333333333333333333333333
222222222222222222222222
666666336666556666668866
333333333388333333333333
333333333333333333333333
883333003333333333333333
333333333333333333333333
333333333333333333333366
332233663333333333333333
666666667755666666666666
222222222222222222222222
222222222222222222222244
666666666666666666556611
333333334433333333333333
169
32400	43200
46800	64800
118800	129600
133200	151200
205200	216000
219600	237600
291600	302400
306000	324000
378000	388800
392400	410400
464400	475200
478800	496800
550800	561600
565200	583200
637200	648000
651600	669600
723600	734400
738000	756000
810000	820800
824400	842400
896400	907200
910800	928800
982800	993600
997200	1015200
1069200	1080000
1083600	1101600
1155600	1166400
1170000	1188000
1242000	1252800
1256400	1274400
1328400	1339200
1342800	1360800
1414800	1425600
1429200	1447200
1501200	1512000
1515600	1533600
1587600	1598400
1602000	1620000
1674000	1684800
1688400	1706400
1760400	1771200
1774800	1792800
1846800	1857600
1861200	1879200
1933200	1944000
1947600	1965600
2019600	2030400
2034000	2052000
2106000	2116800
2120400	2138400
2192400	2203200
2206800	2224800
2278800	2289600
2293200	2311200
2365200	2376000
2379600	2397600
2451600	2462400
2466000	2484000
2538000	2548800
2552400	2570400
2624400	2635200
2638800	2656800
2710800	2721600
2725200	2743200
2797200	2808000
2811600	2829600
2883600	2894400
2898000	2916000
2970000	2980800
2984400	3002400
3056400	3067200
3070800	3088800
3142800	3153600
3157200	3175200
3229200	3240000
3243600	3261600
3315600	3326400
3330000	3348000
3402000	3412800
3416400	3434400
3488400	3499200
3502800	3520800
3574800	3585600
3589200	3607200
3661200	3672000
3675600	3693600
3747600	3758400
3762000	3780000
3834000	3844800
3848400	3866400
3920400	3931200
3934800	3952800
4006800	4017600
4021200	4039200
4093200	4104000
4107600	4125600
4179600	4190400
4194000	4212000
4266000	4276800
4280400	4298400
4352400	4363200
4366800	4384800
4438800	4449600
4453200	4471200
4525200	4536000
4539600	4557600
4611600	4622400
4626000	4644000
4698000	4708800
4712400	4730400
4784400	4795200
4798800	4816800
4870800	4881600
4885200	4903200
4957200	4968000
4971600	4989600
5043600	5054400
5058000	5076000
5130000	5140800
5144400	5162400
5216400	5227200
5230800	5248800
5302800	5313600
5317200	5335200
5389200	5400000
5403600	5421600
5475600	5486400
5490000	5508000
5562000	5572800
5576400	5594400
5648400	5659200
5662800	5680800
5734800	5745600
5749200	5767200
5821200	5832000
5835600	5853600
5907600	5918400
5922000	5940000
5994000	6004800
6008400	6026400
6080400	6091200
6094800	6112800
6166800	6177600
6181200	6199200
6253200	6264000
6267600	6285600
6339600	6350400
6354000	6372000
6426000	6436800
6440400	6458400
6512400	6523200
6526800	6544800
6598800	6609600
6613200	6631200
6685200	6696000
6699600	6717600
6771600	6782400
6786000	6804000
6858000	6868800
6872400	6890400
6944400	6955200
6958800	6976800
7030800	7041600
7045200	7063200
7117200	7128000
7131600	7149600
7203600	7214400
7218000	7236000
1000000000	2000000000
333333333333333333333333
222222222222222222222222
666666336666556666668866
333333333388333333333333
333333333333333333333333
883333003333333333333333
333333333333333333333333
333333333333333333333366
332233663333333333333333
666666667755666666666666
222222222222222222222222
222222222222222222222244
666666666666666666556611
333333334433333333333333
169
32400	43200
46800	64800
118800	129600
133200	151200
205200	216000
219600	237600
291600	302400
306000	324000
378000	388800
392400	410400
464400	475200
478800	496800
550800	561600
565200	583200
637200	648000
651600	669600
723600	734400
738000	756000
810000	820800
824400	842400
896400	907200
910800	928800
982800	993600
997200	1015200
1069200	1080000
1083600	1101600
1155600	1166400
1170000	1188000
1242000	1252800
1256400	1274400
1328400	1339200
1342800	1360800
1414800	1425600
1429200	1447200
1501200	1512000
1515600	1533600
1587600	1598400
1602000	1620000
1674000	1684800
1688400	1706400
1760400	1771200
1774800	1792800
1846800	1857600
1861200	1879200
1933200	1944000
1947600	1965600
2019600	2030400
2034000	2052000
2106000	2116800
2120400	2138400
2192400	2203200
2206800	2224800
2278800	2289600
2293200	2311200
2365200	2376000
2379600	2397600
2451600	2462400
2466000	2484000
2538000	2548800
2552400	2570400
2624400	2635200
2638800	2656800
2710800	2721600
2725200	2743200
2797200	2808000
2811600	2829600
2883600	2894400
2898000	2916000
2970000	2980800
2984400	3002400
3056400	3067200
3070800	3088800
3142800	3153600
3157200	3175200
3229200	3240000
3243600	3261600
3315600	3326400
3330000	3348000
3402000	3412800
3416400	3434400
3488400	3499200
3502800	3520800
3574800	3585600
3589200	3607200
3661200	3672000
3675600	3693600
3747600	3758400
3762000	3780000
3834000	3844800
3848400	3866400
3920400	3931200
3934800	3952800
4006800	4017600
4021200	4039200
4093200	4104000
4107600	4125600
4179600	4190400
4194000	4212000
4266000	4276800
4280400	4298400
4352400	4363200
4366800	4384800
4438800	4449600
4453200	4471200
4525200	4536000
4539600	4557600
4611600	4622400
4626000	4644000
4698000	4708800
4712400	4730400
4784400	4795200
4798800	4816800
4870800	4881600
4885200	4903200
4957200	4968000
4971600	4989600
5043600	5054400
5058000	5076000
5130000	5140800
5144400	5162400
5216400	5227200
5230800	5248800
5302800	5313600
5317200	5335200
5389200	5400000
5403600	5421600
5475600	5486400
5490000	5508000
5562000	5572800
5576400	5594400
5648400	5659200
5662800	5680800
5734800	5745600
5749200	5767200
5821200	5832000
5835600	5853600
5907600	5918400
5922000	5940000
5994000	6004800
6008400	6026400
6080400	6091200
6094800	6112800
6166800	6177600
6181200	6199200
6253200	6264000
6267600	6285600
6339600	6350400
6354000	6372000
6426000	6436800
6440400	6458400
6512400	6523200
6526800	6544800
6598800	6609600
6613200	6631200
6685200	6696000
6699600	6739200
6771600	6782400
6786000	6825600
6858000	6868800
6872400	6912000
6944400	6955200
6958800	6998400
7030800	7041600
7045200	7084800
7117200	7128000
7131600	7171200
7203600	7214400
7218000	7257600
1000000000	2000000000
333333333333333333333333
222222222222222222222222
666666336666556666668866
333333333388333333333333
333333333333333333333333
883333003333333333333333
333333333333333333333333
333333333333333333333366
332233663333333333333333
666666667755666666666666
222222222222222222222222
222222222222222222222244
666666666666666666556611
333333334433333333333333
162
32400	43200
46800	64800
118800	129600
133200	151200
205200	216000
219600	237600
291600	302400
306000	324000
378000	388800
392400	410400
464400	475200
478800	496800
550800	561600
565200	583200
651600	669600
738000	756000
824400	842400
910800	928800
997200	1015200
1083600	1101600
1170000	1188000
1242000	1252800
1256400	1274400
1328400	1339200
1342800	1360800
1414800	1425600
1429200	1447200
1501200	1512000
1515600	1533600
1587600	1598400
1602000	1620000
1674000	1684800
1688400	1706400
1760400	1771200
1774800	1792800
1846800	1857600
1861200	1900800
1933200	1944000
1947600	1987200
2019600	2030400
2034000	2073600
2106000	2116800
2120400	2160000
2192400	2203200
2206800	2246400
2278800	2289600
2293200	2332800
2365200	2376000
2379600	2419200
2451600	2462400
2466000	2484000
2538000	2548800
2552400	2570400
2624400	2635200
2638800	2656800
2710800	2721600
2725200	2743200
2797200	2808000
2811600	2829600
2883600	2894400
2898000	2916000
2970000	2980800
2984400	3002400
3056400	3067200
3070800	3088800
3142800	3153600
3157200	3175200
3229200	3240000
3243600	3261600
3315600	3326400
3330000	3348000
3402000	3412800
3416400	3434400
3488400	3499200
3502800	3520800
3574800	3585600
3589200	3607200
3661200	3672000
3675600	3693600
3747600	3758400
3762000	3780000
3834000	3844800
3848400	3866400
3920400	3931200
3934800	3952800
4006800	4017600
4021200	4039200
4093200	4104000
4107600	4125600
4179600	4190400
4194000	4212000
4266000	4276800
4280400	4298400
4352400	4363200
4366800	4384800
4438800	4449600
4453200	4471200
4525200	4536000
4539600	4557600
4611600	4622400
4626000	4644000
4698000	4708800
4712400	4730400
4784400	4795200
4798800	4816800
4870800	4881600
4885200	4903200
4957200	4968000
4971600	4989600
5043600	5054400
5058000	5076000
5130000	5140800
5144400	5162400
5216400	5227200
5230800	5248800
5302800	5313600
5317200	5335200
5389200	5400000
5403600	5421600
5475600	5486400
5490000	5508000
5562000	5572800
5576400	5594400
5648400	5659200
5662800	5680800
5734800	5745600
5749200	5767200
5821200	5832000
5835600	5853600
5907600	5918400
5922000	5940000
5994000	6004800
6008400	6026400
6080400	6091200
6094800	6112800
6166800	6177600
6181200	6199200
6253200	6264000
6267600	6285600
6339600	6350400
6354000	6372000
6426000	6436800
6440400	6458400
6512400	6523200
6526800	6544800
6598800	6609600
6613200	6631200
6685200	6696000
6699600	6717600
6771600	6782400
6786000	6804000
6858000	6868800
6872400	6890400
6944400	6955200
6958800	6976800
7030800	7041600
7045200	7063200
7117200	7128000
7131600	7149600
7203600	7214400
7218000	7236000
1000000000	2000000000
333333333333333333333333
222222222222222222222222
666666336666556666668866
333333333388333333333333
333333333333333333333333
883333003333333333333333
333333333333333333333333
333333333333333333333366
332233663333333333333333
666666667755666666666666
222222222222222222222222
222222222222222222222244
666666666666666666556611
333333334433333333333333
169
32400	43200
46800	86400
118800	129600
133200	172800
205200	216000
219600	259200
291600	302400
306000	345600
378000	388800
392400	432000
464400	475200
478800	518400
550800	561600
565200	604800
637200	648000
651600	691200
723600	734400
738000	777600
810000	820800
824400	864000
896400	907200
910800	950400
982800	993600
997200	1036800
1069200	1080000
1083600	1123200
1155600	1166400
1170000	1209600
1242000	1252800
1256400	1296000
1328400	1339200
1342800	1382400
1414800	1425600
1429200	1468800
1501200	1512000
1515600	1555200
1587600	1598400
1602000	1641600
1674000	1684800
1688400	1728000
1760400	1771200
1774800	1814400
1846800	1857600
1861200	1900800
1933200	1944000
1947600	1987200
2019600	2030400
2034000	2073600
2106000	2116800
2120400	2160000
2192400	2203200
2206800	2246400
2278800	2289600
2293200	2332800
2365200	2376000
2379600	2419200
2451600	2462400
2466000	2512800
2538000	2548800
2552400	2599200
2624400	2635200
2638800	2685600
2710800	2721600
2725200	2772000
2797200	2808000
2811600	2858400
2883600	2894400
2898000	2944800
2970000	2980800
2984400	3031200
3056400	3067200
3070800	3103200
3142800	3153600
3157200	3189600
3229200	3240000
3243600	3276000
3315600	3326400
3330000	3362400
3402000	3412800
3416400	3448800
3488400	3499200
3502800	3535200
3574800	3585600
3589200	3621600
3661200	3672000
3675600	3715200
3747600	3758400
3762000	3801600
3834000	3844800
3848400	3888000
3920400	3931200
3934800	3974400
4006800	4017600
4021200	4060800
4093200	4104000
4107600	4147200
4179600	4190400
4194000	4233600
4266000	4276800
4280400	4320000
4352400	4363200
4366800	4406400
4438800	4449600
4453200	4492800
4525200	4536000
4539600	4579200
4611600	4622400
4626000	4665600
4698000	4708800
4712400	4752000
4784400	4795200
4798800	4838400
4870800	4881600
4885200	4924800
4957200	4968000
4971600	5011200
5043600	5054400
5058000	5097600
5130000	5140800
5144400	5184000
5216400	5227200
5230800	5270400
5302800	5313600
5317200	5356800
5389200	5400000
5403600	5443200
5475600	5486400
5490000	5529600
5562000	5572800
5576400	5616000
5648400	5659200
5662800	5702400
5734800	5745600
5749200	5788800
5821200	5832000
5835600	5875200
5907600	5918400
5922000	5961600
5994000	6004800
6008400	6048000
6080400	6091200
6094800	6134400
6166800	6177600
6181200	6220800
6253200	6264000
6267600	6307200
6339600	6350400
6354000	6393600
6426000	6436800
6440400	6480000
6512400	6523200
6526800	6566400
6598800	6609600
6613200	6652800
6685200	6696000
6699600	6739200
6771600	6782400
6786000	6825600
6858000	6868800
6872400	6912000
6944400	6955200
6958800	6998400
7030800	7041600
7045200	7084800
7117200	7128000
7131600	7171200
7203600	7214400
7218000	7257600
1000000000	2000000000
333333333333333333333333
222222222222222222222222
666666336666556666668866
333333333388333333333333
333333333333333333333333
883333003333333333333333
333333333333333333333333
333333333333333333333366
332233663333333333333333
666666667755666666666666
222222222222222222222222
222222222222222222222244
666666666666666666556611
333333334433333333333333
85
46800	64800
133200	151200
219600	237600
306000	324000
392400	410400
478800	496800
565200	583200
651600	669600
738000	756000
824400	842400
910800	928800
997200	1015200
1083600	1101600
1170000	1188000
1256400	1274400
1342800	1360800
1429200	1447200
1515600	1533600
1602000	1620000
1688400	1706400
1774800	1792800
1861200	1879200
1947600	1965600
2034000	2052000
2120400	2138400
2206800	2224800
2293200	2311200
2379600	2397600
2466000	2484000
2552400	2570400
2638800	2656800
2725200	2743200
2811600	2829600
2898000	2916000
2984400	3002400
3070800	3088800
3157200	3175200
3243600	3261600
3330000	3348000
3416400	3434400
3502800	3520800
3589200	3607200
3675600	3693600
3762000	3780000
3848400	3866400
3934800	3952800
4021200	4039200
4107600	4125600
4194000	4212000
4280400	4298400
4366800	4384800
4453200	4471200
4539600	4557600
4626000	4644000
4712400	4730400
4798800	4816800
4885200	4903200
4971600	4989600
5058000	5076000
5144400	5162400
5230800	5248800
5317200	5335200
5403600	5421600
5490000	5508000
5576400	5594400
5662800	5680800
5749200	5767200
5835600	5853600
5922000	5940000
6008400	6026400
6094800	6112800
6181200	6199200
6267600	6285600
6354000	6372000
6440400	6458400
6526800	6544800
6613200	6631200
6699600	6717600
6786000	6804000
6872400	6890400
6958800	6976800
7045200	7063200
7131600	7149600
7218000	7236000
1000000000	2000000000
333333333333333333333333
222222222222222222222222
666666336666556666668866
333333333388333333333333
333333333333333333333333
883333003333333333333333
333333333333333333333333
333333333333333333333366
332233663333333333333333
666666667755666666666666
222222222222222222222222
222222222222222222222244
666666666666666666556611
333333334433333333333333
92
46800	64800
133200	151200
219600	237600
306000	324000
392400	410400
478800	496800
565200	583200
651600	669600
738000	756000
824400	842400
910800	928800
997200	1015200
1083600	1101600
1170000	1188000
1256400	1274400
1342800	1360800
1429200	1447200
1515600	1533600
1602000	1620000
1688400	1706400
1774800	1792800
1861200	1879200
1947600	1965600
2034000	2052000
2120400	2138400
2206800	2224800
2293200	2311200
2379600	2397600
2466000	2484000
2552400	2570400
2638800	2656800
2725200	2743200
2811600	2829600
2898000	2916000
2984400	3002400
3070800	3088800
3157200	3175200
3243600	3261600
3330000	3348000
3416400	3434400
3502800	3520800
3589200	3607200
3675600	3693600
3762000	3780000
3848400	3866400
3934800	3952800
4021200	4039200
4107600	4125600
4194000	4212000
4280400	4298400
4366800	4384800
4453200	4471200
4539600	4557600
4626000	4644000
4712400	4730400
4798800	4816800
4885200	4903200
4971600	4989600
5058000	5076000
5144400	5162400
5230800	5248800
5317200	5335200
5403600	5421600
5490000	5508000
5576400	5594400
5662800	5680800
5749200	5767200
5835600	5853600
5922000	5940000
6008400	6026400
6094800	6112800
6181200	6199200
6267600	6285600
6354000	6372000
6440400	6458400
6526800	6544800
6613200	6631200
6685200	6696000
6699600	6724800
6771600	6782400
6786000	6811200
6858000	6868800
6872400	6897600
6944400	6955200
6958800	6984000
7030800	7041600
7045200	7070400
7117200	7128000
7131600	7156800
7203600	7214400
7218000	7243200
1000000000	2000000000
333333333333333333333333
222222222222222222222222
666666336666556666668866
333333333388333333333333
333333333333333333333333
883333003333333333333333
333333333333333333333333
333333333333333333333366
332233663333333333333333
666666667755666666666666
222222222222222222222222
222222222222222222222244
666666666666666666556611
333333334433333333333333
162
32400	43200
46800	86400
118800	129600
133200	172800
205200	216000
219600	259200
291600	302400
306000	345600
378000	388800
392400	432000
464400	475200
478800	518400
550800	561600
565200	604800
637200	648000
651600	691200
723600	734400
738000	777600
810000	820800
824400	864000
896400	907200
910800	950400
982800	993600
997200	1036800
1069200	1080000
1083600	1123200
1155600	1166400
1170000	1209600
1242000	1252800
1256400	1296000
1328400	1339200
1342800	1382400
1414800	1425600
1429200	1468800
1501200	1512000
1515600	1555200
1587600	1598400
1602000	1641600
1674000	1684800
1688400	1728000
1760400	1771200
1774800	1814400
1846800	1857600
1861200	1900800
1933200	1944000
1947600	1987200
2019600	2030400
2034000	2073600
2106000	2116800
2120400	2160000
2192400	2203200
2206800	2246400
2278800	2289600
2293200	2332800
2365200	2376000
2379600	2419200
2451600	2462400
2466000	2505600
2538000	2548800
2552400	2592000
2624400	2635200
2638800	2678400
2710800	2721600
2725200	2764800
2797200	2808000
2811600	2851200
2883600	2894400
2898000	2937600
2970000	2980800
2984400	3024000
3056400	3067200
3070800	3110400
3142800	3153600
3157200	3196800
3229200	3240000
3243600	3283200
3315600	3326400
3330000	3369600
3402000	3412800
3416400	3456000
3488400	3499200
3502800	3542400
3574800	3585600
3589200	3628800
3661200	3672000
3675600	3715200
3747600	3758400
3762000	3801600
3834000	3844800
3848400	3888000
3920400	3931200
3934800	3974400
4006800	4017600
4021200	4060800
4093200	4104000
4107600	4147200
4179600	4190400
4194000	4233600
4266000	4276800
4280400	4320000
4352400	4363200
4366800	4406400
4438800	4449600
4453200	4492800
4525200	4536000
4539600	4579200
4611600	4622400
4626000	4665600
4698000	4708800
4712400	4752000
4784400	4795200
4798800	4838400
4870800	4881600
4885200	4924800
4957200	4968000
4971600	5011200
5043600	5054400
5058000	5097600
5130000	5140800
5144400	5184000
5216400	5227200
5230800	5270400
5302800	5313600
5317200	5356800
5389200	5400000
5403600	5443200
5475600	5486400
5490000	5522400
5562000	5572800
5576400	5608800
5648400	5659200
5662800	5695200
5734800	5745600
5749200	5781600
5821200	5832000
5835600	5868000
5907600	5918400
5922000	5954400
5994000	6004800
6008400	6040800
6080400	6091200
6094800	6134400
6166800	6177600
6181200	6220800
6253200	6264000
6267600	6307200
6339600	6350400
6354000	6393600
6426000	6436800
6440400	6480000
6512400	6523200
6526800	6566400
6598800	6609600
6613200	6652800
6685200	6696000
6771600	6782400
6858000	6868800
6944400	6955200
7030800	7041600
7117200	7128000
7203600	7214400
1000000000	2000000000
333333333333333333333333
222222222222222222222222
666666336666556666668866
333333333388333333333333
333333333333333333333333
883333003333333333333333
333333333333333333333333
333333333333333333333366
332233663333333333333333
666666667755666666666666
222222222222222222222222
222222222222222222222244
666666666666666666556611
333333334433333333333333
169
32400	43200
46800	64800
118800	129600
133200	151200
205200	216000
219600	237600
291600	302400
306000	324000
378000	388800
392400	410400
464400	475200
478800	496800
550800	561600
565200	583200
637200	648000
651600	669600
723600	734400
738000	756000
810000	820800
824400	842400
896400	907200
910800	928800
982800	993600
997200	1015200
1069200	1080000
1083600	1101600
1155600	1166400
1170000	1188000
1242000	1252800
1256400	1274400
1328400	1339200
1342800	1360800
1414800	1425600
1429200	1447200
1501200	1512000
1515600	1533600
1587600	1598400
1602000	1620000
1674000	1684800
1688400	1706400
1760400	1771200
1774800	1792800
1846800	1857600
1861200	1879200
1933200	1944000
1947600	1965600
2019600	2030400
2034000	2052000
2106000	2116800
2120400	2138400
2192400	2203200
2206800	2224800
2278800	2289600
2293200	2311200
2365200	2376000
2379600	2397600
2451600	2462400
2466000	2491200
2538000	2548800
2552400	2577600
2624400	2635200
2638800	2664000
2710800	2721600
2725200	2750400
2797200	2808000
2811600	2836800
2883600	2894400
2898000	2923200
2970000	2980800
2984400	3009600
3056400	3067200
3070800	3088800
3142800	3153600
3157200	3175200
3229200	3240000
3243600	3261600
3315600	3326400
3330000	3348000
3402000	3412800
3416400	3434400
3488400	3499200
3502800	3520800
3574800	3585600
3589200	3607200
3661200	3672000
3675600	3693600
3747600	3758400
3762000	3780000
3834000	3844800
3848400	3866400
3920400	3931200
3934800	3952800
4006800	4017600
4021200	4039200
4093200	4104000
4107600	4125600
4179600	4190400
4194000	4212000
4266000	4276800
4280400	4298400
4352400	4363200
4366800	4384800
4438800	4449600
4453200	4471200
4525200	4536000
4539600	4557600
4611600	4622400
4626000	4644000
4698000	4708800
4712400	4730400
4784400	4795200
4798800	4816800
4870800	4881600
4885200	4903200
4957200	4968000
4971600	4989600
5043600	5054400
5058000	5076000
5130000	5140800
5144400	5162400
5216400	5227200
5230800	5248800
5302800	5313600
5317200	5335200
5389200	5400000
5403600	5421600
5475600	5486400
5490000	5508000
5562000	5572800
5576400	5594400
5648400	5659200
5662800	5680800
5734800	5745600
5749200	5767200
5821200	5832000
5835600	5853600
5907600	5918400
5922000	5940000
5994000	6004800
6008400	6026400
6080400	6091200
6094800	6112800
6166800	6177600
6181200	6199200
6253200	6264000
6267600	6285600
6339600	6350400
6354000	6372000
6426000	6436800
6440400	6458400
6512400	6523200
6526800	6544800
6598800	6609600
6613200	6631200
6685200	6696000
6699600	6717600
6771600	6782400
6786000	6804000
6858000	6868800
6872400	6890400
6944400	6955200
6958800	6976800
7030800	7041600
7045200	7063200
7117200	7128000
7131600	7149600
7203600	7214400
7218000	7236000
1000000000	2000000000
333333333333333333333333
222222222222222222222222
666666336666556666668866
333333333388333333333333
333333333333333333333333
883333003333333333333333
333333333333333333333333
333333333333333333333366
332233663333333333333333
666666667755666666666666
222222222222222222222222
222222222222222222222244
666666666666666666556611
333333334433333333333333
0.48
