10
7
50
155
0	4
2880	4320
3	11	12	13	
1	6
2880	4320
0	2	10	12	15	16	
2	7
2880	4320
5	10	11	12	13	14	16	
3	7
2880	4320
0	4	10	12	13	15	16	
4	1
2880	4320
15	
5	1
2880	4320
12	
6	5
2880	4320
0	4	12	15	16	
7	3
2880	4320
2	13	15	
8	2
2880	4320
3	10	
9	2
2880	4320
3	16	
10	5
2880	4320
0	7	10	12	14	
11	7
2880	4320
0	1	10	11	12	13	14	
12	5
2880	4320
0	5	10	11	12	
13	2
2880	4320
0	6	
14	6
2880	4320
0	7	12	13	15	16	
15	5
2880	4320
0	8	12	15	16	
16	4
2880	4320
6	10	12	16	
17	3
2880	4320
3	10	12	
18	1
2880	4320
11	
19	7
2880	4320
0	7	10	11	12	15	16	
20	5
2880	4320
0	1	10	12	16	
21	1
2880	4320
15	
22	3
2880	4320
3	11	15	
23	3
2880	4320
5	12	16	
24	1
2880	4320
0	
25	3
2880	4320
0	8	10	
26	2
2880	4320
3	12	
27	1
2880	4320
2	
28	1
2880	4320
3	
29	3
2880	4320
0	9	10	
30	1
2880	4320
8	
31	5
2880	4320
0	1	12	13	16	
32	7
2880	4320
0	1	10	11	12	15	16	
33	4
2880	4320
0	2	10	11	
34	5
2880	4320
0	3	10	14	16	
35	2
2880	4320
4	14	
36	6
2880	4320
0	7	10	11	12	14	
37	7
2880	4320
4	10	11	12	13	14	16	
38	6
2880	4320
0	6	12	13	15	16	
39	2
2880	4320
8	12	
40	2
2880	4320
9	12	
41	7
2880	4320
0	6	10	11	13	15	16	
42	2
2880	4320
0	4	
43	5
2880	4320
0	1	10	12	15	
44	1
2880	4320
16	
45	3
2880	4320
5	11	12	
46	7
2880	4320
0	5	10	11	12	13	16	
47	3
2880	4320
0	6	16	
48	4
2880	4320
0	2	10	16	
49	1
2880	4320
12	
50	4
2880	4320
4	11	13	16	
51	1
2880	4320
16	
52	4
2880	4320
4	11	12	13	
53	7
2880	4320
0	7	10	11	12	14	16	
54	5
2880	4320
0	7	13	14	16	
55	1
2880	4320
8	
56	1
2880	4320
8	
57	7
2880	4320
0	3	10	11	12	13	14	
58	2
2880	4320
0	12	
59	7
2880	4320
0	9	10	11	12	15	16	
60	7
2880	4320
0	9	11	12	13	14	16	
61	4
2880	4320
6	10	11	12	
62	5
2880	4320
0	7	10	15	16	
63	1
2880	4320
5	
64	3
2880	4320
3	12	15	
65	1
2880	4320
12	
66	4
2880	4320
0	6	12	16	
67	1
2880	4320
16	
68	6
2880	4320
0	8	10	11	13	16	
69	4
2880	4320
0	7	11	12	
70	7
2880	4320
0	7	11	12	13	14	16	
71	6
2880	4320
0	4	11	12	13	14	
72	5
2880	4320
6	10	12	15	16	
73	4
2880	4320
0	2	12	15	
74	1
2880	4320
3	
75	7
2880	4320
0	7	10	11	12	14	16	
76	5
2880	4320
6	10	11	15	16	
77	4
2880	4320
7	10	12	15	
78	6
2880	4320
0	3	10	11	12	13	
79	5
2880	4320
0	1	12	15	16	
80	3
2880	4320
0	1	12	
81	2
2880	4320
0	11	
82	1
2880	4320
10	
83	4
2880	4320
0	9	12	14	
84	2
2880	4320
4	10	
85	5
2880	4320
0	9	10	12	16	
86	4
2880	4320
0	4	10	16	
87	1
2880	4320
0	
88	4
2880	4320
0	2	10	12	
89	2
2880	4320
3	13	
90	6
2880	4320
0	4	10	12	13	16	
91	6
2880	4320
0	5	10	12	13	16	
92	5
2880	4320
2	10	13	14	16	
93	1
2880	4320
15	
94	4
2880	4320
7	12	13	16	
95	5
2880	4320
0	2	10	12	16	
96	1
2880	4320
1	
97	7
2880	4320
0	8	10	11	12	13	16	
98	5
2880	4320
7	10	12	13	16	
99	1
2880	4320
14	
100	4
2880	4320
0	9	10	12	
101	6
2880	4320
0	9	12	13	15	16	
102	2
2880	4320
0	11	
103	4
2880	4320
6	12	13	16	
104	1
2880	4320
12	
105	2
2880	4320
1	12	
106	7
2880	4320
0	2	10	11	12	15	16	
107	7
2880	4320
0	6	10	11	12	13	16	
108	7
2880	4320
0	1	10	12	13	15	16	
109	5
2880	4320
9	10	12	13	14	
110	3
2880	4320
0	12	15	
111	2
2880	4320
4	15	
112	1
2880	4320
2	
113	2
2880	4320
8	11	
114	6
2880	4320
0	3	10	11	14	16	
115	6
2880	4320
0	5	10	12	13	16	
116	7
2880	4320
0	7	11	12	13	14	16	
117	5
2880	4320
0	2	10	12	16	
118	1
2880	4320
6	
119	2
2880	4320
1	10	
120	2
2880	4320
6	12	
121	4
2880	4320
2	10	15	16	
122	1
2880	4320
4	
123	4
2880	4320
6	11	12	13	
124	4
2880	4320
0	2	14	16	
125	3
2880	4320
0	14	16	
126	1
2880	4320
3	
127	3
2880	4320
0	5	12	
128	4
2880	4320
6	10	11	16	
129	1
2880	4320
7	
130	4
2880	4320
0	3	14	16	
131	6
2880	4320
0	4	10	11	13	16	
132	4
2880	4320
9	10	11	16	
133	6
2880	4320
0	8	11	12	15	16	
134	4
2880	4320
1	12	13	16	
135	7
2880	4320
0	4	10	12	13	15	16	
136	2
2880	4320
0	2	
137	3
2880	4320
4	13	16	
138	5
2880	4320
0	8	10	11	12	
139	5
2880	4320
0	9	10	13	15	
140	1
2880	4320
7	
141	1
2880	4320
12	
142	4
2880	4320
0	7	11	16	
143	3
2880	4320
0	1	12	
144	4
2880	4320
6	10	12	14	
145	1
2880	4320
9	
146	2
2880	4320
3	10	
147	7
2880	4320
0	2	10	11	12	15	16	
148	7
2880	4320
0	9	10	12	13	15	16	
149	6
2880	4320
0	6	10	12	13	16	
150	3
2880	4320
9	12	16	
151	5
2880	4320
0	8	10	15	16	
152	3
2880	4320
1	10	14	
153	7
2880	4320
0	4	10	11	12	13	16	
154	5
2880	4320
0	4	10	11	12	
17
0
0	1	1	1046	1053
1.36924	0.426616	0.612363
0.164419	0.257572	0.332177	0.210515	0.0519226	0.0930489	0.64359	0.736286	0.408033	
1
1	1	2	1062	1091
1.1709	0.336293	0.891984
0.51275	0.924702	0.943025	0.793361	0.673709	0.616239	0.57204	0.16412	0.682256	
2
1	1	1	1372	1377
1.2087	0.309771	0.616536
0.589711	0.740093	0.483672	0.672318	0.350345	0.964861	0.729325	0.411718	0.770371	
3
1	1	3	1054	1058
1.45435	0.630305	0.880261
0.0370378	0.667036	0.317924	0.110018	0.601202	0.852492	0.835419	0.86011	0.418556	
4
1	1	5	1559	1562
1.11467	0.0122977	0.801985
0.23492	0.147524	0.753822	0.706721	0.700436	0.911997	0.86311	0.580329	0.768678	
5
1	1	1	1486	1536
1.38708	0.261239	0.954468
0.72092	0.663431	0.327793	0.813161	0.318079	0.231297	0.638792	0.137045	0.814477	
6
1	1	1	924	943
1.21505	0.123608	0.58204
0.48258	0.0404172	0.977353	0.809737	0.184488	0.572882	0.862034	0.958891	0.0374933	
7
1	1	1	1132	1243
1.43316	0.647047	0.790972
0.166029	0.183745	0.66052	0.0977454	0.926819	0.296933	0.788743	0.987965	0.89416	
8
1	1	2	1036	1065
1.19547	0.0410185	0.863633
0.317884	0.393757	0.661533	0.266891	0.0143937	0.787983	0.880976	0.58724	0.404116	
9
1	1	3	875	902
1.40013	0.315714	0.874734
0.232761	0.978877	0.488439	0.717349	0.688557	0.225291	0.380629	0.996682	0.180163	
10
2	1	1	904	955
1.26616	0.118995	0.729342
0.296837	0.168708	0.557356	0.72953	0.436482	0.693898	0.194421	0.586542	0.854609	
11
3	1	5	951	958
1.2776	0.797444	0.918547
0.564127	0.479156	0.377396	0.722686	0.60247	0.272833	0.657521	0.104224	0.464573	
12
4	1	1	811	905
1.11537	0.188728	0.515562
0.784371	0.0111801	0.96071	0.493548	0.663735	0.854783	0.832222	0.745753	0.70276	
13
5	1	2	1301	1309
1.13657	0.0699228	0.568223
0.132327	0.0393497	0.170171	0.677897	0.974646	0.358231	0.176641	0.950081	0.595738	
14
6	1	2	1007	1030
1.16515	0.506745	0.881193
0.508718	0.0993984	0.564797	0.796879	0.108424	0.826105	0.549111	0.905461	0.0831792	
15
6	1	3	1265	1293
1.47912	0.372108	0.645999
0.781972	0.26185	0.705616	0.0852414	0.503762	0.365413	0.337855	0.895148	0.584234	
16
7	1	3	1002	1120
1.33236	0.699525	0.724645
0.500354	0.816136	0.478135	0.668811	0.467696	0.792841	0.22855	0.5179	0.536602	
975
0	94	37427
3292	3904	3129	4252	
1	42	36223
3462	3823	
2	9	40501
3377	3074	
3	112	36623
4223	
4	44	48036
3935	
5	129	39194
3502	
6	46	656127
3211	3290	3597	3256	2958	4229	4207	
7	48	659760
2963	4194	4204	3633	
8	41	663101
4304	3394	4232	3414	4012	3036	3341	
9	56	36483
4083	
10	104	659126
4270	
11	141	662936
3810	
12	19	666622
4215	3838	3829	3004	3307	3678	3521	
13	63	643834
3344	
14	133	739285
3345	3043	4059	3468	4270	3132	
15	135	743562
3832	2889	3530	3349	4235	4278	3593	
16	49	676880
3820	
17	97	747812
2964	4038	3225	3829	3785	2999	4250	
18	139	747288
3850	4163	3617	4160	3726	
19	17	684591
3888	4202	3926	
20	107	750965
3211	4095	3389	3879	3845	3228	3153	
21	131	754035
3975	3380	3433	3719	3847	3070	
22	110	750817
3348	3347	3529	
23	144	749302
4252	4100	3027	4076	
24	4	754149
3332	
25	16	758028
3334	3614	3968	3993	
26	41	826262
3272	3091	3477	3915	3453	3281	4272	
27	61	756371
4242	3186	3786	4150	
28	40	760603
3177	4232	
29	63	647778
3944	
30	3	830090
3104	3340	3579	3453	4063	4260	2964	
31	15	833785
4163	3916	3976	3695	3011	
32	6	837643
3056	3648	3203	3263	3858	
33	64	840375
3366	3524	3327	
34	6	912736
4103	2979	4029	3892	4034	
35	102	825472
2996	3773	
36	54	916171
4043	3768	3752	3773	3435	
37	91	919521
4315	3722	3712	2976	4055	3350	
38	66	922853
2982	3904	4310	3332	
39	46	926828
3407	3415	4124	3665	4162	3399	3975	
40	40	832788
4266	3154	
41	89	832590
3186	2956	
42	127	835992
3711	4117	3204	
43	80	839331
2927	3487	3339	
44	80	843263
3525	3287	3932	
45	125	929914
3782	3227	3086	
46	104	847018
3755	
47	118	151530
3894	
48	133	933685
3680	3516	3062	3701	3671	3771	
49	106	984208
3627	4118	4288	3038	3076	3814	3723	
50	133	987807
3962	3034	3628	3433	4153	3599	
51	130	991830
3876	2893	3469	4023	
52	23	998319
3180	3289	2889	
53	70	1002478
2925	3336	3182	4130	3458	3769	4159	
54	25	755499
3158	3043	4161	
55	10	917887
3832	2973	3282	3021	3318	
56	128	1005814
3642	3132	4178	3336	
57	60	1009668
3008	4124	3972	3803	3109	3421	3854	
58	67	1012962
3294	
59	34	1016484
3967	3465	3430	3402	3522	
60	55	224501
3206	
61	116	1019804
3591	3349	2892	4062	3723	3352	3320	
62	47	1069586
3420	4063	2982	
63	43	927344
3590	4228	4150	3565	3039	
64	113	925298
3047	3809	
65	34	1073552
3714	4034	3092	3748	3966	
66	115	1076928
3425	4238	2922	2899	3036	3376	
67	43	1001258
2887	2991	3822	3942	4058	
68	148	1084674
4157	3212	3103	3409	4048	3736	4146	
69	72	1087921
3730	4251	3937	3791	3247	
70	105	944017
3153	3606	
71	71	1003300
3273	3275	3404	3008	3725	3090	
72	59	1091220
3915	3042	4169	2987	2927	4182	3299	
73	86	1095214
3108	3878	3537	3994	
74	27	213491
4173	
75	10	1007383
3348	4194	3041	3927	4083	
76	49	1008122
4105	
77	30	231550
4002	
78	17	1011966
3643	3977	3844	
79	149	1098559
3518	3182	3009	3417	3677	3345	
80	71	1086498
2991	2915	3989	3330	3362	2898	
81	115	1102349
3042	3683	3947	4143	3576	3790	
82	45	1026352
3740	3220	3496	
83	105	1029810
3936	3458	
84	125	1106416
3745	2940	4067	
85	131	1156908
4253	3810	3108	3488	4063	3692	
86	55	234710
3160	
87	30	238803
4093	
88	28	300084
2905	
89	145	301800
3946	
90	144	1092650
3388	3758	3226	3212	
91	151	1160447
2942	4258	3124	3863	3539	
92	12	1069485
3355	3037	3052	4079	4049	
93	79	1163643
3431	3554	3212	3992	3196	
94	35	1096750
4125	4100	
95	111	1092327
3161	3105	
96	130	1171272
3849	3131	3319	4029	
97	66	1175286
3497	3948	2918	4014	
98	114	1179293
3382	3331	3347	3875	3499	4007	
99	108	1183515
3155	4059	3886	4235	3868	3754	4222	
100	148	1186824
3741	3976	2945	4281	2993	3987	3309	
101	46	1190680
3170	3366	3254	4182	3063	3732	3856	
102	130	1193721
2919	4124	3961	3041	
103	133	1244477
3697	3869	3397	3392	3152	3956	
104	81	1098201
3931	3482	
105	76	1247609
3272	3985	3137	3487	3132	
106	39	1097706
4233	2987	
107	133	1251831
3747	3517	3270	3527	3145	4222	
108	85	1259721
3330	4173	4264	2917	4290	
109	76	1263906
3678	2940	4267	3427	4185	
110	45	1181507
3880	3255	4232	
111	131	1267279
3024	4012	3781	3511	3210	3373	
112	81	1187729
3294	3688	
113	15	1270873
4018	3416	3061	3603	3594	
114	101	1862546
3400	3449	3750	3443	4000	4197	
115	48	1866696
3546	3087	3882	4150	
116	73	1866223
3405	3935	3188	3741	
117	120	1195615
3438	4109	
118	68	1869687
3876	4305	3854	4317	3085	2991	
119	58	1198873
3910	3258	
120	52	1264395
3797	3932	3930	3947	
121	105	1268060
3603	3682	
122	94	1873483
3208	4034	3398	3796	
123	37	1876758
3269	3431	3451	3010	3769	3596	3275	
124	70	1880887
3635	3262	3763	3358	3462	3039	4129	
125	30	473384
3719	
126	60	1884621
3473	3580	3454	3372	4189	3630	3734	
127	117	1934830
4059	3558	3587	4050	3409	
128	28	397712
2988	
129	31	1938409
3710	3493	3000	2934	3579	
130	96	491580
4006	
131	93	1869945
3722	
132	150	1942011
3056	3860	3602	
133	112	486967
3103	
134	123	1358714
3176	4139	4270	3866	
135	146	993564
3437	3003	
136	83	1431041
3815	3066	4014	3438	
137	106	1948837
2910	3567	3123	3304	3020	4261	3226	
138	55	480156
3172	
139	123	1432379
3410	2907	3514	3179	
140	124	1952080
4125	4051	4046	3243	
141	71	1439295
3079	3961	3858	3529	3101	4208	
142	59	1955769
3845	3126	3356	3151	4316	3555	3689	
143	52	1439453
2972	4026	4318	3973	
144	59	1959322
3128	3175	4078	4286	3585	2988	3553	
145	35	1442337
2914	3042	
146	13	554456
4201	3656	
147	9	1963046
3551	3724	
148	98	1966097
4108	3238	2935	3505	3051	
149	3	1969762
3164	4017	3494	3450	4265	3279	3665	
150	109	1519133
3792	3708	3241	3124	3510	
151	38	1972784
3484	3937	3287	4161	3905	3022	
152	37	2022876
3402	3992	2913	3726	3083	3486	3292	
153	68	2026283
3388	4246	3859	3341	4283	3407	
154	146	1029256
3413	3244	
155	142	2034022
3459	3979	4105	4139	
156	144	1530659
3153	3041	3924	4265	
157	116	2037302
4176	3513	3799	3069	3616	2903	3280	
158	38	2040337
4146	3964	3201	3841	2909	3035	
159	63	741622
3466	
160	92	2043934
4039	3765	3447	3748	3597	
161	136	574053
3403	3559	
162	83	1613798
3998	3066	3081	3919	
163	7	1962793
3234	3532	3551	
164	42	581539
3644	2956	
165	32	2048138
4014	4107	3768	3651	3888	3648	4204	
166	22	2038504
3989	2886	3663	
167	74	415467
3365	
168	116	2051294
2949	3157	3701	4013	3889	3148	3156	
169	96	589046
3400	
170	18	1602855
4142	
171	81	1605916
2882	3061	
172	72	2055050
4021	4024	4061	3623	3756	
173	133	2059031
3063	3071	3539	3345	3508	3981	
174	39	1612510
3405	3055	
175	112	580305
3018	
176	82	1090597
3543	
177	28	466484
4217	
178	110	2049280
4162	3734	3645	
179	12	1619460
4017	3379	3180	2934	3216	
180	111	2121841
3642	4161	
181	154	1622708
4168	3861	3236	3983	3248	
182	140	638538
3028	
183	26	1626386
3159	3678	
184	55	647432
3756	
185	39	1630607
3040	4221	
186	151	2125197
3813	3655	3310	3066	3356	
187	131	2128527
3434	3445	2984	3770	3101	3330	
188	41	2132344
3159	3163	4291	4308	3066	4186	3817	
189	5	1633530
2923	
190	56	661029
3302	
191	118	656698
3494	
192	89	1696375
3301	3525	
193	151	2135581
3596	3630	3499	3777	3237	
194	105	1637220
4035	3690	
195	114	2139729
3879	3323	3275	3538	3754	4148	
196	23	2143348
4296	3046	3619	
197	4	2136340
3470	
198	134	2193601
3211	3922	3182	3453	
199	85	2197121
3862	3920	3270	3078	3520	
200	82	1161047
3805	
201	11	1703634
4276	3343	3408	4277	4306	4077	3880	
202	90	2200549
3420	4316	3534	4105	3597	3428	
203	120	1707891
3759	3092	
204	59	2208917
3799	3495	3711	3355	3115	4176	3325	
205	49	1715105
4099	
206	98	2212985
3759	3059	3157	4009	4068	
207	105	1722091
3583	3829	
208	61	1776424
3024	3890	3908	4152	
209	26	1779348
3313	2924	
210	52	1783857
4056	3510	4303	4217	
211	73	2212999
3368	4113	3069	4083	
212	93	2216402
3403	
213	54	2215904
3147	4130	3288	4301	2919	
214	127	1790001
4165	4273	3281	
215	122	680530
3345	
216	102	1783649
3177	3811	
217	55	667744
3085	
218	151	2220434
4293	4140	3327	4032	3275	
219	41	2224402
4095	2885	4272	3460	4146	3968	3568	
220	122	723967
3837	
221	61	1793803
3127	3166	3440	3802	
222	69	1863264
4087	3291	4314	3916	
223	144	1866758
3937	3544	2938	3494	
224	32	2296720
3485	3875	3854	3364	3489	3917	3115	
225	129	741395
3030	
226	109	1873612
3888	3796	3386	3921	2931	
227	149	2300263
2947	3316	3919	3144	3531	3543	
228	101	2303610
4166	3194	3093	3422	3766	3347	
229	83	1951727
4184	3330	3064	4127	
230	81	1870466
3094	3839	
231	11	1955399
4169	3354	3554	3647	3727	3571	3672	
232	52	1956175
4275	3471	3397	3639	
233	110	2304023
4085	3352	3538	
234	72	2307298
3286	3820	3492	3275	2988	
235	137	2310222
3766	3830	2924	
236	34	2314185
3830	3557	3973	3136	3963	
237	60	2318392
3059	4255	4195	4297	3227	2891	4207	
238	67	2368149
2957	
239	118	752315
3864	
240	104	1953776
3534	
241	0	2034561
3315	3572	4086	2929	
242	61	1961186
3151	4021	3607	3324	
243	119	1270633
4221	3938	
244	61	1964372
3504	3168	3062	3186	
245	66	2371676
2945	3416	3447	3527	
246	101	2379746
3511	3098	3315	4261	4047	3174	
247	32	2383855
3778	3274	3770	4099	4211	4110	3037	
248	94	2387880
3249	3109	3615	4025	
249	55	730998
3258	
250	91	2391044
4177	3100	3040	3939	3767	3164	
251	83	2038307
3131	3580	3465	4307	
252	115	2394771
3175	3789	3843	3856	3369	3727	
253	147	2398484
3271	3652	3502	3416	3889	3049	3713	
254	44	2402530
4046	
255	23	2452320
3991	4113	2990	
256	151	2455743
4308	3083	4115	3934	3423	
257	1	2459733
3567	3909	2931	2986	3581	3990	
258	94	2466813
2905	3887	3776	3480	
259	19	2470996
3551	3944	3627	3105	2900	3450	4183	
260	148	2474116
4129	3713	2905	3243	3138	3550	3120	
261	17	2057078
3914	4136	3290	
262	78	2128223
3852	3825	3742	4260	3419	3336	
263	70	2477928
4150	3034	3836	3512	3085	3631	3812	
264	40	2067818
3447	3809	
265	105	2071284
3043	3466	
266	108	2481181
3782	4058	3130	3023	3506	3794	3253	
267	145	900400
3227	
268	6	2484862
3484	3473	4128	3956	3681	
269	90	2489038
3493	2979	3992	3817	3441	4176	
270	88	2122187
3862	3107	3167	3935	
271	136	905660
3711	2897	
272	62	2539729
3073	3497	3868	2947	3891	
273	89	2210757
3504	4102	
274	76	2552403
2916	3991	3912	3486	4172	
275	2	2556354
2983	3782	3975	3651	3436	4271	3951	
276	29	1417288
4100	3170	3146	
277	140	915753
2996	
278	54	2559989
4198	3921	3235	3185	3635	
279	8	1421381
4202	4093	
280	85	2563618
3527	4071	3189	4288	3629	
281	37	2566730
3706	3430	4231	3445	3777	3636	3112	
282	84	1435849
3300	4249	
283	35	2294348
3565	4099	
284	115	2570678
4239	3761	3659	2921	4230	3948	
285	135	2573889
3935	3862	3097	3370	3178	3858	3211	
286	15	2576881
2901	3966	3535	3225	2992	
287	120	2147087
3681	3690	
288	46	2627062
3428	3945	3723	3507	3361	3947	3381	
289	85	2630157
2926	3655	3009	3460	3095	
290	32	2633844
3288	3542	3631	3727	2955	4013	3687	
291	33	2206903
3946	3191	3704	3215	
292	152	2297388
3190	3488	3040	
293	79	2641582
2903	4152	2946	3227	4138	
294	64	2639059
3007	3024	3934	
295	147	2645050
3617	4053	4201	3229	3602	3651	3468	
296	48	2648527
3986	3183	3812	3477	
297	50	2651513
3122	4007	3945	2986	
298	15	2655112
3121	3544	3266	3298	3599	
299	2	2658338
3139	3015	3145	2936	3988	3844	3226	
300	8	1517689
4151	3301	
301	25	1521141
4133	3438	3452	
302	49	2220878
3594	
303	129	924814
4183	
304	84	1524993
3651	3852	
305	100	2224493
3220	3601	3525	3615	
306	68	2661723
4059	3272	3057	3643	3798	3385	
307	71	2384864
2935	3944	3778	3191	3262	3773	
308	78	2388172
3101	3852	3082	2915	4189	3819	
309	23	2711444
3640	3389	2921	
310	20	2715297
3332	2954	4268	3077	3853	
311	19	2718262
3847	3080	3499	3103	2966	3569	2965	
312	101	2721193
3004	3804	3890	3294	4098	2931	
313	130	2728964
2949	3659	3968	4171	
314	62	2732759
4233	3737	3349	2939	3795	
315	142	2736415
3727	3788	4071	3656	
316	123	2395032
3065	4091	2975	3566	
317	129	1084547
3547	
318	146	1589185
3701	3812	
319	26	2317024
3814	3474	
320	45	2320771
2897	3740	3747	
321	133	2740526
3276	4152	4061	3951	3621	4111	
322	3	2744319
3729	3203	2973	3098	3128	3612	3793	
323	66	2747769
3075	3419	4000	3450	
324	70	2798361
4147	3831	3855	3062	3861	3691	3792	
325	19	2801400
3031	3992	3735	3025	3159	3339	3039	
326	51	2804970
3570	
327	66	2812058
4077	3776	4192	3488	
328	131	2815966
2979	3878	3830	3937	3818	3908	
329	65	2405271
4273	
330	66	2820087
3705	3907	3490	4121	
331	115	2823928
3311	3451	3605	3200	3364	3841	
332	15	2827607
3701	4283	3281	3361	3679	
333	65	2418629
3387	
334	150	2830916
3710	3548	3309	
335	115	2833893
4019	4295	4112	2935	3716	2977	
336	46	2883879
3777	2935	3236	3614	3241	2989	3186	
337	114	2887013
3883	3650	4251	2932	3518	3134	
338	93	2742735
3788	
339	93	2814064
2929	
340	61	2473518
3490	3369	3900	4269	
341	54	2890159
3342	4019	3553	4142	3146	
342	53	2893101
3024	3275	3822	3295	3512	3989	2942	
343	149	2899939
4287	4110	4177	3446	3753	3238	
344	111	2817896
2943	3832	
345	67	2904114
4175	
346	66	2907290
3234	3616	3612	3176	
347	50	2911103
3477	4103	3630	3813	
348	68	2915396
3698	3040	3604	3459	4194	4293	
349	85	2918539
3187	3585	4117	3728	3143	
350	47	2922235
4057	3023	3696	
351	96	1070166
4138	
352	1	2972307
4094	2925	4014	2908	3553	3272	
353	58	2494445
3144	3721	
354	83	2564403
3759	3619	3071	3564	
355	33	2556545
4054	4301	3863	4139	
356	150	2975478
3363	3265	3171	
357	132	2978369
3020	3369	4007	2891	
358	128	2985526
4282	3254	4299	3557	
359	50	2989441
2886	3346	4146	3915	
360	26	2504177
3341	3396	
361	92	2992621
3107	4182	3456	4115	3180	
362	132	2996196
2972	3921	2973	3575	
363	3	2999905
3059	2953	2972	3708	3008	4319	3709	
364	111	2898032
3693	3864	
365	136	1249326
3185	3594	
366	106	3003172
4286	3923	3604	4220	4245	4246	3267	
367	131	3007317
3632	3892	3006	3294	3032	4145	
368	136	1260469
3460	3620	
369	31	3058279
3332	3559	3929	3970	4162	
370	18	2650876
3792	
371	146	1715892
3069	2891	
372	93	2906268
3990	
373	93	2909730
3462	
374	72	3061764
4234	3972	4132	4189	3485	
375	29	1762981
3623	3546	3517	
376	91	3064744
3006	3726	3556	4172	3200	2980	
377	129	1170556
4062	
378	86	3072557
3144	3557	3110	4213	
379	88	2660000
3204	2904	3092	3952	
380	116	3075889
3721	4312	4176	3338	3566	3243	3332	
381	13	1273182
3164	3952	
382	65	2666364
3026	
383	5	2669323
2959	
384	112	1269506
3997	
385	40	2673513
4015	4190	
386	88	2677647
4141	4244	4092	4134	
387	139	2985940
3283	3656	3951	4113	3621	
388	43	2989401
3121	3542	3026	3789	3461	
389	71	2737138
4264	2924	3222	3861	3659	4009	
390	3	3079556
4261	3977	3867	4104	3764	2933	3667	
391	51	3082518
2962	
392	111	2995824
3828	3490	
393	13	1332261
3049	3861	
394	138	2734208
4045	4251	3982	3248	3137	
395	55	1336903
4252	
396	29	1799542
3616	3031	4285	
397	55	1343419
2916	
398	102	2734078
4142	4156	
399	24	1346293
3977	
400	28	1172477
3217	
401	32	3086104
3640	3309	3290	3665	3475	4222	3586	
402	48	3089786
3465	3560	4085	3682	
403	48	3093495
3818	2944	3001	3709	
404	116	3144369
3926	4273	2890	4104	3749	3064	4074	
405	18	2812498
3465	
406	19	3147588
4243	3206	2969	2955	3210	4220	3219	
407	29	1855421
3934	3563	2934	
408	98	3150818
3280	4219	3925	3714	3230	
409	52	2823693
3347	3182	3549	4060	
410	103	3158041
3960	4040	4309	3623	
411	19	3162081
3500	4067	2998	3918	3714	2929	4040	
412	134	3165430
3609	3417	4127	3349	
413	133	3169065
3520	3341	4149	3149	2996	3635	
414	72	3172563
2962	4004	2914	3327	3498	
415	54	3176621
3579	3086	3951	3216	4058	
416	114	3180706
3087	2996	4117	4138	3604	4085	
417	90	3231593
3228	3301	3701	2953	3805	4087	
418	15	3234953
3007	3506	3997	4310	3360	
419	64	3157638
3777	3121	3010	
420	7	3161130
3737	3946	3492	
421	22	3164638
4079	3999	3508	
422	44	3238063
3110	
423	72	3245965
3244	3491	3819	3792	4302	
424	74	1433358
4106	
425	111	3172636
4257	4206	
426	112	1365114
4161	
427	16	3249007
4099	3661	3076	3042	
428	55	1429992
4253	
429	154	2906309
3463	4018	3643	2941	3070	
430	109	2985962
2971	3517	3166	3646	3733	
431	15	3253277
3795	3501	4156	3339	4270	
432	109	2989462
3590	3668	4097	3119	3500	
433	125	3256436
4310	3682	3159	
434	18	2909107
2927	
435	113	2913166
4094	4059	
436	81	2984629
3800	3063	
437	140	1430124
3906	
438	128	3259470
3512	3912	4234	3034	
439	57	2996994
3747	2968	3726	3931	4139	3882	3850	
440	149	3262592
3997	4123	3944	4080	3917	3122	
441	104	3000996
3914	
442	93	3247732
3357	
443	60	3265756
4191	3563	4209	4287	4282	3951	3164	
444	91	3316226
3535	4002	3793	3067	3634	3670	
445	122	1434103
3522	
446	64	3250906
3203	4231	3174	
447	153	3319155
3820	2943	2938	3275	3853	3076	2929	
448	67	3322289
3134	
449	32	3326178
3062	2998	2930	4303	4125	3136	3889	
450	63	1506746
3401	
451	95	3334001
3438	3210	3819	2900	4223	
452	103	3337996
3156	3337	3009	3995	
453	11	3087012
3629	2959	3057	3849	3631	2967	3610	
454	142	3341506
3347	4145	4159	3510	
455	8	1971658
3191	4299	
456	86	3345692
3459	3032	3385	4186	
457	47	3349256
2951	3870	3564	
458	104	3086879
4029	
459	115	3352562
3852	2974	4304	3519	4173	3306	
460	125	3403238
3636	3883	3876	
461	9	3407116
3757	3878	
462	114	3410324
3576	4090	2909	3061	3732	3208	
463	74	1530416
3054	
464	35	3167136
3136	4109	
465	61	3093822
4164	3794	3235	3424	
466	109	3171207
4105	3102	3296	3693	4071	
467	65	3101358
4240	
468	93	3257750
3708	
469	103	3417439
3818	3634	3539	3515	
470	49	3109171
4179	
471	63	1523084
3448	
472	132	3420582
3079	3809	3560	3143	
473	115	3423903
4195	3628	3796	3915	3648	3321	
474	22	3260669
2923	3536	2919	
475	121	3427545
3394	3555	3657	3642	
476	92	3431108
3846	3836	3343	3959	3563	
477	145	1463287
3560	
478	115	3434800
3401	4148	3131	3196	3388	3692	
479	1	3438949
3303	3089	4006	3568	3661	4149	
480	27	1540732
2985	
481	110	3339609
3540	4089	3222	
482	112	1591735
4203	
483	89	3248531
4102	3068	
484	136	1595068
3112	3333	
485	24	1548201
3802	
486	25	2058212
3604	4240	3727	
487	114	3488969
3910	3374	2969	3242	3222	3220	
488	54	3492955
3052	3951	3637	3426	3986	
489	122	1519810
3841	
490	146	2064629
3985	3448	
491	52	3256240
3297	3239	3532	4072	
492	147	3496821
3599	3527	2889	2962	3757	3066	3866	
493	137	3503606
3963	3893	3185	
494	16	3507014
3637	4263	3379	3408	
495	16	3510988
3708	3713	3799	3974	
496	65	3183515
3025	
497	56	1595056
3216	
498	146	2122717
3888	4023	
499	67	3515201
4213	
500	85	3518913
3918	3029	4158	3977	3712	
501	6	3521887
4267	2993	3575	4247	2974	
502	106	3525187
3022	3650	3546	3096	2946	2883	3300	
503	106	3575099
3259	3848	3843	3177	4317	3757	3112	
504	121	3579196
3641	3860	3783	4097	
505	142	3582951
3342	4112	3891	3755	
506	40	3252248
3562	4210	
507	139	3429189
3073	3980	3907	3633	3444	
508	121	3590785
3734	3502	4105	4234	
509	116	3593835
3125	4017	3745	3088	3679	2953	3050	
510	33	3257711
3642	3485	2982	3178	
511	0	3339673
3264	3143	3501	3828	
512	82	2152427
3912	
513	34	3597914
3841	3208	2945	3677	4079	
514	34	3601759
2972	3069	3408	3950	3845	
515	62	3605719
3692	3630	3921	4289	3960	
516	29	2210097
3110	4007	4196	
517	21	3510194
4211	
518	32	3609244
3063	3180	4268	3153	3617	4303	3525	
519	5	3336595
3833	
520	4	3517452
2955	
521	140	1681180
3550	
522	7	3520509
3062	3027	3057	
523	54	3612271
3443	3393	4003	3679	3027	
524	6	3662417
3775	3556	4091	3092	3346	
525	46	3666356
3812	3181	3025	3557	4206	4054	3939	
526	140	1692321
4148	
527	87	1692845
3123	
528	135	3669250
3144	3974	3694	4111	3612	3547	2894	
529	10	3420548
3230	3780	3864	3748	4148	
530	122	1700033
3214	
531	8	2227846
3755	2898	
532	11	3426649
3617	4046	3249	4122	4317	3880	3699	
533	48	3676857
4308	3187	3510	4007	
534	62	3680916
2895	3885	4190	3918	4059	
535	38	3684890
3264	3354	4047	4212	3663	3974	
536	16	3688957
3154	3269	3352	4067	
537	95	3692334
3821	3459	3561	3262	3377	
538	83	3430306
3355	3664	4004	3657	
539	75	3695334
3358	3386	2999	3524	3347	3915	3000	
540	31	3698261
3131	3607	4237	4316	2927	
541	137	3748023
3317	3361	2962	
542	79	3751958
2936	4072	3732	3854	3935	
543	85	3755970
3949	4284	4022	3406	4012	
544	70	3763751
3983	3025	3499	2888	3952	3652	4181	
545	148	3767180
3219	3163	4215	4037	3216	3559	3429	
546	83	3514143
4095	3653	3838	3253	
547	120	3437135
3546	3917	
548	33	3419281
3615	3293	2903	3772	
549	0	3518241
2919	3860	3944	4135	
550	148	3771234
3449	4296	3725	3129	4083	3046	4054	
551	16	3774915
3925	3608	3098	3681	
552	54	3778089
4132	2956	4106	3906	3174	
553	151	3781222
3584	3236	3863	2944	3133	
554	117	3784965
3516	2961	3817	3015	3743	
555	152	3598387
3140	3820	3557	
556	124	3835985
3969	3703	3401	4220	
557	19	3840017
4038	3837	3966	3306	3906	2976	4032	
558	129	1853637
3000	
559	145	1792302
3241	
560	130	3843082
4254	4206	3230	3065	
561	130	3850949
3084	3290	4308	4267	
562	130	3854159
3208	3315	4241	3210	
563	111	3691893
3113	3985	
564	28	1865015
3804	
565	48	3858315
3198	3491	2931	4156	
566	70	3861839
3080	3977	3373	2984	3433	3902	3524	
567	35	3689443
3336	3574	
568	7	3764370
4037	3812	4077	
569	110	3767996
3962	4129	3626	
570	0	3606127
4193	3231	4174	4052	
571	80	3504485
3776	4163	2971	
572	14	3865204
2936	2933	3484	3907	3355	3365	
573	8	2371878
3310	3584	
574	2	3868624
3000	3026	3145	3572	4144	4094	3420	
575	125	3872050
3128	4079	3426	
576	104	3514639
3098	
577	78	3686563
3792	3410	3344	3291	4285	3985	
578	20	3922575
3856	3703	3867	3564	3725	
579	35	3769385
3867	3369	
580	134	3926232
3164	4028	4112	3657	
581	80	3530572
3134	3854	4056	
582	144	3772552
3986	3434	3079	3167	
583	132	3929535
3854	3440	4261	3303	
584	3	3936379
3475	3920	3658	3140	3301	2906	3244	
585	19	3939263
3930	3679	3026	3001	4215	3681	2884	
586	103	3942145
3278	3385	2904	2882	
587	118	1785631
3949	
588	40	3580571
4023	3780	
589	37	3945664
4179	3416	3478	3386	3043	4183	3519	
590	86	3949942
4137	3800	3502	4278	
591	63	1695606
2883	
592	117	3953877
3341	3377	3407	3247	3935	
593	62	3957187
3494	4015	2969	4316	3310	
594	60	4008178
3911	3182	4264	3050	4164	4248	4191	
595	112	1940299
3722	
596	13	1943782
4233	3214	
597	60	4011708
2900	3857	4087	3150	3252	3525	3530	
598	1	4015780
3294	3922	4186	4306	3691	4072	
599	89	3779624
3182	3885	
600	20	4023651
3596	3454	3724	3581	4271	
601	2	4026590
3206	3741	3440	3938	3284	3072	2939	
602	27	1957638
3434	
603	8	2470991
3542	3573	
604	148	4029839
3275	3205	3750	4058	3736	3526	3249	
605	117	4033764
3740	4069	3838	3393	3925	
606	21	3861110
3239	
607	85	4037720
3482	3534	3892	2909	3956	
608	108	4041968
3079	3102	3236	3134	2962	3753	4248	
609	77	3937245
2993	3883	3116	3982	
610	122	1951288
4128	
611	116	4046233
4160	3983	3224	2993	3761	2927	4265	
612	79	4095967
4135	4007	3712	3917	2934	
613	143	3667646
3224	3719	3102	
614	121	4099716
3644	3391	3613	3749	
615	120	3671050
3061	3404	
616	89	3865520
4235	3753	
617	39	3678242
3003	3592	
618	77	3949058
3680	4313	3973	4283	
619	104	3685210
2995	
620	42	2022659
2882	3059	
621	7	3951977
3147	3776	2919	
622	5	3688377
3167	
623	93	4023335
2958	
624	2	4103495
4033	3380	3430	2885	3513	3557	3779	
625	42	2026640
4175	3981	
626	142	4110350
4280	4124	3848	3255	
627	15	4113513
3152	3185	3940	3064	3163	
628	98	4117447
2913	3249	3962	3532	3934	
629	124	4121180
3038	3835	2951	3733	
630	78	3948884
2949	3570	3523	3824	3233	4143	
631	134	4125476
3965	3228	4061	4296	
632	47	4129199
4060	3082	3723	
633	4	4029972
3573	
634	148	4132747
4049	3524	3989	3781	4052	3754	3548	
635	18	3684658
3114	
636	138	3713397
4219	4105	4149	3487	3991	
637	140	2039603
3578	
638	117	4183835
3330	4105	3951	4212	4288	
639	95	4186881
4045	3502	3687	3320	3046	
640	120	3757066
4144	3737	
641	26	3764242
3907	3576	
642	98	4190086
3806	2990	2906	3604	3205	
643	16	4197125
3406	4115	3011	3439	
644	119	2577080
3411	3553	
645	107	4200363
3467	4068	2958	3096	4068	3229	3238	
646	20	4204448
3223	3077	3880	3592	4085	
647	21	4037482
3756	
648	50	4207449
4279	4111	3068	3001	
649	108	4211042
4002	3670	4105	4047	4025	3261	3593	
650	122	2038239
3720	
651	78	4111251
3502	4308	4159	4009	3239	3528	
652	134	4214597
3385	2915	3046	3555	
653	120	3791694
4111	3674	
654	140	2047523
4114	
655	8	2639412
3292	4030	
656	32	4218565
4289	3407	3882	3263	3236	2895	3968	
657	116	4269153
4194	4263	3080	2950	3488	4231	3788	
658	145	2049746
2894	
659	61	3801561
3700	3176	2880	3681	
660	23	4272566
3059	4003	3413	
661	13	2124400
3454	3675	
662	8	2649808
3259	3338	
663	85	4276762
3182	3163	3830	3586	4196	
664	135	4283781
2885	2909	2895	3162	3253	3347	3419	
665	28	2123646
3187	
666	74	2127502
3856	
667	135	4287679
4275	3313	3323	3218	3176	3183	3898	
668	104	3855374
3844	
669	153	4290800
3278	3676	3312	3353	4092	3312	3121	
670	102	3852689
3127	3952	
671	89	4199165
3385	3239	
672	111	4195702
3854	2987	
673	57	4202915
2953	4271	4286	4309	3924	3750	3294	
674	116	4294620
3391	2889	3403	3592	3782	2971	3820	
675	137	4298007
3646	3657	3387	
676	39	3871161
3323	4179	
677	8	2670787
4226	3333	
678	20	4300929
3934	3334	2939	3479	2922	
679	102	3863813
2948	3412	
680	96	2198344
3942	
681	130	4304259
3175	3508	4029	3330	
682	61	3935320
3618	4160	3040	3489	
683	109	4283000
3991	3046	3884	3594	3874	
684	10	4286119
3883	3944	3431	3973	3119	
685	19	4354789
4274	2964	3522	3575	2901	3662	3730	
686	153	4357676
3756	4165	3459	4258	3093	3921	2887	
687	104	3952617
3446	
688	15	4361032
3608	3350	4076	4052	3356	
689	19	4367651
3703	3587	2937	2949	4310	3674	3019	
690	39	3964436
3902	3433	
691	84	2741569
3406	4088	
692	65	3967930
3494	
693	63	1709259
3355	
694	80	3971863
3913	2936	3933	
695	44	4371202
3551	
696	115	4374958
3233	4040	3061	3253	3272	3756	
697	134	4378464
3517	4054	4213	3506	
698	61	4014807
3506	2942	4229	3237	
699	59	4382096
4300	3160	2921	3440	4252	4085	3632	
700	52	4296781
3406	2958	2923	3027	
701	52	4368328
3977	3860	3872	3147	
702	57	4372189
3307	3134	3354	3937	3555	3336	3861	
703	28	2226768
3066	
704	135	4386249
3655	3897	2916	3858	4194	3815	4153	
705	31	4389507
3123	3093	3410	3670	3258	
706	144	4375973
3165	3589	3917	3784	
707	13	2280584
3304	3218	
708	16	4439351
3207	4155	3909	3044	
709	146	2807766
3387	3659	
710	12	4051302
3825	3907	3958	4118	3199	
711	142	4443579
3658	3961	3717	4228	
712	76	4446605
3740	3597	3986	3407	3026	
713	89	4383414
4256	3886	
714	131	4455162
3853	3442	3593	3494	3347	3095	
715	19	4459022
4252	3562	3485	3488	2896	3172	3860	
716	10	4380095
3378	2999	3906	4178	4122	
717	57	4459080
2938	3777	3176	3734	3409	2956	3919	
718	17	4130680
2914	3826	3031	
719	127	4134198
4179	2984	3518	
720	101	4462420
3520	3724	3702	4303	3862	3371	
721	100	4141458
2967	3521	3863	3558	
722	116	4466834
3083	3962	4052	4131	3941	2952	3425	
723	36	4470374
4178	3941	3963	3446	3540	4013	
724	43	4466093
3349	4039	3801	3495	3673	
725	22	4469967
4318	3873	3874	
726	6	4542474
4289	4057	3312	4106	2978	
727	16	4545512
3154	3161	2896	3038	
728	147	4548761
3073	4115	4307	4073	4088	3053	3249	
729	106	4553012
3912	3392	3595	2890	3998	3492	4251	
730	107	4555977
4203	4301	3513	3764	3327	3733	2965	
731	32	4560228
2921	3447	4122	4311	3691	3061	4251	
732	32	4563833
3379	3980	3772	3473	4240	3913	3605	
733	36	4543016
3395	3797	3194	3518	3384	4242	
734	70	4614864
3921	3946	4193	4085	3571	2968	4231	
735	86	4618198
3226	3208	3733	3334	
736	5	4301759
3045	
737	39	4305532
3072	3773	
738	88	4308660
4296	3753	3918	3128	
739	66	4621681
4279	3070	3454	3483	
740	0	4545306
3270	3172	3511	3241	
741	40	4374282
4285	4204	
742	0	4548217
3501	3503	3862	2911	
743	94	4628353
2883	3866	2994	3072	
744	77	4628710
2916	3899	3080	4318	
745	21	4631628
2918	
746	121	4635844
4056	3653	4216	3389	
747	51	4639730
3886	
748	0	4554984
3960	3427	4035	3773	
749	68	4642651
3001	4300	3395	3964	3377	2921	
750	39	4392409
3761	3284	
751	89	4630693
3016	3932	
752	36	4550155
3793	4164	3663	4231	4202	4171	
753	46	4645995
3578	2981	3102	3146	3371	4114	3344	
754	8	2989351
3749	3390	
755	123	4638990
4052	4096	3096	4183	
756	12	4464721
3359	3200	4113	4193	3982	
757	148	4649955
3457	4150	3062	2938	3129	4057	3960	
758	109	4714621
2941	4077	4073	4101	4102	
759	135	4718206
3924	3045	4070	3177	3412	3108	3282	
760	96	2375817
3190	
761	106	4721591
4103	3537	4171	3145	4083	3559	2976	
762	24	2418836
3763	
763	53	4724753
3761	3889	3995	3373	3495	3376	3162	
764	101	4728431
3763	3388	4064	3981	3507	3678	
765	153	4731901
3922	3335	4232	3264	3544	3411	3470	
766	134	4736101
3599	2937	4104	4200	
767	114	4786938
3432	3460	3023	3788	3396	4037	
768	129	2458622
3133	
769	1	4790136
3826	3775	3902	4259	4068	3198	
770	130	4793996
2930	3521	4036	3860	
771	128	4801750
3861	3467	3190	4154	
772	85	4805485
2890	3897	4215	4288	3735	
773	12	4561757
3732	3944	3584	4021	3024	
774	88	4564661
4090	4100	3616	2904	
775	8	3085047
3948	2969	
776	97	4809271
3107	4016	3749	3408	4268	4081	3786	
777	60	4812507
4169	4023	3542	3652	3558	3244	3236	
778	85	4816040
3490	4170	3383	3259	3533	
779	83	4809509
3367	3817	3332	3942	
780	92	4819578
4123	4016	3160	3599	3538	
781	109	4885391
3317	3054	3839	4022	3883	
782	5	4642897
3114	
783	79	4823707
3861	3637	3576	2893	4129	
784	151	4874731
3213	4192	4197	4108	4224	
785	0	4816595
3500	3484	3634	3846	
786	95	4877704
4314	3295	3087	3227	2973	
787	131	4888643
3078	3289	4243	4174	3443	3660	
788	143	4656322
4211	3731	2988	
789	40	4660363
3280	4041	
790	68	4892620
3224	3777	3325	3008	3458	3977	
791	142	4895724
4127	4035	3815	3104	
792	0	4896197
4032	3138	4268	4301	
793	137	4900180
3643	3983	3821	
794	147	4904427
2958	3122	3552	4035	3034	3988	4247	
795	122	2559407
3772	
796	70	4972289
3396	4232	3471	3327	3696	3026	3078	
797	137	4976474
3695	4198	3842	
798	123	4980555
3046	3623	3740	4081	
799	137	4984537
4135	3035	3982	
800	103	4988193
3571	4094	3259	3656	
801	39	4734570
3065	3959	
802	78	5058369
3778	4141	2952	3815	3181	3120	
803	65	4740794
3043	
804	67	4991884
3691	
805	139	5062091
3241	3053	3120	3722	3123	
806	9	4995678
3788	3794	
807	123	5065675
2925	4252	3684	3584	
808	113	4806684
3615	3817	
809	120	4806441
3824	3573	
810	40	4810543
3735	4102	
811	134	5069654
3045	3959	3979	3539	
812	148	5073302
3207	4259	3709	3585	3110	3648	3562	
813	69	4822386
4295	3300	3786	4299	
814	73	5144950
3540	2906	3947	3248	
815	30	2570064
3615	
816	135	5148245
2880	3535	3510	3733	3108	3295	3198	
817	40	4833848
3198	3782	
818	45	4837893
3834	3206	4045	
819	74	2627566
3140	
820	26	4874353
3048	4060	
821	89	5147936
3622	3664	
822	41	5152885
2998	3441	4274	3877	3943	3105	4111	
823	93	5155046
3167	
824	32	5159140
3213	3590	3708	4123	4009	3658	4094	
825	119	3186007
3440	3881	
826	133	5163300
3048	2905	4176	3519	3400	4160	
827	41	5234007
3657	3642	3102	3045	3578	3153	3539	
828	50	5237980
3622	3985	3639	3973	
829	129	2631794
4094	
830	87	2643016
3462	
831	98	5241438
3598	3012	4220	3369	3458	
832	19	5244758
2906	4293	4186	3400	3659	3645	3320	
833	71	5234921
3214	4253	4143	2885	4056	3639	
834	30	2639708
3811	
835	77	5240306
3897	2970	4237	3004	
836	154	4984350
3150	3393	3781	3149	2888	
837	76	5248466
4172	3000	3147	4081	3708	
838	113	4986709
3653	3188	
839	103	5252712
3499	3721	2937	4246	
840	84	3252494
2908	3236	
841	107	5255838
4030	3376	4093	3329	3903	3583	3126	
842	110	5248223
4257	4180	3836	
843	100	5065784
3379	3411	3419	3090	
844	147	5320581
4276	3508	3537	3066	3098	3957	3847	
845	138	5072099
4215	3786	4008	4108	3217	
846	56	2718002
3416	
847	138	5075939
2932	3009	3868	4036	3840	
848	118	2729418
4088	
849	10	5237903
4002	3467	3060	3537	2982	
850	73	5324803
4056	3368	3888	4223	
851	56	2728306
3695	
852	67	5324428
3847	
853	19	5328590
3229	3937	3985	3358	4128	3787	3518	
854	78	5244432
3043	4306	3958	3648	2997	2991	
855	87	2728709
3004	
856	55	2732080
3774	
857	23	5332392
3990	3040	3802	
858	98	5335846
3694	3389	3944	3597	3454	
859	116	5339970
4278	3226	3039	2891	3414	3426	4124	
860	82	3332228
3217	
861	144	5323081
4041	3938	3777	3226	
862	41	5390556
3403	4099	3858	3720	3997	3117	3786	
863	133	5403736
2929	3933	3558	3759	3622	3816	
864	46	5407738
3689	3254	3407	3530	3573	4123	4002	
865	64	5407841
3521	3016	4112	
866	23	5410972
3863	2991	3234	
867	121	5414089
3593	3931	3603	3117	
868	133	5417751
2893	3317	3715	4080	3040	3662	
869	112	2728597
3008	
870	57	5332212
3898	3152	3574	2977	3185	3849	4249	
871	49	5237920
3697	
872	35	5404451
3412	3839	
873	31	5421680
3067	3890	3090	3468	3929	
874	10	5407782
2935	3944	3486	3361	3331	
875	64	5418790
4196	2966	4306	
876	136	2801316
3160	4116	
877	41	5490626
2962	3433	3478	3134	3038	3351	3873	
878	130	5494152
3427	3163	3724	3526	
879	128	5497716
4032	4056	4300	3564	
880	128	5501987
3243	2949	3938	4271	
881	81	5317247
3451	3482	
882	118	2825884
3576	
883	21	5493589
3048	
884	91	5505973
3587	3974	4077	3452	3581	3986	
885	50	5509438
4252	3896	3473	3465	
886	29	3411802
3364	4076	3220	
887	93	5497223
3634	
888	104	5253765
2976	
889	97	5513212
3879	3924	2973	4033	3130	3860	3774	
890	144	5415424
3183	2950	4139	3918	
891	23	5562902
4134	3616	2890	
892	105	5335884
3213	2953	
893	67	5566863
3961	
894	90	5570781
4045	4094	3773	4182	3896	3918	
895	139	5500130
3568	4287	3545	3127	2907	
896	69	5343835
4219	3335	3105	3769	
897	31	5577987
3835	3566	4136	3751	3606	
898	28	2807017
3059	
899	119	3432678
3540	4035	
900	1	5581710
3785	3146	3261	3775	2936	3723	
901	141	5356022
4276	
902	51	5585433
3723	
903	26	5391376
4281	2954	
904	108	5588545
3034	3216	4240	3908	4318	3613	3112	
905	1	5592483
3282	4065	4284	4296	4318	3938	
906	59	5596389
3667	3522	3153	2980	3199	3384	3906	
907	24	2848078
3012	
908	146	3490097
3529	2881	
909	109	5504614
4253	3254	4113	3115	3490	
910	133	5600080
3041	3408	3692	3997	3872	3691	
911	36	5507904
4266	3055	3610	4130	3032	3290	
912	4	5590859
4206	
913	11	5580125
3507	3826	3764	4075	3193	3853	3821	
914	134	5650345
3933	4011	4308	3465	
915	0	5584397
2936	2889	3663	3597	
916	89	5588475
3428	4078	
917	71	5591642
3673	3487	3355	3834	3141	3167	
918	0	5663006
3582	3590	3311	2990	
919	81	5493225
3600	3433	
920	41	5667204
2971	3274	3902	3929	3444	4198	4170	
921	83	5663538
3275	3320	2941	3496	
922	67	5670635
3431	
923	154	5500556
2927	2941	3070	2895	3402	
924	125	5674459
3349	3893	3824	
925	70	5678720
3088	3979	4198	2937	3092	3217	4261	
926	92	5681915
3356	4102	2895	3474	3195	
927	115	5684843
3147	2937	3119	4285	4015	2928	
928	41	5735467
3894	3296	2886	3970	3988	3040	3824	
929	90	5753139
2895	3600	4273	4305	4195	4308	
930	99	5677907
3785	
931	74	2831798
3425	
932	7	5756781
4198	3481	3746	
933	95	5757408
3264	3300	4131	4276	4269	
934	23	5760368
3085	3698	2960	
935	148	5763853
3514	3265	4268	2890	3731	3446	3485	
936	121	5767806
4128	3522	3211	3953	
937	45	5580923
3480	3744	4306	
938	33	5583264
3270	2999	3534	2903	
939	120	5585070
3546	4147	
940	71	5764424
3408	2963	3398	3489	4177	3796	
941	33	5590214
3840	3735	3914	3552	
942	67	5770788
2982	
943	44	5774333
3545	
944	124	5836744
3616	3243	3887	4000	
945	7	5836445
4148	3404	3621	
946	40	5591779
3719	3220	
947	74	2836097
4299	
948	108	5840893
3322	3800	3698	3715	4105	4259	4149	
949	14	5844296
3172	4075	4290	3610	3592	3351	
950	144	5840429
3512	3635	4284	3718	
951	94	5848122
4294	3602	4035	3826	
952	26	5610609
3466	2939	
953	16	5851149
3472	3032	3059	3027	
954	55	2889965
2957	
955	147	5855235
3641	4045	4012	3769	3422	3640	4086	
956	29	3606226
3225	2967	3603	
957	129	3000348
4034	
958	137	5858687
4008	3772	3452	
959	106	5909099
3868	3006	2987	3829	3505	3924	3612	
960	117	5913339
4160	2902	3593	3776	4240	
961	117	5916640
3778	4019	2924	3821	3301	
962	131	5924265
3394	3587	3533	2946	4114	3431	
963	51	5927874
3609	
964	97	5931890
4100	3067	4098	2959	3638	3737	4016	
965	113	5675494
3257	3377	
966	126	2890594
4231	
967	77	5924074
3517	3285	3283	3814	
968	35	5843505
3278	3076	
969	52	5931369
3115	4297	3465	3368	
970	90	5935484
3049	4239	3411	3990	3021	3594	
971	5	5692339
4153	
972	147	5939418
3174	3825	3995	2968	3899	3640	3934	
973	78	5938027
4006	3454	3249	4157	4141	3637	
974	55	3066925
4201	
153
10738	5154
15413	7398
25171	12082
103386	49625
242288	116298
545097	261646
1193428	572845
2558937	1228289
5400254	2592121
7860	3772
20848	10007
23373	11219
60036	28817
102888	49386
169273	81251
271812	130469
427137	205025
660301	316944
5482	2631
10910	5236
17697	8494
50001	24000
91311	43829
160081	76838
272990	131035
455978	218869
749656	359834
64838	31121
90550	43463
102868	49376
506304	243025
1338635	642544
3397688	1630890
8388916	4026679
20286838	9737682
48288550	23178504
824	395
53788	25818
67069	32193
148622	71338
230827	110796
344162	165197
499026	239532
708760	340204
990867	475616
9965	4783
36411	17477
38149	18311
162895	78189
391760	188044
904486	434153
2040007	979203
4501729	2160829
9770980	4690070
1512	725
7121	3417
12235	5872
35115	16855
64803	31105
114806	55106
198323	95195
335354	160969
557933	267807
22142	10628
27067	12992
34221	16426
161176	77364
413812	198629
1019942	489572
2478307	1189587
5877802	2821344
13690175	6571284
1037	498
21845	10485
25295	12141
69148	33191
123528	59293
211847	101686
354633	170223
580955	278858
936214	449382
22296	10702
61775	29651
70622	33898
310149	148871
760009	364804
1787879	858181
4107079	1971397
9231879	4431301
20412086	9797801
1750	839
10727	5148
14708	7059
47771	22930
95731	45950
184168	88400
347236	166673
640017	307208
1159659	556636
64533	30975
74334	35680
80926	38844
270018	129608
550924	264443
1079099	517967
2057088	987402
3840388	1843386
7056376	3387060
1320	633
3608	1731
6999	3359
15540	7459
24165	11599
36076	17316
53227	25548
76601	36768
108213	51942
1725	828
14020	6730
24675	11844
57965	27823
93598	44927
145092	69644
218859	105052
323322	155194
470114	225654
10957	5259
19054	9145
21623	10379
54726	26268
92868	44576
151290	72619
240400	115392
373893	179468
572115	274615
49988	23994
86782	41655
134339	64482
695561	333869
1902190	913051
4993945	2397093
12787043	6137780
32047639	15382866
79022901	37930992
44142	21187
45728	21948
63104	30289
238803	114625
529897	254350
1128791	541819
2377095	1141005
4882420	2343561
9843483	4724871
8
17.5
111
15
6.25
17.5
8.25
11.625
12.5
141
32400	43200
46800	86400
118800	129600
133200	172800
205200	216000
219600	259200
291600	302400
306000	345600
378000	388800
392400	432000
464400	475200
478800	518400
550800	561600
565200	604800
637200	648000
651600	691200
723600	734400
738000	777600
810000	820800
824400	864000
896400	907200
910800	950400
982800	993600
997200	1036800
1069200	1080000
1083600	1123200
1155600	1166400
1170000	1209600
1242000	1252800
1256400	1296000
1328400	1339200
1342800	1382400
1414800	1425600
1429200	1468800
1501200	1512000
1515600	1555200
1587600	1598400
1602000	1641600
1674000	1684800
1688400	1728000
1760400	1771200
1774800	1814400
1846800	1857600
1861200	1900800
1933200	1944000
1947600	1987200
2019600	2030400
2034000	2073600
2106000	2116800
2120400	2160000
2192400	2203200
2206800	2246400
2278800	2289600
2293200	2332800
2365200	2376000
2379600	2419200
2451600	2462400
2466000	2505600
2538000	2548800
2552400	2592000
2624400	2635200
2638800	2678400
2710800	2721600
2725200	2764800
2797200	2808000
2811600	2851200
2883600	2894400
2898000	2937600
2970000	2980800
2984400	3024000
3056400	3067200
3070800	3110400
3142800	3153600
3157200	3196800
3229200	3240000
3243600	3283200
3315600	3326400
3330000	3369600
3402000	3412800
3416400	3456000
3488400	3499200
3502800	3542400
3574800	3585600
3589200	3628800
3661200	3672000
3675600	3715200
3747600	3758400
3762000	3801600
3834000	3844800
3848400	3888000
3920400	3931200
3934800	3974400
4006800	4017600
4021200	4060800
4093200	4104000
4107600	4147200
4179600	4190400
4194000	4233600
4266000	4276800
4280400	4320000
4352400	4363200
4366800	4406400
4438800	4449600
4453200	4492800
4525200	4536000
4539600	4579200
4611600	4622400
4626000	4665600
4698000	4708800
4712400	4752000
4784400	4795200
4798800	4838400
4870800	4881600
4885200	4924800
4957200	4968000
4971600	5011200
5043600	5054400
5058000	5097600
5130000	5140800
5144400	5184000
5216400	5227200
5230800	5270400
5302800	5313600
5317200	5356800
5389200	5400000
5403600	5443200
5475600	5486400
5490000	5529600
5562000	5572800
5576400	5616000
5648400	5659200
5662800	5702400
5734800	5745600
5749200	5788800
5821200	5832000
5835600	5875200
5907600	5918400
5922000	5961600
5994000	6004800
6008400	6048000
1000000000	2000000000
66666666666666666666
44444444444444444444
44444444444466444444
44444444444444442244
44554444444444444444
00444444444488444444
44444444224444444400
44444444444444444444
44444444444444444444
44447744444444443344
55555555555555555555
22222222222222222222
66666666666666666666
44772222222222222222
22222222222222222222
11220022222222222222
44444444444444444444
141
32400	43200
46800	72000
118800	129600
133200	158400
205200	216000
219600	244800
291600	302400
306000	331200
378000	388800
392400	417600
464400	475200
478800	504000
550800	561600
565200	590400
637200	648000
651600	676800
723600	734400
738000	763200
810000	820800
824400	849600
896400	907200
910800	936000
982800	993600
997200	1022400
1069200	1080000
1083600	1108800
1155600	1166400
1170000	1195200
1242000	1252800
1256400	1281600
1328400	1339200
1342800	1368000
1414800	1425600
1429200	1454400
1501200	1512000
1515600	1540800
1587600	1598400
1602000	1627200
1674000	1684800
1688400	1713600
1760400	1771200
1774800	1800000
1846800	1857600
1861200	1886400
1933200	1944000
1947600	1972800
2019600	2030400
2034000	2059200
2106000	2116800
2120400	2145600
2192400	2203200
2206800	2232000
2278800	2289600
2293200	2318400
2365200	2376000
2379600	2404800
2451600	2462400
2466000	2491200
2538000	2548800
2552400	2577600
2624400	2635200
2638800	2664000
2710800	2721600
2725200	2750400
2797200	2808000
2811600	2836800
2883600	2894400
2898000	2923200
2970000	2980800
2984400	3009600
3056400	3067200
3070800	3096000
3142800	3153600
3157200	3182400
3229200	3240000
3243600	3268800
3315600	3326400
3330000	3355200
3402000	3412800
3416400	3441600
3488400	3499200
3502800	3528000
3574800	3585600
3589200	3614400
3661200	3672000
3675600	3700800
3747600	3758400
3762000	3787200
3834000	3844800
3848400	3873600
3920400	3931200
3934800	3960000
4006800	4017600
4021200	4046400
4093200	4104000
4107600	4132800
4179600	4190400
4194000	4219200
4266000	4276800
4280400	4305600
4352400	4363200
4366800	4392000
4438800	4449600
4453200	4478400
4525200	4536000
4539600	4564800
4611600	4622400
4626000	4651200
4698000	4708800
4712400	4737600
4784400	4795200
4798800	4824000
4870800	4881600
4885200	4910400
4957200	4968000
4971600	4996800
5043600	5054400
5058000	5083200
5130000	5140800
5144400	5169600
5216400	5227200
5230800	5256000
5302800	5313600
5317200	5342400
5389200	5400000
5403600	5428800
5475600	5486400
5490000	5515200
5562000	5572800
5576400	5601600
5648400	5659200
5662800	5688000
5734800	5745600
5749200	5774400
5821200	5832000
5835600	5860800
5907600	5918400
5922000	5947200
5994000	6004800
6008400	6033600
1000000000	2000000000
66666666666666666666
44444444444444444444
44444444444466444444
44444444444444442244
44554444444444444444
00444444444488444444
44444444224444444400
44444444444444444444
44444444444444444444
44447744444444443344
55555555555555555555
22222222222222222222
66666666666666666666
44772222222222222222
22222222222222222222
11220022222222222222
44444444444444444444
141
32400	43200
46800	72000
118800	129600
133200	158400
205200	216000
219600	244800
291600	302400
306000	331200
378000	388800
392400	417600
464400	475200
478800	504000
550800	561600
565200	590400
637200	648000
651600	676800
723600	734400
738000	763200
810000	820800
824400	849600
896400	907200
910800	936000
982800	993600
997200	1022400
1069200	1080000
1083600	1108800
1155600	1166400
1170000	1195200
1242000	1252800
1256400	1281600
1328400	1339200
1342800	1368000
1414800	1425600
1429200	1454400
1501200	1512000
1515600	1540800
1587600	1598400
1602000	1627200
1674000	1684800
1688400	1713600
1760400	1771200
1774800	1800000
1846800	1857600
1861200	1886400
1933200	1944000
1947600	1972800
2019600	2030400
2034000	2059200
2106000	2116800
2120400	2145600
2192400	2203200
2206800	2232000
2278800	2289600
2293200	2318400
2365200	2376000
2379600	2404800
2451600	2462400
2466000	2491200
2538000	2548800
2552400	2577600
2624400	2635200
2638800	2664000
2710800	2721600
2725200	2750400
2797200	2808000
2811600	2836800
2883600	2894400
2898000	2923200
2970000	2980800
2984400	3009600
3056400	3067200
3070800	3096000
3142800	3153600
3157200	3182400
3229200	3240000
3243600	3268800
3315600	3326400
3330000	3355200
3402000	3412800
3416400	3441600
3488400	3499200
3502800	3528000
3574800	3585600
3589200	3614400
3661200	3672000
3675600	3715200
3747600	3758400
3762000	3801600
3834000	3844800
3848400	3888000
3920400	3931200
3934800	3974400
4006800	4017600
4021200	4060800
4093200	4104000
4107600	4147200
4179600	4190400
4194000	4233600
4266000	4276800
4280400	4305600
4352400	4363200
4366800	4392000
4438800	4449600
4453200	4478400
4525200	4536000
4539600	4564800
4611600	4622400
4626000	4651200
4698000	4708800
4712400	4737600
4784400	4795200
4798800	4824000
4870800	4881600
4885200	4910400
4957200	4968000
4971600	4996800
5043600	5054400
5058000	5083200
5130000	5140800
5144400	5169600
5216400	5227200
5230800	5256000
5302800	5313600
5317200	5342400
5389200	5400000
5403600	5428800
5475600	5486400
5490000	5515200
5562000	5572800
5576400	5601600
5648400	5659200
5662800	5688000
5734800	5745600
5749200	5774400
5821200	5832000
5835600	5860800
5907600	5918400
5922000	5947200
5994000	6004800
6008400	6033600
1000000000	2000000000
66666666666666666666
44444444444444444444
44444444444466444444
44444444444444442244
44554444444444444444
00444444444488444444
44444444224444444400
44444444444444444444
44444444444444444444
44447744444444443344
55555555555555555555
22222222222222222222
66666666666666666666
44772222222222222222
22222222222222222222
11220022222222222222
44444444444444444444
134
32400	43200
46800	72000
118800	129600
133200	158400
205200	216000
219600	244800
291600	302400
306000	331200
378000	388800
392400	417600
464400	475200
478800	504000
550800	561600
565200	590400
637200	648000
651600	676800
723600	734400
738000	763200
810000	820800
824400	849600
896400	907200
910800	936000
982800	993600
997200	1022400
1069200	1080000
1083600	1108800
1155600	1166400
1170000	1195200
1242000	1252800
1256400	1281600
1328400	1339200
1342800	1368000
1414800	1425600
1429200	1454400
1501200	1512000
1515600	1540800
1587600	1598400
1602000	1627200
1674000	1684800
1688400	1713600
1760400	1771200
1774800	1800000
1846800	1857600
1861200	1886400
1933200	1944000
1947600	1972800
2019600	2030400
2034000	2059200
2106000	2116800
2120400	2145600
2192400	2203200
2206800	2232000
2278800	2289600
2293200	2318400
2365200	2376000
2379600	2404800
2451600	2462400
2466000	2491200
2538000	2548800
2552400	2577600
2624400	2635200
2638800	2664000
2710800	2721600
2725200	2750400
2797200	2808000
2811600	2836800
2883600	2894400
2898000	2923200
2970000	2980800
2984400	3009600
3056400	3067200
3070800	3096000
3142800	3153600
3157200	3182400
3229200	3240000
3243600	3268800
3315600	3326400
3330000	3355200
3402000	3412800
3416400	3441600
3488400	3499200
3502800	3528000
3574800	3585600
3589200	3614400
3661200	3672000
3675600	3700800
3747600	3758400
3762000	3787200
3834000	3844800
3848400	3873600
3920400	3931200
3934800	3960000
4006800	4017600
4021200	4046400
4093200	4104000
4107600	4132800
4179600	4190400
4194000	4219200
4266000	4276800
4280400	4305600
4352400	4363200
4366800	4392000
4438800	4449600
4453200	4478400
4525200	4536000
4539600	4564800
4611600	4622400
4626000	4651200
4698000	4708800
4712400	4737600
4784400	4795200
4798800	4824000
4885200	4903200
4971600	4989600
5058000	5076000
5144400	5162400
5230800	5248800
5317200	5335200
5403600	5421600
5475600	5486400
5490000	5515200
5562000	5572800
5576400	5601600
5648400	5659200
5662800	5688000
5734800	5745600
5749200	5774400
5821200	5832000
5835600	5860800
5907600	5918400
5922000	5947200
5994000	6004800
6008400	6033600
1000000000	2000000000
66666666666666666666
44444444444444444444
44444444444466444444
44444444444444442244
44554444444444444444
00444444444488444444
44444444224444444400
44444444444444444444
44444444444444444444
44447744444444443344
55555555555555555555
22222222222222222222
66666666666666666666
44772222222222222222
22222222222222222222
11220022222222222222
44444444444444444444
141
32400	43200
46800	72000
118800	129600
133200	158400
205200	216000
219600	244800
291600	302400
306000	331200
378000	388800
392400	417600
464400	475200
478800	504000
550800	561600
565200	590400
637200	648000
651600	684000
723600	734400
738000	770400
810000	820800
824400	856800
896400	907200
910800	943200
982800	993600
997200	1029600
1069200	1080000
1083600	1116000
1155600	1166400
1170000	1202400
1242000	1252800
1256400	1281600
1328400	1339200
1342800	1368000
1414800	1425600
1429200	1454400
1501200	1512000
1515600	1540800
1587600	1598400
1602000	1627200
1674000	1684800
1688400	1713600
1760400	1771200
1774800	1800000
1846800	1857600
1861200	1886400
1933200	1944000
1947600	1972800
2019600	2030400
2034000	2059200
2106000	2116800
2120400	2145600
2192400	2203200
2206800	2232000
2278800	2289600
2293200	2318400
2365200	2376000
2379600	2404800
2451600	2462400
2466000	2491200
2538000	2548800
2552400	2577600
2624400	2635200
2638800	2664000
2710800	2721600
2725200	2750400
2797200	2808000
2811600	2836800
2883600	2894400
2898000	2923200
2970000	2980800
2984400	3009600
3056400	3067200
3070800	3096000
3142800	3153600
3157200	3182400
3229200	3240000
3243600	3268800
3315600	3326400
3330000	3355200
3402000	3412800
3416400	3441600
3488400	3499200
3502800	3528000
3574800	3585600
3589200	3614400
3661200	3672000
3675600	3700800
3747600	3758400
3762000	3787200
3834000	3844800
3848400	3873600
3920400	3931200
3934800	3960000
4006800	4017600
4021200	4046400
4093200	4104000
4107600	4132800
4179600	4190400
4194000	4219200
4266000	4276800
4280400	4305600
4352400	4363200
4366800	4392000
4438800	4449600
4453200	4478400
4525200	4536000
4539600	4564800
4611600	4622400
4626000	4651200
4698000	4708800
4712400	4737600
4784400	4795200
4798800	4824000
4870800	4881600
4885200	4910400
4957200	4968000
4971600	4996800
5043600	5054400
5058000	5083200
5130000	5140800
5144400	5169600
5216400	5227200
5230800	5256000
5302800	5313600
5317200	5342400
5389200	5400000
5403600	5428800
5475600	5486400
5490000	5515200
5562000	5572800
5576400	5601600
5648400	5659200
5662800	5688000
5734800	5745600
5749200	5774400
5821200	5832000
5835600	5860800
5907600	5918400
5922000	5947200
5994000	6004800
6008400	6033600
1000000000	2000000000
66666666666666666666
44444444444444444444
44444444444466444444
44444444444444442244
44554444444444444444
00444444444488444444
44444444224444444400
44444444444444444444
44444444444444444444
44447744444444443344
55555555555555555555
22222222222222222222
66666666666666666666
44772222222222222222
22222222222222222222
11220022222222222222
44444444444444444444
134
0	0
86400	86400
172800	172800
259200	259200
345600	345600
432000	432000
518400	518400
637200	648000
651600	676800
723600	734400
738000	763200
810000	820800
824400	849600
896400	907200
910800	936000
982800	993600
997200	1022400
1069200	1080000
1083600	1108800
1155600	1166400
1170000	1195200
1242000	1252800
1256400	1281600
1328400	1339200
1342800	1368000
1414800	1425600
1429200	1454400
1501200	1512000
1515600	1540800
1587600	1598400
1602000	1627200
1674000	1684800
1688400	1713600
1760400	1771200
1774800	1800000
1846800	1857600
1861200	1886400
1933200	1944000
1947600	1972800
2019600	2030400
2034000	2059200
2106000	2116800
2120400	2145600
2192400	2203200
2206800	2232000
2278800	2289600
2293200	2318400
2365200	2376000
2379600	2404800
2451600	2462400
2466000	2491200
2538000	2548800
2552400	2577600
2624400	2635200
2638800	2664000
2710800	2721600
2725200	2750400
2797200	2808000
2811600	2836800
2883600	2894400
2898000	2923200
2970000	2980800
2984400	3009600
3056400	3067200
3070800	3096000
3142800	3153600
3157200	3182400
3229200	3240000
3243600	3268800
3315600	3326400
3330000	3355200
3402000	3412800
3416400	3441600
3488400	3499200
3502800	3528000
3574800	3585600
3589200	3614400
3661200	3672000
3675600	3729600
3747600	3758400
3762000	3816000
3834000	3844800
3848400	3902400
3920400	3931200
3934800	3988800
4006800	4017600
4021200	4075200
4093200	4104000
4107600	4161600
4179600	4190400
4194000	4248000
4266000	4276800
4280400	4305600
4352400	4363200
4366800	4392000
4438800	4449600
4453200	4478400
4525200	4536000
4539600	4564800
4611600	4622400
4626000	4651200
4698000	4708800
4712400	4737600
4784400	4795200
4798800	4824000
4870800	4881600
4885200	4910400
4957200	4968000
4971600	4996800
5043600	5054400
5058000	5083200
5130000	5140800
5144400	5169600
5216400	5227200
5230800	5256000
5302800	5313600
5317200	5342400
5389200	5400000
5403600	5428800
5475600	5486400
5490000	5515200
5562000	5572800
5576400	5601600
5648400	5659200
5662800	5688000
5734800	5745600
5749200	5774400
5821200	5832000
5835600	5860800
5907600	5918400
5922000	5947200
5994000	6004800
6008400	6033600
1000000000	2000000000
66666666666666666666
44444444444444444444
44444444444466444444
44444444444444442244
44554444444444444444
00444444444488444444
44444444224444444400
44444444444444444444
44444444444444444444
44447744444444443344
55555555555555555555
22222222222222222222
66666666666666666666
44772222222222222222
22222222222222222222
11220022222222222222
44444444444444444444
127
32400	43200
46800	72000
118800	129600
133200	158400
205200	216000
219600	244800
291600	302400
306000	331200
378000	388800
392400	417600
464400	475200
478800	504000
550800	561600
565200	590400
637200	648000
651600	676800
723600	734400
738000	763200
810000	820800
824400	849600
896400	907200
910800	936000
982800	993600
997200	1022400
1069200	1080000
1083600	1108800
1155600	1166400
1170000	1195200
1242000	1252800
1256400	1281600
1328400	1339200
1342800	1368000
1414800	1425600
1429200	1454400
1501200	1512000
1515600	1540800
1587600	1598400
1602000	1627200
1674000	1684800
1688400	1713600
1760400	1771200
1774800	1800000
1846800	1857600
1861200	1886400
1933200	1944000
1947600	1972800
2019600	2030400
2034000	2059200
2106000	2116800
2120400	2145600
2192400	2203200
2206800	2232000
2278800	2289600
2293200	2318400
2365200	2376000
2379600	2404800
2466000	2484000
2552400	2570400
2638800	2656800
2725200	2743200
2811600	2829600
2898000	2916000
2984400	3002400
3056400	3067200
3070800	3096000
3142800	3153600
3157200	3182400
3229200	3240000
3243600	3268800
3315600	3326400
3330000	3355200
3402000	3412800
3416400	3441600
3488400	3499200
3502800	3528000
3574800	3585600
3589200	3614400
3661200	3672000
3675600	3700800
3747600	3758400
3762000	3787200
3834000	3844800
3848400	3873600
3920400	3931200
3934800	3960000
4006800	4017600
4021200	4046400
4093200	4104000
4107600	4132800
4179600	4190400
4194000	4219200
4266000	4276800
4280400	4305600
4352400	4363200
4366800	4392000
4438800	4449600
4453200	4478400
4525200	4536000
4539600	4564800
4611600	4622400
4626000	4651200
4698000	4708800
4712400	4737600
4784400	4795200
4798800	4824000
4870800	4881600
4885200	4910400
4957200	4968000
4971600	4996800
5043600	5054400
5058000	5083200
5130000	5140800
5144400	5169600
5216400	5227200
5230800	5256000
5302800	5313600
5317200	5342400
5389200	5400000
5403600	5428800
5443200	5443200
5529600	5529600
5616000	5616000
5702400	5702400
5788800	5788800
5875200	5875200
5961600	5961600
1000000000	2000000000
66666666666666666666
44444444444444444444
44444444444466444444
44444444444444442244
44554444444444444444
00444444444488444444
44444444224444444400
44444444444444444444
44444444444444444444
44447744444444443344
55555555555555555555
22222222222222222222
66666666666666666666
44772222222222222222
22222222222222222222
11220022222222222222
44444444444444444444
141
32400	43200
46800	72000
118800	129600
133200	158400
205200	216000
219600	244800
291600	302400
306000	331200
378000	388800
392400	417600
464400	475200
478800	504000
550800	561600
565200	590400
637200	648000
651600	676800
723600	734400
738000	763200
810000	820800
824400	849600
896400	907200
910800	936000
982800	993600
997200	1022400
1069200	1080000
1083600	1108800
1155600	1166400
1170000	1195200
1242000	1252800
1256400	1281600
1328400	1339200
1342800	1368000
1414800	1425600
1429200	1454400
1501200	1512000
1515600	1540800
1587600	1598400
1602000	1627200
1674000	1684800
1688400	1713600
1760400	1771200
1774800	1800000
1846800	1857600
1861200	1886400
1933200	1944000
1947600	1972800
2019600	2030400
2034000	2059200
2106000	2116800
2120400	2145600
2192400	2203200
2206800	2232000
2278800	2289600
2293200	2318400
2365200	2376000
2379600	2404800
2451600	2462400
2466000	2491200
2538000	2548800
2552400	2577600
2624400	2635200
2638800	2664000
2710800	2721600
2725200	2750400
2797200	2808000
2811600	2836800
2883600	2894400
2898000	2923200
2970000	2980800
2984400	3009600
3056400	3067200
3070800	3096000
3142800	3153600
3157200	3182400
3229200	3240000
3243600	3268800
3315600	3326400
3330000	3355200
3402000	3412800
3416400	3441600
3488400	3499200
3502800	3528000
3574800	3585600
3589200	3614400
3661200	3672000
3675600	3700800
3747600	3758400
3762000	3787200
3834000	3844800
3848400	3873600
3920400	3931200
3934800	3960000
4006800	4017600
4021200	4046400
4093200	4104000
4107600	4132800
4179600	4190400
4194000	4219200
4266000	4276800
4280400	4305600
4352400	4363200
4366800	4392000
4438800	4449600
4453200	4478400
4525200	4536000
4539600	4564800
4611600	4622400
4626000	4651200
4698000	4708800
4712400	4737600
4784400	4795200
4798800	4824000
4870800	4881600
4885200	4910400
4957200	4968000
4971600	4996800
5043600	5054400
5058000	5083200
5130000	5140800
5144400	5169600
5216400	5227200
5230800	5256000
5302800	5313600
5317200	5342400
5389200	5400000
5403600	5428800
5475600	5486400
5490000	5515200
5562000	5572800
5576400	5601600
5648400	5659200
5662800	5688000
5734800	5745600
5749200	5774400
5821200	5832000
5835600	5860800
5907600	5918400
5922000	5947200
5994000	6004800
6008400	6033600
1000000000	2000000000
66666666666666666666
44444444444444444444
44444444444466444444
44444444444444442244
44554444444444444444
00444444444488444444
44444444224444444400
44444444444444444444
44444444444444444444
44447744444444443344
55555555555555555555
22222222222222222222
66666666666666666666
44772222222222222222
22222222222222222222
11220022222222222222
44444444444444444444
141
32400	43200
46800	72000
118800	129600
133200	158400
205200	216000
219600	244800
291600	302400
306000	331200
378000	388800
392400	417600
464400	475200
478800	504000
550800	561600
565200	590400
637200	648000
651600	676800
723600	734400
738000	763200
810000	820800
824400	849600
896400	907200
910800	936000
982800	993600
997200	1022400
1069200	1080000
1083600	1108800
1155600	1166400
1170000	1195200
1242000	1252800
1256400	1281600
1328400	1339200
1342800	1368000
1414800	1425600
1429200	1454400
1501200	1512000
1515600	1540800
1587600	1598400
1602000	1627200
1674000	1684800
1688400	1713600
1760400	1771200
1774800	1800000
1846800	1857600
1861200	1886400
1933200	1944000
1947600	1972800
2019600	2030400
2034000	2059200
2106000	2116800
2120400	2145600
2192400	2203200
2206800	2232000
2278800	2289600
2293200	2318400
2365200	2376000
2379600	2404800
2451600	2462400
2466000	2491200
2538000	2548800
2552400	2577600
2624400	2635200
2638800	2664000
2710800	2721600
2725200	2750400
2797200	2808000
2811600	2836800
2883600	2894400
2898000	2923200
2970000	2980800
2984400	3009600
3056400	3067200
3070800	3096000
3142800	3153600
3157200	3182400
3229200	3240000
3243600	3268800
3315600	3326400
3330000	3355200
3402000	3412800
3416400	3441600
3488400	3499200
3502800	3528000
3574800	3585600
3589200	3614400
3661200	3672000
3675600	3700800
3747600	3758400
3762000	3787200
3834000	3844800
3848400	3873600
3920400	3931200
3934800	3960000
4006800	4017600
4021200	4046400
4093200	4104000
4107600	4132800
4179600	4190400
4194000	4219200
4266000	4276800
4280400	4305600
4352400	4363200
4366800	4392000
4438800	4449600
4453200	4478400
4525200	4536000
4539600	4564800
4611600	4622400
4626000	4651200
4698000	4708800
4712400	4737600
4784400	4795200
4798800	4824000
4870800	4881600
4885200	4910400
4957200	4968000
4971600	4996800
5043600	5054400
5058000	5083200
5130000	5140800
5144400	5169600
5216400	5227200
5230800	5256000
5302800	5313600
5317200	5342400
5389200	5400000
5403600	5428800
5475600	5486400
5490000	5515200
5562000	5572800
5576400	5601600
5648400	5659200
5662800	5688000
5734800	5745600
5749200	5774400
5821200	5832000
5835600	5860800
5907600	5918400
5922000	5947200
5994000	6004800
6008400	6033600
1000000000	2000000000
66666666666666666666
44444444444444444444
44444444444466444444
44444444444444442244
44554444444444444444
00444444444488444444
44444444224444444400
44444444444444444444
44444444444444444444
44447744444444443344
55555555555555555555
22222222222222222222
66666666666666666666
44772222222222222222
22222222222222222222
11220022222222222222
44444444444444444444
141
32400	43200
46800	72000
118800	129600
133200	158400
205200	216000
219600	244800
291600	302400
306000	331200
378000	388800
392400	417600
464400	475200
478800	504000
550800	561600
565200	590400
637200	648000
651600	676800
723600	734400
738000	763200
810000	820800
824400	849600
896400	907200
910800	936000
982800	993600
997200	1022400
1069200	1080000
1083600	1108800
1155600	1166400
1170000	1195200
1242000	1252800
1256400	1303200
1328400	1339200
1342800	1389600
1414800	1425600
1429200	1476000
1501200	1512000
1515600	1562400
1587600	1598400
1602000	1648800
1674000	1684800
1688400	1735200
1760400	1771200
1774800	1821600
1846800	1857600
1861200	1886400
1933200	1944000
1947600	1972800
2019600	2030400
2034000	2059200
2106000	2116800
2120400	2145600
2192400	2203200
2206800	2232000
2278800	2289600
2293200	2318400
2365200	2376000
2379600	2404800
2451600	2462400
2466000	2491200
2538000	2548800
2552400	2577600
2624400	2635200
2638800	2664000
2710800	2721600
2725200	2750400
2797200	2808000
2811600	2836800
2883600	2894400
2898000	2923200
2970000	2980800
2984400	3009600
3056400	3067200
3070800	3096000
3142800	3153600
3157200	3182400
3229200	3240000
3243600	3268800
3315600	3326400
3330000	3355200
3402000	3412800
3416400	3441600
3488400	3499200
3502800	3528000
3574800	3585600
3589200	3614400
3661200	3672000
3675600	3700800
3747600	3758400
3762000	3787200
3834000	3844800
3848400	3873600
3920400	3931200
3934800	3960000
4006800	4017600
4021200	4046400
4093200	4104000
4107600	4132800
4179600	4190400
4194000	4219200
4266000	4276800
4280400	4305600
4352400	4363200
4366800	4392000
4438800	4449600
4453200	4478400
4525200	4536000
4539600	4564800
4611600	4622400
4626000	4651200
4698000	4708800
4712400	4737600
4784400	4795200
4798800	4824000
4870800	4881600
4885200	4903200
4957200	4968000
4971600	4989600
5043600	5054400
5058000	5076000
5130000	5140800
5144400	5162400
5216400	5227200
5230800	5248800
5302800	5313600
5317200	5335200
5389200	5400000
5403600	5421600
5475600	5486400
5490000	5515200
5562000	5572800
5576400	5601600
5648400	5659200
5662800	5688000
5734800	5745600
5749200	5774400
5821200	5832000
5835600	5860800
5907600	5918400
5922000	5947200
5994000	6004800
6008400	6033600
1000000000	2000000000
66666666666666666666
44444444444444444444
44444444444466444444
44444444444444442244
44554444444444444444
00444444444488444444
44444444224444444400
44444444444444444444
44444444444444444444
44447744444444443344
55555555555555555555
22222222222222222222
66666666666666666666
44772222222222222222
22222222222222222222
11220022222222222222
44444444444444444444
141
32400	43200
46800	79200
118800	129600
133200	165600
205200	216000
219600	252000
291600	302400
306000	338400
378000	388800
392400	424800
464400	475200
478800	511200
550800	561600
565200	597600
637200	648000
651600	684000
723600	734400
738000	770400
810000	820800
824400	856800
896400	907200
910800	943200
982800	993600
997200	1029600
1069200	1080000
1083600	1116000
1155600	1166400
1170000	1202400
1242000	1252800
1256400	1288800
1328400	1339200
1342800	1375200
1414800	1425600
1429200	1461600
1501200	1512000
1515600	1548000
1587600	1598400
1602000	1634400
1674000	1684800
1688400	1720800
1760400	1771200
1774800	1807200
1846800	1857600
1861200	1893600
1933200	1944000
1947600	1980000
2019600	2030400
2034000	2066400
2106000	2116800
2120400	2152800
2192400	2203200
2206800	2239200
2278800	2289600
2293200	2325600
2365200	2376000
2379600	2412000
2451600	2462400
2466000	2498400
2538000	2548800
2552400	2584800
2624400	2635200
2638800	2671200
2710800	2721600
2725200	2757600
2797200	2808000
2811600	2844000
2883600	2894400
2898000	2930400
2970000	2980800
2984400	3016800
3056400	3067200
3070800	3103200
3142800	3153600
3157200	3189600
3229200	3240000
3243600	3276000
3315600	3326400
3330000	3362400
3402000	3412800
3416400	3448800
3488400	3499200
3502800	3535200
3574800	3585600
3589200	3621600
3661200	3672000
3675600	3708000
3747600	3758400
3762000	3794400
3834000	3844800
3848400	3880800
3920400	3931200
3934800	3967200
4006800	4017600
4021200	4053600
4093200	4104000
4107600	4140000
4179600	4190400
4194000	4226400
4266000	4276800
4280400	4312800
4352400	4363200
4366800	4399200
4438800	4449600
4453200	4485600
4525200	4536000
4539600	4572000
4611600	4622400
4626000	4658400
4698000	4708800
4712400	4744800
4784400	4795200
4798800	4831200
4870800	4881600
4885200	4917600
4957200	4968000
4971600	5004000
5043600	5054400
5058000	5090400
5130000	5140800
5144400	5176800
5216400	5227200
5230800	5263200
5302800	5313600
5317200	5349600
5389200	5400000
5403600	5436000
5475600	5486400
5490000	5522400
5562000	5572800
5576400	5608800
5648400	5659200
5662800	5695200
5734800	5745600
5749200	5781600
5821200	5832000
5835600	5868000
5907600	5918400
5922000	5954400
5994000	6004800
6008400	6040800
1000000000	2000000000
66666666666666666666
44444444444444444444
44444444444466444444
44444444444444442244
44554444444444444444
00444444444488444444
44444444224444444400
44444444444444444444
44444444444444444444
44447744444444443344
55555555555555555555
22222222222222222222
66666666666666666666
44772222222222222222
22222222222222222222
11220022222222222222
44444444444444444444
71
46800	64800
133200	151200
219600	237600
306000	324000
392400	410400
478800	496800
565200	583200
651600	669600
738000	756000
824400	842400
910800	928800
997200	1015200
1083600	1101600
1170000	1188000
1256400	1274400
1342800	1360800
1429200	1447200
1515600	1533600
1602000	1620000
1688400	1706400
1774800	1792800
1861200	1879200
1947600	1965600
2034000	2052000
2120400	2138400
2206800	2224800
2293200	2311200
2379600	2397600
2466000	2484000
2552400	2570400
2638800	2656800
2725200	2743200
2811600	2829600
2898000	2916000
2984400	3002400
3070800	3088800
3157200	3175200
3243600	3261600
3330000	3348000
3416400	3434400
3502800	3520800
3589200	3607200
3675600	3693600
3762000	3780000
3848400	3866400
3934800	3952800
4021200	4039200
4107600	4125600
4194000	4212000
4280400	4298400
4366800	4384800
4453200	4471200
4539600	4557600
4626000	4644000
4712400	4730400
4798800	4816800
4885200	4903200
4971600	4989600
5058000	5076000
5144400	5162400
5230800	5248800
5317200	5335200
5403600	5421600
5490000	5508000
5576400	5594400
5662800	5680800
5749200	5767200
5835600	5853600
5922000	5940000
6008400	6026400
1000000000	2000000000
66666666666666666666
44444444444444444444
44444444444466444444
44444444444444442244
44554444444444444444
00444444444488444444
44444444224444444400
44444444444444444444
44444444444444444444
44447744444444443344
55555555555555555555
22222222222222222222
66666666666666666666
44772222222222222222
22222222222222222222
11220022222222222222
44444444444444444444
141
32400	43200
46800	86400
118800	129600
133200	172800
205200	216000
219600	259200
291600	302400
306000	345600
378000	388800
392400	432000
464400	475200
478800	518400
550800	561600
565200	604800
637200	648000
651600	691200
723600	734400
738000	777600
810000	820800
824400	864000
896400	907200
910800	950400
982800	993600
997200	1036800
1069200	1080000
1083600	1123200
1155600	1166400
1170000	1209600
1242000	1252800
1256400	1296000
1328400	1339200
1342800	1382400
1414800	1425600
1429200	1468800
1501200	1512000
1515600	1555200
1587600	1598400
1602000	1641600
1674000	1684800
1688400	1728000
1760400	1771200
1774800	1814400
1846800	1857600
1861200	1900800
1933200	1944000
1947600	1987200
2019600	2030400
2034000	2073600
2106000	2116800
2120400	2160000
2192400	2203200
2206800	2246400
2278800	2289600
2293200	2332800
2365200	2376000
2379600	2419200
2451600	2462400
2466000	2505600
2538000	2548800
2552400	2592000
2624400	2635200
2638800	2678400
2710800	2721600
2725200	2764800
2797200	2808000
2811600	2851200
2883600	2894400
2898000	2937600
2970000	2980800
2984400	3024000
3056400	3067200
3070800	3110400
3142800	3153600
3157200	3196800
3229200	3240000
3243600	3283200
3315600	3326400
3330000	3369600
3402000	3412800
3416400	3456000
3488400	3499200
3502800	3542400
3574800	3585600
3589200	3628800
3661200	3672000
3675600	3715200
3747600	3758400
3762000	3801600
3834000	3844800
3848400	3888000
3920400	3931200
3934800	3974400
4006800	4017600
4021200	4060800
4093200	4104000
4107600	4147200
4179600	4190400
4194000	4233600
4266000	4276800
4280400	4320000
4352400	4363200
4366800	4406400
4438800	4449600
4453200	4492800
4525200	4536000
4539600	4579200
4611600	4622400
4626000	4665600
4698000	4708800
4712400	4752000
4784400	4795200
4798800	4838400
4870800	4881600
4885200	4924800
4957200	4968000
4971600	5011200
5043600	5054400
5058000	5097600
5130000	5140800
5144400	5184000
5216400	5227200
5230800	5270400
5302800	5313600
5317200	5356800
5389200	5400000
5403600	5443200
5475600	5486400
5490000	5529600
5562000	5572800
5576400	5616000
5648400	5659200
5662800	5702400
5734800	5745600
5749200	5788800
5821200	5832000
5835600	5875200
5907600	5918400
5922000	5961600
5994000	6004800
6008400	6048000
1000000000	2000000000
66666666666666666666
44444444444444444444
44444444444466444444
44444444444444442244
44554444444444444444
00444444444488444444
44444444224444444400
44444444444444444444
44444444444444444444
44447744444444443344
55555555555555555555
22222222222222222222
66666666666666666666
44772222222222222222
22222222222222222222
11220022222222222222
44444444444444444444
85
32400	43200
46800	72000
118800	129600
133200	158400
205200	216000
219600	244800
291600	302400
306000	331200
378000	388800
392400	417600
464400	475200
478800	504000
550800	561600
565200	590400
637200	648000
651600	698400
723600	734400
738000	784800
810000	820800
824400	871200
896400	907200
910800	957600
982800	993600
997200	1044000
1069200	1080000
1083600	1130400
1155600	1166400
1170000	1216800
1256400	1274400
1342800	1360800
1429200	1447200
1515600	1533600
1602000	1620000
1688400	1706400
1774800	1792800
1861200	1879200
1947600	1965600
2034000	2052000
2120400	2138400
2206800	2224800
2293200	2311200
2379600	2397600
2466000	2484000
2552400	2570400
2638800	2656800
2725200	2743200
2811600	2829600
2898000	2916000
2984400	3002400
3070800	3088800
3157200	3175200
3243600	3261600
3330000	3348000
3416400	3434400
3502800	3520800
3589200	3607200
3675600	3693600
3762000	3780000
3848400	3866400
3934800	3952800
4021200	4039200
4107600	4125600
4194000	4212000
4280400	4298400
4366800	4384800
4453200	4471200
4539600	4557600
4626000	4644000
4712400	4730400
4798800	4816800
4885200	4903200
4971600	4989600
5058000	5076000
5144400	5162400
5230800	5248800
5317200	5335200
5403600	5421600
5490000	5508000
5576400	5594400
5662800	5680800
5749200	5767200
5835600	5853600
5922000	5940000
6008400	6026400
1000000000	2000000000
66666666666666666666
44444444444444444444
44444444444466444444
44444444444444442244
44554444444444444444
00444444444488444444
44444444224444444400
44444444444444444444
44444444444444444444
44447744444444443344
55555555555555555555
22222222222222222222
66666666666666666666
44772222222222222222
22222222222222222222
11220022222222222222
44444444444444444444
71
46800	64800
133200	151200
219600	237600
306000	324000
392400	410400
478800	496800
565200	583200
651600	669600
738000	756000
824400	842400
910800	928800
997200	1015200
1083600	1101600
1170000	1188000
1256400	1274400
1342800	1360800
1429200	1447200
1515600	1533600
1602000	1620000
1688400	1706400
1774800	1792800
1861200	1879200
1947600	1965600
2034000	2052000
2120400	2138400
2206800	2224800
2293200	2311200
2379600	2397600
2466000	2484000
2552400	2570400
2638800	2656800
2725200	2743200
2811600	2829600
2898000	2916000
2984400	3002400
3070800	3088800
3157200	3175200
3243600	3261600
3330000	3348000
3416400	3434400
3502800	3520800
3589200	3607200
3675600	3693600
3762000	3780000
3848400	3866400
3934800	3952800
4021200	4039200
4107600	4125600
4194000	4212000
4280400	4298400
4366800	4384800
4453200	4471200
4539600	4557600
4626000	4644000
4712400	4730400
4798800	4816800
4885200	4903200
4971600	4989600
5058000	5076000
5144400	5162400
5230800	5248800
5317200	5335200
5403600	5421600
5490000	5508000
5576400	5594400
5662800	5680800
5749200	5767200
5835600	5853600
5922000	5940000
6008400	6026400
1000000000	2000000000
66666666666666666666
44444444444444444444
44444444444466444444
44444444444444442244
44554444444444444444
00444444444488444444
44444444224444444400
44444444444444444444
44444444444444444444
44447744444444443344
55555555555555555555
22222222222222222222
66666666666666666666
44772222222222222222
22222222222222222222
11220022222222222222
44444444444444444444
71
32400	43200
118800	129600
205200	216000
291600	302400
378000	388800
464400	475200
550800	561600
651600	669600
738000	756000
824400	842400
910800	928800
997200	1015200
1083600	1101600
1170000	1188000
1209600	1209600
1296000	1296000
1382400	1382400
1468800	1468800
1555200	1555200
1641600	1641600
1728000	1728000
1861200	1879200
1947600	1965600
2034000	2052000
2120400	2138400
2206800	2224800
2293200	2311200
2379600	2397600
2466000	2484000
2552400	2570400
2638800	2656800
2725200	2743200
2811600	2829600
2898000	2916000
2984400	3002400
3070800	3088800
3157200	3175200
3243600	3261600
3330000	3348000
3416400	3434400
3502800	3520800
3589200	3607200
3675600	3693600
3762000	3780000
3848400	3866400
3934800	3952800
4021200	4039200
4107600	4125600
4194000	4212000
4280400	4298400
4366800	4384800
4453200	4471200
4539600	4557600
4626000	4644000
4712400	4730400
4798800	4816800
4885200	4903200
4971600	4989600
5058000	5076000
5144400	5162400
5230800	5248800
5317200	5335200
5403600	5421600
5490000	5508000
5576400	5594400
5662800	5680800
5749200	5767200
5835600	5853600
5922000	5940000
6008400	6026400
1000000000	2000000000
66666666666666666666
44444444444444444444
44444444444466444444
44444444444444442244
44554444444444444444
00444444444488444444
44444444224444444400
44444444444444444444
44444444444444444444
44447744444444443344
55555555555555555555
22222222222222222222
66666666666666666666
44772222222222222222
22222222222222222222
11220022222222222222
44444444444444444444
141
32400	43200
46800	72000
118800	129600
133200	158400
205200	216000
219600	244800
291600	302400
306000	331200
378000	388800
392400	417600
464400	475200
478800	504000
550800	561600
565200	590400
637200	648000
651600	676800
723600	734400
738000	763200
810000	820800
824400	849600
896400	907200
910800	936000
982800	993600
997200	1022400
1069200	1080000
1083600	1108800
1155600	1166400
1170000	1195200
1242000	1252800
1256400	1281600
1328400	1339200
1342800	1368000
1414800	1425600
1429200	1454400
1501200	1512000
1515600	1540800
1587600	1598400
1602000	1627200
1674000	1684800
1688400	1713600
1760400	1771200
1774800	1800000
1846800	1857600
1861200	1886400
1933200	1944000
1947600	1972800
2019600	2030400
2034000	2059200
2106000	2116800
2120400	2145600
2192400	2203200
2206800	2232000
2278800	2289600
2293200	2318400
2365200	2376000
2379600	2404800
2451600	2462400
2466000	2491200
2538000	2548800
2552400	2577600
2624400	2635200
2638800	2664000
2710800	2721600
2725200	2750400
2797200	2808000
2811600	2836800
2883600	2894400
2898000	2923200
2970000	2980800
2984400	3009600
3056400	3067200
3070800	3096000
3142800	3153600
3157200	3182400
3229200	3240000
3243600	3268800
3315600	3326400
3330000	3355200
3402000	3412800
3416400	3441600
3488400	3499200
3502800	3528000
3574800	3585600
3589200	3614400
3661200	3672000
3675600	3700800
3747600	3758400
3762000	3787200
3834000	3844800
3848400	3873600
3920400	3931200
3934800	3960000
4006800	4017600
4021200	4046400
4093200	4104000
4107600	4132800
4179600	4190400
4194000	4219200
4266000	4276800
4280400	4305600
4352400	4363200
4366800	4392000
4438800	4449600
4453200	4478400
4525200	4536000
4539600	4564800
4611600	4622400
4626000	4651200
4698000	4708800
4712400	4737600
4784400	4795200
4798800	4824000
4870800	4881600
4885200	4910400
4957200	4968000
4971600	4996800
5043600	5054400
5058000	5083200
5130000	5140800
5144400	5169600
5216400	5227200
5230800	5256000
5302800	5313600
5317200	5342400
5389200	5400000
5403600	5428800
5475600	5486400
5490000	5515200
5562000	5572800
5576400	5601600
5648400	5659200
5662800	5688000
5734800	5745600
5749200	5774400
5821200	5832000
5835600	5860800
5907600	5918400
5922000	5947200
5994000	6004800
6008400	6033600
1000000000	2000000000
66666666666666666666
44444444444444444444
44444444444466444444
44444444444444442244
44554444444444444444
00444444444488444444
44444444224444444400
44444444444444444444
44444444444444444444
44447744444444443344
55555555555555555555
22222222222222222222
66666666666666666666
44772222222222222222
22222222222222222222
11220022222222222222
44444444444444444444
0.48
