10
7
300
272
0	2
4456	6685
0	4	
1	3
4456	6685
6	13	18	
2	4
4456	6685
0	5	12	16	
3	2
4456	6685
2	16	
4	3
4456	6685
6	12	15	
5	3
4456	6685
3	16	18	
6	5
4456	6685
4	11	12	15	18	
7	1
4456	6685
16	
8	2
4456	6685
1	17	
9	1
4456	6685
0	
10	2
4456	6685
5	13	
11	1
4456	6685
8	
12	5
4456	6685
2	9	11	12	18	
13	1
4456	6685
10	
14	1
4456	6685
6	
15	5
4456	6685
1	7	13	14	18	
16	4
4456	6685
2	9	13	15	
17	4
4456	6685
2	10	11	14	
18	5
4456	6685
0	3	12	14	18	
19	4
4456	6685
2	9	13	17	
20	4
4456	6685
2	3	13	14	
21	3
4456	6685
6	13	17	
22	2
4456	6685
10	16	
23	1
4456	6685
14	
24	2
4456	6685
11	15	
25	5
4456	6685
1	4	13	14	18	
26	5
4456	6685
0	6	11	14	18	
27	4
4456	6685
0	4	15	18	
28	4
4456	6685
2	5	13	18	
29	1
4456	6685
0	
30	1
4456	6685
12	
31	4
4456	6685
0	6	12	17	
32	1
4456	6685
0	
33	4
4456	6685
0	3	13	17	
34	1
4456	6685
7	
35	1
4456	6685
3	
36	1
4456	6685
17	
37	4
4456	6685
0	10	13	15	
38	1
4456	6685
2	
39	2
4456	6685
1	18	
40	2
4456	6685
7	13	
41	5
4456	6685
2	3	13	17	18	
42	1
4456	6685
7	
43	3
4456	6685
4	13	17	
44	5
4456	6685
0	10	12	15	18	
45	4
4456	6685
0	12	16	18	
46	4
4456	6685
2	8	15	18	
47	5
4456	6685
2	9	11	12	18	
48	5
4456	6685
2	3	12	17	18	
49	4
4456	6685
0	5	11	13	
50	3
4456	6685
2	11	17	
51	1
4456	6685
10	
52	2
4456	6685
2	5	
53	5
4456	6685
2	9	12	16	18	
54	3
4456	6685
6	12	14	
55	1
4456	6685
15	
56	2
4456	6685
1	8	
57	4
4456	6685
0	13	17	18	
58	5
4456	6685
1	3	11	12	14	
59	2
4456	6685
8	18	
60	4
4456	6685
2	8	11	13	
61	2
4456	6685
8	17	
62	5
4456	6685
0	7	11	12	15	
63	3
4456	6685
9	13	15	
64	5
4456	6685
2	3	13	14	18	
65	5
4456	6685
0	10	11	13	14	
66	4
4456	6685
5	12	17	18	
67	1
4456	6685
17	
68	3
4456	6685
5	12	14	
69	2
4456	6685
4	13	
70	1
4456	6685
15	
71	1
4456	6685
0	
72	4
4456	6685
2	4	11	15	
73	5
4456	6685
2	6	12	15	18	
74	4
4456	6685
7	13	17	18	
75	5
4456	6685
2	3	11	17	18	
76	1
4456	6685
2	
77	4
4456	6685
1	9	15	18	
78	4
4456	6685
2	7	12	14	
79	4
4456	6685
2	4	14	18	
80	5
4456	6685
0	9	12	14	18	
81	1
4456	6685
14	
82	5
4456	6685
1	8	12	17	18	
83	5
4456	6685
5	11	12	17	18	
84	5
4456	6685
2	3	12	16	18	
85	5
4456	6685
0	7	12	15	18	
86	1
4456	6685
10	
87	2
4456	6685
0	12	
88	4
4456	6685
10	11	17	18	
89	5
4456	6685
0	10	11	12	18	
90	4
4456	6685
1	9	12	18	
91	3
4456	6685
8	17	18	
92	2
4456	6685
6	13	
93	3
4456	6685
10	11	15	
94	4
4456	6685
4	11	13	15	
95	1
4456	6685
6	
96	1
4456	6685
0	
97	5
4456	6685
1	4	11	13	18	
98	3
4456	6685
0	6	17	
99	1
4456	6685
8	
100	2
4456	6685
5	14	
101	3
4456	6685
1	6	15	
102	4
4456	6685
2	5	12	15	
103	2
4456	6685
8	15	
104	2
4456	6685
1	5	
105	4
4456	6685
2	5	12	14	
106	1
4456	6685
16	
107	2
4456	6685
1	11	
108	1
4456	6685
13	
109	2
4456	6685
0	16	
110	1
4456	6685
3	
111	4
4456	6685
6	12	17	18	
112	5
4456	6685
2	6	11	12	16	
113	2
4456	6685
2	8	
114	3
4456	6685
3	15	18	
115	4
4456	6685
2	9	13	16	
116	3
4456	6685
0	12	16	
117	4
4456	6685
1	7	13	14	
118	1
4456	6685
12	
119	1
4456	6685
0	
120	3
4456	6685
1	12	15	
121	1
4456	6685
11	
122	4
4456	6685
6	12	17	18	
123	5
4456	6685
0	4	11	12	17	
124	5
4456	6685
1	10	11	12	18	
125	2
4456	6685
1	11	
126	4
4456	6685
0	8	12	18	
127	1
4456	6685
7	
128	3
4456	6685
1	4	13	
129	2
4456	6685
13	18	
130	1
4456	6685
1	
131	4
4456	6685
2	9	17	18	
132	2
4456	6685
1	9	
133	4
4456	6685
0	3	17	18	
134	4
4456	6685
2	8	12	18	
135	4
4456	6685
0	7	12	18	
136	1
4456	6685
12	
137	2
4456	6685
12	17	
138	4
4456	6685
3	11	12	15	
139	3
4456	6685
0	4	13	
140	1
4456	6685
8	
141	5
4456	6685
2	5	13	14	18	
142	3
4456	6685
10	12	14	
143	2
4456	6685
13	17	
144	5
4456	6685
2	8	11	12	16	
145	4
4456	6685
1	6	12	16	
146	3
4456	6685
1	12	18	
147	1
4456	6685
10	
148	2
4456	6685
6	13	
149	2
4456	6685
4	14	
150	5
4456	6685
0	10	11	13	17	
151	1
4456	6685
5	
152	5
4456	6685
1	9	13	14	18	
153	3
4456	6685
1	6	12	
154	1
4456	6685
9	
155	3
4456	6685
4	13	15	
156	3
4456	6685
0	6	13	
157	3
4456	6685
0	6	17	
158	4
4456	6685
3	13	15	18	
159	3
4456	6685
9	12	18	
160	3
4456	6685
0	6	11	
161	4
4456	6685
1	5	12	17	
162	1
4456	6685
10	
163	2
4456	6685
12	17	
164	1
4456	6685
11	
165	2
4456	6685
4	17	
166	3
4456	6685
10	13	18	
167	2
4456	6685
7	12	
168	1
4456	6685
4	
169	4
4456	6685
1	5	13	14	
170	2
4456	6685
1	7	
171	5
4456	6685
1	4	13	15	18	
172	5
4456	6685
0	4	12	15	18	
173	1
4456	6685
6	
174	3
4456	6685
2	3	17	
175	1
4456	6685
17	
176	2
4456	6685
7	17	
177	4
4456	6685
1	3	11	12	
178	5
4456	6685
0	8	11	12	16	
179	3
4456	6685
2	7	17	
180	5
4456	6685
0	10	13	15	18	
181	3
4456	6685
0	9	18	
182	4
4456	6685
0	8	13	18	
183	5
4456	6685
1	8	11	13	15	
184	5
4456	6685
5	11	13	14	18	
185	4
4456	6685
3	11	12	17	
186	1
4456	6685
9	
187	4
4456	6685
2	8	13	16	
188	1
4456	6685
7	
189	5
4456	6685
1	9	12	14	18	
190	2
4456	6685
10	11	
191	5
4456	6685
0	9	13	15	18	
192	4
4456	6685
0	10	17	18	
193	5
4456	6685
0	7	12	17	18	
194	1
4456	6685
10	
195	5
4456	6685
2	8	13	17	18	
196	3
4456	6685
8	12	17	
197	2
4456	6685
3	17	
198	4
4456	6685
2	9	12	16	
199	1
4456	6685
7	
200	1
4456	6685
7	
201	5
4456	6685
2	7	11	13	18	
202	3
4456	6685
1	4	16	
203	4
4456	6685
2	9	11	12	
204	3
4456	6685
1	6	16	
205	1
4456	6685
8	
206	1
4456	6685
5	
207	5
4456	6685
1	6	12	15	18	
208	4
4456	6685
1	5	17	18	
209	5
4456	6685
1	5	12	15	18	
210	5
4456	6685
0	8	12	15	18	
211	5
4456	6685
1	7	13	15	18	
212	1
4456	6685
18	
213	5
4456	6685
0	9	13	17	18	
214	3
4456	6685
0	6	14	
215	4
4456	6685
0	10	11	17	
216	1
4456	6685
7	
217	2
4456	6685
4	13	
218	3
4456	6685
5	13	18	
219	3
4456	6685
5	13	18	
220	5
4456	6685
1	8	11	16	18	
221	1
4456	6685
10	
222	1
4456	6685
13	
223	5
4456	6685
0	6	13	17	18	
224	5
4456	6685
1	4	11	12	18	
225	4
4456	6685
2	10	13	15	
226	2
4456	6685
11	12	
227	4
4456	6685
2	5	12	18	
228	4
4456	6685
0	7	17	18	
229	2
4456	6685
0	18	
230	5
4456	6685
2	3	13	16	18	
231	4
4456	6685
8	11	12	14	
232	3
4456	6685
1	17	18	
233	3
4456	6685
0	10	14	
234	1
4456	6685
0	
235	1
4456	6685
12	
236	4
4456	6685
1	5	12	14	
237	3
4456	6685
0	7	11	
238	4
4456	6685
2	10	12	16	
239	1
4456	6685
16	
240	2
4456	6685
6	18	
241	1
4456	6685
18	
242	2
4456	6685
2	18	
243	4
4456	6685
3	11	13	16	
244	4
4456	6685
0	10	13	16	
245	3
4456	6685
1	8	12	
246	3
4456	6685
2	7	18	
247	1
4456	6685
3	
248	3
4456	6685
3	13	15	
249	5
4456	6685
1	7	11	12	17	
250	2
4456	6685
8	16	
251	2
4456	6685
7	17	
252	1
4456	6685
15	
253	2
4456	6685
0	6	
254	3
4456	6685
2	12	16	
255	2
4456	6685
9	12	
256	4
4456	6685
2	4	13	18	
257	2
4456	6685
6	16	
258	2
4456	6685
13	14	
259	5
4456	6685
2	7	12	17	18	
260	4
4456	6685
0	10	13	14	
261	3
4456	6685
12	16	18	
262	2
4456	6685
4	15	
263	5
4456	6685
0	4	12	14	18	
264	3
4456	6685
2	8	13	
265	4
4456	6685
0	4	11	12	
266	3
4456	6685
2	11	14	
267	5
4456	6685
0	4	11	12	15	
268	2
4456	6685
2	10	
269	3
4456	6685
3	13	18	
270	1
4456	6685
4	
271	5
4456	6685
0	6	13	14	18	
19
0
0	1	1	1087	1137
1.48152	0.7957	0.853798
0.428215	0.000976176	0.292941	0.574718	0.905254	0.90335	0.903091	0.494078	0.274663	
1
0	1	3	1101	1101
1.25222	0.0564281	0.798557
0.880103	0.372727	0.993645	0.382527	0.12645	0.283164	0.649411	0.723957	0.739039	
2
0	1	3	1011	1050
1.44376	0.46085	0.57345
0.954487	0.849414	0.404509	0.593471	0.516919	0.610759	0.58391	0.664781	0.0632597	
3
1	1	2	986	1007
1.38121	0.0516919	0.841298
0.553562	0.00283057	0.0328349	0.535425	0.0480786	0.329999	0.99229	0.776787	0.963277	
4
1	1	1	907	976
1.1817	0.274881	0.687166
0.0822241	0.865635	0.832163	0.275956	0.867	0.856316	0.375551	0.464591	0.707543	
5
1	1	4	1438	1450
1.20304	0.128139	0.706185
0.788667	0.883665	0.168479	0.50915	0.4559	0.0427624	0.0384969	0.823922	0.545301	
6
1	1	4	1210	1279
1.4593	0.6225	0.746412
0.145578	0.92999	0.142437	0.334103	0.540498	0.0901614	0.830448	0.967786	0.957535	
7
1	1	1	1105	1124
1.32566	0.282288	0.694852
0.651133	0.41063	0.344307	0.461039	0.790027	0.142387	0.122303	0.634203	0.811461	
8
1	1	3	1279	1312
1.31524	0.0180273	0.736192
0.865526	0.140193	0.543192	0.530955	0.452089	0.690063	0.0172259	0.66013	0.966931	
9
1	1	3	1268	1311
1.4764	0.358895	0.517533
0.244446	0.674455	0.373388	0.114979	0.839491	0.482535	0.608616	0.426717	0.266579	
10
1	1	2	883	935
1.12953	0.194182	0.944594
0.490204	0.615434	0.272999	0.074715	0.48418	0.88218	0.559372	0.283149	0.720358	
11
2	1	3	1015	1115
1.38589	0.709423	0.730508
0.869832	0.818568	0.13978	0.027772	0.565477	0.567741	0.826055	0.0970397	0.174224	
12
3	1	1	1458	1486
1.47834	0.205396	0.730413
0.14089	0.35938	0.838286	0.537199	0.075776	0.0661484	0.0856359	0.665029	0.0991575	
13
3	1	2	996	1018
1.15724	0.443648	0.879231
0.111804	0.409385	0.202733	0.654211	0.565786	0.594456	0.604092	0.423825	0.604725	
14
4	1	2	1344	1356
1.35885	0.533726	0.733207
0.332189	0.802737	0.193622	0.556812	0.265901	0.64132	0.80403	0.829174	0.845748	
15
4	1	3	1017	1041
1.1702	0.540773	0.566368
0.560921	0.891372	0.463111	0.388195	0.495733	0.675757	0.22986	0.110057	0.139274	
16
4	1	2	985	1070
1.27456	0.140367	0.969267
0.542429	0.0595672	0.580178	0.495483	0.522866	0.21216	0.863038	0.416583	0.897622	
17
4	1	2	1574	1586
1.23619	0.536087	0.565641
0.983901	0.403488	0.758638	0.303672	0.935417	0.109699	0.483059	0.819561	0.47082	
18
5	1	1	819	866
1.22044	0.174009	0.782054
0.622081	0.215463	0.29809	0.476868	0.116764	0.482984	0.655602	0.78778	0.152084	
1075
0	152	53020
4617	4965	4576	5040	6220	
1	120	53067
5607	4782	6267	
2	236	58508
6396	5995	4966	6668	
3	196	58162
5754	5540	4760	
4	103	58424
5849	5357	
5	20	657475
5512	5036	5781	5875	
6	35	651746
5910	
7	166	652066
6571	5059	5485	
8	16	657042
4711	4678	5402	5110	
9	63	663710
5236	6668	6377	
10	129	670274
4805	6564	
11	111	676462
4793	4777	5802	6188	
12	19	743038
4867	4940	6123	5145	
13	23	663275
5800	
14	111	749286
6525	5364	4988	6248	
15	3	57559
6469	5917	
16	68	667731
5638	6122	4456	
17	95	53321
6003	
18	89	755822
5744	6233	6120	4799	6536	
19	252	738174
6064	
20	162	53837
5033	
21	201	762132
5717	4837	5980	5338	6310	
22	235	84571
5347	
23	83	814493
5109	6671	4705	5154	5561	
24	18	819960
5026	6365	5345	5525	5467	
25	83	828758
5806	5725	4937	6074	5198	
26	107	150669
5236	5454	
27	20	747794
5146	5024	6184	6138	
28	234	53390
6620	
29	188	122342
5066	
30	220	834414
6263	5874	5163	5120	5656	
31	93	744558
5806	5045	6384	
32	12	839000
6506	6224	5962	5554	4586	
33	163	834215
4677	6561	
34	17	754103
6281	4542	5670	6309	
35	247	668747
5612	
36	261	843638
6340	6682	4638	
37	183	750299
4987	5466	5227	6461	5741	
38	67	839947
5732	
39	96	57952
4562	
40	82	913860
6223	5443	4608	5101	5893	
41	97	918690
5738	4869	6388	5934	4830	
42	265	689137
5562	6152	5403	4910	
43	174	918251
6140	6280	4803	
44	125	399787
6049	5060	
45	252	755622
5323	
46	156	741171
6420	5104	6616	
47	24	829419
5450	5397	
48	236	827279
6475	6420	4639	4776	
49	39	924853
5304	6163	
50	208	931371
4954	5755	6547	6518	
51	174	998462
4739	5361	5264	
52	77	984437
6179	6089	6169	6266	
53	30	731653
5477	
54	252	841743
6155	
55	209	989380
5617	4865	5911	6385	4943	
56	252	922635
6107	
57	30	746078
4914	
58	46	998493
6662	6395	5510	5513	
59	127	127814
5472	
60	61	1004218
6455	5756	
61	76	215811
5461	
62	27	1003651
5864	4498	5775	5158	
63	125	479235
6469	5598	
64	207	1008789
5978	6675	5251	5154	5138	
65	109	750991
6530	6309	
66	6	1013369
5771	5420	4962	4842	4580	
67	45	1019853
4533	6163	4481	6484	
68	169	831965
5584	5521	4972	4686	
69	148	752554
5833	6411	
70	253	312670
5660	5248	
71	101	1087327
4493	5256	6611	
72	50	1010678
6536	6657	6460	
73	143	1084006
4794	4928	
74	22	834269
6115	5388	
75	63	1091854
5931	5105	4527	
76	166	1072006
5454	4461	5353	
77	203	768146
4858	5024	6220	5692	
78	126	1077442
6470	4491	6073	5436	
79	230	1085621
4780	5691	4517	6231	4579	
80	62	1096490
6320	6387	6129	5089	4636	
81	26	1091322
4629	6404	6446	5914	5701	
82	116	915482
5626	4650	6582	
83	148	776010
5142	4579	
84	128	813377
4950	4490	4967	
85	63	1170504
5540	6053	5614	
86	65	910811
4545	6048	5998	6356	4532	
87	84	1096420
5401	4929	6261	5253	5098	
88	250	925650
6272	4915	
89	114	1176149
4893	4788	5645	
90	174	1089855
6017	5595	5849	
91	145	999755
5581	4600	6342	5705	
92	11	236118
4949	
93	73	1181822
5864	5711	6174	6530	4750	
94	75	1186868
6307	5369	6298	6506	5046	
95	68	916733
6115	5609	5922	
96	30	848986
4642	
97	121	836305
5607	
98	256	1192127
4761	6093	4714	5259	
99	108	840192
6092	
100	53	1244537
4635	4958	5505	5330	5610	
101	47	1250233
5255	5821	4616	4691	5696	
102	238	1010693
5720	4615	6652	5608	
103	3	1084921
6616	5828	
104	212	1258493
4660	
105	71	295871
6560	
106	108	845985
5793	
107	254	1090302
5141	4468	5381	
108	245	911377
5927	6206	5075	
109	154	395977
6063	
110	209	1263407
5454	4663	6648	6433	4914	
111	11	386211
4622	
112	114	1269822
4481	6260	6415	
113	191	1275473
6302	5756	6647	4576	5651	
114	253	403573
5647	6190	
115	100	921776
6655	5043	
116	238	1096335
6600	4961	4576	6033	
117	7	1101283
4948	
118	152	1280686
5738	5697	4589	6084	5213	
119	225	1273849
5749	5378	5152	6358	
120	61	1170023
5614	5262	
121	83	1333564
5818	4501	5407	5120	6078	
122	180	1348068
5873	6193	4886	5520	5852	
123	262	1354382
6309	6613	
124	112	1175860
4849	4733	6253	5554	6177	
125	101	1359455
5731	4786	5073	
126	54	1002797
5437	5273	5597	
127	251	1179777
4581	4634	
128	178	1181624
5646	5108	5257	5756	5764	
129	67	1184976
5199	
130	173	496356
4832	
131	105	1009391
5410	5846	5803	6594	
132	205	405885
5352	
133	222	905448
5789	
134	51	488172
5528	
135	258	1014571
6531	5180	
136	34	230369
5210	
137	164	1000222
6490	
138	215	1258832
5889	5126	4952	5456	
139	16	1433918
5608	5424	6136	6063	
140	60	1011837
5164	5385	6071	6663	
141	163	1264990
6233	6158	
142	146	1353822
6036	5373	5754	
143	166	1359690
4586	5039	5868	
144	212	1364334
4644	
145	269	1417193
6493	5516	6059	
146	130	466779
4793	
147	245	1004615
6194	6411	6615	
148	66	1423871
5046	5295	6009	6678	
149	181	1433484
6650	5750	6013	
150	208	1438060
4598	6198	5473	4576	
151	16	1439955
6137	6432	5640	6037	
152	23	1089583
6612	
153	154	567365
5265	
154	194	558391
6507	
155	216	236737
6368	
156	77	1445625
5394	4494	4467	5670	
157	201	1451224
6327	4795	5542	5164	5599	
158	35	838521
5482	
159	229	1502988
5454	4964	
160	4	1518493
5123	5931	5671	
161	47	1507544
6248	4933	4496	4925	4556	
162	269	1515858
5484	4693	4714	
163	41	1521905
5656	5474	6192	5380	6047	
164	218	1527346
4811	6630	5441	
165	257	1187037
5126	5413	
166	67	1355119
4867	
167	77	1532575
6155	5714	6523	5229	
168	57	1537745
6312	5247	5466	5170	
169	224	1589798
6653	5662	5467	5622	5253	
170	108	1114178
6228	
171	133	1595008
4891	5112	4914	5210	
172	209	1604448
5793	5490	5434	5473	5840	
173	92	1120847
6225	6669	
174	182	1609605
6078	5467	4475	5157	
175	181	1615706
5854	5455	6101	
176	250	1260527
5987	5090	
177	63	1604420
5328	6213	5531	
178	103	1610665
4483	6245	
179	153	1107171
5124	6118	6003	
180	76	638955
5505	
181	23	1096024
6441	
182	144	1265663
4895	6027	5443	5881	5136	
183	223	1621888
5467	5777	4661	5762	6182	
184	265	1174917
5544	4996	5923	5544	
185	56	654231
6536	5649	
186	157	1444918
5945	4863	5257	
187	75	1674246
6669	4542	4551	5119	5558	
188	244	1270841
5461	6676	6550	5178	
189	161	1524254
6491	6339	5577	5817	
190	145	1344697
5462	5124	5649	5456	
191	101	1615791
6017	5157	5126	
192	91	1679549
5663	5427	5303	
193	256	1684161
4585	5999	5222	4612	
194	158	1693708
4877	6536	4457	5947	
195	157	1603436
6189	6362	5355	
196	38	663594
4890	
197	258	1262749
6617	6349	
198	41	1699784
5784	6407	6204	6558	6076	
199	146	1704244
5041	4693	4460	
200	172	1709536
5940	5689	4873	4888	5292	
201	11	665435
5541	
202	25	1761186
4456	5264	5224	5982	4850	
203	138	1698597
5069	5967	5486	5061	
204	140	723912
4477	
205	217	1245791
6204	4842	
206	40	1251988
6336	6197	
207	54	1274269
4646	5326	5538	
208	61	1616276
5669	6282	
209	215	1690558
6631	5274	6477	5882	
210	34	580089
6206	
211	225	1704359
5780	5860	5265	5762	
212	116	1349613
5984	5185	4916	
213	119	643547
5519	
214	16	1777523
6520	6582	4965	4764	
215	115	1355784
4626	6300	4953	6171	
216	103	1782656
5017	5133	
217	94	1788695
4476	5993	5445	6039	
218	240	1767328
5113	6142	
219	80	1776739
6425	6305	5799	6042	5811	
220	40	1280738
4966	4522	
221	13	738244
5406	
222	149	1353911
5178	5200	
223	5	1782988
5362	5674	6249	
224	201	1789003
4789	5754	6134	6484	6015	
225	245	1260047
5166	5699	6542	
226	63	1862996
4915	6232	5901	
227	199	754162
4504	
228	35	1000705
4657	
229	126	1795067
5845	6507	6663	6064	
230	197	1696394
5390	5836	
231	257	1435253
5430	5395	
232	241	1847223
5356	
233	83	1851964
6251	5302	5273	6007	4741	
234	257	1441805
5915	6552	
235	244	1516049
5188	5743	4962	5844	
236	146	1862198
5715	5064	6634	
237	213	1867106
5882	6595	6212	4516	4908	
238	217	1354227
5888	6399	
239	189	1873285
5467	5762	5407	6426	6179	
240	20	1433194
5948	6376	5916	4457	
241	78	1438746
6626	6038	4591	5552	
242	106	1522558
6509	
243	92	1365825
5681	5682	
244	67	1781286
5969	
245	38	819887
4620	
246	126	1879778
5306	4478	5778	6493	
247	58	1443807
4792	6031	6398	5991	5061	
248	143	1786449
5934	5163	
249	121	1357454
4916	
250	78	1517648
6012	5651	5565	5441	
251	73	1884977
4923	6321	5679	6097	5199	
252	143	1861305
6495	6456	
253	250	1528506
5270	5948	
254	125	1431243
6351	5389	
255	108	1422868
5014	
256	59	1938241
4758	6464	
257	157	1865806
6264	6591	4501	
258	161	1871790
5380	5660	5950	5984	
259	56	828328
5564	5818	
260	70	1874045
4952	
261	207	1948496
6020	4770	4816	4467	6655	
262	37	1953219
5124	5632	6394	6307	
263	252	1959860
6641	
264	0	755314
6095	4897	
265	184	1953611
5491	4759	6628	4585	5115	
266	123	1878216
6451	4854	4747	5989	6426	
267	106	1602658
5752	
268	182	1959062
5411	5719	5910	5451	
269	267	1965522
5861	5161	6174	6010	5662	
270	159	1963818
6011	6523	4756	
271	7	1608461
5803	
272	57	1970466
4584	6639	5143	6648	
273	12	2021851
6363	5708	6340	6666	4585	
274	214	1528458
5744	6001	6225	
275	19	1957291
6430	5632	5656	5532	
276	144	1613019
6511	5993	6313	6358	4558	
277	235	1534502
6169	
278	161	1962171
4510	5036	5531	4880	
279	172	2040261
5054	4746	6157	6338	4865	
280	245	1551486
5146	5156	5296	
281	28	2046613
5480	6345	6242	6352	
282	269	2052335
4925	5879	5722	
283	51	755426
5807	
284	253	915823
5320	5041	
285	255	1590152
6131	6266	
286	196	2035383
4457	5788	4812	
287	134	2057085
6125	5194	4810	4750	
288	257	1618793
4843	5774	
289	49	1602721
5759	4493	6344	4666	
290	211	2108889
4487	4849	6110	5306	5004	
291	217	1613671
5268	4840	
292	153	1610752
6260	4512	6402	
293	111	2114483
5854	6363	6486	5594	
294	141	2123187
5681	5927	5500	5373	5104	
295	57	2128006
5650	4809	5964	4819	
296	15	2133922
5298	5965	6201	6623	5916	
297	152	2138773
5574	5281	4494	5855	4851	
298	250	1693010
6469	5817	
299	97	2144573
5306	4755	5408	5583	5800	
300	185	2121412
5302	5603	4836	5179	
301	128	1689702
4653	5199	6244	
302	160	1619929
5271	6500	6198	
303	164	1694985
6656	
304	54	1706214
4864	4823	5336	
305	181	2197698
6545	4971	6325	
306	220	2206847
4908	5661	5088	6486	5549	
307	263	2211421
4714	6158	5100	6412	4574	
308	209	2217032
6477	6618	4861	6296	5611	
309	85	2222371
5600	4597	5004	5949	5339	
310	194	813915
4489	
311	20	1787543
5292	6075	6416	6517	
312	229	2227103
5226	4732	
313	6	2279940
5620	5635	6507	5334	6037	
314	234	1007027
6161	
315	241	2286300
6360	
316	170	1001392
5247	5752	
317	67	2127856
6444	
318	195	2296143
4819	6369	5434	6017	6243	
319	234	1013229
6202	
320	55	2137654
6109	
321	189	2301563
6600	5201	6680	5883	5420	
322	15	2308046
6082	4637	6331	6153	6483	
323	183	2212120
5857	5148	5096	5638	6066	
324	55	2216683
4563	
325	191	2314564
4947	4503	5437	5729	6518	
326	128	1790629
5348	5827	5519	
327	16	2296233
4593	6420	6633	5421	
328	15	2367653
4642	5035	6389	6455	6289	
329	196	2207278
4991	6495	5005	
330	75	2374116
5868	4946	6068	5130	6463	
331	38	1012964
6180	
332	220	2382484
6079	5563	5255	5219	4768	
333	159	2387999
6329	5610	5515	
334	73	2393732
4843	4775	4705	6009	5733	
335	114	2400006
5627	5298	6274	
336	125	1863629
6653	4702	
337	254	1865404
5061	4529	6477	
338	116	1870918
5906	6489	5514	
339	102	2380971
5403	5288	4996	5031	
340	80	2452918
4477	5599	5643	5925	6112	
341	233	1953544
4908	6625	4785	
342	122	2459020
6589	6426	5372	6102	
343	149	1958641
4737	5097	
344	237	1868790
5117	4715	5161	
345	21	2223421
6567	5298	5641	
346	149	1964225
5111	5584	
347	131	2469028
5403	4976	5583	6408	
348	270	1089381
5353	
349	3	1876622
5561	5704	
350	5	2475580
5511	4789	6552	
351	113	1157321
6299	6486	
352	176	2303404
6621	6000	
353	249	2309182
5894	6555	5672	4879	5778	
354	75	2481996
5345	6050	6213	5297	6416	
355	209	2487861
6497	5930	6621	6450	5865	
356	58	2038903
5285	5690	6391	5080	6278	
357	194	1097612
4828	
358	166	2539416
6102	6347	4755	
359	50	2389009
6307	5670	6130	
360	87	1960484
5053	5018	
361	121	2035832
6296	
362	77	2545882
4462	4806	6472	6466	
363	240	2554838
4604	5356	
364	52	1178296
4934	5910	
365	195	2560674
4805	6150	5586	6193	5836	
366	125	2040967
4992	5135	
367	231	2046842
6492	4937	5875	4992	
368	119	1159926
4689	
369	231	2121016
5318	5430	5180	5774	
370	183	2467176
5660	6565	4872	4721	4883	
371	100	2126531
6612	5515	
372	210	2566323
5533	6540	5457	5577	5649	
373	248	2478260
6562	5742	5507	
374	163	2470042
5148	6440	
375	85	2571917
5490	6252	6139	4716	5594	
376	95	1099171
6003	
377	9	1179683
5134	
378	175	2476071
6029	
379	1	2624585
6210	6481	5868	
380	27	2630969
5900	6438	5438	6384	
381	240	2639040
6118	4471	
382	3	1955307
5584	5496	
383	105	2132709
6026	5810	5366	6178	
384	131	2645206
6450	5034	5474	6166	
385	155	2563314
6041	4834	6500	
386	148	2148254
4464	6590	
387	244	2212030
5999	5489	5384	5230	
388	171	2650942
4954	6383	4490	6294	5736	
389	202	2217443
6040	5443	5413	
390	148	2196965
4972	6437	
391	50	2555674
4873	6233	5729	
392	148	2202626
6669	5661	
393	191	2656516
4495	4764	4547	5259	5574	
394	91	2661134
4757	4686	4618	
395	245	2111129
6653	5308	4597	
396	41	2714529
5564	6679	5656	6259	6595	
397	128	2221434
4919	5047	5005	
398	111	2719966
4701	6635	4582	5437	
399	59	2728242
5725	4676	
400	102	2647769
5969	6564	4977	4502	
401	128	2227908
5593	5368	6474	
402	38	1332823
4632	
403	109	2223006
5542	5563	
404	197	2645760
5921	6159	
405	7	2298055
6649	
406	219	2733241
4523	5073	4999	
407	176	2650315
6025	4555	
408	218	2737893
4736	6614	4652	
409	112	2302739
6430	6543	6534	5676	4684	
410	78	2212457
4590	4678	6684	5482	
411	129	2744407
5155	6514	
412	16	2653973
6060	5185	4794	6204	
413	233	2217901
6449	5713	5444	
414	216	1353766
6235	
415	240	2750399
5773	5992	
416	247	1334457
5199	
417	51	1270453
4785	
418	124	2803347
5289	5829	6272	4901	6148	
419	271	2807906
5014	6561	4885	4529	4559	
420	212	2817342
5836	
421	107	2218622
6373	6577	
422	7	2307540
4801	
423	29	1330358
5676	
424	34	1358518
4752	
425	251	2656224
5775	5909	
426	224	2823298
6048	5229	5254	6383	5956	
427	105	2302391
6617	4641	4970	4662	
428	1	2828906
4976	4710	5608	
429	176	2729537
5874	4913	
430	200	1433078
5311	
431	194	1335329
5047	
432	51	1344303
5374	
433	120	2727996
6015	5315	5623	
434	156	2300446
4897	5989	5307	
435	188	1438177
5099	
436	94	2733046
6451	4963	6161	5050	
437	44	2833570
6226	5405	5291	5628	4664	
438	24	2811837
5366	4763	
439	191	2885174
4810	6423	4605	5163	4804	
440	21	2735355
4597	6326	5818	
441	156	2323766
4746	5604	6228	
442	48	2891693
4989	5056	6506	4951	6519	
443	142	2308141
6656	4668	5750	
444	128	2330370
5646	6212	6604	
445	83	2900070
6577	5299	5548	5935	4777	
446	174	2819835
6035	5879	5194	
447	260	2386126
5158	5043	5877	6526	
448	86	1421150
5743	
449	162	1429567
4817	
450	123	2826128
6293	5871	4891	5189	6293	
451	257	2381305
4813	5365	
452	250	2386297
5628	4992	
453	174	2899507
5289	4989	4979	
454	169	2391182
4496	6581	4624	5056	
455	250	2391342
6618	5045	
456	174	2904669
6480	5965	5162	
457	27	2906479
6315	5505	5410	6409	
458	185	2911247
6389	5840	4539	6578	
459	161	2984875
6138	6489	6427	5228	
460	167	2398407
4464	4945	
461	23	2395662
4480	
462	40	2382876
5049	6005	
463	64	2912213
6413	6309	6377	5766	5734	
464	205	1358082
6461	
465	232	2991112
6081	5220	6237	
466	123	2994603
4864	6592	5501	4855	4508	
467	48	3000214
5162	6554	5444	4516	5611	
468	93	2827154
6225	5385	4744	
469	71	1439518
4651	
470	190	2471891
5250	5570	
471	223	3059771
5979	4685	6611	6651	4809	
472	82	3066012
6513	4777	4700	6041	6241	
473	234	1504546
5049	
474	163	3074516
6139	5105	
475	80	3075811
6165	5564	5600	5916	6199	
476	101	2900101
6228	6039	4547	
477	106	2397582
6240	
478	153	2538962
6425	5763	5817	
479	79	3081200
5344	5095	6279	5389	
480	13	1446394
5352	
481	246	3087820
5156	6061	6620	
482	126	3092403
5732	5956	6129	4583	
483	46	3144309
5332	4874	6015	5106	
484	268	1531193
5611	5673	
485	198	2640831
4627	4908	5393	6504	
486	41	3149521
5827	5861	4477	5173	5212	
487	195	3158433
5229	6648	6157	6578	5312	
488	199	1525980
4887	
489	19	3091013
6119	6556	6470	4746	
490	113	1616866
6333	5002	
491	108	2418045
5077	
492	155	2910892
6023	6152	4776	
493	233	2556993
5844	6572	6570	
494	44	3163665
5308	4898	6649	6255	5232	
495	202	2646339
5613	5154	5508	
496	35	1605536
6317	
497	158	3170196
6179	4542	5973	6531	
498	266	2563647
6488	5969	6654	
499	138	2996226
5953	4717	5521	4706	
500	86	1604800
4537	
501	79	3175775
5670	6322	6677	5579	
502	30	2720392
6538	
503	142	2816223
5775	4661	6240	
504	232	3180818
5962	5634	5043	
505	92	2470554
5410	5815	
506	185	3101631
5235	4745	4889	4984	
507	239	2652489
6150	
508	212	3234020
6402	
509	116	2900826
5540	4861	5715	
510	59	3239503
5182	5483	
511	203	2891219
4543	6064	5886	5216	
512	21	3106425
5489	5274	4794	
513	248	3001994
4743	5197	5768	
514	37	3075316
6512	5619	6224	4922	
515	179	3112297
5629	5066	5872	
516	129	3249645
5999	6542	
517	210	3254148
6133	4949	6372	5193	4503	
518	191	3259239
6274	4540	5641	5240	5091	
519	185	3117008
4999	5945	6618	4711	
520	98	3123370
6657	6261	6362	
521	206	1443162
5795	
522	215	3146283
5872	5847	4802	4913	
523	220	3265653
5711	6575	4847	4469	6414	
524	8	3150877
6373	4594	
525	9	1684655
4872	
526	58	3076013
5255	4689	5128	6594	6135	
527	225	3158646
4606	4491	5422	4497	
528	3	2910011
4558	4716	
529	112	3075586
4883	5297	5309	5135	4786	
530	161	3160666
5990	5568	4971	6189	
531	268	1769598
4581	4755	
532	226	3080843
4484	5134	
533	36	3165830
5164	
534	210	3317456
6076	5596	6571	5207	5003	
535	212	3323283
5827	
536	12	3333406
6394	5468	4891	6322	6523	
537	91	3338008
5536	5056	4602	
538	242	3343809
5345	5801	
539	211	3350261
5379	6090	6658	5496	6452	
540	68	3162441
5375	5364	5241	
541	80	3355093
5870	5016	5097	5645	4832	
542	148	2553650
5473	6681	
543	38	1790641
5878	
544	24	3175175
4709	5826	
545	15	3408374
5576	5187	6591	6045	6481	
546	249	3177293
6396	5239	5135	6067	6407	
547	4	3248935
4822	4585	5360	
548	98	3182428
5007	6654	5135	
549	121	2818239
6181	
550	168	1693877
6601	
551	109	3080527
6512	4941	
552	269	3417205
4904	4728	5231	
553	31	3188477
5740	4901	5216	6049	
554	32	1781525
6465	
555	138	3254033
5053	4773	5693	5098	
556	175	3194079
5602	
557	104	1674219
4581	5088	
558	227	3421733
5856	5638	6619	4528	
559	42	1775591
4679	
560	261	3427183
5514	6178	5450	
561	115	3247703
6480	4561	5657	4748	
562	242	3431963
5776	4780	
563	16	3258579
5558	5524	6659	4546	
564	247	1764184
5293	
565	27	3437169
5874	5569	5345	5206	
566	23	3247260
4729	
567	35	1770848
6664	
568	87	3178949
4635	5058	
569	124	3490066
5361	5170	6269	5882	6097	
570	91	3495774
6668	5474	5708	
571	110	1780639
6191	
572	200	1781773
6182	
573	201	3504941
4473	5966	5065	5514	5567	
574	213	3510215
6160	6645	4791	5705	5274	
575	24	3337130
5316	4806	
576	120	3341662
5716	5773	4532	
577	81	3252126
4866	
578	128	2914226
5443	4778	6268	
579	166	3516069
5005	6405	5854	
580	146	3522188
5900	5089	6119	
581	187	3254255
6582	6322	5052	6552	
582	249	3234093
6492	5973	4761	4798	6360	
583	30	3238855
5964	
584	190	2987244
4491	6021	
585	71	1861443
5649	
586	24	3346393
6117	4731	
587	238	3258873
5284	5156	6552	4618	
588	59	3527360
5198	5172	
589	98	3243720
5388	5071	6027	
590	195	3578859
5494	5345	6472	6579	4699	
591	21	3256893
4512	4734	6594	
592	210	3583840
5777	5279	4735	5180	4981	
593	212	3592408
4968	
594	12	3597802
6610	5976	5720	5507	5394	
595	224	3603084
5900	6394	4752	6601	5282	
596	167	3272356
5897	6506	
597	248	3425357
5953	6291	5384	
598	222	2985691
6511	
599	251	3262148
4546	5255	
600	253	1877277
4669	4654	
601	245	3278570
5545	6084	6214	
602	83	3609604
4875	4680	6008	6544	6520	
603	260	3257369
5104	5147	5861	5243	
604	157	3323770
6388	6051	6669	
605	157	3333819
5194	4510	6449	
606	93	3430148
5740	6653	4791	
607	232	3614306
4766	6432	4702	
608	202	3332377
4767	6575	5104	
609	89	3667066
4937	4496	5733	6073	5960	
610	251	3345303
6019	5052	
611	79	3676426
4518	6113	5774	5760	
612	251	3351172
4633	5869	
613	257	3338029
5888	5652	
614	113	2022793
4608	6085	
615	72	3503388
6085	5482	4997	4840	
616	82	3681107
6103	5940	6539	6075	4681	
617	264	2997876
5332	5655	6324	
618	138	3508599
5646	6443	5094	5211	
619	124	3687255
5416	5800	4666	5091	6148	
620	14	1962350
4898	
621	152	3692063
4599	5322	6057	5912	4808	
622	111	3698501
6423	5949	4893	6438	
623	61	3367852
5523	5712	
624	243	3343702
4515	6611	4960	5673	
625	138	3514155
5678	5904	5985	5556	
626	54	3421665
4917	5358	5265	
627	156	3255034
5274	5463	6217	
628	182	3751749
4688	5800	5993	6448	
629	201	3757869
6570	4522	4618	5217	6120	
630	172	3765944
6219	4637	5109	5881	4475	
631	234	2036657
6376	
632	40	3272855
6381	6611	
633	180	3770831
4637	6348	5319	5708	4887	
634	9	2047586
6292	
635	50	3374522
4472	4593	6670	
636	68	3426874
5038	6439	5209	
637	72	3600818
4480	6434	5642	6674	
638	86	2048871
5866	
639	12	3777158
4946	6131	5212	4646	6327	
640	90	3781654
6400	4946	6187	4496	
641	151	1870678
6667	
642	136	3424823
5775	
643	210	3786227
5098	5912	5280	5812	4573	
644	7	3416800
4698	
645	218	3839197
6550	5830	6170	
646	123	3435152
5842	6205	6460	4583	5049	
647	57	3849066
5400	4758	4802	6269	
648	25	3854909
5094	5096	4892	4942	5843	
649	90	3860084
4478	5853	5322	5175	
650	247	1865033
5002	
651	69	3335912
6072	6258	
652	20	3506537
4626	5167	6527	6321	
653	65	3513107
5439	6288	4709	5819	6570	
654	199	2055425
6377	
655	49	3429720
5637	6050	6571	5856	
656	243	3508845
5980	6388	4896	6045	
657	54	3517990
5647	6521	4883	
658	240	3865148
6256	5064	
659	208	3870801
5031	4827	5011	5653	
660	49	3509755
4590	6525	4574	5641	
661	111	3923320
4812	5942	5898	5719	
662	232	3928638
5720	5934	5318	
663	49	3515003
4957	4929	6316	4721	
664	132	2130996
6468	4847	
665	22	3514593
6103	5748	
666	137	3491029
6145	6175	
667	79	3937921
4584	5523	5795	5683	
668	135	3942732
5496	6363	6647	4811	
669	106	3520200
5607	
670	83	3947808
6510	5400	5000	5274	5076	
671	11	2114527
5304	
672	36	3525500
4823	
673	79	3952962
6070	6672	6607	5154	
674	236	3605050
5774	6237	5379	6258	
675	67	3530858
5358	
676	212	3957685
4723	
677	48	4010309
4913	5794	4964	5576	5824	
678	118	3535419
4673	
679	187	3594790
5128	5944	5851	6190	
680	208	4016323
6570	4742	6002	6014	
681	198	3601108
5277	6593	5704	6318	
682	47	4025656
5834	4847	6429	5111	5733	
683	101	3680959
4682	6589	5929	
684	221	2193179
5262	
685	64	4031833
4550	5000	5972	5422	6177	
686	133	4037260
4584	5446	5165	5427	
687	268	2217972
4772	5225	
688	172	4042819
5552	5832	5737	6582	5559	
689	90	4096135
5931	4599	5695	6516	
690	250	3605925
4809	4817	
691	45	4102733
4533	5410	4960	6598	
692	130	2035549
5681	
693	183	3762557
6548	6024	5662	4949	6616	
694	26	4112158
6358	4934	6181	5410	5825	
695	210	4116994
5902	6179	5409	4649	4836	
696	60	3681578
5441	5969	6102	5310	
697	44	4122517
6035	5487	4831	5595	5523	
698	209	4128921
4740	5835	6408	5229	6404	
699	157	3552370
5239	5165	4769	
700	219	4181390
6097	6271	5669	
701	232	4187258
5710	5883	5868	
702	208	4195584
5778	4901	6385	4726	
703	159	4201923
4603	6427	6339	
704	22	3675670
6152	5995	
705	135	4207695
6550	6416	6224	5772	
706	152	4213654
4992	5103	5299	4471	5959	
707	63	3851310
5839	4835	4880	
708	250	3680433
6414	4763	
709	83	4266211
5043	5573	5388	5203	5757	
710	103	3856575
5925	5265	
711	177	3692642
5705	6022	5492	4777	
712	73	4272308
5354	5499	5302	5040	6097	
713	259	4281942
6303	5974	5546	5157	6034	
714	253	2367798
6199	5108	
715	157	3772825
5905	5793	5668	
716	189	4286437
6415	5418	5566	6017	4495	
717	264	3704550
6044	4700	6567	
718	225	3935637
5642	5804	6536	5622	
719	112	3767103
5393	5586	6059	6031	5727	
720	27	4291238
5962	5054	6305	4801	
721	104	2308850
5901	4989	
722	77	4297355
6526	4708	5106	6117	
723	161	3777724
5857	5920	4786	4899	
724	227	4302040
6134	5504	6169	4685	
725	185	3852570
5247	4738	5135	6113	
726	157	3858316
6430	5462	5746	
727	108	3749181
5695	
728	10	3755024
5705	5843	
729	263	4355265
6467	5427	5344	5841	6425	
730	26	4361699
5534	4716	6035	6141	6434	
731	90	4370986
4633	6516	6050	5687	
732	119	2460744
5049	
733	269	4377206
5542	6029	6220	
734	151	2389081
5502	
735	59	4383635
5142	6429	
736	217	3769730
5820	5077	
737	148	3776349
4771	6619	
738	106	3773251
6148	
739	234	2470365
6021	
740	143	3864899
6287	6583	
741	85	4389316
4630	4708	6559	6255	5681	
742	232	4442702
6201	5565	6586	
743	26	4449346
4503	5874	6030	6441	6644	
744	184	4457822
5939	5449	4495	5971	4876	
745	69	3863678
6452	5925	
746	222	3868454
4776	
747	145	3838759
4636	4986	4835	4759	
748	57	4463358
4628	5284	6242	5536	
749	83	4467954
4616	5128	6262	5069	4596	
750	6	4472949
5833	6080	6405	4705	4995	
751	122	4525900
4627	6659	4942	6151	
752	208	4530546
4898	6195	6240	4646	
753	7	3843319
4560	
754	132	2307520
5395	4608	
755	213	4540514
6644	6214	4464	5929	6368	
756	84	4545108
6218	6588	4555	4766	4594	
757	36	4110042
5956	
758	108	3883754
5552	
759	6	4549671
5749	5655	5006	6124	4563	
760	159	4554218
6323	5816	4547	
761	245	3964148
5093	5961	4614	
762	5	4559299
4780	5028	5081	
763	142	4025811
5269	5949	4611	
764	14	2553316
5234	
765	256	4611616
5900	5353	4631	5517	
766	243	4012785
6387	5829	6450	4834	
767	191	4618165
6406	6251	5438	4779	6549	
768	218	4626576
5105	5368	4811	
769	105	4031116
5471	4809	4840	5305	
770	262	4110276
5647	4565	
771	229	4631400
6477	4824	
772	239	4022599
6214	
773	97	4637449
5545	6570	6672	6552	6049	
774	169	4036811
5641	4627	6033	5695	
775	39	4643403
5509	5954	
776	122	4647917
5407	6302	5776	4514	
777	146	4699301
4693	5985	4584	
778	89	4704155
4970	6381	6032	4467	4854	
779	240	4713297
5050	5542	
780	18	4718084
5274	5120	5146	5953	4787	
781	122	4722565
6574	5316	5780	4481	
782	88	4728562
4627	5857	4926	5997	
783	93	4116064
5920	5813	5788	
784	192	4733511
6215	4502	4992	4949	
785	18	4785192
5177	5005	5182	5096	4881	
786	224	4789823
5177	5308	6339	4621	4631	
787	33	4205141
5669	4607	4538	5225	
788	8	4210074
6404	4933	
789	169	4121875
6479	5858	5504	5615	
790	83	4799053
4684	5266	5057	5862	5630	
791	246	4804493
5248	6377	5440	
792	44	4810624
5003	6548	4790	5306	6131	
793	254	4184858
5073	5574	5258	
794	54	4199670
5697	5293	5670	
795	180	4815200
5698	6245	5675	6478	4576	
796	213	4821526
6380	4867	5899	5768	6326	
797	17	4206194
5411	5294	6068	6524	
798	174	4294875
4503	5698	4771	
799	53	4873000
6680	6324	6006	5055	4674	
800	123	4368300
4867	6524	4629	5431	5025	
801	229	4877946
5105	4946	
802	115	4199472
5654	5272	4472	5959	
803	240	4887118
4506	5572	
804	135	4893695
6047	4821	5733	6577	
805	15	4900162
6602	5678	5208	6259	6467	
806	52	2548266
5590	5752	
807	118	4213747
6491	
808	89	4905814
4523	4487	5572	6097	5652	
809	9	2800225
4844	
810	244	4205628
4691	6675	5743	6156	
811	189	4957972
4515	5063	5656	4669	5358	
812	220	4964010
6443	4524	6286	5032	6038	
813	204	4287326
6611	4689	6346	
814	43	4374297
5148	5798	5997	
815	146	4974173
5812	6248	6563	
816	145	4292374
4558	5362	6153	5048	
817	139	4113387
5936	5362	4599	
818	69	4118964
5253	5577	
819	269	4980170
4622	5273	5997	
820	140	2475691
6105	
821	35	2715938
5460	
822	120	4285714
4782	4887	5314	
823	109	4298187
4726	5813	
824	31	4379276
6413	5680	4913	4979	
825	81	4289997
4475	
826	173	2884880
5289	
827	148	4129047
5294	4810	
828	34	2802612
6076	
829	165	4453530
5867	5854	
830	200	2812601
6389	
831	130	2555370
6422	
832	2	4304136
4662	6536	6669	5949	
833	44	4986532
5310	5432	4864	5085	6362	
834	173	2900040
6266	
835	29	2899522
6359	
836	252	4370135
6280	
837	14	2906275
6235	
838	35	2721028
5090	
839	3	4308656
4700	4520	
840	18	4991392
6095	6545	5539	6309	4860	
841	191	5043859
5756	5927	4558	6091	5667	
842	89	5049282
5167	5427	5279	5008	5423	
843	50	4459891
5656	5708	6361	
844	263	5058548
5790	4860	5288	5514	5666	
845	178	4316578
5692	6386	6367	5509	5282	
846	180	5064543
6201	5603	4906	4682	5995	
847	174	4466078
5223	6492	6187	
848	57	5070413
5867	6334	5239	5870	
849	57	5076776
4969	4835	6367	6363	
850	36	4550826
4742	
851	114	5081921
5220	6620	5145	
852	91	5133199
6021	5988	4478	
853	42	2817356
4755	
854	2	4354558
5900	6487	5170	5580	
855	50	4631433
5815	5098	6219	
856	99	2997796
5459	
857	126	5138921
6422	5353	4486	5722	
858	78	4381643
5896	5589	6462	6186	
859	185	4637025
5350	4818	5074	5592	
860	206	3072786
6040	
861	96	3077125
4544	
862	5	5148324
4926	6256	5803	
863	80	5154918
4827	4797	6556	5846	6594	
864	8	4643365
6661	6340	
865	148	4186734
5928	4654	
866	118	4388902
5441	
867	11	3078176
5594	
868	89	5160664
4507	5625	6523	6276	5746	
869	55	4460467
4539	
870	19	4716629
5258	4848	6227	4864	
871	142	4461057
6170	5675	5168	
872	250	4369790
4588	5376	
873	263	5166043
6354	6277	6391	4949	5379	
874	166	5218749
4702	6000	5906	
875	104	3078217
5429	5431	
876	55	4465569
5102	
877	262	4470875
6673	5306	
878	30	4445293
5649	
879	148	4208099
4954	5538	
880	19	4722165
6562	6258	4555	5536	
881	37	4544606
6385	6364	4478	5331	
882	71	3162744
5946	
883	126	5224675
5458	6589	4625	5926	
884	237	4457271
5226	6622	5699	
885	99	3174676
5343	
886	135	5234178
6610	6637	5542	5903	
887	22	4376123
4485	6333	
888	196	4727794
4680	4870	5629	
889	179	4801608
5791	4798	5414	
890	243	4463442
4803	5256	6171	5458	
891	271	5239758
4664	6364	5516	5033	5580	
892	117	4544534
4754	4956	6480	5095	
893	72	4549846
4711	6261	6085	5240	
894	45	5246291
5516	5366	5537	6533	
895	173	3249801
5799	
896	113	3239854
5755	6498	
897	46	5251175
5764	4594	6188	4884	
898	0	3254197
5812	6379	
899	121	4543187
6175	
900	221	3172638
5740	
901	27	5303652
5328	6547	6304	5677	
902	70	4636759
6021	
903	187	4482005
6253	5593	5746	6567	
904	87	4474703
4719	5407	
905	266	4550658
5586	4669	6124	
906	71	3323740
6063	
907	15	5310229
5890	6493	5555	6303	6577	
908	69	4525407
4479	6268	
909	21	4806077
6482	5798	4469	
910	251	4812538
5162	6461	
911	121	4554528
6672	
912	102	4642663
6650	4703	5166	5904	
913	189	5320081
6554	5143	4568	5910	6252	
914	62	4717709
6606	6040	4903	6517	6646	
915	103	4722477
5535	4768	
916	169	4635754
5077	6050	5403	4483	
917	201	5326748
4714	4725	6108	6210	6667	
918	82	5333107
5037	4580	4929	6276	6359	
919	107	4640364
4630	6425	
920	63	4727267
5751	5341	4790	
921	134	5338085
6598	5741	6043	4978	
922	215	4892068
6214	5052	4604	4854	
923	19	4897933
6382	5941	4703	5865	
924	30	4644726
5320	
925	263	5389516
4612	5688	5064	6529	4631	
926	145	4656027
4549	4857	4747	6237	
927	156	4650304
6475	6331	6219	
928	52	3148999
4815	6029	
929	259	5394244
5686	6632	6472	4670	4728	
930	183	4801682
5861	5227	5740	6204	6015	
931	15	5398905
4659	6597	5434	4810	4661	
932	104	3158395
6350	5796	
933	70	4806850
5168	
934	31	4976279
5404	5378	4711	5276	
935	185	4981216
4930	4677	5537	4937	
936	44	5408686
6029	6418	5736	4795	6181	
937	217	4731596
4683	6590	
938	66	5414127
6320	5379	6528	5441	
939	43	5062564
5506	5306	6420	
940	73	5419971
5418	6095	5773	6329	5844	
941	140	3338794
6470	
942	84	5425296
5022	5274	5706	5076	5325	
943	148	4741756
5606	4854	
944	49	4748292
6062	5279	6386	6536	
945	238	4785591
5768	5881	4806	5952	
946	49	4804979
4680	4782	5027	6473	
947	205	3344648
5854	
948	116	4790283
5822	5092	4692	
949	254	4798983
6076	5785	5100	
950	85	5478501
4891	5598	5023	6118	6405	
951	224	5484722
4948	5193	4857	5719	6221	
952	106	4803737
4754	
953	258	4811391
6412	4867	
954	227	5494387
6167	5389	6561	6065	
955	117	4816185
4707	5203	4794	4783	
956	84	5499981
6365	6266	6223	6429	5594	
957	189	5506076
5943	6484	5098	5362	6095	
958	4	4898555
5229	6584	6063	
959	79	5511709
6532	5409	6019	5633	
960	179	5068055
6566	5015	5491	
961	224	5563812
4990	4787	6498	6410	5303	
962	38	2993268
5561	
963	77	5570450
4894	5077	6520	6638	
964	40	4822838
6587	6653	
965	40	4828183
6212	5345	
966	73	5579226
6006	5451	6097	6376	5176	
967	212	5584659
5433	
968	117	4901829
6236	4720	4750	5248	
969	66	5589568
5391	5651	5871	4909	
970	125	4888987
4702	5634	
971	167	4894183
5473	5895	
972	208	5594293
6658	4929	5049	4725	
973	104	3510176
5538	5743	
974	37	4985925
6529	5067	6285	6074	
975	155	5060885
4669	6214	6560	
976	230	5599510
5820	4626	5954	4770	5217	
977	127	3596859
6007	
978	169	4975208
4585	5143	5456	4979	
979	121	4894184
5197	
980	145	4899766
4921	4828	4594	5583	
981	100	4980160
5363	4952	
982	245	4903516
4639	5766	4739	
983	191	5650791
6274	5477	6202	5846	4481	
984	13	3511357
5492	
985	49	4905415
6433	4822	4691	6371	
986	38	3064962
5868	
987	9	3577638
5067	
988	188	3602984
6125	
989	6	5655541
6664	5069	6546	4713	4750	
990	214	4986474
5909	5190	6314	
991	198	4977736
6661	6129	4833	5175	
992	44	5665043
5321	4902	5838	5538	5902	
993	226	4988736
5498	5504	
994	234	3597238
4770	
995	120	5151040
5312	6282	5658	
996	176	5152640
5425	5265	
997	116	5062545
4626	6313	4545	
998	263	5671393
5517	4717	6359	4841	6350	
999	174	5157222
6050	5818	4582	
1000	232	5678073
5983	5064	6680	
1001	178	5067499
5539	5005	6265	6120	4954	
1002	180	5684136
4588	5207	4540	6270	6063	
1003	76	3086552
5279	
1004	175	5235608
4922	
1005	196	5241891
6375	6441	6283	
1006	134	5737015
6043	6046	5521	6079	
1007	241	5743346
6331	
1008	154	3578670
6403	
1009	113	3688105
5925	5164	
1010	91	5753427
5632	6402	6481	
1011	79	5758404
4510	5242	6063	4977	
1012	163	5321363
5175	4670	
1013	180	5764580
4622	6553	4685	5989	6176	
1014	198	5072006
4510	5788	4655	4507	
1015	80	5770985
6306	5375	4481	5527	6405	
1016	31	5326799
4510	5373	5543	5436	
1017	24	5238186
6460	6487	
1018	10	4920521
5505	5881	
1019	121	5064341
5374	
1020	167	5086257
5878	4631	
1021	215	5332716
6204	5908	5783	5917	
1022	218	5824107
4801	5409	6322	
1023	48	5829897
4712	5083	5675	5987	5790	
1024	103	5242822
4773	4636	
1025	79	5838484
5984	4707	5069	4987	
1026	253	3752723
5128	5123	
1027	200	3677502
5615	
1028	131	5845134
5418	6457	4535	6650	
1029	86	3756553
5803	
1030	201	5850303
5732	4895	4903	6262	5169	
1031	193	5855102
6459	5743	6678	4872	4799	
1032	60	5149206
4968	6134	5778	4666	
1033	202	5145815
5719	5118	5409	
1034	69	5155822
5451	6616	
1035	254	5151847
4815	4907	6032	
1036	177	5154586
4857	5215	5031	5381	
1037	36	5490638
5728	
1038	60	5162340
4684	5753	6489	6518	
1039	239	5158528
6681	
1040	175	5495768
5130	
1041	185	5501236
4601	4578	6397	5468	
1042	199	3762921
5978	
1043	63	5247913
6155	5249	5091	
1044	65	5240301
5440	6038	4650	6598	4497	
1045	136	5241009
6152	
1046	170	3768719
5790	5798	
1047	122	5908117
5516	4739	6510	6215	
1048	155	5320889
4935	5821	4576	
1049	23	5246637
6336	
1050	119	3751202
5025	
1051	143	5581545
6492	5399	
1052	184	5912676
5786	5587	5589	4912	4559	
1053	99	3774542
6545	
1054	87	5250728
4469	4980	
1055	113	3834392
5185	5850	
1056	28	5922557
4943	6358	4925	6281	
1057	228	5928196
6487	6406	4834	5639	
1058	146	5933490
4698	6648	5294	
1059	63	5325576
5136	5640	4687	
1060	117	5326945
6370	5057	6587	4833	
1061	134	5938086
4978	5511	4923	4596	
1062	153	5267417
5244	5158	5118	
1063	21	5592377
4671	5026	5998	
1064	250	5231444
4523	4516	
1065	70	5331003
5427	
1066	112	5321876
6635	4726	5556	5717	4676	
1067	23	5332014
5069	
1068	78	5407085
5352	4607	5610	6671	
1069	215	5666789
4858	6153	6592	6012	
1070	10	5322263
5908	5882	
1071	232	5943239
6518	5990	5153	
1072	117	5412902
5356	5068	4998	5817	
1073	127	3853077
5620	
1074	118	5329767
6240	
171
30865	14815
33119	15896
38791	18619
201824	96875
553728	265789
1458450	700056
3759208	1804419
9475955	4548458
23487224	11273867
2869	1377
40605	19490
50849	24407
159755	76682
313133	150303
589217	282824
1077920	517401
1931714	927222
3407686	1635689
43840	21043
54552	26184
95130	45662
458067	219872
1193522	572890
2985407	1432995
7300100	3504048
17461997	8381758
41078888	19717866
2562	1229
41698	20014
49564	23790
208962	100301
498307	239187
1140766	547567
2546719	1222425
5565165	2671279
11965058	5743227
2872	1378
7180	3446
10449	5015
27590	13243
48159	23116
80699	38735
132901	63792
213807	102627
337973	162227
9287	4457
51181	24566
72476	34788
201912	96917
365288	175338
634424	304523
1072525	514812
1775622	852298
2893128	1388701
99694	47852
119539	57378
160152	76872
796313	382230
2119734	1017472
5416889	2600106
13567743	6512516
33220859	15946012
79961448	38381495
6385	3064
15717	7544
22620	10857
84317	40472
185223	88907
390610	187492
802829	385357
1615397	775390
3198290	1535179
1361	653
55588	26681
75508	36243
274873	131939
594367	285296
1233811	592229
2499228	1199629
4954559	2378188
9662667	4638080
47885	22984
69051	33144
133424	64043
687023	329771
1871939	898530
4896471	2350306
12512358	6005931
31283037	15015857
76928448	36925655
3152	1513
15334	7360
16234	7792
37433	17967
59697	28654
91397	43870
137187	65849
201283	96615
290301	139344
55220	26505
56861	27293
77838	37362
331512	159125
795913	382038
1834435	880528
4168452	2000856
9245275	4437732
20136969	9665745
10572	5074
37598	18047
51475	24708
266097	127726
726940	348931
1906461	915101
4874307	2339667
12199536	5855777
30042440	14420371
9170	4401
18174	8723
20671	9922
51258	24603
85807	41187
137897	66190
216131	103742
331574	159155
500466	240223
33233	15952
45654	21914
62267	29888
249975	119988
576968	276944
1278432	613647
2757545	1323621
5824703	2795857
12108579	5812117
18101	8688
18958	9099
33473	16067
85823	41195
146903	70513
241396	115870
386953	185737
607101	291408
937087	449801
4650	2232
32111	15413
33130	15902
109756	52682
222874	106979
434471	208546
833580	400118
1561734	749632
2874253	1379641
24358	11692
25701	12336
45438	21810
137340	65923
262348	125927
481091	230923
858649	412151
1500827	720396
2581827	1239276
1929	925
8670	4161
11087	5321
32248	15479
60041	28819
107316	51511
188014	90246
322001	154560
542108	260211
6
30.375
83.75
6.25
33.375
28.5
12.5
141
32400	43200
46800	64800
118800	129600
133200	151200
205200	216000
219600	237600
291600	302400
306000	324000
378000	388800
392400	410400
464400	475200
478800	496800
550800	561600
565200	583200
637200	648000
651600	669600
723600	734400
738000	756000
810000	820800
824400	842400
896400	907200
910800	928800
982800	993600
997200	1015200
1069200	1080000
1083600	1101600
1155600	1166400
1170000	1188000
1242000	1252800
1256400	1274400
1328400	1339200
1342800	1360800
1414800	1425600
1429200	1447200
1501200	1512000
1515600	1533600
1587600	1598400
1602000	1620000
1674000	1684800
1688400	1706400
1760400	1771200
1774800	1792800
1846800	1857600
1861200	1879200
1933200	1944000
1947600	1965600
2019600	2030400
2034000	2052000
2106000	2116800
2120400	2138400
2192400	2203200
2206800	2224800
2278800	2289600
2293200	2311200
2365200	2376000
2379600	2397600
2451600	2462400
2466000	2484000
2538000	2548800
2552400	2570400
2624400	2635200
2638800	2656800
2710800	2721600
2725200	2743200
2797200	2808000
2811600	2829600
2883600	2894400
2898000	2916000
2970000	2980800
2984400	3002400
3056400	3067200
3070800	3088800
3142800	3153600
3157200	3175200
3229200	3240000
3243600	3261600
3315600	3326400
3330000	3348000
3402000	3412800
3416400	3434400
3488400	3499200
3502800	3520800
3574800	3585600
3589200	3607200
3661200	3672000
3675600	3715200
3747600	3758400
3762000	3801600
3834000	3844800
3848400	3888000
3920400	3931200
3934800	3974400
4006800	4017600
4021200	4060800
4093200	4104000
4107600	4147200
4179600	4190400
4194000	4233600
4266000	4276800
4280400	4298400
4352400	4363200
4366800	4384800
4438800	4449600
4453200	4471200
4525200	4536000
4539600	4557600
4611600	4622400
4626000	4644000
4698000	4708800
4712400	4730400
4784400	4795200
4798800	4816800
4870800	4881600
4885200	4903200
4957200	4968000
4971600	4989600
5043600	5054400
5058000	5076000
5130000	5140800
5144400	5162400
5216400	5227200
5230800	5248800
5302800	5313600
5317200	5335200
5389200	5400000
5403600	5421600
5475600	5486400
5490000	5508000
5562000	5572800
5576400	5594400
5648400	5659200
5662800	5680800
5734800	5745600
5749200	5767200
5821200	5832000
5835600	5853600
5907600	5918400
5922000	5940000
5994000	6004800
6008400	6026400
1000000000	2000000000
33333333333366333333
33333333333333332233
33333333333333333333
00333333330033883333
33333355333333333333
33333333333333333333
33333333333333333388
33333344333333333333
55333333333333773333
33333333333333333377
33333333333333333333
22222222222222222222
66666666116666666666
66665566666666666666
22222222222222222222
22222222222222222222
33222222222233662222
22222222228822222222
44444444444444444444
134
32400	43200
46800	64800
118800	129600
133200	151200
205200	216000
219600	237600
291600	302400
306000	324000
378000	388800
392400	410400
464400	475200
478800	496800
550800	561600
565200	583200
637200	648000
651600	669600
723600	734400
738000	756000
810000	820800
824400	842400
896400	907200
910800	928800
982800	993600
997200	1015200
1069200	1080000
1083600	1101600
1155600	1166400
1170000	1188000
1242000	1252800
1256400	1274400
1328400	1339200
1342800	1360800
1414800	1425600
1429200	1447200
1501200	1512000
1515600	1533600
1587600	1598400
1602000	1620000
1674000	1684800
1688400	1706400
1760400	1771200
1774800	1792800
1846800	1857600
1861200	1879200
1933200	1944000
1947600	1965600
2019600	2030400
2034000	2052000
2106000	2116800
2120400	2138400
2192400	2203200
2206800	2224800
2278800	2289600
2293200	2311200
2365200	2376000
2379600	2397600
2451600	2462400
2466000	2484000
2538000	2548800
2552400	2570400
2624400	2635200
2638800	2656800
2710800	2721600
2725200	2743200
2797200	2808000
2811600	2829600
2883600	2894400
2898000	2916000
2970000	2980800
2984400	3002400
3056400	3067200
3070800	3088800
3142800	3153600
3157200	3175200
3229200	3240000
3243600	3261600
3315600	3326400
3330000	3348000
3402000	3412800
3416400	3434400
3488400	3499200
3502800	3520800
3574800	3585600
3589200	3607200
3661200	3672000
3675600	3693600
3747600	3758400
3762000	3780000
3834000	3844800
3848400	3866400
3920400	3931200
3934800	3952800
4006800	4017600
4021200	4039200
4093200	4104000
4107600	4125600
4179600	4190400
4194000	4212000
4266000	4276800
4280400	4298400
4352400	4363200
4366800	4384800
4438800	4449600
4453200	4471200
4525200	4536000
4539600	4557600
4611600	4622400
4626000	4644000
4698000	4708800
4712400	4730400
4784400	4795200
4798800	4816800
4885200	4903200
4971600	4989600
5058000	5076000
5144400	5162400
5230800	5248800
5317200	5335200
5403600	5421600
5475600	5486400
5490000	5508000
5562000	5572800
5576400	5594400
5648400	5659200
5662800	5680800
5734800	5745600
5749200	5767200
5821200	5832000
5835600	5853600
5907600	5918400
5922000	5940000
5994000	6004800
6008400	6026400
1000000000	2000000000
33333333333366333333
33333333333333332233
33333333333333333333
00333333330033883333
33333355333333333333
33333333333333333333
33333333333333333388
33333344333333333333
55333333333333773333
33333333333333333377
33333333333333333333
22222222222222222222
66666666116666666666
66665566666666666666
22222222222222222222
22222222222222222222
33222222222233662222
22222222228822222222
44444444444444444444
141
32400	43200
46800	64800
118800	129600
133200	151200
205200	216000
219600	237600
291600	302400
306000	324000
378000	388800
392400	410400
464400	475200
478800	496800
550800	561600
565200	583200
637200	648000
651600	669600
723600	734400
738000	756000
810000	820800
824400	842400
896400	907200
910800	928800
982800	993600
997200	1015200
1069200	1080000
1083600	1101600
1155600	1166400
1170000	1188000
1242000	1252800
1256400	1274400
1328400	1339200
1342800	1360800
1414800	1425600
1429200	1447200
1501200	1512000
1515600	1533600
1587600	1598400
1602000	1620000
1674000	1684800
1688400	1706400
1760400	1771200
1774800	1792800
1846800	1857600
1861200	1879200
1933200	1944000
1947600	1965600
2019600	2030400
2034000	2052000
2106000	2116800
2120400	2138400
2192400	2203200
2206800	2224800
2278800	2289600
2293200	2311200
2365200	2376000
2379600	2397600
2451600	2462400
2466000	2484000
2538000	2548800
2552400	2570400
2624400	2635200
2638800	2656800
2710800	2721600
2725200	2743200
2797200	2808000
2811600	2829600
2883600	2894400
2898000	2916000
2970000	2980800
2984400	3002400
3056400	3067200
3070800	3088800
3142800	3153600
3157200	3175200
3229200	3240000
3243600	3261600
3315600	3326400
3330000	3348000
3402000	3412800
3416400	3434400
3488400	3499200
3502800	3520800
3574800	3585600
3589200	3607200
3661200	3672000
3675600	3693600
3747600	3758400
3762000	3780000
3834000	3844800
3848400	3866400
3920400	3931200
3934800	3952800
4006800	4017600
4021200	4039200
4093200	4104000
4107600	4125600
4179600	4190400
4194000	4212000
4266000	4276800
4280400	4298400
4352400	4363200
4366800	4384800
4438800	4449600
4453200	4471200
4525200	4536000
4539600	4557600
4611600	4622400
4626000	4644000
4698000	4708800
4712400	4730400
4784400	4795200
4798800	4816800
4870800	4881600
4885200	4903200
4957200	4968000
4971600	4989600
5043600	5054400
5058000	5076000
5130000	5140800
5144400	5162400
5216400	5227200
5230800	5248800
5302800	5313600
5317200	5335200
5389200	5400000
5403600	5421600
5475600	5486400
5490000	5508000
5562000	5572800
5576400	5594400
5648400	5659200
5662800	5680800
5734800	5745600
5749200	5767200
5821200	5832000
5835600	5853600
5907600	5918400
5922000	5940000
5994000	6004800
6008400	6026400
1000000000	2000000000
33333333333366333333
33333333333333332233
33333333333333333333
00333333330033883333
33333355333333333333
33333333333333333333
33333333333333333388
33333344333333333333
55333333333333773333
33333333333333333377
33333333333333333333
22222222222222222222
66666666116666666666
66665566666666666666
22222222222222222222
22222222222222222222
33222222222233662222
22222222228822222222
44444444444444444444
127
0	0
86400	86400
172800	172800
259200	259200
345600	345600
432000	432000
518400	518400
637200	648000
651600	669600
723600	734400
738000	756000
810000	820800
824400	842400
896400	907200
910800	928800
982800	993600
997200	1015200
1069200	1080000
1083600	1101600
1155600	1166400
1170000	1188000
1242000	1252800
1256400	1274400
1328400	1339200
1342800	1360800
1414800	1425600
1429200	1447200
1501200	1512000
1515600	1533600
1587600	1598400
1602000	1620000
1674000	1684800
1688400	1706400
1760400	1771200
1774800	1792800
1846800	1857600
1861200	1879200
1933200	1944000
1947600	1965600
2019600	2030400
2034000	2052000
2106000	2116800
2120400	2138400
2192400	2203200
2206800	2224800
2278800	2289600
2293200	2311200
2365200	2376000
2379600	2397600
2451600	2462400
2466000	2484000
2538000	2548800
2552400	2570400
2624400	2635200
2638800	2656800
2710800	2721600
2725200	2743200
2797200	2808000
2811600	2829600
2883600	2894400
2898000	2916000
2970000	2980800
2984400	3002400
3024000	3024000
3110400	3110400
3196800	3196800
3283200	3283200
3369600	3369600
3456000	3456000
3542400	3542400
3661200	3672000
3675600	3693600
3747600	3758400
3762000	3780000
3834000	3844800
3848400	3866400
3920400	3931200
3934800	3952800
4006800	4017600
4021200	4039200
4093200	4104000
4107600	4125600
4179600	4190400
4194000	4212000
4266000	4276800
4280400	4334400
4352400	4363200
4366800	4420800
4438800	4449600
4453200	4507200
4525200	4536000
4539600	4593600
4611600	4622400
4626000	4680000
4698000	4708800
4712400	4766400
4784400	4795200
4798800	4852800
4870800	4881600
4885200	4903200
4957200	4968000
4971600	4989600
5043600	5054400
5058000	5076000
5130000	5140800
5144400	5162400
5216400	5227200
5230800	5248800
5302800	5313600
5317200	5335200
5389200	5400000
5403600	5421600
5475600	5486400
5490000	5508000
5562000	5572800
5576400	5594400
5648400	5659200
5662800	5680800
5734800	5745600
5749200	5767200
5821200	5832000
5835600	5853600
5907600	5918400
5922000	5940000
5994000	6004800
6008400	6026400
1000000000	2000000000
33333333333366333333
33333333333333332233
33333333333333333333
00333333330033883333
33333355333333333333
33333333333333333333
33333333333333333388
33333344333333333333
55333333333333773333
33333333333333333377
33333333333333333333
22222222222222222222
66666666116666666666
66665566666666666666
22222222222222222222
22222222222222222222
33222222222233662222
22222222228822222222
44444444444444444444
141
32400	43200
46800	64800
118800	129600
133200	151200
205200	216000
219600	237600
291600	302400
306000	324000
378000	388800
392400	410400
464400	475200
478800	496800
550800	561600
565200	583200
637200	648000
651600	669600
723600	734400
738000	756000
810000	820800
824400	842400
896400	907200
910800	928800
982800	993600
997200	1015200
1069200	1080000
1083600	1101600
1155600	1166400
1170000	1188000
1242000	1252800
1256400	1274400
1328400	1339200
1342800	1360800
1414800	1425600
1429200	1447200
1501200	1512000
1515600	1533600
1587600	1598400
1602000	1620000
1674000	1684800
1688400	1706400
1760400	1771200
1774800	1792800
1846800	1857600
1861200	1893600
1933200	1944000
1947600	1980000
2019600	2030400
2034000	2066400
2106000	2116800
2120400	2152800
2192400	2203200
2206800	2239200
2278800	2289600
2293200	2325600
2365200	2376000
2379600	2412000
2451600	2462400
2466000	2484000
2538000	2548800
2552400	2570400
2624400	2635200
2638800	2656800
2710800	2721600
2725200	2743200
2797200	2808000
2811600	2829600
2883600	2894400
2898000	2916000
2970000	2980800
2984400	3002400
3056400	3067200
3070800	3088800
3142800	3153600
3157200	3175200
3229200	3240000
3243600	3261600
3315600	3326400
3330000	3348000
3402000	3412800
3416400	3434400
3488400	3499200
3502800	3520800
3574800	3585600
3589200	3607200
3661200	3672000
3675600	3693600
3747600	3758400
3762000	3780000
3834000	3844800
3848400	3866400
3920400	3931200
3934800	3952800
4006800	4017600
4021200	4039200
4093200	4104000
4107600	4125600
4179600	4190400
4194000	4212000
4266000	4276800
4280400	4298400
4352400	4363200
4366800	4384800
4438800	4449600
4453200	4471200
4525200	4536000
4539600	4557600
4611600	4622400
4626000	4644000
4698000	4708800
4712400	4730400
4784400	4795200
4798800	4816800
4870800	4881600
4885200	4903200
4957200	4968000
4971600	4989600
5043600	5054400
5058000	5076000
5130000	5140800
5144400	5162400
5216400	5227200
5230800	5248800
5302800	5313600
5317200	5335200
5389200	5400000
5403600	5421600
5475600	5486400
5490000	5508000
5562000	5572800
5576400	5594400
5648400	5659200
5662800	5680800
5734800	5745600
5749200	5767200
5821200	5832000
5835600	5853600
5907600	5918400
5922000	5940000
5994000	6004800
6008400	6026400
1000000000	2000000000
33333333333366333333
33333333333333332233
33333333333333333333
00333333330033883333
33333355333333333333
33333333333333333333
33333333333333333388
33333344333333333333
55333333333333773333
33333333333333333377
33333333333333333333
22222222222222222222
66666666116666666666
66665566666666666666
22222222222222222222
22222222222222222222
33222222222233662222
22222222228822222222
44444444444444444444
141
32400	43200
46800	64800
118800	129600
133200	151200
205200	216000
219600	237600
291600	302400
306000	324000
378000	388800
392400	410400
464400	475200
478800	496800
550800	561600
565200	583200
637200	648000
651600	669600
723600	734400
738000	756000
810000	820800
824400	842400
896400	907200
910800	928800
982800	993600
997200	1015200
1069200	1080000
1083600	1101600
1155600	1166400
1170000	1188000
1242000	1252800
1256400	1274400
1328400	1339200
1342800	1360800
1414800	1425600
1429200	1447200
1501200	1512000
1515600	1533600
1587600	1598400
1602000	1620000
1674000	1684800
1688400	1706400
1760400	1771200
1774800	1792800
1846800	1857600
1861200	1879200
1933200	1944000
1947600	1965600
2019600	2030400
2034000	2052000
2106000	2116800
2120400	2138400
2192400	2203200
2206800	2224800
2278800	2289600
2293200	2311200
2365200	2376000
2379600	2397600
2451600	2462400
2466000	2484000
2538000	2548800
2552400	2570400
2624400	2635200
2638800	2656800
2710800	2721600
2725200	2743200
2797200	2808000
2811600	2829600
2883600	2894400
2898000	2916000
2970000	2980800
2984400	3002400
3056400	3067200
3070800	3088800
3142800	3153600
3157200	3175200
3229200	3240000
3243600	3261600
3315600	3326400
3330000	3348000
3402000	3412800
3416400	3434400
3488400	3499200
3502800	3520800
3574800	3585600
3589200	3607200
3661200	3672000
3675600	3693600
3747600	3758400
3762000	3780000
3834000	3844800
3848400	3866400
3920400	3931200
3934800	3952800
4006800	4017600
4021200	4039200
4093200	4104000
4107600	4125600
4179600	4190400
4194000	4212000
4266000	4276800
4280400	4298400
4352400	4363200
4366800	4384800
4438800	4449600
4453200	4471200
4525200	4536000
4539600	4557600
4611600	4622400
4626000	4644000
4698000	4708800
4712400	4730400
4784400	4795200
4798800	4816800
4870800	4881600
4885200	4903200
4957200	4968000
4971600	4989600
5043600	5054400
5058000	5076000
5130000	5140800
5144400	5162400
5216400	5227200
5230800	5248800
5302800	5313600
5317200	5335200
5389200	5400000
5403600	5421600
5475600	5486400
5490000	5508000
5562000	5572800
5576400	5594400
5648400	5659200
5662800	5680800
5734800	5745600
5749200	5767200
5821200	5832000
5835600	5853600
5907600	5918400
5922000	5940000
5994000	6004800
6008400	6026400
1000000000	2000000000
33333333333366333333
33333333333333332233
33333333333333333333
00333333330033883333
33333355333333333333
33333333333333333333
33333333333333333388
33333344333333333333
55333333333333773333
33333333333333333377
33333333333333333333
22222222222222222222
66666666116666666666
66665566666666666666
22222222222222222222
22222222222222222222
33222222222233662222
22222222228822222222
44444444444444444444
141
32400	43200
46800	64800
118800	129600
133200	151200
205200	216000
219600	237600
291600	302400
306000	324000
378000	388800
392400	410400
464400	475200
478800	496800
550800	561600
565200	583200
637200	648000
651600	669600
723600	734400
738000	756000
810000	820800
824400	842400
896400	907200
910800	928800
982800	993600
997200	1015200
1069200	1080000
1083600	1101600
1155600	1166400
1170000	1188000
1242000	1252800
1256400	1274400
1328400	1339200
1342800	1360800
1414800	1425600
1429200	1447200
1501200	1512000
1515600	1533600
1587600	1598400
1602000	1620000
1674000	1684800
1688400	1706400
1760400	1771200
1774800	1792800
1846800	1857600
1861200	1879200
1933200	1944000
1947600	1965600
2019600	2030400
2034000	2052000
2106000	2116800
2120400	2138400
2192400	2203200
2206800	2224800
2278800	2289600
2293200	2311200
2365200	2376000
2379600	2397600
2451600	2462400
2466000	2484000
2538000	2548800
2552400	2570400
2624400	2635200
2638800	2656800
2710800	2721600
2725200	2743200
2797200	2808000
2811600	2829600
2883600	2894400
2898000	2916000
2970000	2980800
2984400	3002400
3056400	3067200
3070800	3088800
3142800	3153600
3157200	3175200
3229200	3240000
3243600	3261600
3315600	3326400
3330000	3348000
3402000	3412800
3416400	3434400
3488400	3499200
3502800	3520800
3574800	3585600
3589200	3607200
3661200	3672000
3675600	3693600
3747600	3758400
3762000	3780000
3834000	3844800
3848400	3866400
3920400	3931200
3934800	3952800
4006800	4017600
4021200	4039200
4093200	4104000
4107600	4125600
4179600	4190400
4194000	4212000
4266000	4276800
4280400	4298400
4352400	4363200
4366800	4384800
4438800	4449600
4453200	4471200
4525200	4536000
4539600	4557600
4611600	4622400
4626000	4644000
4698000	4708800
4712400	4730400
4784400	4795200
4798800	4816800
4870800	4881600
4885200	4903200
4957200	4968000
4971600	4989600
5043600	5054400
5058000	5076000
5130000	5140800
5144400	5162400
5216400	5227200
5230800	5248800
5302800	5313600
5317200	5335200
5389200	5400000
5403600	5421600
5475600	5486400
5490000	5544000
5562000	5572800
5576400	5630400
5648400	5659200
5662800	5716800
5734800	5745600
5749200	5803200
5821200	5832000
5835600	5889600
5907600	5918400
5922000	5976000
5994000	6004800
6008400	6062400
1000000000	2000000000
33333333333366333333
33333333333333332233
33333333333333333333
00333333330033883333
33333355333333333333
33333333333333333333
33333333333333333388
33333344333333333333
55333333333333773333
33333333333333333377
33333333333333333333
22222222222222222222
66666666116666666666
66665566666666666666
22222222222222222222
22222222222222222222
33222222222233662222
22222222228822222222
44444444444444444444
141
32400	43200
46800	64800
118800	129600
133200	151200
205200	216000
219600	237600
291600	302400
306000	324000
378000	388800
392400	410400
464400	475200
478800	496800
550800	561600
565200	583200
637200	648000
651600	669600
723600	734400
738000	756000
810000	820800
824400	842400
896400	907200
910800	928800
982800	993600
997200	1015200
1069200	1080000
1083600	1101600
1155600	1166400
1170000	1188000
1242000	1252800
1256400	1274400
1328400	1339200
1342800	1360800
1414800	1425600
1429200	1447200
1501200	1512000
1515600	1533600
1587600	1598400
1602000	1620000
1674000	1684800
1688400	1706400
1760400	1771200
1774800	1792800
1846800	1857600
1861200	1886400
1933200	1944000
1947600	1972800
2019600	2030400
2034000	2059200
2106000	2116800
2120400	2145600
2192400	2203200
2206800	2232000
2278800	2289600
2293200	2318400
2365200	2376000
2379600	2404800
2451600	2462400
2466000	2484000
2538000	2548800
2552400	2570400
2624400	2635200
2638800	2656800
2710800	2721600
2725200	2743200
2797200	2808000
2811600	2829600
2883600	2894400
2898000	2916000
2970000	2980800
2984400	3002400
3056400	3067200
3070800	3088800
3142800	3153600
3157200	3175200
3229200	3240000
3243600	3261600
3315600	3326400
3330000	3348000
3402000	3412800
3416400	3434400
3488400	3499200
3502800	3520800
3574800	3585600
3589200	3607200
3661200	3672000
3675600	3693600
3747600	3758400
3762000	3780000
3834000	3844800
3848400	3866400
3920400	3931200
3934800	3952800
4006800	4017600
4021200	4039200
4093200	4104000
4107600	4125600
4179600	4190400
4194000	4212000
4266000	4276800
4280400	4298400
4352400	4363200
4366800	4384800
4438800	4449600
4453200	4471200
4525200	4536000
4539600	4557600
4611600	4622400
4626000	4644000
4698000	4708800
4712400	4730400
4784400	4795200
4798800	4816800
4870800	4881600
4885200	4903200
4957200	4968000
4971600	4989600
5043600	5054400
5058000	5076000
5130000	5140800
5144400	5162400
5216400	5227200
5230800	5248800
5302800	5313600
5317200	5335200
5389200	5400000
5403600	5421600
5475600	5486400
5490000	5508000
5562000	5572800
5576400	5594400
5648400	5659200
5662800	5680800
5734800	5745600
5749200	5767200
5821200	5832000
5835600	5853600
5907600	5918400
5922000	5940000
5994000	6004800
6008400	6026400
1000000000	2000000000
33333333333366333333
33333333333333332233
33333333333333333333
00333333330033883333
33333355333333333333
33333333333333333333
33333333333333333388
33333344333333333333
55333333333333773333
33333333333333333377
33333333333333333333
22222222222222222222
66666666116666666666
66665566666666666666
22222222222222222222
22222222222222222222
33222222222233662222
22222222228822222222
44444444444444444444
141
32400	43200
46800	79200
118800	129600
133200	165600
205200	216000
219600	252000
291600	302400
306000	338400
378000	388800
392400	424800
464400	475200
478800	511200
550800	561600
565200	597600
637200	648000
651600	669600
723600	734400
738000	756000
810000	820800
824400	842400
896400	907200
910800	928800
982800	993600
997200	1015200
1069200	1080000
1083600	1101600
1155600	1166400
1170000	1188000
1242000	1252800
1256400	1274400
1328400	1339200
1342800	1360800
1414800	1425600
1429200	1447200
1501200	1512000
1515600	1533600
1587600	1598400
1602000	1620000
1674000	1684800
1688400	1706400
1760400	1771200
1774800	1792800
1846800	1857600
1861200	1879200
1933200	1944000
1947600	1965600
2019600	2030400
2034000	2052000
2106000	2116800
2120400	2138400
2192400	2203200
2206800	2224800
2278800	2289600
2293200	2311200
2365200	2376000
2379600	2397600
2451600	2462400
2466000	2484000
2538000	2548800
2552400	2570400
2624400	2635200
2638800	2656800
2710800	2721600
2725200	2743200
2797200	2808000
2811600	2829600
2883600	2894400
2898000	2916000
2970000	2980800
2984400	3002400
3056400	3067200
3070800	3088800
3142800	3153600
3157200	3175200
3229200	3240000
3243600	3261600
3315600	3326400
3330000	3348000
3402000	3412800
3416400	3434400
3488400	3499200
3502800	3520800
3574800	3585600
3589200	3607200
3661200	3672000
3675600	3693600
3747600	3758400
3762000	3780000
3834000	3844800
3848400	3866400
3920400	3931200
3934800	3952800
4006800	4017600
4021200	4039200
4093200	4104000
4107600	4125600
4179600	4190400
4194000	4212000
4266000	4276800
4280400	4327200
4352400	4363200
4366800	4413600
4438800	4449600
4453200	4500000
4525200	4536000
4539600	4586400
4611600	4622400
4626000	4672800
4698000	4708800
4712400	4759200
4784400	4795200
4798800	4845600
4870800	4881600
4885200	4903200
4957200	4968000
4971600	4989600
5043600	5054400
5058000	5076000
5130000	5140800
5144400	5162400
5216400	5227200
5230800	5248800
5302800	5313600
5317200	5335200
5389200	5400000
5403600	5421600
5475600	5486400
5490000	5508000
5562000	5572800
5576400	5594400
5648400	5659200
5662800	5680800
5734800	5745600
5749200	5767200
5821200	5832000
5835600	5853600
5907600	5918400
5922000	5940000
5994000	6004800
6008400	6026400
1000000000	2000000000
33333333333366333333
33333333333333332233
33333333333333333333
00333333330033883333
33333355333333333333
33333333333333333333
33333333333333333388
33333344333333333333
55333333333333773333
33333333333333333377
33333333333333333333
22222222222222222222
66666666116666666666
66665566666666666666
22222222222222222222
22222222222222222222
33222222222233662222
22222222228822222222
44444444444444444444
141
32400	43200
46800	64800
118800	129600
133200	151200
205200	216000
219600	237600
291600	302400
306000	324000
378000	388800
392400	410400
464400	475200
478800	496800
550800	561600
565200	583200
637200	648000
651600	669600
723600	734400
738000	756000
810000	820800
824400	842400
896400	907200
910800	928800
982800	993600
997200	1015200
1069200	1080000
1083600	1101600
1155600	1166400
1170000	1188000
1242000	1252800
1256400	1274400
1328400	1339200
1342800	1360800
1414800	1425600
1429200	1447200
1501200	1512000
1515600	1533600
1587600	1598400
1602000	1620000
1674000	1684800
1688400	1706400
1760400	1771200
1774800	1792800
1846800	1857600
1861200	1879200
1933200	1944000
1947600	1965600
2019600	2030400
2034000	2052000
2106000	2116800
2120400	2138400
2192400	2203200
2206800	2224800
2278800	2289600
2293200	2311200
2365200	2376000
2379600	2397600
2451600	2462400
2466000	2484000
2538000	2548800
2552400	2570400
2624400	2635200
2638800	2656800
2710800	2721600
2725200	2743200
2797200	2808000
2811600	2829600
2883600	2894400
2898000	2916000
2970000	2980800
2984400	3002400
3056400	3067200
3070800	3088800
3142800	3153600
3157200	3175200
3229200	3240000
3243600	3261600
3315600	3326400
3330000	3348000
3402000	3412800
3416400	3434400
3488400	3499200
3502800	3520800
3574800	3585600
3589200	3607200
3661200	3672000
3675600	3693600
3747600	3758400
3762000	3780000
3834000	3844800
3848400	3866400
3920400	3931200
3934800	3952800
4006800	4017600
4021200	4039200
4093200	4104000
4107600	4125600
4179600	4190400
4194000	4212000
4266000	4276800
4280400	4298400
4352400	4363200
4366800	4384800
4438800	4449600
4453200	4471200
4525200	4536000
4539600	4557600
4611600	4622400
4626000	4644000
4698000	4708800
4712400	4730400
4784400	4795200
4798800	4816800
4870800	4881600
4885200	4903200
4957200	4968000
4971600	4989600
5043600	5054400
5058000	5076000
5130000	5140800
5144400	5162400
5216400	5227200
5230800	5248800
5302800	5313600
5317200	5335200
5389200	5400000
5403600	5421600
5475600	5486400
5490000	5536800
5562000	5572800
5576400	5623200
5648400	5659200
5662800	5709600
5734800	5745600
5749200	5796000
5821200	5832000
5835600	5882400
5907600	5918400
5922000	5968800
5994000	6004800
6008400	6055200
1000000000	2000000000
33333333333366333333
33333333333333332233
33333333333333333333
00333333330033883333
33333355333333333333
33333333333333333333
33333333333333333388
33333344333333333333
55333333333333773333
33333333333333333377
33333333333333333333
22222222222222222222
66666666116666666666
66665566666666666666
22222222222222222222
22222222222222222222
33222222222233662222
22222222228822222222
44444444444444444444
141
32400	43200
46800	64800
118800	129600
133200	151200
205200	216000
219600	237600
291600	302400
306000	324000
378000	388800
392400	410400
464400	475200
478800	496800
550800	561600
565200	583200
637200	648000
651600	669600
723600	734400
738000	756000
810000	820800
824400	842400
896400	907200
910800	928800
982800	993600
997200	1015200
1069200	1080000
1083600	1101600
1155600	1166400
1170000	1188000
1242000	1252800
1256400	1274400
1328400	1339200
1342800	1360800
1414800	1425600
1429200	1447200
1501200	1512000
1515600	1533600
1587600	1598400
1602000	1620000
1674000	1684800
1688400	1706400
1760400	1771200
1774800	1792800
1846800	1857600
1861200	1879200
1933200	1944000
1947600	1965600
2019600	2030400
2034000	2052000
2106000	2116800
2120400	2138400
2192400	2203200
2206800	2224800
2278800	2289600
2293200	2311200
2365200	2376000
2379600	2397600
2451600	2462400
2466000	2484000
2538000	2548800
2552400	2570400
2624400	2635200
2638800	2656800
2710800	2721600
2725200	2743200
2797200	2808000
2811600	2829600
2883600	2894400
2898000	2916000
2970000	2980800
2984400	3002400
3056400	3067200
3070800	3088800
3142800	3153600
3157200	3175200
3229200	3240000
3243600	3261600
3315600	3326400
3330000	3348000
3402000	3412800
3416400	3434400
3488400	3499200
3502800	3520800
3574800	3585600
3589200	3607200
3661200	3672000
3675600	3693600
3747600	3758400
3762000	3780000
3834000	3844800
3848400	3866400
3920400	3931200
3934800	3952800
4006800	4017600
4021200	4039200
4093200	4104000
4107600	4125600
4179600	4190400
4194000	4212000
4266000	4276800
4280400	4298400
4352400	4363200
4366800	4384800
4438800	4449600
4453200	4471200
4525200	4536000
4539600	4557600
4611600	4622400
4626000	4644000
4698000	4708800
4712400	4730400
4784400	4795200
4798800	4816800
4870800	4881600
4885200	4903200
4957200	4968000
4971600	4989600
5043600	5054400
5058000	5076000
5130000	5140800
5144400	5162400
5216400	5227200
5230800	5248800
5302800	5313600
5317200	5335200
5389200	5400000
5403600	5421600
5475600	5486400
5490000	5508000
5562000	5572800
5576400	5594400
5648400	5659200
5662800	5680800
5734800	5745600
5749200	5767200
5821200	5832000
5835600	5853600
5907600	5918400
5922000	5940000
5994000	6004800
6008400	6026400
1000000000	2000000000
33333333333366333333
33333333333333332233
33333333333333333333
00333333330033883333
33333355333333333333
33333333333333333333
33333333333333333388
33333344333333333333
55333333333333773333
33333333333333333377
33333333333333333333
22222222222222222222
66666666116666666666
66665566666666666666
22222222222222222222
22222222222222222222
33222222222233662222
22222222228822222222
44444444444444444444
71
46800	64800
133200	151200
219600	237600
306000	324000
392400	410400
478800	496800
565200	583200
651600	669600
738000	756000
824400	842400
910800	928800
997200	1015200
1083600	1101600
1170000	1188000
1256400	1274400
1342800	1360800
1429200	1447200
1515600	1533600
1602000	1620000
1688400	1706400
1774800	1792800
1861200	1879200
1947600	1965600
2034000	2052000
2120400	2138400
2206800	2224800
2293200	2311200
2379600	2397600
2466000	2484000
2552400	2570400
2638800	2656800
2725200	2743200
2811600	2829600
2898000	2916000
2984400	3002400
3070800	3088800
3157200	3175200
3243600	3261600
3330000	3348000
3416400	3434400
3502800	3520800
3589200	3607200
3675600	3693600
3762000	3780000
3848400	3866400
3934800	3952800
4021200	4039200
4107600	4125600
4194000	4212000
4280400	4298400
4366800	4384800
4453200	4471200
4539600	4557600
4626000	4644000
4712400	4730400
4798800	4816800
4885200	4903200
4971600	4989600
5058000	5076000
5144400	5162400
5230800	5248800
5317200	5335200
5403600	5421600
5490000	5508000
5576400	5594400
5662800	5680800
5749200	5767200
5835600	5853600
5922000	5940000
6008400	6026400
1000000000	2000000000
33333333333366333333
33333333333333332233
33333333333333333333
00333333330033883333
33333355333333333333
33333333333333333333
33333333333333333388
33333344333333333333
55333333333333773333
33333333333333333377
33333333333333333333
22222222222222222222
66666666116666666666
66665566666666666666
22222222222222222222
22222222222222222222
33222222222233662222
22222222228822222222
44444444444444444444
134
32400	43200
46800	86400
118800	129600
133200	172800
205200	216000
219600	259200
291600	302400
306000	345600
378000	388800
392400	432000
464400	475200
478800	518400
550800	561600
565200	604800
637200	648000
651600	691200
723600	734400
738000	777600
810000	820800
824400	864000
896400	907200
910800	950400
982800	993600
997200	1036800
1069200	1080000
1083600	1123200
1155600	1166400
1170000	1209600
1242000	1252800
1256400	1296000
1328400	1339200
1342800	1382400
1414800	1425600
1429200	1468800
1501200	1512000
1515600	1555200
1587600	1598400
1602000	1641600
1674000	1684800
1688400	1728000
1760400	1771200
1774800	1814400
1846800	1857600
1861200	1900800
1933200	1944000
1947600	1987200
2019600	2030400
2034000	2073600
2106000	2116800
2120400	2160000
2192400	2203200
2206800	2246400
2278800	2289600
2293200	2332800
2365200	2376000
2379600	2419200
2451600	2462400
2538000	2548800
2624400	2635200
2710800	2721600
2797200	2808000
2883600	2894400
2970000	2980800
3056400	3067200
3070800	3110400
3142800	3153600
3157200	3196800
3229200	3240000
3243600	3283200
3315600	3326400
3330000	3369600
3402000	3412800
3416400	3456000
3488400	3499200
3502800	3542400
3574800	3585600
3589200	3628800
3661200	3672000
3675600	3715200
3747600	3758400
3762000	3801600
3834000	3844800
3848400	3888000
3920400	3931200
3934800	3974400
4006800	4017600
4021200	4060800
4093200	4104000
4107600	4147200
4179600	4190400
4194000	4233600
4266000	4276800
4280400	4320000
4352400	4363200
4366800	4406400
4438800	4449600
4453200	4492800
4525200	4536000
4539600	4579200
4611600	4622400
4626000	4665600
4698000	4708800
4712400	4752000
4784400	4795200
4798800	4838400
4870800	4881600
4885200	4924800
4957200	4968000
4971600	5011200
5043600	5054400
5058000	5097600
5130000	5140800
5144400	5184000
5216400	5227200
5230800	5270400
5302800	5313600
5317200	5356800
5389200	5400000
5403600	5443200
5475600	5486400
5490000	5529600
5562000	5572800
5576400	5616000
5648400	5659200
5662800	5702400
5734800	5745600
5749200	5788800
5821200	5832000
5835600	5875200
5907600	5918400
5922000	5961600
5994000	6004800
6008400	6048000
1000000000	2000000000
33333333333366333333
33333333333333332233
33333333333333333333
00333333330033883333
33333355333333333333
33333333333333333333
33333333333333333388
33333344333333333333
55333333333333773333
33333333333333333377
33333333333333333333
22222222222222222222
66666666116666666666
66665566666666666666
22222222222222222222
22222222222222222222
33222222222233662222
22222222228822222222
44444444444444444444
141
32400	43200
46800	86400
118800	129600
133200	172800
205200	216000
219600	259200
291600	302400
306000	345600
378000	388800
392400	432000
464400	475200
478800	518400
550800	561600
565200	604800
637200	648000
651600	691200
723600	734400
738000	777600
810000	820800
824400	864000
896400	907200
910800	950400
982800	993600
997200	1036800
1069200	1080000
1083600	1123200
1155600	1166400
1170000	1209600
1242000	1252800
1256400	1288800
1328400	1339200
1342800	1375200
1414800	1425600
1429200	1461600
1501200	1512000
1515600	1548000
1587600	1598400
1602000	1634400
1674000	1684800
1688400	1720800
1760400	1771200
1774800	1807200
1846800	1857600
1861200	1900800
1933200	1944000
1947600	1987200
2019600	2030400
2034000	2073600
2106000	2116800
2120400	2160000
2192400	2203200
2206800	2246400
2278800	2289600
2293200	2332800
2365200	2376000
2379600	2419200
2451600	2462400
2466000	2505600
2538000	2548800
2552400	2592000
2624400	2635200
2638800	2678400
2710800	2721600
2725200	2764800
2797200	2808000
2811600	2851200
2883600	2894400
2898000	2937600
2970000	2980800
2984400	3024000
3056400	3067200
3070800	3110400
3142800	3153600
3157200	3196800
3229200	3240000
3243600	3283200
3315600	3326400
3330000	3369600
3402000	3412800
3416400	3456000
3488400	3499200
3502800	3542400
3574800	3585600
3589200	3628800
3661200	3672000
3675600	3715200
3747600	3758400
3762000	3801600
3834000	3844800
3848400	3888000
3920400	3931200
3934800	3974400
4006800	4017600
4021200	4060800
4093200	4104000
4107600	4147200
4179600	4190400
4194000	4233600
4266000	4276800
4280400	4320000
4352400	4363200
4366800	4406400
4438800	4449600
4453200	4492800
4525200	4536000
4539600	4579200
4611600	4622400
4626000	4665600
4698000	4708800
4712400	4752000
4784400	4795200
4798800	4838400
4870800	4881600
4885200	4924800
4957200	4968000
4971600	5011200
5043600	5054400
5058000	5097600
5130000	5140800
5144400	5184000
5216400	5227200
5230800	5270400
5302800	5313600
5317200	5356800
5389200	5400000
5403600	5443200
5475600	5486400
5490000	5529600
5562000	5572800
5576400	5616000
5648400	5659200
5662800	5702400
5734800	5745600
5749200	5788800
5821200	5832000
5835600	5875200
5907600	5918400
5922000	5961600
5994000	6004800
6008400	6048000
1000000000	2000000000
33333333333366333333
33333333333333332233
33333333333333333333
00333333330033883333
33333355333333333333
33333333333333333333
33333333333333333388
33333344333333333333
55333333333333773333
33333333333333333377
33333333333333333333
22222222222222222222
66666666116666666666
66665566666666666666
22222222222222222222
22222222222222222222
33222222222233662222
22222222228822222222
44444444444444444444
71
46800	64800
133200	151200
219600	237600
306000	324000
392400	410400
478800	496800
565200	583200
651600	669600
738000	756000
824400	842400
910800	928800
997200	1015200
1083600	1101600
1170000	1188000
1256400	1274400
1342800	1360800
1429200	1447200
1515600	1533600
1602000	1620000
1688400	1706400
1774800	1792800
1861200	1879200
1947600	1965600
2034000	2052000
2120400	2138400
2206800	2224800
2293200	2311200
2379600	2397600
2466000	2484000
2552400	2570400
2638800	2656800
2725200	2743200
2811600	2829600
2898000	2916000
2984400	3002400
3070800	3088800
3157200	3175200
3243600	3261600
3330000	3348000
3416400	3434400
3502800	3520800
3589200	3607200
3675600	3693600
3762000	3780000
3848400	3866400
3934800	3952800
4021200	4039200
4107600	4125600
4194000	4212000
4280400	4298400
4366800	4384800
4453200	4471200
4539600	4557600
4626000	4644000
4712400	4730400
4798800	4816800
4885200	4903200
4971600	4989600
5058000	5076000
5144400	5162400
5230800	5248800
5317200	5335200
5403600	5421600
5490000	5508000
5576400	5594400
5662800	5680800
5749200	5767200
5835600	5853600
5922000	5940000
6008400	6026400
1000000000	2000000000
33333333333366333333
33333333333333332233
33333333333333333333
00333333330033883333
33333355333333333333
33333333333333333333
33333333333333333388
33333344333333333333
55333333333333773333
33333333333333333377
33333333333333333333
22222222222222222222
66666666116666666666
66665566666666666666
22222222222222222222
22222222222222222222
33222222222233662222
22222222228822222222
44444444444444444444
71
46800	64800
133200	151200
219600	237600
306000	324000
392400	410400
478800	496800
565200	583200
651600	669600
738000	756000
824400	842400
910800	928800
997200	1015200
1083600	1101600
1170000	1188000
1256400	1274400
1342800	1360800
1429200	1447200
1515600	1533600
1602000	1620000
1688400	1706400
1774800	1792800
1861200	1879200
1947600	1965600
2034000	2052000
2120400	2138400
2206800	2224800
2293200	2311200
2379600	2397600
2466000	2484000
2552400	2570400
2638800	2656800
2725200	2743200
2811600	2829600
2898000	2916000
2984400	3002400
3070800	3088800
3157200	3175200
3243600	3261600
3330000	3348000
3416400	3434400
3502800	3520800
3589200	3607200
3675600	3693600
3762000	3780000
3848400	3866400
3934800	3952800
4021200	4039200
4107600	4125600
4194000	4212000
4280400	4298400
4366800	4384800
4453200	4471200
4539600	4557600
4626000	4644000
4712400	4730400
4798800	4816800
4885200	4903200
4971600	4989600
5058000	5076000
5144400	5162400
5230800	5248800
5317200	5335200
5403600	5421600
5490000	5508000
5576400	5594400
5662800	5680800
5749200	5767200
5835600	5853600
5922000	5940000
6008400	6026400
1000000000	2000000000
33333333333366333333
33333333333333332233
33333333333333333333
00333333330033883333
33333355333333333333
33333333333333333333
33333333333333333388
33333344333333333333
55333333333333773333
33333333333333333377
33333333333333333333
22222222222222222222
66666666116666666666
66665566666666666666
22222222222222222222
22222222222222222222
33222222222233662222
22222222228822222222
44444444444444444444
92
32400	43200
46800	64800
118800	129600
133200	151200
205200	216000
219600	237600
291600	302400
306000	324000
378000	388800
392400	410400
464400	475200
478800	496800
550800	561600
565200	583200
651600	669600
738000	756000
824400	842400
910800	928800
997200	1015200
1083600	1101600
1170000	1188000
1256400	1274400
1342800	1360800
1429200	1447200
1515600	1533600
1602000	1620000
1688400	1706400
1774800	1792800
1861200	1879200
1947600	1965600
2034000	2052000
2120400	2138400
2206800	2224800
2293200	2311200
2379600	2397600
2466000	2484000
2552400	2570400
2638800	2656800
2725200	2743200
2811600	2829600
2898000	2916000
2984400	3002400
3070800	3088800
3157200	3175200
3243600	3261600
3330000	3348000
3416400	3434400
3502800	3520800
3589200	3607200
3661200	3672000
3675600	3693600
3747600	3758400
3762000	3780000
3834000	3844800
3848400	3866400
3920400	3931200
3934800	3952800
4006800	4017600
4021200	4039200
4093200	4104000
4107600	4125600
4179600	4190400
4194000	4212000
4266000	4276800
4280400	4320000
4352400	4363200
4366800	4406400
4438800	4449600
4453200	4492800
4525200	4536000
4539600	4579200
4611600	4622400
4626000	4665600
4698000	4708800
4712400	4752000
4784400	4795200
4798800	4838400
4885200	4903200
4971600	4989600
5058000	5076000
5144400	5162400
5230800	5248800
5317200	5335200
5403600	5421600
5490000	5508000
5576400	5594400
5662800	5680800
5749200	5767200
5835600	5853600
5922000	5940000
6008400	6026400
1000000000	2000000000
33333333333366333333
33333333333333332233
33333333333333333333
00333333330033883333
33333355333333333333
33333333333333333333
33333333333333333388
33333344333333333333
55333333333333773333
33333333333333333377
33333333333333333333
22222222222222222222
66666666116666666666
66665566666666666666
22222222222222222222
22222222222222222222
33222222222233662222
22222222228822222222
44444444444444444444
78
46800	64800
133200	151200
219600	237600
306000	324000
392400	410400
478800	496800
565200	583200
651600	669600
738000	756000
824400	842400
910800	928800
997200	1015200
1083600	1101600
1170000	1188000
1256400	1274400
1342800	1360800
1429200	1447200
1515600	1533600
1602000	1620000
1688400	1706400
1774800	1792800
1861200	1879200
1947600	1965600
2034000	2052000
2120400	2138400
2206800	2224800
2293200	2311200
2379600	2397600
2466000	2484000
2552400	2570400
2638800	2656800
2725200	2743200
2811600	2829600
2898000	2916000
2984400	3002400
3056400	3067200
3070800	3124800
3142800	3153600
3157200	3211200
3229200	3240000
3243600	3297600
3315600	3326400
3330000	3384000
3402000	3412800
3416400	3470400
3488400	3499200
3502800	3556800
3574800	3585600
3589200	3643200
3675600	3693600
3762000	3780000
3848400	3866400
3934800	3952800
4021200	4039200
4107600	4125600
4194000	4212000
4280400	4298400
4366800	4384800
4453200	4471200
4539600	4557600
4626000	4644000
4712400	4730400
4798800	4816800
4885200	4903200
4971600	4989600
5058000	5076000
5144400	5162400
5230800	5248800
5317200	5335200
5403600	5421600
5490000	5508000
5576400	5594400
5662800	5680800
5749200	5767200
5835600	5853600
5922000	5940000
6008400	6026400
1000000000	2000000000
33333333333366333333
33333333333333332233
33333333333333333333
00333333330033883333
33333355333333333333
33333333333333333333
33333333333333333388
33333344333333333333
55333333333333773333
33333333333333333377
33333333333333333333
22222222222222222222
66666666116666666666
66665566666666666666
22222222222222222222
22222222222222222222
33222222222233662222
22222222228822222222
44444444444444444444
141
32400	43200
46800	72000
118800	129600
133200	158400
205200	216000
219600	244800
291600	302400
306000	331200
378000	388800
392400	417600
464400	475200
478800	504000
550800	561600
565200	590400
637200	648000
651600	676800
723600	734400
738000	763200
810000	820800
824400	849600
896400	907200
910800	936000
982800	993600
997200	1022400
1069200	1080000
1083600	1108800
1155600	1166400
1170000	1195200
1242000	1252800
1256400	1281600
1328400	1339200
1342800	1368000
1414800	1425600
1429200	1454400
1501200	1512000
1515600	1540800
1587600	1598400
1602000	1627200
1674000	1684800
1688400	1713600
1760400	1771200
1774800	1800000
1846800	1857600
1861200	1886400
1933200	1944000
1947600	1972800
2019600	2030400
2034000	2059200
2106000	2116800
2120400	2145600
2192400	2203200
2206800	2232000
2278800	2289600
2293200	2318400
2365200	2376000
2379600	2404800
2451600	2462400
2466000	2491200
2538000	2548800
2552400	2577600
2624400	2635200
2638800	2664000
2710800	2721600
2725200	2750400
2797200	2808000
2811600	2836800
2883600	2894400
2898000	2923200
2970000	2980800
2984400	3009600
3056400	3067200
3070800	3096000
3142800	3153600
3157200	3182400
3229200	3240000
3243600	3268800
3315600	3326400
3330000	3355200
3402000	3412800
3416400	3441600
3488400	3499200
3502800	3528000
3574800	3585600
3589200	3614400
3661200	3672000
3675600	3700800
3747600	3758400
3762000	3787200
3834000	3844800
3848400	3873600
3920400	3931200
3934800	3960000
4006800	4017600
4021200	4046400
4093200	4104000
4107600	4132800
4179600	4190400
4194000	4219200
4266000	4276800
4280400	4305600
4352400	4363200
4366800	4392000
4438800	4449600
4453200	4478400
4525200	4536000
4539600	4564800
4611600	4622400
4626000	4651200
4698000	4708800
4712400	4737600
4784400	4795200
4798800	4824000
4870800	4881600
4885200	4910400
4957200	4968000
4971600	4996800
5043600	5054400
5058000	5083200
5130000	5140800
5144400	5169600
5216400	5227200
5230800	5256000
5302800	5313600
5317200	5342400
5389200	5400000
5403600	5428800
5475600	5486400
5490000	5515200
5562000	5572800
5576400	5601600
5648400	5659200
5662800	5688000
5734800	5745600
5749200	5774400
5821200	5832000
5835600	5860800
5907600	5918400
5922000	5947200
5994000	6004800
6008400	6033600
1000000000	2000000000
33333333333366333333
33333333333333332233
33333333333333333333
00333333330033883333
33333355333333333333
33333333333333333333
33333333333333333388
33333344333333333333
55333333333333773333
33333333333333333377
33333333333333333333
22222222222222222222
66666666116666666666
66665566666666666666
22222222222222222222
22222222222222222222
33222222222233662222
22222222228822222222
44444444444444444444
0.48
