10
4
100
104
0	4
2880	4320
0	5	7	13	
1	4
2880	4320
7	9	11	12	
2	6
2880	4320
1	2	5	8	9	11	
3	1
2880	4320
12	
4	4
2880	4320
1	4	10	13	
5	3
2880	4320
0	1	8	
6	8
2880	4320
0	3	4	5	8	9	10	13	
7	4
2880	4320
6	8	10	13	
8	8
2880	4320
0	1	3	4	5	6	10	13	
9	3
2880	4320
6	9	12	
10	5
2880	4320
1	5	6	7	11	
11	2
2880	4320
1	12	
12	9
2880	4320
1	2	4	5	6	8	9	10	13	
13	8
2880	4320
0	1	3	4	5	7	10	13	
14	4
2880	4320
0	2	4	10	
15	5
2880	4320
1	6	7	10	13	
16	6
2880	4320
4	6	8	9	11	13	
17	4
2880	4320
0	4	8	9	
18	1
2880	4320
1	
19	9
2880	4320
0	1	3	4	6	7	9	10	13	
20	6
2880	4320
1	4	7	9	11	12	
21	7
2880	4320
0	3	6	7	9	11	13	
22	2
2880	4320
4	13	
23	9
2880	4320
0	1	3	4	6	7	9	10	13	
24	9
2880	4320
0	1	2	4	5	6	7	9	10	
25	6
2880	4320
0	1	5	8	10	13	
26	8
2880	4320
0	1	3	4	5	6	11	13	
27	4
2880	4320
1	2	4	13	
28	9
2880	4320
1	3	4	5	6	7	9	10	12	
29	5
2880	4320
2	7	9	10	13	
30	7
2880	4320
0	4	5	6	8	11	12	
31	2
2880	4320
1	13	
32	3
2880	4320
6	10	12	
33	6
2880	4320
0	1	6	7	10	13	
34	4
2880	4320
6	9	10	13	
35	4
2880	4320
1	6	10	13	
36	8
2880	4320
0	1	2	4	5	7	10	13	
37	7
2880	4320
1	2	5	8	9	10	12	
38	2
2880	4320
1	11	
39	5
2880	4320
1	3	7	11	12	
40	5
2880	4320
2	4	5	10	12	
41	8
2880	4320
1	2	4	5	8	9	11	13	
42	2
2880	4320
4	8	
43	9
2880	4320
0	1	2	5	6	7	9	11	12	
44	6
2880	4320
0	1	4	7	9	10	
45	2
2880	4320
7	12	
46	2
2880	4320
4	12	
47	2
2880	4320
5	9	
48	4
2880	4320
4	6	8	10	
49	3
2880	4320
0	2	9	
50	6
2880	4320
2	5	7	9	10	12	
51	4
2880	4320
3	4	6	9	
52	2
2880	4320
0	10	
53	3
2880	4320
1	9	10	
54	8
2880	4320
0	1	2	4	5	7	11	13	
55	8
2880	4320
1	2	4	6	7	9	10	12	
56	1
2880	4320
4	
57	4
2880	4320
1	3	11	13	
58	9
2880	4320
0	1	3	4	6	7	9	11	13	
59	7
2880	4320
1	2	4	5	6	10	12	
60	6
2880	4320
0	3	4	5	11	13	
61	7
2880	4320
0	1	3	5	7	9	12	
62	7
2880	4320
0	1	6	8	9	11	12	
63	1
2880	4320
9	
64	2
2880	4320
0	4	
65	3
2880	4320
9	10	13	
66	9
2880	4320
0	1	4	5	6	8	9	11	12	
67	7
2880	4320
1	4	5	6	8	10	12	
68	7
2880	4320
0	1	4	8	9	10	12	
69	2
2880	4320
7	13	
70	7
2880	4320
2	4	5	6	8	10	12	
71	7
2880	4320
1	4	6	8	9	10	13	
72	4
2880	4320
0	1	5	10	
73	6
2880	4320
0	1	3	8	10	13	
74	6
2880	4320
0	4	5	7	10	13	
75	3
2880	4320
7	9	12	
76	8
2880	4320
0	1	5	6	8	9	11	12	
77	8
2880	4320
1	3	4	5	6	9	11	12	
78	3
2880	4320
0	8	11	
79	2
2880	4320
1	6	
80	4
2880	4320
0	4	5	12	
81	3
2880	4320
0	9	10	
82	1
2880	4320
11	
83	9
2880	4320
0	1	3	4	6	7	9	10	12	
84	6
2880	4320
1	5	7	9	11	13	
85	7
2880	4320
0	1	2	4	5	8	10	
86	2
2880	4320
0	1	
87	7
2880	4320
3	5	6	7	9	10	12	
88	8
2880	4320
1	3	4	5	6	8	11	12	
89	9
2880	4320
1	2	4	5	6	7	9	10	12	
90	9
2880	4320
0	1	3	4	5	6	8	10	13	
91	3
2880	4320
1	11	12	
92	9
2880	4320
0	1	3	4	5	6	7	11	13	
93	7
2880	4320
0	1	3	6	9	11	12	
94	1
2880	4320
4	
95	5
2880	4320
2	5	8	11	13	
96	4
2880	4320
2	7	11	13	
97	8
2880	4320
0	2	5	6	7	9	11	12	
98	8
2880	4320
0	1	3	5	7	9	11	13	
99	4
2880	4320
1	3	9	10	
100	4
2880	4320
0	4	6	10	
101	4
2880	4320
4	5	7	11	
102	4
2880	4320
1	7	11	13	
103	2
2880	4320
3	12	
14
0
0	1	1	889	1017
1.197	0.902305	0.920915
0.199794	0.086102	0.303531	0.605567	0.496592	0.575719	0.538024	0.665649	0.0515177	
1
1	1	1	990	1025
1.18758	0.15354	0.891772
0.364246	0.272948	0.265843	0.274368	0.907626	0.181497	0.238103	0.340449	0.320738	
2
2	1	4	810	833
1.18635	0.269093	0.542686
0.796494	0.223987	0.672785	0.465605	0.6443	0.674286	0.819656	0.999728	0.415023	
3
2	1	1	1240	1259
1.20155	0.0931952	0.559627
0.372992	0.448969	0.765295	0.315548	0.385495	0.396227	0.373631	0.183149	0.973959	
4
3	1	3	1608	1644
1.4726	0.750518	0.89626
0.552025	0.503758	0.506737	0.688688	0.427122	0.922985	0.314533	0.657061	0.168213	
5
4	1	3	944	951
1.19325	0.56126	0.938004
0.141866	0.780459	0.751591	0.350196	0.224459	0.0114929	0.680068	0.918535	0.912727	
6
5	1	2	1262	1320
1.27059	0.220028	0.785733
0.471214	0.792644	0.93112	0.998013	0.944905	0.757695	0.410089	0.0832356	0.0206242	
7
6	1	5	818	906
1.4021	0.360879	0.852018
0.195456	0.108913	0.560392	0.0536249	0.423183	0.541771	0.286286	0.144158	0.3747	
8
6	1	1	1026	1029
1.11333	0.5055	0.728746
0.135823	0.844072	0.61308	0.656808	0.809908	0.00199294	0.103954	0.199746	0.469777	
9
7	1	3	1108	1153
1.12932	0.0386797	0.505096
0.622929	0.869412	0.0212772	0.236271	0.915218	0.862739	0.149691	0.500299	0.988188	
10
8	1	1	1153	1167
1.42297	0.182902	0.847048
0.883903	0.0876606	0.270114	0.159312	0.880931	0.461192	0.802381	0.366904	0.0892161	
11
8	1	2	1091	1096
1.44376	0.275906	0.63096
0.814702	0.323172	0.647486	0.902594	0.443978	0.368186	0.755212	0.413374	0.701198	
12
9	1	1	1386	1403
1.48556	0.0819312	0.706076
0.197318	0.685636	0.842945	0.206794	0.175143	0.014102	0.813033	0.444429	0.998895	
13
9	1	2	1248	1268
1.1357	0.424227	0.728966
0.252819	0.857853	0.943609	0.592938	0.469374	0.902981	0.824191	0.219816	0.57203	
1134
0	14	50769
3556	3139	3457	3969	
1	53	54105
3164	3085	3336	
2	42	54466
3355	4209	
3	66	59291
3969	3483	2901	4205	3126	4316	3827	4111	3433	
4	3	62611
3320	
5	84	63396
3641	3348	4149	3245	3917	4105	
6	66	66853
3852	3635	4195	4125	3000	4132	3986	3566	3645	
7	15	69075
3104	3745	3785	3124	3050	
8	14	73263
3035	3457	3998	4188	
9	1	120181
4052	3388	4147	3837	
10	36	76525
3647	3558	3563	3468	3440	2890	3262	3141	
11	37	124384
3385	4203	4221	3086	4136	3103	3424	
12	83	134353
4177	3903	4005	3198	3186	3606	3837	4283	2884	
13	16	138159
3086	3613	3590	3617	4253	3325	
14	37	141351
3290	3152	3788	3940	3693	3828	3302	
15	13	144388
3718	3991	3121	3029	3655	3361	3037	2994	
16	57	148608
3401	4191	3478	4220	
17	7	151762
3888	2890	3170	3154	
18	101	144874
3450	3232	3865	3237	
19	99	151464
3552	3338	3861	3906	
20	26	155286
2896	4214	3116	3367	3453	4120	3722	3524	
21	93	152660
4111	4164	3046	3380	4096	3711	4064	
22	51	223615
4168	2964	3637	3945	
23	98	227707
3582	4150	3863	3719	3960	3333	3595	4092	
24	1	232127
3176	4200	2920	3899	
25	55	235137
4211	3481	3365	3193	3754	3843	3980	3010	
26	22	230844
3576	3137	
27	49	238476
4218	3504	3485	
28	5	147076
3319	3963	3378	
29	77	242728
4070	3726	4170	4039	3448	3348	3041	3945	
30	62	292271
3617	2971	3756	4120	3581	3963	3000	
31	101	295222
3662	3373	3929	2952	
32	75	296378
4252	4138	4107	
33	16	300651
3681	3631	4163	3257	4308	3048	
34	94	244572
3484	
35	38	308445
3872	4194	
36	20	312676
4272	4221	3878	2888	3192	4231	
37	80	316720
3008	3996	3592	4044	
38	101	314656
4168	3904	4164	3019	
39	36	308035
3016	3070	3867	3194	4249	4269	4310	3784	
40	39	319635
3825	3927	4303	4258	2915	
41	46	323269
3541	3634	
42	62	326319
4000	3463	3449	3495	3227	3001	3050	
43	67	330130
3011	3066	3819	4188	4299	3820	3811	
44	76	334080
3433	3124	3758	3102	3717	3257	2943	3950	
45	80	337033
3457	3213	4194	2953	
46	93	341152
3901	4144	2998	2896	3344	3135	4119	
47	68	344704
3914	3086	3638	3145	3168	3973	3552	
48	60	331967
3551	3468	4058	3952	3611	3974	
49	94	312683
3155	
50	63	325579
3930	
51	51	329044
3140	4258	3626	3465	
52	54	335717
3214	4316	3978	3544	3370	3781	3006	3750	
53	86	220468
4070	3375	
54	40	380792
3259	3477	3413	3370	3688	
55	15	339318
3021	3532	4272	4239	3601	
56	51	379675
3032	3413	3674	3831	
57	17	383672
3954	4109	3299	3997	
58	16	387959
3989	4223	2928	4250	4287	2960	
59	101	394967
4313	3611	4274	3408	
60	44	394794
4174	3451	3408	3309	3092	3272	
61	84	399552
4086	3702	3676	4003	3381	4316	
62	45	396734
3841	3875	
63	51	402454
3628	2994	4144	3837	
64	58	406702
3063	3295	3517	3172	3832	3256	4248	3768	3161	
65	51	410795
3245	3586	3163	4093	
66	48	400808
3527	3664	3846	3376	
67	10	410674
3044	4223	3148	2917	3972	
68	46	401685
4015	3894	
69	20	414709
4074	4182	3152	3424	2998	3488	
70	9	464906
3144	3886	3826	
71	42	409985
4118	3788	
72	50	468647
3460	3957	3986	3742	3589	2950	
73	12	472558
3300	3189	3412	4124	3286	3740	3911	3819	3408	
74	74	480460
4087	2989	3193	3712	4240	4302	
75	80	472834
2881	2941	4008	4187	
76	9	480061
3179	3088	3627	
77	103	483167
3697	3106	
78	77	487130
2993	2900	3535	3275	4275	3976	3785	3963	
79	99	487042
3928	4286	3587	3820	
80	79	480247
2985	4262	
81	101	487495
3026	3920	4195	4273	
82	90	490860
3050	3039	3789	4235	3714	3973	3349	3536	3818	
83	23	494884
3573	3400	3912	3403	3927	3103	3761	3604	4024	
84	79	491840
3290	3693	
85	73	498759
3827	3982	3788	4146	3882	3875	
86	92	501979
2885	3396	3598	3323	3134	3243	3476	3641	3220	
87	74	505376
4310	4001	2935	3253	3221	3397	
88	58	509182
4232	3716	3809	3534	3515	3340	3891	3068	3806	
89	67	504474
3282	4172	3592	4115	3815	3132	3189	
90	102	512383
3787	3534	3617	3201	
91	75	554918
3244	4050	4118	
92	18	323512
3726	
93	31	516064
3040	3681	
94	23	559113
3869	4289	3280	3610	3050	3946	2996	3576	4263	
95	2	565675
3109	3483	3262	3924	3827	4229	
96	62	569501
3074	3652	3874	4071	3397	3826	3578	
97	61	573084
3972	3541	3822	4276	3964	3399	3583	
98	96	572956
3815	3146	3455	3052	
99	95	577146
3916	3074	3139	4190	3775	
100	58	581204
3699	3370	3090	3287	3943	3165	4094	4058	3528	
101	97	585475
3437	3169	3540	3760	3305	3657	4271	3963	
102	90	584097
2907	3544	4053	4151	4056	3198	4251	3823	2893	
103	96	589533
4249	3070	4058	3073	
104	20	593378
4201	3734	3974	3496	3845	3504	
105	33	593114
4104	3218	3094	3385	3907	3581	
106	87	639411
2885	3591	3174	4289	3542	4152	3068	
107	19	643826
2959	3497	3888	4238	3647	4054	4088	3506	4159	
108	75	646980
4304	3259	3807	
109	36	647253
4297	3539	3965	3025	3233	3636	3376	3427	
110	95	653953
4249	3364	3652	4199	3100	
111	28	656465
3666	3799	4154	3444	2894	3216	3792	4315	3888	
112	70	660476
3967	3435	3240	3377	4192	4011	3019	
113	97	664594
3156	4071	3784	3759	4297	3097	3358	4118	
114	85	666326
3967	4049	2914	3859	3334	3582	4258	
115	43	669038
3486	4145	3994	3326	3347	3150	3439	3423	2892	
116	78	673124
4218	2885	4086	
117	0	740918
3812	2979	4123	3683	
118	96	745053
4234	4067	4136	3459	
119	84	749095
4099	4199	3317	3738	4042	3797	
120	88	752657
4088	3444	3850	3184	3524	3608	3198	3562	
121	74	752842
4089	4020	3848	3879	3914	3747	
122	22	756188
4153	3346	
123	81	755315
4235	4070	3100	
124	69	760348
3004	4160	
125	82	756232
3939	
126	92	763241
3366	3712	3039	4314	3698	4280	3888	3638	2893	
127	85	827442
3710	2917	2884	4230	3782	3893	4034	
128	77	832075
3442	3766	3295	4007	4225	3554	4186	4135	
129	31	767256
3002	4015	
130	80	835544
3748	4044	3536	3469	
131	81	835641
4036	4198	3607	
132	23	839912
3401	4317	3495	3288	3324	3158	3259	4271	4105	
133	60	843553
3473	3900	2941	4245	2930	3641	
134	16	846796
3365	3011	3867	4076	4289	3243	
135	76	847388
3287	3447	3262	3638	2894	3448	3704	4093	
136	19	897375
3791	3465	3406	3602	4014	3382	4119	3404	3513	
137	20	901233
4024	3283	3732	3076	3286	3890	
138	83	904430
3626	3678	3755	3022	4138	3859	3276	3571	3197	
139	34	911952
3111	3649	3308	4315	
140	43	915064
3252	3358	2915	2895	3236	3368	2925	3026	3967	
141	49	917641
2967	3991	3619	
142	42	846662
3075	4018	
143	24	920956
4295	3157	3193	3557	3190	3141	3736	3315	2886	
144	25	924562
3437	4055	3120	4128	3606	3298	
145	81	928034
4260	3333	3472	
146	26	928786
3598	4185	4276	2907	4147	2941	3390	4224	
147	70	931740
4287	3282	4098	3728	3968	3556	3706	
148	64	840027
3107	3328	
149	59	999866
3911	3441	3653	3002	3447	3290	2946	
150	59	1003929
3875	3955	3633	2893	3277	3542	4063	
151	18	587465
3867	
152	88	1007370
3855	3032	3395	3351	4159	4140	3419	3441	
153	58	1011646
4277	3501	3138	3634	3767	3208	3787	3711	3122	
154	95	1015334
4016	4171	2948	3451	3688	
155	53	1015763
3630	4117	3212	
156	64	914954
3829	3012	
157	79	1014373
3632	3306	
158	100	1019679
3817	4033	3844	3916	
159	13	1023783
3588	2949	3227	4266	3535	4108	4104	3834	
160	54	1085672
3756	3252	3820	2989	3623	3810	3079	3159	
161	90	1089666
3159	2994	2962	3662	3022	3263	3046	3956	3933	
162	9	1092860
4104	3634	3078	
163	50	1097088
3194	3855	4093	4228	3808	3424	
164	20	1101383
3311	4150	3399	3253	3528	4295	
165	47	1103994
4265	3653	
166	102	1104477
3423	3304	3861	3452	
167	58	1108769
3448	3929	3284	4190	3412	3225	2980	4292	3755	
168	12	1156893
3899	4150	3495	4141	4124	3221	3117	2954	2924	
169	81	1160172
4015	3281	3028	
170	53	1163322
3369	3150	3007	
171	9	1170172
3677	3008	3250	
172	47	1173638
4053	3708	
173	93	1177666
3713	3390	3788	3391	3515	4028	3406	
174	80	1181606
3161	4043	3531	3940	
175	96	1180943
4176	4136	3277	3174	
176	20	1185260
3048	4174	4224	3562	2891	3654	
177	61	1189412
4255	3947	3234	2921	4011	3636	4152	
178	2	1188557
3160	3432	3684	3699	4206	3153	
179	89	1193663
4285	3464	3960	3527	3026	3941	3829	3677	4251	
180	34	1242140
4285	2907	3565	4315	
181	94	1069784
4268	
182	25	1245234
3247	3644	3279	3139	3119	3092	
183	11	1197587
3748	3924	
184	70	1249457
3354	3421	3824	3662	2883	3272	4223	
185	17	1251489
3716	3519	3494	3379	
186	74	1252749
3969	3012	3776	4257	4243	3564	
187	3	1256486
3429	
188	18	730941
4230	
189	78	1258956
3800	2985	3867	
190	64	1087301
3003	3965	
191	34	1260535
4148	3034	4185	3615	
192	78	1262965
3811	4106	4009	
193	2	1266547
2958	4038	3769	3341	4041	3582	
194	4	1263838
4271	3977	2960	3303	
195	40	1267095
4243	3080	3001	3052	3601	
196	20	1270410
3739	3560	3919	3638	3863	2893	
197	48	1270438
3433	3312	3925	3892	
198	45	1273921
4215	3511	
199	59	1277934
3099	3928	3961	3778	3446	3861	4013	
200	88	1281205
3001	4175	3673	3898	4171	4178	4080	3271	
201	28	1284130
3798	4088	2985	3593	3390	3289	3904	3226	2925	
202	14	1281042
3224	3480	3764	3517	
203	28	1287775
3724	4038	3887	3039	3198	3913	3325	3850	3645	
204	51	1280794
3916	3109	4116	3090	
205	96	1281671
3027	4246	4278	3314	
206	52	1288632
2985	3740	
207	10	1332148
3364	3656	4239	3232	3546	
208	18	765439
2944	
209	52	1331814
2969	3582	
210	87	1336102
4195	3048	3242	4043	4241	3133	3160	
211	52	1339154
3786	3079	
212	85	1346448
4134	3363	3486	3647	3468	4030	3694	
213	82	1335393
3245	
214	93	1344011
3680	3077	3422	3025	2901	2882	4309	
215	35	1350206
2965	3514	3758	3215	
216	41	1354099
4271	3144	3479	3760	3745	2929	3930	3893	
217	87	1353892
3089	3415	3222	3106	3264	3656	3686	
218	71	1357152
3007	3166	4282	3164	4101	3290	2986	
219	87	1361133
3097	3412	3370	3358	4125	3773	3981	
220	98	1362372
3837	3425	3891	3093	3322	3892	2899	3599	
221	62	1365828
2915	3486	3128	3692	3207	4152	4156	
222	28	1415996
3404	3438	3992	3443	2951	3361	4256	3549	3734	
223	31	1366028
4274	3656	
224	13	1419705
3667	4165	3545	4304	4018	3042	3480	3769	
225	10	1369513
4005	3015	3834	3700	2917	
226	30	1420064
2979	3946	3206	3570	3041	2989	4068	
227	46	1424076
3429	4012	
228	2	1419917
3946	3429	4265	3319	3373	3544	
229	40	1431479
4060	3055	3675	4214	3803	
230	61	1435686
2905	3438	4214	3132	4055	3233	4207	
231	2	1430617
3211	4148	4307	3713	3838	3803	
232	96	1433912
3359	3697	2966	3295	
233	4	1437509
4198	3002	3843	3597	
234	24	1434697
3271	4137	3994	3423	2896	3427	3988	4081	2992	
235	55	1439254
3111	3784	3441	4041	3602	3408	3772	3568	
236	95	1441153
4048	2995	4216	3102	3644	
237	93	1442871
3082	3060	3944	3179	3101	3891	3617	
238	60	1445368
4194	3053	3737	3853	3180	3372	
239	15	1449511
3676	3010	4031	3141	4143	
240	78	1448343
4214	4168	3167	
241	51	1446787
3368	4052	2968	2892	
242	14	1448362
2901	4026	3804	3522	
243	19	1453094
3000	3937	3171	3838	3438	3647	3937	4012	3583	
244	82	1452236
3893	
245	54	1456825
3862	3927	3603	3410	3782	3121	3181	3731	
246	103	1446900
3331	4029	
247	66	1505492
3025	3133	3052	3491	4216	4128	3741	4292	3656	
248	101	1508593
3010	4006	3272	3101	
249	87	1509328
3000	2902	4027	2906	3578	3207	3836	
250	103	1516960
3875	4032	
251	23	1515902
3142	3400	3312	3854	3279	4156	3342	3782	2880	
252	1	1520867
4015	3378	3085	3907	
253	97	1524615
3152	2911	3917	4008	2943	2933	3160	3748	
254	93	1527652
3884	3155	2972	3752	3011	3648	3037	
255	67	1531665
3961	3872	3654	3014	4188	3383	4013	
256	32	1535156
3688	3848	3491	
257	53	1531721
3413	4162	3778	
258	6	1535976
4131	3387	3938	3495	3916	3495	3356	4255	
259	99	1538960
3965	4284	3536	3883	
260	98	1539211
3352	3817	4244	3709	4191	3231	2902	2906	
261	99	1589588
3424	3230	3580	2935	
262	56	1432765
4184	
263	19	1593615
3263	3717	4115	2892	3486	3140	3196	4027	3107	
264	16	1597301
2966	3591	3989	4227	3474	3686	
265	50	1603727
3543	3362	3105	3115	2988	2949	
266	16	1608300
3879	3048	3265	3471	2962	4066	
267	42	1540470
3101	3121	
268	99	1610975
3899	2923	3594	3779	
269	51	1614947
2907	3167	3582	4157	
270	98	1618533
4089	4274	3290	2911	3514	2997	3294	3586	
271	95	1622057
2969	3476	4306	3816	3470	
272	99	1622093
3254	4060	3246	4149	
273	102	1626277
3891	3422	4220	3146	
274	23	1629357
3701	3624	3469	3308	3143	3761	3629	3774	3080	
275	89	1675522
3680	4087	4068	3004	3144	3784	3901	3838	3754	
276	103	1678583
4152	3061	
277	36	1678902
4001	3449	3968	3922	3789	4049	3008	3381	
278	70	1682811
4148	3027	3494	3884	3841	4282	3809	
279	73	1690429
3797	2931	3619	3626	3266	4018	
280	76	1690176
4001	3697	3133	4206	3501	3649	4005	3765	
281	1	1693840
3008	4201	3103	3664	
282	14	1693388
3447	3521	3100	3711	
283	89	1696996
3847	3796	3096	3617	3771	3227	3998	2901	3156	
284	19	1700480
4068	3012	3152	3950	3789	4276	4150	4019	4191	
285	47	1699194
2882	4076	
286	88	1700566
3287	3457	3085	3870	3852	3963	3983	3570	
287	58	1703805
3102	2947	4122	3791	4263	3863	4028	3842	3325	
288	62	1707408
2918	3921	3245	3472	3351	3994	4186	
289	7	1707563
3235	3695	3215	3758	
290	8	1711492
4078	3764	3776	2980	3777	3947	3040	3929	
291	20	1711066
3775	4092	4074	3248	3171	3658	
292	35	1715112
3126	3693	2954	3620	
293	72	1712906
3270	3030	3025	3389	
294	70	1716327
3391	3364	2922	3791	4131	2991	3421	
295	24	1718858
3266	3007	4265	3709	3761	3055	3030	3515	2961	
296	80	1720643
3434	3608	3411	4316	
297	3	1723998
3355	
298	62	1763620
4009	2961	3244	3295	2898	3541	3477	
299	1	1767646
3458	4230	3415	3797	
300	9	1774834
3287	3468	3588	
301	14	1761695
4270	4261	3451	3237	
302	61	1778267
3032	3017	3829	3258	3797	3530	3433	
303	59	1781540
3419	3104	3115	3242	3646	4258	3273	
304	28	1784580
3944	3926	4188	3289	3333	3685	3016	3551	3040	
305	15	1785080
3009	2918	3991	3649	3667	
306	23	1788611
3235	3882	4003	2883	3776	3615	3631	3549	3526	
307	53	1792356
3695	3053	3745	
308	13	1795790
4030	3784	3942	3005	3844	3079	3326	3434	
309	17	1791372
4057	3912	4058	3810	
310	54	1799427
3110	3812	3017	3757	3914	3405	4013	3637	
311	52	1799105
3580	3423	
312	101	1778498
3286	2945	3668	3621	
313	18	1119075
3630	
314	73	1802975
4006	3935	3974	4172	3320	3548	
315	98	1806952
3529	4057	4066	3072	3447	3337	3074	3977	
316	80	1787771
3226	3422	4281	3191	
317	26	1849788
4067	3455	2892	3611	4184	3228	3909	3236	
318	6	1852892
3590	4143	3896	3488	4186	3861	4178	3104	
319	64	1766081
3355	2885	
320	51	1848394
3033	3891	3878	3024	
321	32	1849311
3609	2910	3159	
322	75	1852686
3441	3023	3375	
323	34	1856007
2949	3639	4225	3115	
324	59	1863508
3764	3091	4151	3966	3762	4265	4008	
325	34	1867735
3207	3515	3348	4228	
326	38	1802207
3087	3589	
327	90	1871614
3212	3878	4107	4084	4265	2901	3716	2958	3879	
328	33	1875449
3319	3109	2902	3849	3092	3835	
329	81	1876424
3045	3936	3519	
330	75	1869204
3220	3097	2884	
331	75	1872591
3561	2966	3387	
332	73	1880728
4077	3779	3684	2957	3633	4304	
333	27	1884565
3115	3711	3388	3837	
334	26	1888513
4177	3567	4298	3792	3058	4100	4048	3948	
335	9	1875777
3284	3205	3186	
336	92	1891900
3798	3362	4003	3557	4005	3105	3953	4173	3387	
337	6	1896128
3490	3041	3260	3601	3524	3946	2952	4228	
338	83	1886889
3671	3399	3420	3819	3873	3884	4273	3179	3880	
339	48	1889948
3419	4048	4189	3760	
340	55	1934256
3440	3555	3353	3736	4021	3744	3708	4170	
341	102	1900196
3735	3252	3626	4068	
342	79	1868370
3843	2922	
343	8	1938296
3670	3989	3628	3800	3463	4227	4157	4017	
344	86	1275686
3342	3971	
345	99	1941974
3112	4180	3593	3678	
346	1	1941825
3416	3655	4094	3662	
347	56	1871873
4078	
348	53	1949663
3861	3104	4089	
349	49	1952110
3790	3776	4020	
350	95	1948916
2991	4059	3362	3438	3491	
351	1	1956205
3621	4095	3972	3265	
352	33	1953545
3439	3881	3817	3549	3554	3882	
353	81	1960211
4291	4006	2888	
354	62	1963506
4319	3799	3118	4204	3181	3295	2976	
355	81	1967220
3520	3178	3828	
356	34	1971424
4255	3517	4204	3525	
357	33	1975054
3541	3054	3502	3416	3382	3630	
358	90	1978457
2941	3068	3103	2974	3613	3415	3145	3651	3062	
359	12	2022046
3996	3872	4213	3462	3786	3518	4039	3763	4145	
360	4	2025599
4044	3419	3533	3553	
361	98	2029111
3511	4269	3928	3906	3603	3070	4066	3512	
362	1	2029284
4095	3795	4292	3214	
363	20	2036936
4304	4212	3193	3995	3533	4052	
364	21	2040271
4027	3709	3036	4003	3889	3854	3228	
365	64	1948405
3295	4114	
366	11	2039848
3120	2912	
367	50	2043846
4171	4222	3187	3252	3472	3998	
368	20	2047432
4186	3401	3997	3726	3278	3586	
369	38	2049695
3013	3442	
370	71	2050440
3091	3265	3882	4227	4187	4051	3966	
371	38	2053382
3342	3687	
372	18	1434858
4232	
373	97	2057043
3942	2968	3395	3436	4286	3498	2883	3661	
374	30	2060217
4110	3552	4055	3535	3861	3886	3174	
375	28	2063250
2921	4188	3765	3982	3808	3971	3880	3567	3033	
376	12	2108730
3959	4097	3638	3390	3428	3187	4067	3657	3716	
377	28	2112605
3582	4188	3109	4184	3626	3471	3533	3784	3919	
378	92	2112969
4035	3374	3951	3387	4113	3260	3903	3354	4239	
379	38	2106351
3348	3246	
380	81	2116048
4204	2940	3578	
381	83	2123536
3823	2955	3158	3044	3153	4160	3309	3097	3888	
382	20	2127020
4222	3886	3657	3142	3860	3484	
383	48	2127002
3290	3544	4056	4257	
384	58	2129625
4293	3336	3028	4047	3425	3875	3533	3698	3675	
385	97	2133833
4129	3248	3421	3095	4150	3177	4208	3307	
386	35	2132537
4290	3477	3751	2912	
387	40	2137896
4286	3707	4260	3102	4063	
388	78	2137163
3180	3495	3330	
389	46	2141551
2880	3655	
390	10	2140077
3729	3027	3295	3038	2914	
391	65	2137350
3815	3495	3159	
392	9	2145435
3285	2964	3884	
393	13	2140834
3435	3873	3428	3603	3411	3835	3478	3484	
394	28	2149064
4318	3226	3438	3397	3533	3844	4178	4247	3629	
395	21	2193140
3346	4254	4078	4073	3290	4290	4125	
396	11	2151978
3194	2914	
397	77	2197880
3003	3197	3527	3450	3249	4146	3072	3840	
398	71	2202199
3001	3684	3015	4070	4121	3194	4160	
399	21	2209951
3508	4239	2961	3642	3933	3122	4152	
400	35	2213542
3442	3849	3806	3591	
401	43	2212415
2985	3124	3531	3382	3920	4194	2890	3458	3648	
402	96	2216869
3324	4254	4188	3327	
403	98	2221063
3258	3185	3202	2922	4027	3787	3398	4194	
404	71	2224909
3296	3007	3051	3624	3237	3842	3846	
405	42	2143397
3781	2948	
406	3	2215417
3002	
407	35	2228514
3258	3701	3859	3605	
408	83	2227031
4073	4048	3660	3610	3384	3616	3764	3555	3887	
409	22	2232194
2933	3680	
410	76	2230010
3751	2959	3627	3665	3369	3699	3457	2979	
411	42	2201493
3817	4067	
412	61	2233892
2931	3220	3288	3848	3648	4143	3882	
413	32	2238104
4101	3582	4212	
414	1	2281099
4082	3814	4173	3290	
415	48	2233632
4027	4022	3213	3351	
416	82	2284907
3809	
417	13	2237870
3742	4011	2999	3564	3420	3119	4238	3348	
418	82	2288362
3455	
419	26	2296267
3317	3946	3288	3646	2984	3419	4304	3071	
420	69	2300565
3260	4298	
421	40	2285323
3040	3301	4254	3856	4224	
422	63	2284976
4076	
423	76	2300268
2981	3035	3620	3736	3858	3171	4002	3467	
424	39	2304293
3280	3052	4056	4025	3857	
425	39	2307842
3839	2938	3544	3333	3549	
426	97	2311570
3708	3023	2904	4186	3362	3268	3163	3728	
427	70	2314792
3762	4301	3546	3977	4317	4077	3222	
428	7	2304117
3159	2887	3660	3552	
429	82	2314389
3600	
430	63	2298304
3289	
431	103	2318198
2928	3406	
432	51	2301192
4220	3270	3668	2888	
433	49	2305300
3410	3827	4108	
434	9	2322203
4221	3758	4005	
435	101	2318404
3361	3276	3829	4015	
436	68	2325798
3354	3811	4214	4206	3386	3920	3595	
437	73	2317047
3884	3803	3268	3254	3943	4069	
438	24	2320427
4234	3439	3111	3007	3227	2899	3282	3495	3506	
439	67	2328984
4012	3985	3313	3292	3059	3472	3186	
440	5	2295817
3051	3737	3211	
441	70	2367488
4277	4254	3855	3469	3177	3988	3476	
442	9	2370967
3074	3151	3479	
443	31	2321018
3644	3971	
444	40	2374412
3035	3745	3739	3437	3445	
445	27	2324582
3023	3595	3291	3564	
446	46	2382110
3041	4098	
447	88	2386424
3195	3511	3818	3311	4074	3555	3348	4314	
448	84	2370199
3495	3064	3988	4143	3837	4003	
449	91	2389628
3344	4055	3204	
450	96	2381699
4122	4176	3215	4011	
451	41	2384641
3044	3558	3579	3897	3108	4283	3117	2942	
452	54	2388761
4305	3177	3274	3170	3476	3723	3727	4120	
453	101	2391261
4165	4042	2892	3514	
454	9	2393195
3877	3263	3567	
455	39	2397511
2886	2990	3275	3295	4316	
456	40	2401689
4213	3363	4238	3622	4178	
457	74	2392067
3585	3420	3798	3687	3437	3306	
458	67	2405642
3788	3908	3778	3038	3606	3999	3953	
459	57	2398420
4269	3505	3864	3597	
460	55	2409197
3749	4222	3786	3151	3697	3662	3073	3555	
461	18	1794609
3987	
462	63	2398430
4009	
463	67	2412447
2933	3957	3616	4175	3480	3890	3250	
464	46	2469036
3289	3784	
465	17	2472727
3018	3574	3033	3548	
466	15	2402652
4040	3004	3015	4004	3543	
467	2	2476906
3949	3692	3997	3732	4179	3198	
468	55	2480979
3983	3785	3767	3879	3514	3485	4073	3228	
469	84	2484858
3900	2986	4248	4244	3484	3707	
470	27	2488203
3351	3073	4137	3345	
471	10	2552659
3601	3409	3239	3919	3672	
472	65	2492172
3739	3126	3969	
473	12	2539509
3634	3098	3750	3541	3639	3021	3983	3308	4308	
474	71	2556628
3954	3391	3343	3457	4175	4312	3929	
475	50	2560394
4236	4157	3427	3904	3285	3209	
476	52	2563636
4116	3242	
477	32	2567935
3647	3883	4299	
478	95	2560570
3249	4217	3412	2996	3942	
479	49	2563453
3783	4068	3059	
480	70	2572180
3132	3814	3924	3528	3222	3893	4245	
481	40	2575466
3398	2896	4030	3508	3286	
482	48	2625462
4219	3639	3823	3742	
483	41	2571144
3540	3767	3147	3619	4078	3741	4037	2986	
484	7	2629142
3931	3725	3680	2949	
485	39	2578619
3424	3603	3305	3710	3153	
486	40	2642182
3580	4048	3354	3280	3269	
487	45	2645556
3276	3374	
488	5	2628138
3317	3065	3620	
489	12	2646735
3596	3617	2995	3689	3954	3449	3860	4048	2988	
490	38	2578647
3053	3793	
491	11	2649403
2922	3847	
492	41	2650030
3781	4101	3765	3477	3894	3143	3035	2896	
493	46	2652446
3358	3043	
494	94	2655336
3037	
495	28	2729860
3324	3641	3668	3794	3844	3589	3753	2954	3861	
496	20	2733809
3555	3261	3918	3363	4203	3949	
497	94	2733661
2996	
498	54	2737713
3168	3162	3048	2950	3049	3746	3438	3744	
499	95	2741112
3290	2938	4002	3572	3399	
500	20	2744643
2928	4019	3684	4093	3664	2889	
501	2	2747841
3873	3367	2951	3550	4265	3198	
502	61	2814156
3033	4211	4209	3027	2925	3080	2989	
503	29	2818598
3678	3775	3776	3286	3953	
504	62	2822217
3979	4313	4055	4017	4010	4286	4067	
505	36	2821487
3851	3132	4081	4313	3548	3439	3179	2889	
506	77	2826145
3743	4033	3940	3430	4099	4099	3050	3155	
507	93	2830014
3062	3378	2954	3500	3912	3974	3441	
508	4	2824818
3154	3712	3578	3306	
509	14	2828447
4313	3320	3666	3629	
510	93	2834239
4289	3561	4313	4093	3380	3822	4225	
511	72	2832544
3204	3831	4159	4097	
512	55	2898832
3957	3862	3542	3369	4303	2943	3047	3526	
513	55	2902799
3712	3723	3757	2930	4165	3705	4091	3610	
514	42	2904026
3451	3666	
515	56	2907909
4098	
516	59	2913402
4047	3524	4277	3846	2886	2883	4099	
517	36	2988569
2995	3864	4215	4281	4176	2969	3689	4169	
518	36	2992869
3040	4167	4244	3006	3431	4189	2906	4217	
519	48	2995041
3837	2986	2966	3483	
520	100	2998771
3099	3971	3684	3730	
521	43	3000177
2903	3811	3794	3669	3156	3813	3782	3584	4267	
522	22	2999620
3362	3939	
523	1	3056958
3355	3699	4153	3964	
524	43	3061194
3318	3852	4069	4203	3726	3585	4298	4200	2962	
525	61	3065460
3702	3361	3304	3399	3950	3151	4227	
526	64	3057143
2903	4100	
527	76	3073074
2911	3721	4278	3666	4111	3323	4292	4014	
528	102	3075937
3841	3383	3661	3272	
529	96	3079981
3075	3580	3657	4044	
530	25	3083109
3838	4029	3179	3834	3061	3128	
531	14	3071994
4294	3114	3892	3886	
532	57	3086962
3778	3443	3332	3853	
533	23	3091245
4003	3247	3192	3294	2960	3496	3990	3270	4283	
534	62	3086262
2922	3415	3332	4126	2899	2897	3336	
535	35	3095048
4125	4093	3800	3803	
536	78	3089624
3188	3471	3801	
537	98	3098085
3134	4001	3323	4232	3391	3127	3412	3037	
538	10	3096427
3729	4152	2993	3188	3391	
539	3	3090227
3965	
540	8	3101604
3359	3562	3646	3606	3586	4012	3582	3519	
541	69	3104623
2966	3019	
542	79	3085725
2964	3366	
543	24	3092427
4260	3396	4172	4219	3821	3341	3530	3024	3933	
544	8	3108515
3702	3338	3007	3321	3422	3865	3690	3892	
545	45	3094891
3292	3373	
546	42	3082467
3392	3066	
547	102	3144443
3776	4133	3716	3528	
548	38	3143253
3173	3510	
549	56	3086205
3738	
550	66	3146905
3859	4138	3514	3129	3550	3657	3616	3157	3646	
551	7	3148391
2903	3769	4209	3333	
552	20	3150630
4223	4009	2944	3617	3631	3725	
553	26	3157524
3612	4277	3525	3870	2900	3667	3876	3473	
554	66	3161313
3755	3415	4191	2962	2882	3894	4080	3790	3543	
555	26	3165614
4198	3856	3569	3566	3617	2970	4301	3091	
556	64	3167035
3278	4080	
557	16	3171480
3341	3806	3556	3362	4001	3290	
558	101	3175542
2905	4010	3110	4062	
559	20	3232827
4276	3077	3721	3627	3421	3203	
560	33	3234915
3423	3733	4024	3770	4314	2895	
561	31	3238080
3827	3165	
562	67	3238277
3218	4027	2943	3574	4031	3013	3362	
563	15	3245666
3089	3101	4259	3937	3986	
564	103	3245095
3289	3218	
565	30	3248202
3921	3883	3522	3681	3499	4097	3107	
566	45	3251963
3103	3761	
567	64	3245425
3372	3557	
568	26	3250082
3133	3699	3321	3347	3472	4305	3038	3390	
569	3	3256109
4146	
570	4	3254007
3467	3190	3609	3925	
571	55	3259726
3456	3703	4052	3036	3483	3593	3928	3617	
572	96	3260709
3494	2926	4248	3562	
573	45	3263551
4164	3822	
574	22	3264794
3433	4085	
575	30	3317674
3527	3766	3487	2905	3461	3118	3357	
576	66	3322523
3491	2932	3292	3722	3473	3282	4285	3534	4118	
577	23	3325888
3349	3130	3352	2970	2882	2885	3317	3949	3645	
578	93	3332766
3715	3352	3699	3491	3796	3655	3768	
579	79	3334153
3821	3244	
580	19	3338046
3416	3831	3452	3437	3357	3707	3893	3888	3736	
581	39	3342037
3609	3694	3764	4177	3507	
582	29	3345702
3920	2986	3464	4078	4004	
583	72	3349960
3523	4135	4160	4258	
584	85	3354012
3041	3620	4157	3531	3247	4157	4052	
585	21	3349399
3559	4037	3329	3244	3372	3569	3697	
586	68	3358160
4127	3236	3916	3051	4312	4107	4148	
587	21	3402868
3875	3298	3905	3879	3241	3453	3049	
588	46	3361483
3903	3323	
589	9	3406710
4227	3030	3897	
590	91	3410307
3204	3888	3597	
591	42	3345646
3482	3784	
592	9	3417459
3816	3180	3552	
593	55	3420832
3109	3123	3495	3965	3816	3926	3556	3373	
594	86	2302428
3902	3009	
595	87	3424538
4268	3513	3462	3884	3551	3113	3706	
596	86	2306569
3307	4141	
597	103	3428750
3378	4212	
598	48	3423317
3963	2907	3903	3217	
599	79	3417503
3425	3982	
600	88	3432533
3143	3040	3845	3062	3135	4035	3224	3783	
601	39	3435950
3524	3946	3085	4242	3417	
602	83	3439628
4080	3704	4181	3091	3906	3209	3648	4075	3678	
603	85	3430473
4307	4186	3173	3453	3045	3147	3081	
604	1	3443724
3646	3286	3100	4096	
605	3	3446609
2885	
606	80	3449665
4140	2887	3355	3056	
607	94	3427228
3550	
608	26	3433008
3448	3595	3582	3061	3727	3304	4128	3791	
609	49	3432315
4061	3777	4046	
610	80	3452582
3110	3567	3568	2917	
611	95	3439493
3078	4235	4023	3311	4046	
612	47	3489725
4166	4117	
613	61	3493961
3927	3021	3464	3657	3974	3196	3459	
614	32	3498037
3748	3710	4076	
615	83	3505735
3341	3569	2978	3555	4308	4284	3630	3202	4098	
616	86	2370358
3589	3222	
617	19	3506049
4195	4007	4153	4143	2946	3911	3355	3763	3910	
618	61	3509559
3109	4014	3522	3063	3768	4065	3170	
619	76	3513352
3353	3090	3647	3899	3777	3623	3522	3692	
620	42	3507266
3481	3322	
621	30	3517151
4197	4013	3229	3232	3029	3969	3065	
622	63	3516522
3340	
623	31	3510062
3068	4013	
624	5	3513898
3630	3234	3603	
625	91	3521393
3462	3769	4242	
626	90	3518134
3157	3481	3885	4312	3035	2976	3355	4236	3515	
627	35	3522366
3711	3029	4232	3728	
628	94	3513997
3037	
629	55	3525496
3572	3155	3644	4114	4040	2917	2905	3130	
630	67	3577162
3652	4218	3429	3987	4236	3073	4216	
631	27	3579852
2941	4057	3128	3993	
632	12	3584668
3462	4263	3393	3142	4269	3204	3391	2912	3886	
633	35	3591804
4319	2942	3099	3536	
634	27	3595816
3596	3561	3863	4012	
635	89	3594667
3940	2902	3605	3932	3470	4039	3890	4213	3052	
636	79	3597888
4281	4113	
637	51	3601778
4126	3324	2966	3890	
638	2	3605400
4241	3178	3052	2920	3622	3364	
639	100	3605140
3793	3182	3809	4286	
640	54	3609477
4063	2992	3724	3253	3124	3321	3825	4077	
641	26	3613198
2928	3038	3691	3031	3932	2958	3267	3721	
642	85	3664214
3293	3106	2970	3220	3087	2988	3742	
643	77	3667273
3795	3400	3699	3570	3686	3512	3370	3165	
644	66	3675794
3310	3303	3377	3693	3391	2914	4256	3199	3022	
645	4	3677913
2936	3110	3778	3487	
646	33	3681289
3534	4050	4249	4290	3377	2891	
647	46	3681408
4164	3852	
648	88	3686847
3605	3054	3824	4250	3741	3333	2993	4182	
649	31	3684311
4151	3022	
650	49	3678914
3211	3478	3122	
651	51	3689697
4246	4302	3350	3513	
652	15	3693616
4229	3273	3515	4054	4082	
653	66	3697593
3953	4132	3934	3571	4046	4115	3832	3495	4166	
654	0	3766307
2881	3808	2979	3610	
655	25	3769372
3173	3865	3366	3993	4121	3065	
656	12	3773350
4221	3893	3278	3755	3085	3760	2981	4263	3978	
657	11	3701572
3384	3979	
658	27	3776520
3087	3116	3358	3170	
659	0	3780277
3674	3226	3600	3757	
660	34	3783985
3996	3221	3246	3708	
661	80	3762085
2984	3408	4054	3066	
662	32	3765772
4007	3496	3687	
663	52	3767045
3925	3541	
664	96	3786908
3203	3860	3977	2923	
665	33	3790013
4092	3013	4099	3745	4122	3105	
666	25	3793132
3114	4070	4144	3042	4310	3119	
667	53	3785869
3446	3515	4301	
668	83	3789787
3728	3688	3234	3039	3203	3084	3622	3918	2944	
669	20	3852050
4025	3578	3532	3685	3038	2985	
670	102	3856160
4268	3731	2891	3423	
671	60	3859162
3308	4152	3207	3010	3467	3002	
672	28	3859829
3752	3842	3247	4191	3766	3721	3169	3315	3649	
673	15	3863798
3262	4260	3757	4303	3342	
674	52	3867558
3362	3760	
675	55	3936547
3476	4282	3708	3672	4117	3097	4019	3078	
676	83	3939888
3305	3993	4246	3065	2993	3494	3455	3342	3106	
677	22	3867117
3753	3319	
678	19	3943682
3829	3328	3685	3466	3465	4049	3389	2956	3472	
679	72	3946252
3035	3577	3303	3086	
680	56	3849076
3301	
681	42	3852359
3283	3072	
682	32	3950241
3663	3697	3989	
683	99	3953901
4264	2962	3652	3952	
684	29	3957674
4309	4019	3379	3773	2912	
685	66	3953856
4171	2914	3737	3808	3937	3042	2895	3238	3615	
686	42	3860055
3278	3759	
687	81	3961361
4101	3895	3687	
688	88	3957206
4218	3874	3178	3276	2952	3593	3771	2884	
689	77	4007951
3855	4277	3662	3704	4310	4133	3176	3260	
690	77	4011966
3663	4103	2918	3664	3894	4046	3966	3917	
691	37	4016195
2917	3504	3704	3614	3467	2904	3666	
692	74	4022518
3152	3722	3032	2914	3484	2895	
693	29	4026545
4282	4210	3643	3515	4027	
694	83	4029930
3602	3213	3903	3098	3882	3423	4029	3898	3256	
695	12	4034173
3873	3164	3481	3387	4245	2902	4228	3084	4243	
696	9	4034376
2910	3017	3409	
697	32	4037843
3227	3197	3467	
698	91	4040977
3074	3065	3134	
699	27	4037547
4101	4028	3584	3374	
700	32	4044692
4261	3384	3715	
701	91	4048380
4011	2947	3688	
702	48	4043124
3870	4050	3292	3529	
703	69	4041366
3543	3819	
704	11	4052597
3725	4217	
705	22	4044331
3613	2965	
706	11	4056862
4230	4265	
707	33	4047310
3129	3614	3618	2946	3722	2979	
708	56	3951434
3334	
709	29	4051539
3780	3879	3507	3686	4229	
710	70	4093315
3936	3670	4177	3885	4095	3178	3316	
711	23	4108040
3642	3880	4267	3035	3847	3033	3989	3849	3349	
712	57	4111713
4011	3566	4024	3673	
713	82	4029108
3506	
714	2	4111944
3219	4113	3140	3854	3906	3820	
715	48	4111955
3669	4232	3899	3916	
716	4	4115273
4036	3684	3166	3318	
717	48	4118178
4276	3108	2981	3057	
718	61	4115951
4218	2915	4041	3504	3932	4007	3450	
719	54	4119187
3935	2998	4208	3616	4209	3394	4074	3914	
720	84	4122811
3357	3759	3071	3328	3457	3624	
721	66	4123610
3410	3228	2909	3093	3077	3254	3292	4135	4129	
722	28	4126841
4236	2993	4039	2962	3247	4163	3167	4200	3231	
723	98	4195600
3063	3757	4039	3369	4211	3304	3798	3026	
724	32	4131059
4000	3009	4218	
725	70	4134701
3688	3800	4260	4071	3201	4273	3642	
726	38	4199517
3375	3918	
727	91	4203471
3558	3954	3127	
728	64	4098889
4268	3157	
729	27	4199854
4084	2952	3552	4254	
730	6	4203532
3957	4025	3771	3790	4000	3975	3150	3678	
731	51	4203329
3758	4310	3247	4249	
732	44	4207295
3044	3246	4051	3521	2942	3966	
733	28	4211457
3724	3565	3218	4306	3667	3785	3335	2994	4162	
734	9	4215081
3425	3638	3624	
735	14	4213296
3410	3308	3279	3007	
736	79	4129990
4109	4086	
737	80	4218198
3509	3439	3135	3117	
738	25	4217492
3723	3995	4138	3120	4196	3234	
739	22	4221203
4279	3711	
740	69	4225204
3980	4001	
741	1	4221402
3271	4278	3733	3204	
742	83	4267838
3825	4125	3300	2893	3478	3147	3014	4144	3813	
743	88	4270869
3560	3113	4267	4125	3236	2892	3272	3031	
744	81	4270950
3494	3614	3051	
745	58	4275799
4094	4241	3564	3639	3025	3523	4146	2981	3684	
746	46	4275089
3203	4220	
747	1	4282871
4290	4173	4053	3166	
748	55	4287090
4141	4139	3252	2897	3328	4221	3320	3111	
749	17	4291395
3534	3042	3972	4305	
750	28	4295583
3696	3069	3625	3166	2998	3107	3641	4188	2912	
751	69	4288710
4054	3442	
752	87	4299902
4283	4195	4168	3825	3400	3245	4319	
753	68	4303605
3064	3889	3086	3544	4079	3069	3703	
754	27	4292280
3682	3556	3226	3570	
755	0	4296692
3151	4064	3969	4157	
756	62	4353918
4179	3550	4048	4108	4253	3059	3971	
757	88	4356958
3088	3280	3384	3395	4278	3736	3199	3040	
758	76	4360734
3068	3950	3097	3253	3318	2989	3966	3692	
759	28	4368170
4035	3457	3987	3550	3707	2957	3887	2893	3836	
760	7	4368024
3003	3244	3571	3980	
761	60	4371686
3316	3582	3254	3632	3852	3662	
762	29	4375094
4019	3946	3878	3023	3408	
763	32	4374241
3517	2974	3603	
764	30	4378091
3242	3028	2944	3103	4215	3166	3850	
765	38	4374282
3026	2930	
766	84	4379253
3145	3016	3969	3487	3461	4159	
767	41	4383499
3693	2952	2943	4175	3022	2916	3929	4246	
768	59	4381761
3577	3831	2969	3108	3199	3185	3670	
769	14	4380548
3345	3414	2985	3751	
770	92	4387730
3416	3974	3877	3384	3891	4017	4178	3792	4231	
771	4	4391653
4073	4170	4011	3923	
772	99	4388308
4109	3142	3330	3749	
773	77	4389434
3869	3902	3526	3510	3405	4085	3970	2924	
774	52	4392182
3912	3874	
775	21	4395203
2886	3456	4235	4286	2934	4234	3550	
776	74	4398083
4292	4310	3818	3129	3497	2880	
777	58	4401944
2996	3813	3480	3605	3342	3800	3122	3217	3861	
778	1	4440300
3812	3989	3814	3061	
779	16	4444194
3963	4027	3526	2922	3895	3762	
780	71	4448389
3548	4098	3660	3850	2951	3233	4195	
781	74	4455932
3732	4136	4306	3296	3064	3943	
782	20	4447971
3434	3229	4113	3075	3127	3513	
783	27	4458844
4173	3467	3207	2912	
784	27	4462036
3085	4300	3978	3192	
785	3	4455171
3600	
786	17	4454866
3629	3273	3665	3733	
787	9	4458929
2930	3050	3758	
788	26	4465157
3270	3755	3064	3773	3331	2887	3705	3121	
789	34	4469162
4018	3668	3952	4005	
790	102	4473198
3532	3057	3463	4036	
791	53	4465738
3944	3818	3870	
792	47	4468559
3751	3157	
793	12	4476901
4315	3053	4104	4205	4150	3449	2958	2942	3703	
794	35	4480728
3510	3036	3998	3827	
795	0	4483948
3107	2969	3234	3220	
796	56	4439035
3108	
797	57	4487546
3279	4099	3710	3598	
798	42	4454677
3209	3885	
799	49	4475473
3739	3084	3956	
800	101	4465635
2888	3742	3407	3572	
801	3	4462200
3271	
802	15	4491750
3121	3573	2894	3854	4204	
803	31	4527253
4252	3103	
804	67	4482784
3022	3406	3782	3391	4294	2891	3415	
805	70	4485693
3037	3724	3480	3501	3003	2941	2909	
806	14	4528187
3549	3856	3586	3386	
807	62	4526034
3781	3816	3427	3909	3562	3158	4138	
808	31	4530916
3106	3663	
809	73	4533969
3770	4264	3169	4044	3645	3053	
810	8	4541126
3316	3202	4125	3083	4080	4043	3462	3557	
811	28	4542789
3677	2895	3415	3340	3567	3463	3584	3249	3895	
812	22	4544173
4031	3047	
813	36	4548097
4221	3960	4305	3206	4314	2956	3542	3924	
814	81	4549030
4060	4036	3345	
815	7	4552582
3764	4038	2916	3552	
816	81	4555146
3674	3122	3200	
817	100	4558965
2910	3834	2997	3819	
818	95	4556325
3124	3669	2897	3364	3743	
819	87	4561987
2935	3523	4225	3135	3011	3022	2909	
820	66	4565891
4130	3779	2973	3830	3564	4065	4060	2932	3904	
821	72	4565192
3937	3969	3729	3205	
822	49	4550235
3409	3123	2987	
823	2	4553872
4204	3233	3155	3609	2922	3637	
824	63	4556822
3665	
825	97	4569162
3409	3947	3279	3382	3432	3796	3801	3271	
826	88	4573260
3357	3241	3325	2922	3086	4158	3038	4098	
827	53	4569295
2886	3970	4103	
828	70	4612825
3544	3711	4027	3929	3106	3929	3863	
829	0	4560403
3240	2965	3527	4078	
830	40	4615895
3981	2940	3909	3065	3070	
831	14	4619862
2917	4314	3910	3973	
832	44	4627098
4197	3916	3112	3390	3988	3636	
833	0	4612348
4101	3852	3684	3140	
834	29	4630361
3062	3847	3363	3082	3263	
835	30	4620171
2954	3277	3116	3433	3346	4199	4276	
836	93	4627310
3704	3655	3757	4032	3244	3620	3539	
837	7	4634516
3533	3614	3562	4155	
838	53	4637345
4281	4144	3603	
839	70	4641453
3382	3293	2952	3694	2911	3516	4108	
840	72	4644785
3074	3609	3453	3924	
841	87	4648652
3862	3527	4073	3915	2893	3867	3784	
842	27	4638033
3349	3577	3651	3517	
843	94	4554103
3694	
844	77	4652659
3497	3188	4102	3232	3607	4283	3407	4007	
845	31	4641139
2912	3106	
846	85	4652595
4024	3718	2934	3388	3147	3601	3943	
847	37	4656878
4064	3891	3374	3958	3175	4283	3319	
848	99	4700366
4268	3925	3591	3888	
849	52	4703874
3609	3508	
850	85	4707393
3659	3372	3032	3188	4124	4077	3519	
851	27	4644939
3094	3739	3275	3800	
852	98	4650663
4178	4112	3053	3244	3420	4046	3234	4091	
853	10	4653994
4083	3056	2964	3588	4188	
854	43	4702174
4132	3846	3913	3060	4198	4161	3156	4174	2991	
855	48	4714210
3839	3227	4313	3217	
856	8	4717822
3356	3130	3665	3596	3001	3416	2993	3612	
857	47	4706298
4266	4090	
858	8	4721409
3250	3610	3560	3425	3872	3201	2992	3587	
859	84	4724988
3268	4017	4215	3109	3696	3579	
860	95	4728833
4144	3846	3270	4112	3845	
861	88	4726978
4112	4134	4132	3997	3100	4133	4294	4014	
862	16	4732091
3520	3081	3068	3662	3147	3258	
863	67	4733612
4251	4052	3437	3133	3429	3881	3197	
864	44	4736680
3095	3159	4028	3774	4199	3068	
865	56	4641481
3633	
866	60	4736302
3241	4238	4211	3511	3787	4211	
867	64	4649498
3229	3806	
868	83	4785423
4231	3997	4318	2944	3839	3363	4097	4020	3726	
869	5	4736644
3930	3720	3484	
870	83	4789372
2977	3331	4026	3450	4103	3516	3087	3950	3596	
871	37	4793642
3083	3085	3621	3717	3684	4270	3111	
872	71	4801544
4239	3196	3320	3545	3068	4301	3660	
873	56	4701931
3243	
874	80	4800792
3018	3635	3145	3550	
875	0	4805043
3531	3901	3006	3499	
876	4	4808657
3831	3444	2971	3614	
877	74	4811686
3566	3768	3118	3232	3356	3029	
878	52	4811515
4211	3645	
879	70	4814654
3266	3370	4305	4087	3097	3139	3089	
880	75	4817886
3082	3843	3232	
881	17	4806460
4132	3368	4159	3757	
882	51	4810410
3542	3604	2949	3950	
883	39	4821544
3594	4227	3989	3063	3658	
884	40	4824442
4193	4262	4187	3483	2898	
885	52	4821378
4316	3241	
886	71	4824646
4242	3247	3246	3190	3599	3268	3022	
887	10	4811339
3976	2953	3555	3229	3749	
888	57	4828259
3407	4215	3557	3613	
889	56	4738475
4246	
890	93	4828096
3631	3691	3558	4061	2953	3157	3654	
891	8	4832570
3975	3171	3157	3641	3040	3103	3991	4311	
892	87	4871393
4314	3964	3293	3309	2928	3155	2918	
893	31	4835880
3347	3310	
894	95	4872542
3983	3653	3476	3840	4262	
895	0	4875481
3267	3291	4114	2939	
896	2	4874399
4305	3773	3348	3179	3599	3203	
897	62	4877932
3753	4280	2917	3739	3071	3146	3533	
898	5	4880010
2948	3233	3966	
899	33	4879563
3424	4147	3460	3208	4292	4082	
900	60	4886705
3656	3189	3746	3303	3100	3542	
901	60	4890697
3988	3057	3616	3334	3245	3992	
902	98	4893762
3765	2946	4236	3379	3918	4319	3539	3065	
903	13	4897620
3966	3507	2927	2994	3241	4065	3812	3858	
904	18	3356312
3312	
905	102	4900566
3273	2884	3374	2946	
906	27	4903923
4191	3642	4284	3357	
907	90	4906835
3407	3875	3118	3712	3098	3640	3530	4238	2912	
908	101	4898699
3817	3392	3356	4296	
909	42	4897075
3308	4274	
910	83	4901027
3650	3629	4025	3557	2911	3640	4263	3877	3694	
911	37	4905237
3092	4290	3271	4217	3920	3829	4119	
912	32	4908819
3258	3872	3376	
913	83	4957499
3188	3137	3883	3897	3314	3024	3009	2900	3762	
914	95	4909912
2979	2929	4301	3275	3077	
915	41	4960956
4180	3421	3877	3561	3049	2922	3527	3310	
916	80	4961747
3723	3772	4206	4248	
917	47	4964413
3788	4062	
918	56	4829987
4091	
919	50	4972211
4010	4013	3694	3498	4197	3494	
920	75	4975896
4274	2972	3685	
921	14	4975536
3727	4075	3293	3326	
922	5	4912458
3185	3150	3816	
923	58	4978577
3576	3396	2908	3375	3073	3162	3425	4094	2972	
924	13	4981714
3723	3633	3312	4127	3904	3980	3913	3137	
925	18	3431922
4054	
926	28	4984364
3013	4166	3081	3179	3067	3742	3863	2963	4229	
927	8	4987211
3708	3991	3718	3211	3960	3985	3155	4113	
928	89	4989665
3421	3046	3543	3114	4245	3507	2945	2911	3412	
929	20	5044620
3483	4196	4083	4224	3423	3482	
930	24	5048535
3416	3923	3494	4052	2999	3890	3904	3277	3341	
931	29	5052599
3139	4128	3992	3825	3710	
932	97	5060142
3823	3242	4033	3253	2887	3214	3942	3565	
933	65	5063629
3917	4216	3389	
934	52	5066975
3277	3346	
935	63	5066882
3552	
936	48	5070944
4273	3039	3202	3969	
937	18	3453345
3592	
938	80	5064157
3112	3878	4084	4015	
939	3	5067498
3341	
940	14	5074277
4015	4253	3991	3333	
941	4	5078461
3151	4288	3582	4184	
942	4	5081502
3012	4043	3206	3041	
943	78	5063689
4222	4102	3548	
944	50	5085156
3194	2979	3566	3910	4091	3396	
945	46	5088921
3018	3765	
946	79	4996293
4144	2979	
947	59	5092606
4251	3024	3603	3517	2882	3001	3685	
948	48	5131536
3604	4032	3562	3779	
949	46	5096849
4015	4243	
950	20	5132292
4022	4000	3068	3774	3674	3043	
951	14	5135843
2916	3503	3768	4307	
952	102	5085606
2927	3532	3164	4104	
953	89	5139441
4168	3036	3263	3935	3659	3379	3826	3598	3439	
954	24	5146413
3420	3382	4011	2970	4021	3891	3930	3895	3372	
955	67	5150484
3797	3419	3488	3839	3380	4071	3207	
956	3	5153597
3113	
957	53	5153963
3459	3914	3479	
958	97	5157645
3372	3179	4109	3075	3190	3178	3250	4048	
959	78	5144800
3394	3546	3474	
960	56	5073139
3741	
961	27	5130799
3637	3957	3592	3922	
962	18	3533090
3795	
963	88	5161528
3695	3759	3172	3725	3163	3344	3704	3883	
964	24	5157097
3939	3956	3668	3446	3996	3004	3999	2968	3134	
965	2	5152023
3367	4296	4205	3241	2933	3519	
966	99	5161109
3807	3282	3850	4012	
967	7	5164560
3293	3381	3375	3451	
968	27	5168519
4275	2922	3124	3959	
969	88	5165144
3292	3148	4100	4132	3814	3308	3104	3616	
970	9	5168569
3052	3858	3425	
971	83	5171982
4068	3383	4089	3561	3946	3515	3332	3443	3413	
972	89	5175618
2908	3475	4132	3417	4205	4209	4221	3497	3636	
973	47	5165340
2991	2924	
974	59	5179396
4133	3906	2909	3637	3442	3854	3778	
975	5	5157134
3774	2944	4187	
976	24	5220613
4295	3731	4066	3999	3371	3390	2893	3775	4213	
977	21	5223890
3173	4127	3901	3096	3447	3715	2977	
978	55	5231363
3537	3136	3781	4140	3196	4139	4024	3525	
979	5	5161160
3989	3565	4026	
980	59	5235514
3278	3496	3575	3283	4137	4152	3413	
981	56	5231340
3610	
982	1	5239619
3611	3388	4249	4105	
983	36	5239587
4259	3204	3426	4248	3335	2904	3806	4073	
984	86	3625939
3283	3774	
985	81	5243199
2991	3331	3879	
986	71	5247074
4044	4140	3996	4313	3460	3875	2995	
987	41	5250021
3418	4132	3090	3806	4090	3787	3155	2947	
988	92	5253663
3012	2889	2923	3837	3891	3391	3221	3065	3642	
989	56	5304436
3781	
990	99	5250621
3931	3827	2974	3547	
991	14	5308515
4013	2936	3013	4079	
992	92	5311491
2970	3957	3253	3756	4042	3929	3610	3320	3075	
993	61	5320740
4083	4108	3121	3552	4265	2900	4283	
994	101	5323669
2976	3654	4313	4050	
995	7	5319428
3275	2983	3843	4044	
996	103	5324620
3496	3880	
997	60	5327598
2955	3957	3405	4237	3685	3929	
998	4	5331345
4018	3804	2997	3747	
999	91	5331426
4220	4072	4062	
1000	56	5328091
3101	
1001	43	5335027
3508	3221	3090	3479	4031	3028	2936	2929	3601	
1002	93	5338935
4205	3155	3019	3252	3942	3636	3908	
1003	52	5328471
4168	3481	
1004	3	5342566
3631	
1005	51	5337759
3400	3836	3647	3252	
1006	9	5345936
3764	3295	3370	
1007	50	5392227
3845	3004	3476	4197	3785	3165	
1008	74	5395698
3977	3313	2992	3469	3472	2924	
1009	14	5398665
4201	3033	3709	2967	
1010	102	5399104
3528	3748	3580	3406	
1011	96	5405893
3829	3422	4301	3189	
1012	54	5408921
3156	3087	3886	3109	3764	3420	4128	3028	
1013	70	5406477
3044	3019	3350	4269	3018	4211	3770	
1014	99	5410519
3298	3695	4187	4043	
1015	79	5407591
3002	3009	
1016	34	5414634
3122	3691	4115	4069	
1017	23	5418697
3821	3997	2933	4314	3744	3867	3805	4063	3385	
1018	18	3751916
3704	
1019	3	5410039
3562	
1020	16	5421940
3909	4176	3241	3790	4082	3243	
1021	76	5423671
3847	2971	3830	2972	3507	3278	3795	4197	
1022	21	5479871
3510	3558	3744	3865	4271	4122	4011	
1023	19	5483450
3148	2923	3930	2927	3294	3985	3517	3483	3089	
1024	70	5490288
4076	4229	3582	4287	3349	3208	3238	
1025	46	5494345
3814	4057	
1026	74	5493685
4072	3988	3123	3453	3116	3427	
1027	91	5498636
3898	3863	4291	
1028	55	5502016
3332	4125	3527	4271	3862	4271	3125	3380	
1029	30	5505820
3562	3498	3214	3712	4210	4179	3804	
1030	34	5500811
3953	3596	3247	4312	
1031	25	5503915
4167	3145	3540	3270	3034	3104	
1032	74	5508224
3328	2900	2908	3416	4060	4309	
1033	30	5509283
4011	3007	4233	3473	3246	3957	3463	
1034	38	5506022
3059	4146	
1035	47	5505386
4221	3472	
1036	37	5512715
3919	3565	3685	4171	4269	3430	3432	
1037	101	5512951
2892	3105	3880	3034	
1038	102	5516833
4171	3222	3638	3882	
1039	6	5566271
3063	3101	3822	3109	3594	4271	4163	3752	
1040	11	5517025
4142	4310	
1041	19	5570496
3841	3041	3162	3710	3568	3586	4222	4225	3662	
1042	103	5520873
3513	3848	
1043	39	5562821
3845	3334	3460	3461	3092	
1044	31	5576979
3322	2883	
1045	79	5509751
4009	2937	
1046	13	5580501
3816	3673	4003	3912	3034	4197	3590	3522	
1047	27	5584502
3273	4156	3765	4001	
1048	2	5578201
3289	3222	4041	3073	4107	3764	
1049	7	5588215
3820	3023	3408	3713	
1050	91	5582244
4316	2914	4043	
1051	46	5586005
4205	3761	
1052	63	5582471
4271	
1053	66	5589427
3668	3396	3338	3565	3596	3770	3224	3211	3422	
1054	63	5589681
3986	
1055	49	5593389
3850	4004	3708	
1056	94	5583290
3656	
1057	96	5591142
3069	3386	3361	2927	
1058	101	5592103
3610	3061	3574	3047	
1059	83	5596871
3185	4272	3473	4107	3333	3691	3482	3213	3107	
1060	84	5600875
3947	4293	3311	3020	4004	3371	
1061	80	5648987
3708	3964	3413	3500	
1062	6	5654202
3773	4309	3167	3523	3856	4285	3016	3961	
1063	45	5652646
3473	3659	
1064	10	5656861
3039	4238	3803	3396	3524	
1065	48	5664595
3390	3190	4202	4262	
1066	73	5667925
3951	4035	4190	3390	3319	3236	
1067	95	5672538
2946	3382	4006	3662	4269	
1068	21	5676472
3072	3328	3666	4198	4286	3012	3934	
1069	67	5676196
4042	3727	3300	3420	3778	4265	3051	
1070	16	5680421
3413	3715	4134	3198	3776	2916	
1071	52	5680066
3784	3870	
1072	30	5684718
3469	3743	4047	3397	3207	4169	4297	
1073	50	5688699
4146	3625	4163	3668	4204	3981	
1074	32	5692283
3175	4247	3584	
1075	68	5695935
3461	3903	4113	3670	3588	3990	3652	
1076	54	5687930
3879	3412	4225	3529	2915	4261	3340	3108	
1077	18	3885860
3970	
1078	100	5736275
4110	3304	3799	4168	
1079	42	5738393
3342	3436	
1080	43	5739799
2914	4122	3762	3210	4088	3463	3575	3015	3633	
1081	19	5743462
3172	3858	4151	2900	3786	4069	4281	3969	3216	
1082	88	5751003
3151	3396	3277	3624	4046	4057	3162	3652	
1083	99	5750667
3718	3190	3201	3605	
1084	91	5754734
3866	4221	2904	
1085	49	5754530
3019	3417	4267	
1086	19	5757867
2992	4171	3236	4240	3503	3651	3004	3337	3278	
1087	53	5761415
4282	3881	3464	
1088	82	5758016
3282	
1089	49	5765000
3869	4006	3585	
1090	66	5769444
3239	3007	2907	3747	4270	3923	4214	3314	3544	
1091	98	5773358
3841	4077	4041	3786	4268	3240	4144	3653	
1092	41	5823051
3412	3012	3182	2988	4026	3433	4271	3126	
1093	56	5761579
3174	
1094	41	5827343
3275	3377	3340	3892	2915	4027	3559	4188	
1095	73	5831301
2970	3789	2881	3540	3886	3958	
1096	13	5838225
4186	3117	3350	3858	4189	3917	3396	3324	
1097	3	5772708
3264	
1098	17	5830227
3822	3847	3768	3513	
1099	95	5841180
3697	3428	3989	4246	2955	
1100	94	5829710
3086	
1101	87	5837697
3492	2894	3609	3065	2967	3869	3308	
1102	49	5840798
3603	3746	4004	
1103	52	5840826
3114	3130	
1104	78	5838505
3484	3443	3945	
1105	22	5844895
3870	3715	
1106	53	5844026
4163	3026	3200	
1107	39	5841437
3479	3724	3303	2907	2932	
1108	11	5844474
3695	3037	
1109	68	5847600
3096	2953	3951	3607	3776	3225	2956	
1110	25	5851662
3636	3057	3551	4088	3093	4062	
1111	90	5855955
3514	3093	3817	3259	3649	3410	3272	4081	4293	
1112	45	5851737
3514	4137	
1113	73	5860221
2962	4261	4295	3916	3319	4266	
1114	24	5862385
3919	3492	3282	3801	4196	3176	3143	2914	4292	
1115	15	5865681
3502	3360	4094	3271	3296	
1116	76	5857499
3856	2984	2909	4106	3262	3594	3822	4319	
1117	100	5909036
3182	3820	2912	3780	
1118	45	5861014
3757	3515	
1119	72	5912634
3673	2973	3853	3598	
1120	85	5916608
3285	2905	2993	4060	3839	4040	3974	
1121	37	5923443
4190	3398	3217	3002	3248	3234	3231	
1122	75	5927414
4129	3480	3971	
1123	94	5913982
3911	
1124	45	5931587
4316	4173	
1125	22	5917672
3690	3080	
1126	40	5934742
3043	3058	4085	4034	3155	
1127	74	5931089
3445	3415	3191	4246	3613	3242	
1128	84	5934795
3339	3414	3245	3605	3911	3706	
1129	20	5937628
3961	3580	3730	3126	3005	2886	
1130	60	5940335
3712	4104	3125	3563	3757	3158	
1131	2	5943877
3656	3285	3851	3278	4269	3542	
1132	1	5947836
3854	3653	3340	3959	
1133	86	4097346
4136	3538	
126
9855	4730
10059	4828
10923	5243
29974	14387
53685	25768
92305	44306
157473	75587
261761	125645
426826	204876
1795	861
10426	5004
11692	5612
31334	15040
55240	26515
93490	44875
154606	74210
250136	120065
398035	191056
10244	4917
20659	9916
38069	18273
101703	48817
178924	85883
302186	145049
498201	239136
803777	385812
1275653	612313
1447	694
8689	4170
15527	7452
43096	20686
77775	37332
134742	64676
227449	109175
375899	180431
611308	293427
125362	60173
149705	71858
167034	80176
853462	409661
2313481	1110470
6020313	2889750
15280037	7334417
37959921	18220762
92780045	44534421
19225	9227
32130	15421
34254	16441
93116	44695
165728	79549
283164	135918
470876	226020
766839	368082
1229094	589965
9195	4413
32836	15761
41791	20059
137158	65835
276785	132856
536211	257381
1016566	487951
1884768	904688
3436076	1649316
39990	19195
94414	45318
110813	53190
488714	234582
1200951	576456
2833132	1359903
6597780	3166934
14991755	7196042
33445709	16053940
4435	2128
6394	3068
8774	4211
19374	9299
30018	14408
44650	21432
64595	31005
91533	43935
127670	61281
1180	566
15419	7401
30528	14653
70352	33768
112155	53834
171646	82390
256877	123300
376032	180495
541330	259838
6151	2952
28489	13674
33634	16144
155058	74427
392462	188381
953615	457735
2256662	1083197
5228969	2509905
11923405	5723234
18882	9063
43180	20726
68437	32849
329530	158174
858603	412129
2147641	1030867
5226132	2508543
12455840	5978803
29219907	14025555
4108	1971
35402	16993
50140	24067
263018	126248
725570	348273
1921516	922327
4956035	2378896
12516388	6007866
31106928	14931325
10002	4800
17188	8249
23579	11317
55265	26527
89104	42769
137914	66198
208008	99843
307147	147430
446279	214213
10
12.5
16.5
12.5
11.125
11.875
12.25
28
12.5
29.75
35.25
141
32400	43200
46800	72000
118800	129600
133200	158400
205200	216000
219600	244800
291600	302400
306000	331200
378000	388800
392400	417600
464400	475200
478800	504000
550800	561600
565200	590400
637200	648000
651600	676800
723600	734400
738000	763200
810000	820800
824400	849600
896400	907200
910800	936000
982800	993600
997200	1022400
1069200	1080000
1083600	1108800
1155600	1166400
1170000	1195200
1242000	1252800
1256400	1281600
1328400	1339200
1342800	1368000
1414800	1425600
1429200	1454400
1501200	1512000
1515600	1540800
1587600	1598400
1602000	1627200
1674000	1684800
1688400	1713600
1760400	1771200
1774800	1800000
1846800	1857600
1861200	1886400
1933200	1944000
1947600	1972800
2019600	2030400
2034000	2059200
2106000	2116800
2120400	2145600
2192400	2203200
2206800	2232000
2278800	2289600
2293200	2318400
2365200	2376000
2379600	2404800
2451600	2462400
2466000	2491200
2538000	2548800
2552400	2577600
2624400	2635200
2638800	2664000
2710800	2721600
2725200	2750400
2797200	2808000
2811600	2836800
2883600	2894400
2898000	2923200
2970000	2980800
2984400	3009600
3056400	3067200
3070800	3096000
3142800	3153600
3157200	3182400
3229200	3240000
3243600	3268800
3315600	3326400
3330000	3355200
3402000	3412800
3416400	3441600
3488400	3499200
3502800	3528000
3574800	3585600
3589200	3614400
3661200	3672000
3675600	3700800
3747600	3758400
3762000	3787200
3834000	3844800
3848400	3873600
3920400	3931200
3934800	3960000
4006800	4017600
4021200	4046400
4093200	4104000
4107600	4132800
4179600	4190400
4194000	4219200
4266000	4276800
4280400	4305600
4352400	4363200
4366800	4392000
4438800	4449600
4453200	4478400
4525200	4536000
4539600	4564800
4611600	4622400
4626000	4651200
4698000	4708800
4712400	4737600
4784400	4795200
4798800	4824000
4870800	4881600
4885200	4910400
4957200	4968000
4971600	4996800
5043600	5054400
5058000	5083200
5130000	5140800
5144400	5169600
5216400	5227200
5230800	5256000
5302800	5313600
5317200	5342400
5389200	5400000
5403600	5428800
5475600	5486400
5490000	5515200
5562000	5572800
5576400	5601600
5648400	5659200
5662800	5688000
5734800	5745600
5749200	5774400
5821200	5832000
5835600	5860800
5907600	5918400
5922000	5947200
5994000	6004800
6008400	6033600
1000000000	2000000000
44444444444444444444
66664466666666446666
22222222222222222222
22222222222222222222
77333333223333553333
44224444444444444444
44444444334444444444
55555555226622553355
55555555555555555555
44444444444444444444
55555555445555555555
55555555555555555555
66666666668866666666
66665566666666666666
141
32400	43200
46800	86400
118800	129600
133200	172800
205200	216000
219600	259200
291600	302400
306000	345600
378000	388800
392400	432000
464400	475200
478800	518400
550800	561600
565200	604800
637200	648000
651600	691200
723600	734400
738000	777600
810000	820800
824400	864000
896400	907200
910800	950400
982800	993600
997200	1036800
1069200	1080000
1083600	1123200
1155600	1166400
1170000	1209600
1242000	1252800
1256400	1281600
1328400	1339200
1342800	1368000
1414800	1425600
1429200	1454400
1501200	1512000
1515600	1540800
1587600	1598400
1602000	1627200
1674000	1684800
1688400	1713600
1760400	1771200
1774800	1800000
1846800	1857600
1861200	1900800
1933200	1944000
1947600	1987200
2019600	2030400
2034000	2073600
2106000	2116800
2120400	2160000
2192400	2203200
2206800	2246400
2278800	2289600
2293200	2332800
2365200	2376000
2379600	2419200
2451600	2462400
2466000	2505600
2538000	2548800
2552400	2592000
2624400	2635200
2638800	2678400
2710800	2721600
2725200	2764800
2797200	2808000
2811600	2851200
2883600	2894400
2898000	2937600
2970000	2980800
2984400	3024000
3056400	3067200
3070800	3110400
3142800	3153600
3157200	3196800
3229200	3240000
3243600	3283200
3315600	3326400
3330000	3369600
3402000	3412800
3416400	3456000
3488400	3499200
3502800	3542400
3574800	3585600
3589200	3628800
3661200	3672000
3675600	3715200
3747600	3758400
3762000	3801600
3834000	3844800
3848400	3888000
3920400	3931200
3934800	3974400
4006800	4017600
4021200	4060800
4093200	4104000
4107600	4147200
4179600	4190400
4194000	4233600
4266000	4276800
4280400	4305600
4352400	4363200
4366800	4392000
4438800	4449600
4453200	4478400
4525200	4536000
4539600	4564800
4611600	4622400
4626000	4651200
4698000	4708800
4712400	4737600
4784400	4795200
4798800	4824000
4870800	4881600
4885200	4924800
4957200	4968000
4971600	5011200
5043600	5054400
5058000	5097600
5130000	5140800
5144400	5184000
5216400	5227200
5230800	5270400
5302800	5313600
5317200	5356800
5389200	5400000
5403600	5443200
5475600	5486400
5490000	5529600
5562000	5572800
5576400	5616000
5648400	5659200
5662800	5702400
5734800	5745600
5749200	5788800
5821200	5832000
5835600	5875200
5907600	5918400
5922000	5961600
5994000	6004800
6008400	6048000
1000000000	2000000000
44444444444444444444
66664466666666446666
22222222222222222222
22222222222222222222
77333333223333553333
44224444444444444444
44444444334444444444
55555555226622553355
55555555555555555555
44444444444444444444
55555555445555555555
55555555555555555555
66666666668866666666
66665566666666666666
71
46800	64800
133200	151200
219600	237600
306000	324000
392400	410400
478800	496800
565200	583200
651600	669600
738000	756000
824400	842400
910800	928800
997200	1015200
1083600	1101600
1170000	1188000
1256400	1274400
1342800	1360800
1429200	1447200
1515600	1533600
1602000	1620000
1688400	1706400
1774800	1792800
1861200	1879200
1947600	1965600
2034000	2052000
2120400	2138400
2206800	2224800
2293200	2311200
2379600	2397600
2466000	2484000
2552400	2570400
2638800	2656800
2725200	2743200
2811600	2829600
2898000	2916000
2984400	3002400
3070800	3088800
3157200	3175200
3243600	3261600
3330000	3348000
3416400	3434400
3502800	3520800
3589200	3607200
3675600	3693600
3762000	3780000
3848400	3866400
3934800	3952800
4021200	4039200
4107600	4125600
4194000	4212000
4280400	4298400
4366800	4384800
4453200	4471200
4539600	4557600
4626000	4644000
4712400	4730400
4798800	4816800
4885200	4903200
4971600	4989600
5058000	5076000
5144400	5162400
5230800	5248800
5317200	5335200
5403600	5421600
5490000	5508000
5576400	5594400
5662800	5680800
5749200	5767200
5835600	5853600
5922000	5940000
6008400	6026400
1000000000	2000000000
44444444444444444444
66664466666666446666
22222222222222222222
22222222222222222222
77333333223333553333
44224444444444444444
44444444334444444444
55555555226622553355
55555555555555555555
44444444444444444444
55555555445555555555
55555555555555555555
66666666668866666666
66665566666666666666
71
46800	64800
133200	151200
219600	237600
306000	324000
392400	410400
478800	496800
565200	583200
651600	669600
738000	756000
824400	842400
910800	928800
997200	1015200
1083600	1101600
1170000	1188000
1256400	1274400
1342800	1360800
1429200	1447200
1515600	1533600
1602000	1620000
1688400	1706400
1774800	1792800
1861200	1879200
1947600	1965600
2034000	2052000
2120400	2138400
2206800	2224800
2293200	2311200
2379600	2397600
2466000	2484000
2552400	2570400
2638800	2656800
2725200	2743200
2811600	2829600
2898000	2916000
2984400	3002400
3070800	3088800
3157200	3175200
3243600	3261600
3330000	3348000
3416400	3434400
3502800	3520800
3589200	3607200
3675600	3693600
3762000	3780000
3848400	3866400
3934800	3952800
4021200	4039200
4107600	4125600
4194000	4212000
4280400	4298400
4366800	4384800
4453200	4471200
4539600	4557600
4626000	4644000
4712400	4730400
4798800	4816800
4885200	4903200
4971600	4989600
5058000	5076000
5144400	5162400
5230800	5248800
5317200	5335200
5403600	5421600
5490000	5508000
5576400	5594400
5662800	5680800
5749200	5767200
5835600	5853600
5922000	5940000
6008400	6026400
1000000000	2000000000
44444444444444444444
66664466666666446666
22222222222222222222
22222222222222222222
77333333223333553333
44224444444444444444
44444444334444444444
55555555226622553355
55555555555555555555
44444444444444444444
55555555445555555555
55555555555555555555
66666666668866666666
66665566666666666666
134
32400	43200
46800	93600
118800	129600
133200	180000
205200	216000
219600	266400
291600	302400
306000	352800
378000	388800
392400	439200
464400	475200
478800	525600
550800	561600
565200	612000
637200	648000
651600	669600
723600	734400
738000	756000
810000	820800
824400	842400
896400	907200
910800	928800
982800	993600
997200	1015200
1069200	1080000
1083600	1101600
1155600	1166400
1170000	1188000
1242000	1252800
1256400	1274400
1328400	1339200
1342800	1360800
1414800	1425600
1429200	1447200
1501200	1512000
1515600	1533600
1587600	1598400
1602000	1620000
1674000	1684800
1688400	1706400
1760400	1771200
1774800	1792800
1846800	1857600
1861200	1879200
1933200	1944000
1947600	1965600
2019600	2030400
2034000	2052000
2106000	2116800
2120400	2138400
2192400	2203200
2206800	2224800
2278800	2289600
2293200	2311200
2365200	2376000
2379600	2397600
2466000	2484000
2552400	2570400
2638800	2656800
2725200	2743200
2811600	2829600
2898000	2916000
2984400	3002400
3056400	3067200
3070800	3088800
3142800	3153600
3157200	3175200
3229200	3240000
3243600	3261600
3315600	3326400
3330000	3348000
3402000	3412800
3416400	3434400
3488400	3499200
3502800	3520800
3574800	3585600
3589200	3607200
3661200	3672000
3675600	3693600
3747600	3758400
3762000	3780000
3834000	3844800
3848400	3866400
3920400	3931200
3934800	3952800
4006800	4017600
4021200	4039200
4093200	4104000
4107600	4125600
4179600	4190400
4194000	4212000
4266000	4276800
4280400	4312800
4352400	4363200
4366800	4399200
4438800	4449600
4453200	4485600
4525200	4536000
4539600	4572000
4611600	4622400
4626000	4658400
4698000	4708800
4712400	4744800
4784400	4795200
4798800	4831200
4870800	4881600
4885200	4903200
4957200	4968000
4971600	4989600
5043600	5054400
5058000	5076000
5130000	5140800
5144400	5162400
5216400	5227200
5230800	5248800
5302800	5313600
5317200	5335200
5389200	5400000
5403600	5421600
5475600	5486400
5490000	5508000
5562000	5572800
5576400	5594400
5648400	5659200
5662800	5680800
5734800	5745600
5749200	5767200
5821200	5832000
5835600	5853600
5907600	5918400
5922000	5940000
5994000	6004800
6008400	6026400
1000000000	2000000000
44444444444444444444
66664466666666446666
22222222222222222222
22222222222222222222
77333333223333553333
44224444444444444444
44444444334444444444
55555555226622553355
55555555555555555555
44444444444444444444
55555555445555555555
55555555555555555555
66666666668866666666
66665566666666666666
134
32400	43200
46800	72000
118800	129600
133200	158400
205200	216000
219600	244800
291600	302400
306000	331200
378000	388800
392400	417600
464400	475200
478800	504000
550800	561600
565200	590400
651600	669600
738000	756000
824400	842400
910800	928800
997200	1015200
1083600	1101600
1170000	1188000
1242000	1252800
1256400	1281600
1328400	1339200
1342800	1368000
1414800	1425600
1429200	1454400
1501200	1512000
1515600	1540800
1587600	1598400
1602000	1627200
1674000	1684800
1688400	1713600
1760400	1771200
1774800	1800000
1846800	1857600
1861200	1886400
1933200	1944000
1947600	1972800
2019600	2030400
2034000	2059200
2106000	2116800
2120400	2145600
2192400	2203200
2206800	2232000
2278800	2289600
2293200	2318400
2365200	2376000
2379600	2404800
2451600	2462400
2466000	2491200
2538000	2548800
2552400	2577600
2624400	2635200
2638800	2664000
2710800	2721600
2725200	2750400
2797200	2808000
2811600	2836800
2883600	2894400
2898000	2923200
2970000	2980800
2984400	3009600
3056400	3067200
3070800	3096000
3142800	3153600
3157200	3182400
3229200	3240000
3243600	3268800
3315600	3326400
3330000	3355200
3402000	3412800
3416400	3441600
3488400	3499200
3502800	3528000
3574800	3585600
3589200	3614400
3661200	3672000
3675600	3700800
3747600	3758400
3762000	3787200
3834000	3844800
3848400	3873600
3920400	3931200
3934800	3960000
4006800	4017600
4021200	4046400
4093200	4104000
4107600	4132800
4179600	4190400
4194000	4219200
4266000	4276800
4280400	4305600
4352400	4363200
4366800	4392000
4438800	4449600
4453200	4478400
4525200	4536000
4539600	4564800
4611600	4622400
4626000	4651200
4698000	4708800
4712400	4737600
4784400	4795200
4798800	4824000
4870800	4881600
4885200	4910400
4957200	4968000
4971600	4996800
5043600	5054400
5058000	5083200
5130000	5140800
5144400	5169600
5216400	5227200
5230800	5256000
5302800	5313600
5317200	5342400
5389200	5400000
5403600	5428800
5475600	5486400
5490000	5515200
5562000	5572800
5576400	5601600
5648400	5659200
5662800	5688000
5734800	5745600
5749200	5774400
5821200	5832000
5835600	5860800
5907600	5918400
5922000	5947200
5994000	6004800
6008400	6033600
1000000000	2000000000
44444444444444444444
66664466666666446666
22222222222222222222
22222222222222222222
77333333223333553333
44224444444444444444
44444444334444444444
55555555226622553355
55555555555555555555
44444444444444444444
55555555445555555555
55555555555555555555
66666666668866666666
66665566666666666666
141
32400	43200
46800	72000
118800	129600
133200	158400
205200	216000
219600	244800
291600	302400
306000	331200
378000	388800
392400	417600
464400	475200
478800	504000
550800	561600
565200	590400
637200	648000
651600	676800
723600	734400
738000	763200
810000	820800
824400	849600
896400	907200
910800	936000
982800	993600
997200	1022400
1069200	1080000
1083600	1108800
1155600	1166400
1170000	1195200
1242000	1252800
1256400	1281600
1328400	1339200
1342800	1368000
1414800	1425600
1429200	1454400
1501200	1512000
1515600	1540800
1587600	1598400
1602000	1627200
1674000	1684800
1688400	1713600
1760400	1771200
1774800	1800000
1846800	1857600
1861200	1886400
1933200	1944000
1947600	1972800
2019600	2030400
2034000	2059200
2106000	2116800
2120400	2145600
2192400	2203200
2206800	2232000
2278800	2289600
2293200	2318400
2365200	2376000
2379600	2404800
2451600	2462400
2466000	2484000
2538000	2548800
2552400	2570400
2624400	2635200
2638800	2656800
2710800	2721600
2725200	2743200
2797200	2808000
2811600	2829600
2883600	2894400
2898000	2916000
2970000	2980800
2984400	3002400
3056400	3067200
3070800	3096000
3142800	3153600
3157200	3182400
3229200	3240000
3243600	3268800
3315600	3326400
3330000	3355200
3402000	3412800
3416400	3441600
3488400	3499200
3502800	3528000
3574800	3585600
3589200	3614400
3661200	3672000
3675600	3700800
3747600	3758400
3762000	3787200
3834000	3844800
3848400	3873600
3920400	3931200
3934800	3960000
4006800	4017600
4021200	4046400
4093200	4104000
4107600	4132800
4179600	4190400
4194000	4219200
4266000	4276800
4280400	4305600
4352400	4363200
4366800	4392000
4438800	4449600
4453200	4478400
4525200	4536000
4539600	4564800
4611600	4622400
4626000	4651200
4698000	4708800
4712400	4737600
4784400	4795200
4798800	4824000
4870800	4881600
4885200	4910400
4957200	4968000
4971600	4996800
5043600	5054400
5058000	5083200
5130000	5140800
5144400	5169600
5216400	5227200
5230800	5256000
5302800	5313600
5317200	5342400
5389200	5400000
5403600	5428800
5475600	5486400
5490000	5515200
5562000	5572800
5576400	5601600
5648400	5659200
5662800	5688000
5734800	5745600
5749200	5774400
5821200	5832000
5835600	5860800
5907600	5918400
5922000	5947200
5994000	6004800
6008400	6033600
1000000000	2000000000
44444444444444444444
66664466666666446666
22222222222222222222
22222222222222222222
77333333223333553333
44224444444444444444
44444444334444444444
55555555226622553355
55555555555555555555
44444444444444444444
55555555445555555555
55555555555555555555
66666666668866666666
66665566666666666666
127
32400	43200
46800	79200
118800	129600
133200	165600
205200	216000
219600	252000
291600	302400
306000	338400
378000	388800
392400	424800
464400	475200
478800	511200
550800	561600
565200	597600
637200	648000
651600	684000
723600	734400
738000	770400
810000	820800
824400	856800
896400	907200
910800	943200
982800	993600
997200	1029600
1069200	1080000
1083600	1116000
1155600	1166400
1170000	1202400
1242000	1252800
1256400	1288800
1328400	1339200
1342800	1375200
1414800	1425600
1429200	1461600
1501200	1512000
1515600	1548000
1587600	1598400
1602000	1634400
1674000	1684800
1688400	1720800
1760400	1771200
1774800	1807200
1846800	1857600
1861200	1893600
1933200	1944000
1947600	1980000
2019600	2030400
2034000	2066400
2106000	2116800
2120400	2152800
2192400	2203200
2206800	2239200
2278800	2289600
2293200	2325600
2365200	2376000
2379600	2412000
2466000	2484000
2552400	2570400
2638800	2656800
2725200	2743200
2811600	2829600
2898000	2916000
2984400	3002400
3056400	3067200
3070800	3110400
3142800	3153600
3157200	3196800
3229200	3240000
3243600	3283200
3315600	3326400
3330000	3369600
3402000	3412800
3416400	3456000
3488400	3499200
3502800	3542400
3574800	3585600
3589200	3628800
3675600	3693600
3762000	3780000
3848400	3866400
3934800	3952800
4021200	4039200
4107600	4125600
4194000	4212000
4266000	4276800
4280400	4312800
4352400	4363200
4366800	4399200
4438800	4449600
4453200	4485600
4525200	4536000
4539600	4572000
4611600	4622400
4626000	4658400
4698000	4708800
4712400	4744800
4784400	4795200
4798800	4831200
4870800	4881600
4885200	4903200
4957200	4968000
4971600	4989600
5043600	5054400
5058000	5076000
5130000	5140800
5144400	5162400
5216400	5227200
5230800	5248800
5302800	5313600
5317200	5335200
5389200	5400000
5403600	5421600
5475600	5486400
5490000	5522400
5562000	5572800
5576400	5608800
5648400	5659200
5662800	5695200
5734800	5745600
5749200	5781600
5821200	5832000
5835600	5868000
5907600	5918400
5922000	5954400
5994000	6004800
6008400	6040800
1000000000	2000000000
44444444444444444444
66664466666666446666
22222222222222222222
22222222222222222222
77333333223333553333
44224444444444444444
44444444334444444444
55555555226622553355
55555555555555555555
44444444444444444444
55555555445555555555
55555555555555555555
66666666668866666666
66665566666666666666
141
32400	43200
46800	79200
118800	129600
133200	165600
205200	216000
219600	252000
291600	302400
306000	338400
378000	388800
392400	424800
464400	475200
478800	511200
550800	561600
565200	597600
637200	648000
651600	684000
723600	734400
738000	770400
810000	820800
824400	856800
896400	907200
910800	943200
982800	993600
997200	1029600
1069200	1080000
1083600	1116000
1155600	1166400
1170000	1202400
1242000	1252800
1256400	1288800
1328400	1339200
1342800	1375200
1414800	1425600
1429200	1461600
1501200	1512000
1515600	1548000
1587600	1598400
1602000	1634400
1674000	1684800
1688400	1720800
1760400	1771200
1774800	1807200
1846800	1857600
1861200	1893600
1933200	1944000
1947600	1980000
2019600	2030400
2034000	2066400
2106000	2116800
2120400	2152800
2192400	2203200
2206800	2239200
2278800	2289600
2293200	2325600
2365200	2376000
2379600	2412000
2451600	2462400
2466000	2498400
2538000	2548800
2552400	2584800
2624400	2635200
2638800	2671200
2710800	2721600
2725200	2757600
2797200	2808000
2811600	2844000
2883600	2894400
2898000	2930400
2970000	2980800
2984400	3016800
3056400	3067200
3070800	3103200
3142800	3153600
3157200	3189600
3229200	3240000
3243600	3276000
3315600	3326400
3330000	3362400
3402000	3412800
3416400	3448800
3488400	3499200
3502800	3535200
3574800	3585600
3589200	3621600
3661200	3672000
3675600	3708000
3747600	3758400
3762000	3794400
3834000	3844800
3848400	3880800
3920400	3931200
3934800	3967200
4006800	4017600
4021200	4053600
4093200	4104000
4107600	4140000
4179600	4190400
4194000	4226400
4266000	4276800
4280400	4312800
4352400	4363200
4366800	4399200
4438800	4449600
4453200	4485600
4525200	4536000
4539600	4572000
4611600	4622400
4626000	4658400
4698000	4708800
4712400	4744800
4784400	4795200
4798800	4831200
4870800	4881600
4885200	4917600
4957200	4968000
4971600	5004000
5043600	5054400
5058000	5090400
5130000	5140800
5144400	5176800
5216400	5227200
5230800	5263200
5302800	5313600
5317200	5349600
5389200	5400000
5403600	5436000
5475600	5486400
5490000	5522400
5562000	5572800
5576400	5608800
5648400	5659200
5662800	5695200
5734800	5745600
5749200	5781600
5821200	5832000
5835600	5868000
5907600	5918400
5922000	5954400
5994000	6004800
6008400	6040800
1000000000	2000000000
44444444444444444444
66664466666666446666
22222222222222222222
22222222222222222222
77333333223333553333
44224444444444444444
44444444334444444444
55555555226622553355
55555555555555555555
44444444444444444444
55555555445555555555
55555555555555555555
66666666668866666666
66665566666666666666
141
32400	43200
46800	72000
118800	129600
133200	158400
205200	216000
219600	244800
291600	302400
306000	331200
378000	388800
392400	417600
464400	475200
478800	504000
550800	561600
565200	590400
637200	648000
651600	676800
723600	734400
738000	763200
810000	820800
824400	849600
896400	907200
910800	936000
982800	993600
997200	1022400
1069200	1080000
1083600	1108800
1155600	1166400
1170000	1195200
1242000	1252800
1256400	1281600
1328400	1339200
1342800	1368000
1414800	1425600
1429200	1454400
1501200	1512000
1515600	1540800
1587600	1598400
1602000	1627200
1674000	1684800
1688400	1713600
1760400	1771200
1774800	1800000
1846800	1857600
1861200	1886400
1933200	1944000
1947600	1972800
2019600	2030400
2034000	2059200
2106000	2116800
2120400	2145600
2192400	2203200
2206800	2232000
2278800	2289600
2293200	2318400
2365200	2376000
2379600	2404800
2451600	2462400
2466000	2491200
2538000	2548800
2552400	2577600
2624400	2635200
2638800	2664000
2710800	2721600
2725200	2750400
2797200	2808000
2811600	2836800
2883600	2894400
2898000	2923200
2970000	2980800
2984400	3009600
3056400	3067200
3070800	3096000
3142800	3153600
3157200	3182400
3229200	3240000
3243600	3268800
3315600	3326400
3330000	3355200
3402000	3412800
3416400	3441600
3488400	3499200
3502800	3528000
3574800	3585600
3589200	3614400
3661200	3672000
3675600	3700800
3747600	3758400
3762000	3787200
3834000	3844800
3848400	3873600
3920400	3931200
3934800	3960000
4006800	4017600
4021200	4046400
4093200	4104000
4107600	4132800
4179600	4190400
4194000	4219200
4266000	4276800
4280400	4305600
4352400	4363200
4366800	4392000
4438800	4449600
4453200	4478400
4525200	4536000
4539600	4564800
4611600	4622400
4626000	4651200
4698000	4708800
4712400	4737600
4784400	4795200
4798800	4824000
4870800	4881600
4885200	4910400
4957200	4968000
4971600	4996800
5043600	5054400
5058000	5083200
5130000	5140800
5144400	5169600
5216400	5227200
5230800	5256000
5302800	5313600
5317200	5342400
5389200	5400000
5403600	5428800
5475600	5486400
5490000	5515200
5562000	5572800
5576400	5601600
5648400	5659200
5662800	5688000
5734800	5745600
5749200	5774400
5821200	5832000
5835600	5860800
5907600	5918400
5922000	5947200
5994000	6004800
6008400	6033600
1000000000	2000000000
44444444444444444444
66664466666666446666
22222222222222222222
22222222222222222222
77333333223333553333
44224444444444444444
44444444334444444444
55555555226622553355
55555555555555555555
44444444444444444444
55555555445555555555
55555555555555555555
66666666668866666666
66665566666666666666
141
32400	43200
46800	79200
118800	129600
133200	165600
205200	216000
219600	252000
291600	302400
306000	338400
378000	388800
392400	424800
464400	475200
478800	511200
550800	561600
565200	597600
637200	648000
651600	684000
723600	734400
738000	770400
810000	820800
824400	856800
896400	907200
910800	943200
982800	993600
997200	1029600
1069200	1080000
1083600	1116000
1155600	1166400
1170000	1202400
1242000	1252800
1256400	1288800
1328400	1339200
1342800	1375200
1414800	1425600
1429200	1461600
1501200	1512000
1515600	1548000
1587600	1598400
1602000	1634400
1674000	1684800
1688400	1720800
1760400	1771200
1774800	1807200
1846800	1857600
1861200	1893600
1933200	1944000
1947600	1980000
2019600	2030400
2034000	2066400
2106000	2116800
2120400	2152800
2192400	2203200
2206800	2239200
2278800	2289600
2293200	2325600
2365200	2376000
2379600	2412000
2451600	2462400
2466000	2491200
2538000	2548800
2552400	2577600
2624400	2635200
2638800	2664000
2710800	2721600
2725200	2750400
2797200	2808000
2811600	2836800
2883600	2894400
2898000	2923200
2970000	2980800
2984400	3009600
3056400	3067200
3070800	3103200
3142800	3153600
3157200	3189600
3229200	3240000
3243600	3276000
3315600	3326400
3330000	3362400
3402000	3412800
3416400	3448800
3488400	3499200
3502800	3535200
3574800	3585600
3589200	3621600
3661200	3672000
3675600	3708000
3747600	3758400
3762000	3794400
3834000	3844800
3848400	3880800
3920400	3931200
3934800	3967200
4006800	4017600
4021200	4053600
4093200	4104000
4107600	4140000
4179600	4190400
4194000	4226400
4266000	4276800
4280400	4312800
4352400	4363200
4366800	4399200
4438800	4449600
4453200	4485600
4525200	4536000
4539600	4572000
4611600	4622400
4626000	4658400
4698000	4708800
4712400	4744800
4784400	4795200
4798800	4831200
4870800	4881600
4885200	4917600
4957200	4968000
4971600	5004000
5043600	5054400
5058000	5090400
5130000	5140800
5144400	5176800
5216400	5227200
5230800	5263200
5302800	5313600
5317200	5349600
5389200	5400000
5403600	5436000
5475600	5486400
5490000	5522400
5562000	5572800
5576400	5608800
5648400	5659200
5662800	5695200
5734800	5745600
5749200	5781600
5821200	5832000
5835600	5868000
5907600	5918400
5922000	5954400
5994000	6004800
6008400	6040800
1000000000	2000000000
44444444444444444444
66664466666666446666
22222222222222222222
22222222222222222222
77333333223333553333
44224444444444444444
44444444334444444444
55555555226622553355
55555555555555555555
44444444444444444444
55555555445555555555
55555555555555555555
66666666668866666666
66665566666666666666
141
32400	43200
46800	79200
118800	129600
133200	165600
205200	216000
219600	252000
291600	302400
306000	338400
378000	388800
392400	424800
464400	475200
478800	511200
550800	561600
565200	597600
637200	648000
651600	684000
723600	734400
738000	770400
810000	820800
824400	856800
896400	907200
910800	943200
982800	993600
997200	1029600
1069200	1080000
1083600	1116000
1155600	1166400
1170000	1202400
1242000	1252800
1256400	1288800
1328400	1339200
1342800	1375200
1414800	1425600
1429200	1461600
1501200	1512000
1515600	1548000
1587600	1598400
1602000	1634400
1674000	1684800
1688400	1720800
1760400	1771200
1774800	1807200
1846800	1857600
1861200	1893600
1933200	1944000
1947600	1980000
2019600	2030400
2034000	2066400
2106000	2116800
2120400	2152800
2192400	2203200
2206800	2239200
2278800	2289600
2293200	2325600
2365200	2376000
2379600	2412000
2451600	2462400
2466000	2498400
2538000	2548800
2552400	2584800
2624400	2635200
2638800	2671200
2710800	2721600
2725200	2757600
2797200	2808000
2811600	2844000
2883600	2894400
2898000	2930400
2970000	2980800
2984400	3016800
3056400	3067200
3070800	3103200
3142800	3153600
3157200	3189600
3229200	3240000
3243600	3276000
3315600	3326400
3330000	3362400
3402000	3412800
3416400	3448800
3488400	3499200
3502800	3535200
3574800	3585600
3589200	3621600
3661200	3672000
3675600	3708000
3747600	3758400
3762000	3794400
3834000	3844800
3848400	3880800
3920400	3931200
3934800	3967200
4006800	4017600
4021200	4053600
4093200	4104000
4107600	4140000
4179600	4190400
4194000	4226400
4266000	4276800
4280400	4312800
4352400	4363200
4366800	4399200
4438800	4449600
4453200	4485600
4525200	4536000
4539600	4572000
4611600	4622400
4626000	4658400
4698000	4708800
4712400	4744800
4784400	4795200
4798800	4831200
4870800	4881600
4885200	4917600
4957200	4968000
4971600	5004000
5043600	5054400
5058000	5090400
5130000	5140800
5144400	5176800
5216400	5227200
5230800	5263200
5302800	5313600
5317200	5349600
5389200	5400000
5403600	5436000
5475600	5486400
5490000	5522400
5562000	5572800
5576400	5608800
5648400	5659200
5662800	5695200
5734800	5745600
5749200	5781600
5821200	5832000
5835600	5868000
5907600	5918400
5922000	5954400
5994000	6004800
6008400	6040800
1000000000	2000000000
44444444444444444444
66664466666666446666
22222222222222222222
22222222222222222222
77333333223333553333
44224444444444444444
44444444334444444444
55555555226622553355
55555555555555555555
44444444444444444444
55555555445555555555
55555555555555555555
66666666668866666666
66665566666666666666
141
32400	43200
46800	86400
118800	129600
133200	172800
205200	216000
219600	259200
291600	302400
306000	345600
378000	388800
392400	432000
464400	475200
478800	518400
550800	561600
565200	604800
637200	648000
651600	691200
723600	734400
738000	777600
810000	820800
824400	864000
896400	907200
910800	950400
982800	993600
997200	1036800
1069200	1080000
1083600	1123200
1155600	1166400
1170000	1209600
1242000	1252800
1256400	1296000
1328400	1339200
1342800	1382400
1414800	1425600
1429200	1468800
1501200	1512000
1515600	1555200
1587600	1598400
1602000	1641600
1674000	1684800
1688400	1728000
1760400	1771200
1774800	1814400
1846800	1857600
1861200	1900800
1933200	1944000
1947600	1987200
2019600	2030400
2034000	2073600
2106000	2116800
2120400	2160000
2192400	2203200
2206800	2246400
2278800	2289600
2293200	2332800
2365200	2376000
2379600	2419200
2451600	2462400
2466000	2505600
2538000	2548800
2552400	2592000
2624400	2635200
2638800	2678400
2710800	2721600
2725200	2764800
2797200	2808000
2811600	2851200
2883600	2894400
2898000	2937600
2970000	2980800
2984400	3024000
3056400	3067200
3070800	3124800
3142800	3153600
3157200	3211200
3229200	3240000
3243600	3297600
3315600	3326400
3330000	3384000
3402000	3412800
3416400	3470400
3488400	3499200
3502800	3556800
3574800	3585600
3589200	3643200
3661200	3672000
3675600	3715200
3747600	3758400
3762000	3801600
3834000	3844800
3848400	3888000
3920400	3931200
3934800	3974400
4006800	4017600
4021200	4060800
4093200	4104000
4107600	4147200
4179600	4190400
4194000	4233600
4266000	4276800
4280400	4320000
4352400	4363200
4366800	4406400
4438800	4449600
4453200	4492800
4525200	4536000
4539600	4579200
4611600	4622400
4626000	4665600
4698000	4708800
4712400	4752000
4784400	4795200
4798800	4838400
4870800	4881600
4885200	4924800
4957200	4968000
4971600	5011200
5043600	5054400
5058000	5097600
5130000	5140800
5144400	5184000
5216400	5227200
5230800	5270400
5302800	5313600
5317200	5356800
5389200	5400000
5403600	5443200
5475600	5486400
5490000	5529600
5562000	5572800
5576400	5616000
5648400	5659200
5662800	5702400
5734800	5745600
5749200	5788800
5821200	5832000
5835600	5875200
5907600	5918400
5922000	5961600
5994000	6004800
6008400	6048000
1000000000	2000000000
44444444444444444444
66664466666666446666
22222222222222222222
22222222222222222222
77333333223333553333
44224444444444444444
44444444334444444444
55555555226622553355
55555555555555555555
44444444444444444444
55555555445555555555
55555555555555555555
66666666668866666666
66665566666666666666
141
32400	43200
46800	86400
118800	129600
133200	172800
205200	216000
219600	259200
291600	302400
306000	345600
378000	388800
392400	432000
464400	475200
478800	518400
550800	561600
565200	604800
637200	648000
651600	691200
723600	734400
738000	777600
810000	820800
824400	864000
896400	907200
910800	950400
982800	993600
997200	1036800
1069200	1080000
1083600	1123200
1155600	1166400
1170000	1209600
1242000	1252800
1256400	1288800
1328400	1339200
1342800	1375200
1414800	1425600
1429200	1461600
1501200	1512000
1515600	1548000
1587600	1598400
1602000	1634400
1674000	1684800
1688400	1720800
1760400	1771200
1774800	1807200
1846800	1857600
1861200	1900800
1933200	1944000
1947600	1987200
2019600	2030400
2034000	2073600
2106000	2116800
2120400	2160000
2192400	2203200
2206800	2246400
2278800	2289600
2293200	2332800
2365200	2376000
2379600	2419200
2451600	2462400
2466000	2505600
2538000	2548800
2552400	2592000
2624400	2635200
2638800	2678400
2710800	2721600
2725200	2764800
2797200	2808000
2811600	2851200
2883600	2894400
2898000	2937600
2970000	2980800
2984400	3024000
3056400	3067200
3070800	3110400
3142800	3153600
3157200	3196800
3229200	3240000
3243600	3283200
3315600	3326400
3330000	3369600
3402000	3412800
3416400	3456000
3488400	3499200
3502800	3542400
3574800	3585600
3589200	3628800
3661200	3672000
3675600	3715200
3747600	3758400
3762000	3801600
3834000	3844800
3848400	3888000
3920400	3931200
3934800	3974400
4006800	4017600
4021200	4060800
4093200	4104000
4107600	4147200
4179600	4190400
4194000	4233600
4266000	4276800
4280400	4320000
4352400	4363200
4366800	4406400
4438800	4449600
4453200	4492800
4525200	4536000
4539600	4579200
4611600	4622400
4626000	4665600
4698000	4708800
4712400	4752000
4784400	4795200
4798800	4838400
4870800	4881600
4885200	4924800
4957200	4968000
4971600	5011200
5043600	5054400
5058000	5097600
5130000	5140800
5144400	5184000
5216400	5227200
5230800	5270400
5302800	5313600
5317200	5356800
5389200	5400000
5403600	5443200
5475600	5486400
5490000	5529600
5562000	5572800
5576400	5616000
5648400	5659200
5662800	5702400
5734800	5745600
5749200	5788800
5821200	5832000
5835600	5875200
5907600	5918400
5922000	5961600
5994000	6004800
6008400	6048000
1000000000	2000000000
44444444444444444444
66664466666666446666
22222222222222222222
22222222222222222222
77333333223333553333
44224444444444444444
44444444334444444444
55555555226622553355
55555555555555555555
44444444444444444444
55555555445555555555
55555555555555555555
66666666668866666666
66665566666666666666
0.48
