11
7
300
272
0	1
4222	6333
2	
1	5
4222	6333
2	4	6	7	8	
2	4
4222	6333
3	4	6	9	
3	1
4222	6333
4	
4	5
4222	6333
2	3	4	7	9	
5	5
4222	6333
1	3	5	6	9	
6	5
4222	6333
0	3	4	7	9	
7	1
4222	6333
4	
8	4
4222	6333
1	5	7	8	
9	1
4222	6333
5	
10	5
4222	6333
3	4	6	7	8	
11	3
4222	6333
1	4	6	
12	2
4222	6333
4	9	
13	3
4222	6333
2	7	9	
14	4
4222	6333
1	5	6	9	
15	3
4222	6333
0	4	8	
16	1
4222	6333
4	
17	3
4222	6333
1	5	9	
18	5
4222	6333
1	4	6	7	9	
19	4
4222	6333
2	4	7	9	
20	3
4222	6333
0	4	9	
21	2
4222	6333
7	8	
22	2
4222	6333
5	6	
23	1
4222	6333
6	
24	1
4222	6333
8	
25	5
4222	6333
2	3	5	7	8	
26	4
4222	6333
0	3	5	6	
27	4
4222	6333
1	4	7	8	
28	2
4222	6333
6	9	
29	2
4222	6333
1	8	
30	4
4222	6333
0	5	6	8	
31	3
4222	6333
0	4	7	
32	3
4222	6333
2	5	8	
33	5
4222	6333
0	5	6	7	8	
34	1
4222	6333
9	
35	3
4222	6333
1	7	8	
36	5
4222	6333
1	3	4	7	8	
37	2
4222	6333
1	5	
38	3
4222	6333
4	7	8	
39	5
4222	6333
2	5	6	7	8	
40	1
4222	6333
0	
41	5
4222	6333
1	4	6	7	8	
42	4
4222	6333
1	4	7	8	
43	5
4222	6333
2	5	6	7	9	
44	2
4222	6333
3	9	
45	4
4222	6333
0	3	6	8	
46	5
4222	6333
0	3	4	7	9	
47	2
4222	6333
6	8	
48	4
4222	6333
0	6	7	8	
49	5
4222	6333
3	4	6	7	8	
50	1
4222	6333
3	
51	3
4222	6333
2	5	9	
52	4
4222	6333
3	5	6	8	
53	5
4222	6333
0	5	6	7	8	
54	3
4222	6333
0	4	8	
55	3
4222	6333
1	4	7	
56	3
4222	6333
1	4	7	
57	2
4222	6333
1	8	
58	3
4222	6333
3	6	9	
59	5
4222	6333
0	3	4	7	9	
60	1
4222	6333
7	
61	1
4222	6333
6	
62	4
4222	6333
1	5	6	9	
63	2
4222	6333
5	9	
64	5
4222	6333
2	3	5	6	8	
65	3
4222	6333
0	5	8	
66	1
4222	6333
2	
67	5
4222	6333
2	3	5	7	8	
68	1
4222	6333
8	
69	3
4222	6333
0	4	6	
70	1
4222	6333
5	
71	5
4222	6333
0	5	6	7	8	
72	4
4222	6333
2	5	6	9	
73	5
4222	6333
0	5	6	7	9	
74	3
4222	6333
1	5	6	
75	4
4222	6333
2	5	7	9	
76	3
4222	6333
3	5	7	
77	3
4222	6333
1	5	8	
78	4
4222	6333
2	5	6	8	
79	2
4222	6333
2	5	
80	4
4222	6333
4	6	7	8	
81	1
4222	6333
8	
82	3
4222	6333
4	6	9	
83	3
4222	6333
4	6	8	
84	5
4222	6333
1	4	6	7	8	
85	1
4222	6333
7	
86	1
4222	6333
7	
87	3
4222	6333
1	4	8	
88	5
4222	6333
0	4	6	7	8	
89	5
4222	6333
2	3	4	6	7	
90	5
4222	6333
2	3	4	6	8	
91	3
4222	6333
2	5	8	
92	5
4222	6333
2	3	4	6	9	
93	1
4222	6333
6	
94	1
4222	6333
4	
95	4
4222	6333
0	6	7	8	
96	3
4222	6333
2	3	5	
97	1
4222	6333
6	
98	2
4222	6333
2	9	
99	2
4222	6333
4	9	
100	1
4222	6333
1	
101	3
4222	6333
5	6	8	
102	1
4222	6333
2	
103	1
4222	6333
9	
104	4
4222	6333
1	4	6	9	
105	2
4222	6333
2	4	
106	4
4222	6333
2	5	7	8	
107	3
4222	6333
2	4	9	
108	4
4222	6333
2	3	4	9	
109	2
4222	6333
3	9	
110	4
4222	6333
1	3	4	9	
111	5
4222	6333
1	4	6	7	9	
112	5
4222	6333
0	3	5	7	9	
113	4
4222	6333
1	5	6	8	
114	2
4222	6333
4	6	
115	3
4222	6333
1	4	9	
116	2
4222	6333
6	8	
117	3
4222	6333
1	7	8	
118	1
4222	6333
6	
119	2
4222	6333
1	8	
120	2
4222	6333
4	7	
121	4
4222	6333
0	3	5	9	
122	1
4222	6333
5	
123	1
4222	6333
4	
124	4
4222	6333
1	4	6	8	
125	5
4222	6333
2	3	4	7	9	
126	4
4222	6333
0	4	6	9	
127	1
4222	6333
0	
128	4
4222	6333
1	5	6	9	
129	2
4222	6333
0	9	
130	1
4222	6333
0	
131	2
4222	6333
0	8	
132	1
4222	6333
2	
133	5
4222	6333
2	3	5	6	7	
134	5
4222	6333
0	4	6	7	9	
135	4
4222	6333
1	4	7	8	
136	4
4222	6333
1	3	4	8	
137	3
4222	6333
4	7	9	
138	5
4222	6333
0	5	6	7	9	
139	5
4222	6333
2	4	6	7	8	
140	3
4222	6333
5	6	7	
141	1
4222	6333
8	
142	4
4222	6333
2	3	5	8	
143	2
4222	6333
0	4	
144	4
4222	6333
0	3	5	9	
145	2
4222	6333
4	9	
146	4
4222	6333
4	6	7	8	
147	3
4222	6333
1	6	9	
148	4
4222	6333
2	3	6	9	
149	5
4222	6333
1	5	6	7	9	
150	4
4222	6333
2	5	6	8	
151	2
4222	6333
0	5	
152	2
4222	6333
3	7	
153	1
4222	6333
0	
154	2
4222	6333
6	9	
155	2
4222	6333
6	9	
156	3
4222	6333
2	3	4	
157	5
4222	6333
0	5	6	7	9	
158	2
4222	6333
0	8	
159	2
4222	6333
5	8	
160	5
4222	6333
1	4	6	7	8	
161	2
4222	6333
3	8	
162	1
4222	6333
9	
163	5
4222	6333
2	4	6	7	8	
164	2
4222	6333
0	3	
165	4
4222	6333
0	5	7	9	
166	5
4222	6333
1	3	4	7	9	
167	4
4222	6333
1	5	6	9	
168	5
4222	6333
0	4	6	7	8	
169	1
4222	6333
1	
170	1
4222	6333
7	
171	2
4222	6333
3	9	
172	5
4222	6333
0	3	5	6	9	
173	2
4222	6333
4	9	
174	1
4222	6333
1	
175	2
4222	6333
5	9	
176	5
4222	6333
0	4	6	7	8	
177	5
4222	6333
0	3	5	7	9	
178	1
4222	6333
6	
179	3
4222	6333
2	4	8	
180	1
4222	6333
2	
181	1
4222	6333
3	
182	5
4222	6333
0	3	4	6	8	
183	1
4222	6333
8	
184	5
4222	6333
1	4	6	7	9	
185	1
4222	6333
3	
186	5
4222	6333
1	3	4	7	8	
187	5
4222	6333
0	3	5	7	9	
188	3
4222	6333
0	5	8	
189	5
4222	6333
0	5	6	7	8	
190	3
4222	6333
4	7	9	
191	3
4222	6333
1	4	7	
192	2
4222	6333
5	8	
193	1
4222	6333
8	
194	5
4222	6333
1	5	6	7	8	
195	1
4222	6333
7	
196	2
4222	6333
0	6	
197	1
4222	6333
1	
198	5
4222	6333
2	3	4	7	9	
199	5
4222	6333
2	3	4	7	8	
200	1
4222	6333
8	
201	2
4222	6333
1	6	
202	5
4222	6333
1	3	5	6	8	
203	3
4222	6333
5	7	9	
204	4
4222	6333
2	3	5	9	
205	3
4222	6333
1	6	9	
206	2
4222	6333
2	4	
207	5
4222	6333
0	3	4	7	8	
208	5
4222	6333
2	5	6	7	8	
209	2
4222	6333
2	3	
210	4
4222	6333
1	5	6	7	
211	5
4222	6333
2	3	4	6	8	
212	2
4222	6333
2	8	
213	3
4222	6333
2	5	8	
214	2
4222	6333
6	9	
215	3
4222	6333
4	6	8	
216	3
4222	6333
2	3	9	
217	2
4222	6333
6	9	
218	4
4222	6333
3	4	6	9	
219	2
4222	6333
7	9	
220	3
4222	6333
1	6	9	
221	4
4222	6333
0	4	6	8	
222	5
4222	6333
1	3	5	6	8	
223	3
4222	6333
1	4	9	
224	4
4222	6333
1	6	7	8	
225	1
4222	6333
0	
226	4
4222	6333
3	5	7	9	
227	5
4222	6333
2	3	4	6	8	
228	3
4222	6333
2	5	9	
229	2
4222	6333
2	6	
230	5
4222	6333
0	3	4	6	9	
231	2
4222	6333
4	7	
232	1
4222	6333
3	
233	5
4222	6333
1	3	5	6	9	
234	5
4222	6333
0	5	6	7	8	
235	2
4222	6333
2	7	
236	4
4222	6333
2	3	4	8	
237	2
4222	6333
4	9	
238	2
4222	6333
0	4	
239	2
4222	6333
1	8	
240	2
4222	6333
2	9	
241	3
4222	6333
2	4	9	
242	5
4222	6333
2	5	6	7	8	
243	1
4222	6333
5	
244	2
4222	6333
2	9	
245	5
4222	6333
1	3	6	7	8	
246	2
4222	6333
1	8	
247	5
4222	6333
1	5	6	7	9	
248	2
4222	6333
3	5	
249	5
4222	6333
0	5	6	7	8	
250	2
4222	6333
0	7	
251	5
4222	6333
1	3	5	6	8	
252	3
4222	6333
5	6	8	
253	2
4222	6333
5	8	
254	2
4222	6333
4	9	
255	4
4222	6333
2	5	6	9	
256	2
4222	6333
1	7	
257	5
4222	6333
1	4	6	7	9	
258	4
4222	6333
2	4	6	9	
259	1
4222	6333
3	
260	3
4222	6333
0	4	6	
261	2
4222	6333
4	7	
262	1
4222	6333
3	
263	4
4222	6333
0	6	7	8	
264	5
4222	6333
0	4	6	7	9	
265	3
4222	6333
3	6	9	
266	1
4222	6333
9	
267	2
4222	6333
4	8	
268	4
4222	6333
0	6	7	8	
269	4
4222	6333
2	6	7	8	
270	5
4222	6333
0	3	5	6	9	
271	1
4222	6333
5	
10
0
0	1	2	1216	1275
1.36029	0.407517	0.642165
0.796299	0.0451552	0.179253	0.235056	0.0761944	0.421343	0.0626701	0.468477	0.955385	
1
0	1	2	1068	1117
1.24135	0.772908	0.890466
0.810719	0.595189	0.135791	0.820293	0.350599	0.489849	0.83992	0.573608	0.559224	
2
0	1	1	854	891
1.46445	0.382572	0.932377
0.919786	0.421593	0.640055	0.684435	0.726762	0.367385	0.269041	0.545503	0.00515931	
3
1	1	3	1002	1063
1.18762	0.383473	0.532937
0.872673	0.0299139	0.402831	0.776472	0.571024	0.134039	0.0957177	0.326323	0.437961	
4
2	1	2	1260	1262
1.4897	0.372654	0.833654
0.812081	0.782255	0.342602	0.610094	0.511889	0.359077	0.513433	0.171853	0.910016	
5
2	1	1	1111	1142
1.11365	0.85885	0.931947
0.623807	0.700149	0.558578	0.377531	0.313787	0.290029	0.393621	0.426001	0.701037	
6
3	1	3	906	911
1.39127	0.531256	0.974946
0.553022	0.0799032	0.70357	0.0799713	0.481537	0.142946	0.646148	0.942821	0.365967	
7
4	1	2	1601	1616
1.4369	0.80458	0.941459
0.35311	0.125854	0.334109	0.547247	0.357586	0.278381	0.735922	0.303361	0.694435	
8
5	1	1	883	910
1.27597	0.48769	0.987985
0.0204786	0.123769	0.444822	0.620305	0.898911	0.8593	0.0964039	0.702376	0.904296	
9
5	1	3	1296	1322
1.33771	0.540241	0.719906
0.364587	0.529075	0.315608	0.792503	0.236768	0.644563	0.0310442	0.273403	0.370843	
1083
0	219	643084
4756	5884	
1	191	41809
4607	6039	4653	
2	207	53900
5980	6025	5940	4366	5441	
3	167	651950
6154	4738	5423	5266	
4	25	59978
5380	4499	6193	4941	5901	
5	36	64568
4733	5439	4474	4471	4590	
6	81	70049
5481	
7	248	136260
4259	5865	
8	184	656758
6259	5506	5107	6103	4808	
9	132	47046
5666	
10	245	143014
5592	4352	6185	4417	5824	
11	76	146772
5153	5367	5165	
12	246	149007
5723	5993	
13	243	150943
5802	
14	224	154968
6090	4720	6239	5961	
15	24	159500
4532	
16	102	51630
4584	
17	174	137548
4790	
18	55	205249
5139	5315	5438	
19	44	662267
5583	5509	
20	21	211371
6122	5059	
21	198	666528
5031	5822	4494	5261	4261	
22	75	672757
6087	6020	6018	6229	
23	195	236794
5276	
24	236	231943
4536	5622	4501	6090	
25	42	241367
5593	5503	4305	4573	
26	85	292138
4239	
27	100	207395
5115	
28	192	246420
5759	5053	
29	109	677941
4814	5184	
30	129	683865
4369	5924	
31	245	309164
5464	5593	5160	4711	4373	
32	138	688758
5710	4961	5789	4986	4893	
33	145	726602
5651	5444	
34	213	315369
5920	4675	6205	
35	144	731141
6228	4828	6264	4539	
36	179	319754
5710	6178	4385	
37	177	739539
5692	5937	4250	6261	4798	
38	70	324681
4755	
39	223	744712
4224	6214	5173	
40	133	395039
5848	5732	5240	6219	5905	
41	54	325968
5232	4860	6214	
42	148	750199
4565	6119	5581	5487	
43	65	400049
4753	4425	5990	
44	225	137603
6039	
45	111	754788
4346	4885	5266	6201	4589	
46	50	406260
6083	
47	95	412871
6102	5221	5765	6051	
48	183	417744
4873	
49	72	760472
4949	5405	5756	5684	
50	31	416885
5706	6256	4300	
51	100	230872
5843	
52	5	765480
4701	4740	6309	4975	5008	
53	140	486704
6161	4955	5899	
54	231	492870
5397	6166	
55	75	771725
4660	5343	4280	6245	
56	4	777597
4985	4875	4279	5209	5872	
57	137	814911
4762	6114	4914	
58	25	559869
5994	6109	5035	4244	4596	
59	124	568019
5409	4702	4796	4550	
60	78	572449
5030	5815	4838	4430	
61	114	507125
6097	5172	
62	242	577981
6053	5555	6210	4465	5532	
63	149	819440
5699	5318	4527	5011	4529	
64	58	827541
5020	4887	4501	
65	189	583646
4611	4360	5250	6217	5665	
66	202	589849
5307	5293	5987	6063	6203	
67	162	831959
4418	
68	49	596028
5378	5765	5914	6200	6179	
69	63	837732
5654	5773	
70	101	601061
4443	5209	5033	
71	194	641353
6028	6257	5195	6167	5681	
72	124	1242502
5947	5806	4447	5221	
73	83	1248639
5195	6212	4707	
74	48	1853113
6084	5446	4354	6313	
75	218	1262955
5786	4690	5270	5161	
76	101	1861853
4728	5502	5140	
77	101	1867485
5308	5330	5632	
78	213	1873076
6260	4380	5591	
79	256	1856571
4384	5417	
80	146	1878980
6184	5466	6178	5904	
81	160	1883724
5830	4314	5917	4747	4744	
82	209	653383
5695	4722	
83	99	1268712
4949	5757	
84	191	1875899
4620	5748	4803	
85	13	1881766
6107	5714	5867	
86	172	1886525
6025	6216	4619	4533	4759	
87	142	1888880
5584	6176	4532	5156	
88	114	1333560
5094	4257	
89	211	1893251
4466	5898	5751	4281	4371	
90	138	1933729
5632	5737	5796	5287	5592	
91	32	1897601
6017	5467	4350	
92	30	1935167
4350	4991	6009	5166	
93	173	1939138
6327	5409	
94	157	1947637
4581	4940	4230	5741	4899	
95	13	1952711
5865	4256	5074	
96	216	1958956
5511	5667	6245	
97	67	1952447
6123	6020	5589	4742	5150	
98	118	1363478
6002	
99	45	1957793
5817	5397	4432	5346	
100	145	1963944
6167	4988	
101	222	1962722
5741	5996	6257	5753	4929	
102	110	1969179
5684	6219	5285	5235	
103	61	1419476
6213	
104	2	1974312
5219	4723	4686	5133	
105	113	1967127
4446	4822	5365	4405	
106	177	1979440
5292	5384	5271	5144	5128	
107	193	1972533
5406	
108	264	1983721
5556	4674	4939	4609	4281	
109	144	2020652
5079	5231	4640	4531	
110	232	926974
4968	
111	248	1000338
4633	5179	
112	83	1977101
4726	6027	4568	
113	161	1981338
4451	4237	
114	204	2025418
4910	6164	5040	4766	
115	117	1985756
5037	4897	4418	
116	208	2023644
4912	5299	4388	5717	5488	
117	160	2028971
5081	4670	6155	4413	5327	
118	216	2035321
4378	5366	6303	
119	229	1460284
5222	5648	
120	167	2041367
4313	6173	4812	6046	
121	10	2037502
4280	4780	5872	4859	4931	
122	159	2043564
4431	6062	
123	255	2047111
6326	6306	5095	5744	
124	211	2048542
5892	4483	5768	5836	4978	
125	216	2052220
4712	4926	5109	
126	137	2057154
6276	6101	4934	
127	245	2053231
5221	5251	5721	5417	4689	
128	233	2062814
4585	5899	6290	5279	5660	
129	262	1182262
4635	
130	214	2067718
5829	4904	
131	175	2072858
5446	5140	
132	247	2111476
6128	5024	6260	4417	6218	
133	232	1187591
5329	
134	150	2058014
4983	6305	4414	4783	
135	222	2063582
5684	5645	6194	4662	5568	
136	107	2120711
5239	5446	5635	
137	192	2069237
5618	5655	
138	151	1263078
5242	6114	
139	11	1606687
5529	5900	6223	
140	186	2107025
6020	5147	5623	5115	5388	
141	271	1268134
5056	
142	139	2112559
5299	4298	5250	4222	5534	
143	72	2126865
5393	5438	4852	6154	
144	6	2131556
4421	6320	5710	6013	4691	
145	96	1278844
6246	5687	5272	
146	142	2121968
4314	6241	5634	5809	
147	87	2126979
5417	5741	5011	
148	80	2131558
6025	6020	4905	4579	
149	138	2137215
5436	5473	4662	4915	5659	
150	73	2142522
5843	6180	5049	5547	5307	
151	221	2137201
5641	5325	4548	5643	
152	93	1681873
5205	
153	259	1278690
4459	
154	157	2148173
6036	6214	5663	5998	5651	
155	117	2142390
5111	5384	5189	
156	162	2153692
5519	
157	202	2148323
5471	5774	4732	4526	5933	
158	215	2153568
4620	4535	5245	
159	163	2193086
4716	5126	5826	5768	5812	
160	184	2198382
6031	4628	6052	4914	5302	
161	120	2202824
6319	4830	
162	142	2198096
6142	4743	5780	5010	
163	140	2211753
4703	6115	5329	
164	97	1763488
5698	
165	76	2217989
5386	5740	6236	
166	131	2202442
5893	4346	
167	263	2223877
5671	5861	5091	5888	
168	39	2228983
5222	4799	4396	5796	5106	
169	202	2234592
4834	5686	4302	5382	5609	
170	146	2282002
6086	5554	6325	4890	
171	20	2202683
5868	5337	4301	
172	202	2287935
6095	5663	4749	4862	5933	
173	81	2296888
5353	
174	35	2301469
4552	4748	4581	
175	150	2306348
5779	4773	4613	4879	
176	72	2212373
5133	4785	5202	6090	
177	192	2311496
5821	5148	
178	119	2317507
4224	6011	
179	24	2323381
5874	
180	207	2329091
4934	5395	5813	6112	5710	
181	130	493829
6006	
182	88	2366312
4401	4805	4791	5492	4821	
183	232	1351701
4364	
184	43	2306615
5616	6222	5866	4662	4406	
185	13	2312576
5751	4339	5961	
186	129	2318577
4527	6001	
187	64	2370863
6223	5553	5550	6147	4551	
188	96	1442002
4927	4905	5701	
189	174	730686
4685	
190	246	2375783
4812	4920	
191	216	2323983
5816	5146	5406	
192	100	744258
5160	
193	202	2385599
5222	5494	6151	4687	6216	
194	145	2329601
5607	5618	
195	214	2367726
6076	5725	
196	15	2390954
5713	6330	5355	
197	221	2396223
5524	5828	5800	5269	
198	151	1453940
4973	5787	
199	79	1459914
5756	5974	
200	75	2373065
5102	5462	6095	5339	
201	246	2400863
5723	4640	
202	160	2405145
4986	5516	6180	4658	4282	
203	263	2410363
5449	5618	5533	5218	
204	165	2383305
5735	5541	5664	5590	
205	99	2389497
4313	6192	
206	78	2416544
5800	4776	4830	6181	
207	159	2453245
4892	4301	
208	249	2458839
4647	4631	5462	4714	5594	
209	47	2468019
4807	5580	
210	117	2472970
6143	6108	4951	
211	45	2477684
5897	5447	6216	4714	
212	173	2395115
4235	5618	
213	8	2482240
5019	5237	5531	4556	
214	23	1960657
4819	
215	179	2487325
4530	5392	5085	
216	217	2400547
6082	5432	
217	38	2492455
5218	5964	5130	
218	179	2497598
5105	4294	5143	
219	81	2503260
5662	
220	83	2541986
4630	5456	6326	
221	199	2546987
4520	4963	6087	4977	5001	
222	259	1420174
4565	
223	187	2467157
4993	5510	6189	5788	6159	
224	99	2471927
5280	4770	
225	130	666169
5281	
226	189	2555958
5850	5401	5439	4428	5371	
227	22	2022516
4317	5282	
228	58	2477501
5565	4888	5574	
229	193	2562144
6186	
230	32	2567536
4544	5156	5392	
231	114	2036868
6206	5864	
232	43	2482478
5436	5590	5550	4736	4977	
233	21	2572477
4792	4941	
234	262	1440811
5962	
235	45	2577515
6095	5138	6189	5038	
236	206	1504818
4978	5190	
237	45	2583598
5260	4267	5697	6083	
238	41	2588548
6233	6024	4818	5880	4950	
239	10	2626176
5827	5077	5384	6323	5228	
240	223	2488117
5672	4375	5639	
241	124	2630646
4514	5790	4836	4470	
242	84	2635019
4252	5023	5369	4686	4373	
243	265	2493041
6276	5741	4924	
244	160	2644080
6022	4326	5272	6167	5461	
245	12	2499163
4565	6122	
246	59	2560258
6150	5157	4638	5159	6060	
247	248	1590988
6020	5482	
248	3	1554475
6239	
249	65	2649767
5655	6015	5687	
250	85	2563602
4245	
251	96	1606897
5745	5281	6294	
252	52	2655302
5884	5488	6143	5535	
253	158	2660514
5758	5212	
254	259	1525743
5082	
255	22	2139965
6037	4898	
256	108	2564709
6068	4324	4813	4451	
257	215	2664931
4325	6238	4417	
258	271	1624078
5656	
259	17	2569697
5077	4584	4988	
260	130	817390
4853	
261	236	2669246
5698	5839	5707	4315	
262	136	2674169
5845	5095	4705	4923	
263	187	2575336
5866	6081	5170	4866	5639	
264	209	1551782
5839	4700	
265	95	2712742
5690	4819	5897	6173	
266	250	2625731
5196	4566	
267	82	2579921
5535	5738	4585	
268	140	2630481
5192	4405	4750	
269	188	2719046
5181	4443	6304	
270	168	2728299
4951	5638	5224	5197	5653	
271	138	2645368
4573	5847	6186	5383	6090	
272	238	1625812
4484	4614	
273	62	2650365
5937	4966	4463	4997	
274	212	2733131
5219	4832	
275	252	2738713
6027	4696	5582	
276	248	1701626
6026	5319	
277	178	2230305
5371	
278	258	2655278
6076	4486	4901	4913	
279	46	2659957
5299	6061	4724	4359	4679	
280	270	2665124
5972	4417	5166	5298	5167	
281	174	989580
5477	
282	163	2744600
5643	5055	4296	5276	5887	
283	156	1677701
5674	6302	5224	
284	126	2669803
5574	4744	5566	4679	
285	193	2749408
4808	
286	149	2675904
6211	5079	5549	5367	6101	
287	191	2712358
6086	4740	5895	
288	211	2754893
5767	5153	5568	4438	5485	
289	235	2718603
5003	6245	
290	47	2760491
4323	5598	
291	77	2797227
6270	4746	4336	
292	41	2801864
6183	5848	5007	6297	4637	
293	136	2811708
5128	4273	5546	6244	
294	214	2714308
4246	6004	
295	44	2720194
5679	5886	
296	125	2734480
6307	5730	5611	5980	4312	
297	86	2739948
5468	
298	135	2816816
5572	5379	4736	5108	
299	218	2740176
5449	5140	5738	5696	
300	59	2750860
5283	5192	4578	5391	6176	
301	131	2822691
6054	5875	
302	157	2803080
5251	4762	5433	6204	5546	
303	179	2826983
5632	6211	4292	
304	30	2832545
5782	4722	5690	5562	
305	19	2807369
4749	6122	4285	4289	
306	101	2837031
5640	4262	4486	
307	2	2815519
4473	5327	4521	4550	
308	80	2842071
4638	4271	4337	5040	
309	101	2847370
5638	5625	5299	
310	111	2821039
5934	5819	5458	5503	5520	
311	7	1797919
5347	
312	240	2825995
5173	4956	
313	165	2830799
5844	6230	4520	4804	
314	247	2836583
5477	5248	6175	4995	5784	
315	223	2841490
5563	5944	4907	
316	116	2884465
4611	4695	
317	222	2889306
5442	5077	5799	6171	4841	
318	22	2467493
5694	6009	
319	182	2898724
5433	5282	5060	5181	5818	
320	65	2904975
6031	6092	6251	
321	116	2910645
4932	5670	
322	25	2916822
5328	4602	5027	6157	6177	
323	244	2847756
4487	6266	
324	225	1091190
4936	
325	235	2888734
5392	5458	
326	255	2885268
4561	4694	4885	5112	
327	57	2922104
4882	5282	
328	40	1096331
5141	
329	137	2898143
4818	5794	5809	
330	156	1850690
5855	5480	4549	
331	258	2904450
5989	5450	5850	6307	
332	57	2928304
4678	6200	
333	181	1709250
6272	
334	266	2910348
5898	
335	66	1264477
6324	
336	202	2933555
6221	5325	6188	5732	5251	
337	18	2916174
5912	5058	4609	5067	5826	
338	215	2972271
6049	5186	6316	
339	215	2978141
4617	5615	5870	
340	197	1246797
4858	
341	89	2907949
5169	5163	5520	5319	4754	
342	155	2921224
5748	5050	
343	8	2987321
5470	4746	5054	5580	
344	89	2919168
5315	5828	4446	5384	6165	
345	239	2991982
4427	4661	
346	16	1889684
4254	
347	268	2996423
4568	4589	4628	4441	
348	144	2927148
5914	5207	5388	5924	
349	29	3001523
4367	5100	
350	127	1165711
4898	
351	228	2933067
4544	5431	5919	
352	36	3006320
5506	4295	4749	4361	4797	
353	179	3010901
5642	4508	4581	
354	135	3015605
5224	5177	5287	4704	
355	32	3020803
5998	4858	5198	
356	243	1879887
5113	
357	86	2990066
6222	
358	270	2970814
5451	5225	6008	4965	5347	
359	213	3058242
4778	4820	5039	
360	16	1941779
5261	
361	214	2976330
6046	5516	
362	198	2996139
5915	6125	4889	4995	6073	
363	270	3001582
5096	5406	5196	5256	5443	
364	110	3007764
5301	4558	5000	6182	
365	131	3064048
5122	5806	
366	195	3001380
6319	
367	216	3013970
5117	4421	6206	
368	249	3072008
5327	4915	4877	4339	4360	
369	43	3057601
5887	5648	4751	5081	4396	
370	98	3062227
6193	4626	
371	242	3078184
5701	5435	4636	5489	6176	
372	105	1961379
5965	6111	
373	178	2652072
4618	
374	156	1966213
5857	4913	4834	
375	239	3084323
6298	6139	
376	249	3089796
4583	4331	5820	5526	5473	
377	45	3095709
6322	4318	4959	5913	
378	104	3072148
5329	4246	4420	6321	
379	80	3100230
5204	5793	6270	4521	
380	48	3106418
5850	5374	4413	6188	
381	212	3143444
5345	4626	
382	0	1520110
5407	
383	183	3149701
6257	
384	248	1972078
4864	5438	
385	179	3158207
4578	4378	4906	
386	212	3164089
4526	5882	
387	73	3088504
4322	4697	6103	4235	5606	
388	201	2733941
4613	6200	
389	173	3093847
6061	5343	
390	156	2024128
4836	4767	5626	
391	43	3099228
4349	5767	6222	4373	5381	
392	19	3143894
4765	4285	5546	5765	
393	10	3168964
6238	4740	6211	4886	4875	
394	222	3173793
5338	4859	4740	4350	4829	
395	186	3179058
6072	4244	5987	6093	5265	
396	110	3148620
6176	5413	6312	4726	
397	37	2042610
5953	4928	
398	67	3184762
5640	4889	6060	4736	5704	
399	157	3169142
6242	5769	5899	5975	4641	
400	126	3173633
4718	5936	5323	4491	
401	9	2106180
4941	
402	63	3178292
6012	4659	
403	58	3183589
5748	4601	5297	
404	249	3190518
5560	5391	5775	5317	5756	
405	94	2061160
6172	
406	18	3189720
6132	4244	5442	5393	6131	
407	19	3232745
5679	6124	5852	6278	
408	46	3237476
5269	5303	4824	4600	4731	
409	127	1354499
6126	
410	182	3195810
5930	4258	4514	6214	5292	
411	176	3246417
5767	6036	6294	5712	5152	
412	25	3252140
4808	5189	5638	5575	5723	
413	265	3247242
5834	5753	6166	
414	146	3257098
5842	5603	4433	4958	
415	139	3261856
4730	4805	4844	4690	4758	
416	180	1680771
5150	
417	50	2125155
5515	
418	64	3266746
5202	6032	4757	4977	4890	
419	248	2137619
5879	6041	
420	249	3272316
5454	4884	6109	4419	5570	
421	200	3276712
4396	
422	67	3318181
4347	4336	4681	5847	5334	
423	61	2909336
5378	
424	78	3323079
5363	4880	5425	4898	
425	177	3324279
5799	6332	4822	6099	5690	
426	104	3332480
5406	4428	4435	4601	
427	227	3331202
4584	5033	5086	6028	4523	
428	21	3335499
4315	4297	
429	173	3336812
5781	4332	
430	145	3341822
4850	5010	
431	71	3339724
4661	5993	5289	4435	4225	
432	73	3346596
5479	6093	5784	5422	4774	
433	204	3352648
4307	5085	4870	6052	
434	32	3345433
6332	5574	5709	
435	66	1777838
5732	
436	267	3350643
5966	5210	
437	259	2299995
5343	
438	118	2980754
4857	
439	67	3356435
5494	5602	4617	4551	5792	
440	91	3361645
4249	4334	5210	
441	127	1504741
5552	
442	89	3351591
5952	4787	5299	4493	4989	
443	237	3357063
4232	4415	
444	135	3404646
5016	5374	6254	5920	
445	67	3410294
5265	5846	4523	5649	4588	
446	248	2389403
4378	4772	
447	253	3418860
6263	4966	
448	110	3362908
4663	5551	6270	5845	
449	6	3419990
5656	5473	5199	5586	6096	
450	190	3425771
5021	5214	5781	
451	25	3430643
6328	6053	4607	5949	4344	
452	125	3436487
5475	6022	4927	5844	5727	
453	78	3435087
5007	4576	6308	4444	
454	151	2484597
6131	5536	
455	164	2553940
4542	5033	
456	100	1519652
5164	
457	50	2560134
6194	
458	45	3440382
5852	4345	4542	5295	
459	255	3441854
5763	5342	4990	5367	
460	44	3447565
4793	5711	
461	48	3489618
5599	6120	6330	5758	
462	49	3495676
5685	4418	4801	6059	4378	
463	6	3505280
5749	4864	4955	5155	6004	
464	10	3510125
5045	5316	5258	4839	5694	
465	36	3516067
5268	5005	4746	4350	5942	
466	263	3520587
5596	5943	5518	4520	
467	157	3524307
4580	4558	5418	5169	4950	
468	237	3530534
4846	6227	
469	143	2736590
4911	5072	
470	19	3576869
6108	4781	5527	6234	
471	256	3581716
5799	5082	
472	159	3525832
4551	5245	
473	124	3530369
5465	6222	5495	4537	
474	243	2504115
5067	
475	172	3582792
6014	4560	5839	4245	5923	
476	40	1680537
5966	
477	2	3590906
6132	5076	4391	4514	
478	143	2757935
5149	5266	
479	134	3596515
5251	4413	4739	5045	5609	
480	71	3596565
6329	6312	4343	6204	5738	
481	17	3600856
4779	4470	4341	
482	169	1602867
4304	
483	61	3143788
5548	
484	152	3601103
5062	4538	
485	196	3150029
5031	6241	
486	69	3159643
5375	4484	6014	
487	17	3605729
5082	6066	4873	
488	226	3610246
5690	4431	4513	4517	
489	126	3616250
5222	5720	6097	6004	
490	17	3621419
4847	5813	5169	
491	32	3601225
4928	4957	4660	
492	132	1952060
4453	
493	140	3610023
4525	5500	4407	
494	184	3662832
5735	5693	5234	6008	5113	
495	252	3606912
4565	6138	5687	
496	35	3668353
5868	5522	4283	
497	182	3678089
6097	5783	5111	5285	6136	
498	106	3682955
5050	4856	5778	4866	
499	199	3687768
5687	5886	6216	6009	4813	
500	42	3693644
6289	4368	4224	5876	
501	34	3668531
5699	
502	159	3698830
6184	5186	
503	32	3704815
5931	5984	5985	
504	107	3676899
5521	4284	4768	
505	153	1786160
5969	
506	48	3710330
5558	4970	5502	5515	
507	6	3698280
4762	5114	4971	4814	4272	
508	144	3703728
4999	5911	4652	5448	
509	0	2036261
4412	
510	89	3749876
5753	6297	5550	6005	4796	
511	77	3747859
5286	4704	5129	
512	67	3755881
4542	5946	4269	5493	6005	
513	158	3764349
5310	4868	
514	71	3769774
4424	5001	5965	5622	5425	
515	0	2051745
5189	
516	23	3252934
4897	
517	217	3709288
4595	5560	
518	123	2918643
4737	
519	77	3775985
4507	6291	6211	
520	240	3747782
5174	6094	
521	95	3782196
6247	4378	5911	6211	
522	76	3775128
5661	5925	4626	
523	41	3787320
4241	5573	4479	5513	5124	
524	241	3753402
5122	4576	5620	
525	35	3792525
4991	4476	5205	
526	45	3797341
5711	4842	5502	4816	
527	107	3762166
5038	6222	5164	
528	0	2129518
4839	
529	248	3072893
5737	4482	
530	261	3837119
5116	5202	
531	101	3835631
5275	5580	5890	
532	95	3841851
5100	6248	4653	4732	
533	56	3849769
4235	4290	4397	
534	87	3850408
6134	5697	4957	
535	95	3856235
5958	5400	5061	5827	
536	162	3767681
5515	
537	261	3860144
5487	5314	
538	32	3861960
5374	4832	5725	
539	256	3865923
5785	5779	
540	17	3772289
4694	5629	4608	
541	252	3866651
5796	4658	4691	
542	78	3872102
5262	4833	5119	5451	
543	174	1791231
5470	
544	141	3876553
4451	
545	113	3881970
4842	5274	6266	5417	
546	33	3887837
6159	5034	5647	4426	5867	
547	249	3925615
4248	5153	4456	5183	5378	
548	119	3931168
4469	5553	
549	51	3777830
5688	5629	5541	
550	148	3783527
6054	4725	5140	5697	
551	255	3788462
4748	4864	4355	4935	
552	171	3793795
6237	5333	
553	179	3939003
5537	4428	4235	
554	142	3945330
4685	5927	5299	6327	
555	194	3949992
4548	6263	5784	4455	4662	
556	80	3956177
4464	5431	4584	6185	
557	177	3940305
6022	4667	4559	4272	5334	
558	60	3944061
4818	
559	153	2025990
6132	
560	123	3005207
4711	
561	164	3168438
4240	5590	
562	164	3173190
5222	4752	
563	223	3945797
4698	6309	5492	
564	100	1872090
4702	
565	80	3960452
5346	5014	4310	4275	
566	25	3966510
4689	5830	4420	4311	6058	
567	27	3972542
4955	4581	5748	6032	
568	271	3425629
6276	
569	198	4009819
4861	5764	5537	4588	4237	
570	164	3257553
4412	4369	
571	34	4014253
4434	
572	202	4010810
4717	5097	4996	4411	5868	
573	265	4022339
4442	4414	4486	
574	249	4015278
5559	4525	4465	5114	4468	
575	26	3509730
5853	5473	6180	5980	
576	147	4027182
5916	4638	4843	
577	102	2296948
5332	
578	186	4025078
6278	6177	5697	5187	6200	
579	187	4032144
4689	5836	4553	4384	4962	
580	5	4037760
4638	5262	6303	6090	5616	
581	118	3525389
4803	
582	225	2122351
5186	
583	89	4033281
5854	4635	4238	6323	5178	
584	187	4042224
5857	5500	5209	5338	4464	
585	12	4047702
4695	5478	
586	194	4044334
4676	4696	4480	4675	5715	
587	196	3603983
5709	5092	
588	133	4096053
5272	4956	5910	4855	5959	
589	110	4052777
6322	4637	5352	5075	
590	104	4057146
4449	6051	4295	4369	
591	7	3525867
4333	
592	100	2034461
5220	
593	228	4095304
4433	6056	5758	
594	121	4101593
5109	4676	5073	6289	
595	180	2370950
4443	
596	46	4110076
4233	4631	5302	5326	4883	
597	102	2380519
5969	
598	87	4049515
5448	4693	5181	
599	14	4114747
4616	4418	5650	4671	
600	242	4110632
5898	4900	4681	5652	5138	
601	37	3768178
4635	6130	
602	140	4116322
6274	5680	5691	
603	198	4122055
4224	5846	4292	5275	5733	
604	212	4115151
5593	4519	
605	7	3607639
5704	
606	191	4126330
4809	4891	4733	
607	135	4132146
4639	4656	5717	5816	
608	254	4128267
5840	6212	
609	182	4137532
6244	5461	6151	4547	5386	
610	186	4184224
4718	4823	6212	5088	5427	
611	101	4189169
6056	6060	4945	
612	80	4198148
4773	4493	5403	5379	
613	123	3687583
5400	
614	269	4202895
4869	5171	5996	4747	
615	58	4132612
4298	5911	4345	
616	243	3853477
4569	
617	254	4137212
5739	4600	
618	248	3859757
5573	6280	
619	269	4207524
6226	4390	5717	4629	
620	202	4212534
5940	4717	5677	5635	5010	
621	74	3938845
4666	4655	5103	
622	208	4216899
5130	5984	5924	4814	4365	
623	108	4143042
5952	5608	5875	5830	
624	103	4181084
5642	
625	253	4222324
5410	5425	
626	85	4214738
5273	
627	17	4187164
6044	5808	6080	
628	28	4195001
4938	4237	
629	221	4228626
5382	5035	4830	6302	
630	158	4266112
5021	5086	
631	109	4200081
5861	5080	
632	195	4266262
4724	
633	209	3776338
4964	4876	
634	225	2222993
5487	
635	220	4205975
6239	4322	5894	
636	50	3849217
4479	
637	112	4271999
4618	4378	4375	5130	5737	
638	25	4281300
5561	4438	5540	6307	5361	
639	231	4285893
4568	4594	
640	152	4291672
6301	5779	
641	53	4297588
4366	4858	4445	5916	4465	
642	238	3780661
4881	5285	
643	136	4302183
5926	5330	4556	4595	
644	175	4281068
4571	5469	
645	208	4306777
4404	6176	6178	5920	4594	
646	135	4356415
5171	4650	6106	4928	
647	63	4287387
4419	6319	
648	222	4361665
5100	5464	4734	6064	5250	
649	12	4293312
4437	5925	
650	15	4370628
4714	5047	5363	
651	2	4297659
5507	4417	4782	4347	
652	225	2303440
4268	
653	197	2222432
4820	
654	255	4303259
6082	5663	5642	5600	
655	85	4360735
4321	
656	87	4375592
6224	5159	4964	
657	116	4380167
4956	4575	
658	225	2308732
5292	
659	41	4385508
4625	5264	5677	5522	5341	
660	91	4390321
4787	6102	4813	
661	24	4395926
5605	
662	116	4401383
6021	5457	
663	30	4438830
6213	4922	4599	5047	
664	14	4309306
4469	6144	5771	6047	
665	114	4282448
4529	5796	
666	11	4287038
5176	4932	4590	
667	66	2564357
4948	
668	207	4443509
5053	4613	4742	6216	4679	
669	122	4281910
5915	
670	152	4382067
5212	5994	
671	241	4313989
4962	5962	4683	
672	12	4318318
5397	4329	
673	270	4356994
4291	6151	5555	5444	6276	
674	193	4448274
4765	
675	130	2386361
4472	
676	18	4388075
4470	4249	6177	6008	5899	
677	162	4393329
5254	
678	13	4440405
5101	5260	6320	
679	270	4445937
5012	4521	6169	5622	5532	
680	118	4308995
4714	
681	30	4456451
4470	4634	4978	4577	
682	201	4359793
5087	6220	
683	137	4455805
4418	5984	6268	
684	114	4368908
5068	5515	
685	34	4461496
5691	
686	51	4466354
4269	6144	4858	
687	61	4375102
6194	
688	6	4471600
4857	5021	5508	4616	5246	
689	28	4477655
4450	6055	
690	2	4482200
4369	6150	5066	4545	
691	235	4460110
6149	5775	
692	174	2370368
6285	
693	140	4464533
4696	6013	4423	
694	226	4487189
4927	5948	4732	4989	
695	235	4473738
5412	4473	
696	13	4526562
5182	6023	5860	
697	78	4461063
5830	4878	5956	4612	
698	24	4466500
5437	
699	40	2459226
4526	
700	155	4530992
4388	4430	
701	45	4471482
5268	5964	4452	4982	
702	79	4358666
5520	6332	
703	270	4535987
4763	4453	4401	4603	4995	
704	87	4476421
5261	4331	4939	
705	181	4205094
5628	
706	100	2384069
4840	
707	236	4481577
5827	5868	5455	5156	
708	154	4545669
4372	6082	
709	270	4551812
5163	5828	5224	5369	6143	
710	108	4557160
5248	4712	6047	5348	
711	148	4562904
5684	4251	4737	5744	
712	81	4487397
5820	
713	261	4531816
5037	5255	
714	9	4377996
6105	
715	18	4568119
4443	5844	4259	5879	5215	
716	36	4546263
5724	4989	5403	4377	4968	
717	185	4373471
5929	
718	204	4573250
6179	5238	5710	5131	
719	56	4551503
5507	6221	5831	
720	20	4579005
5581	4738	5755	
721	123	4383862
5299	
722	52	4551816
5826	5898	4339	5553	
723	136	4556885
6003	5329	6007	5069	
724	125	4615883
5075	5779	4778	5902	4478	
725	113	4561955
6314	4821	4498	5070	
726	261	4561881
4222	4476	
727	191	4613824
4914	6177	5143	
728	255	4620531
4926	4681	5897	4648	
729	183	4567252
5297	
730	57	4571517
4616	4265	
731	115	4629844
5006	4597	5713	
732	18	4635116
5196	4923	4223	5769	5272	
733	201	4535963
5337	5439	
734	222	4576990
6136	5179	5262	4772	5473	
735	194	4628443
5172	5635	4787	5249	4428	
736	99	4639700
5683	4584	
737	32	4634498
5690	4241	6055	
738	219	4644457
4640	4757	
739	105	4495716
5588	6071	
740	217	4650124
5773	5667	
741	95	4640473
5452	4286	5587	5975	
742	204	4655706
5239	6321	5560	5582	
743	122	4548900
4956	
744	264	4661162
5846	5841	5721	4557	5456	
745	154	4699761
5390	6199	
746	244	4704435
6271	4674	
747	56	4648523
4798	5082	5297	
748	3	4530593
5954	
749	19	4713998
6256	4537	4362	5963	
750	206	4543818
5188	5088	
751	253	4644956
4691	4483	
752	7	4548736
4918	
753	127	2556865
4366	
754	115	4718254
5460	4660	4256	
755	160	4705277
5308	5420	6190	5592	5432	
756	188	4713175
5763	5698	4298	
757	233	4722668
5365	4502	5532	6219	4414	
758	59	4727742
5112	4399	5479	5310	5074	
759	120	4719805
5232	5618	
760	210	4725560
5109	5701	5871	5755	
761	133	4731568
4492	4935	4282	4866	6008	
762	131	4719226
4735	6051	
763	256	4736010
5982	4442	
764	35	4788521
5979	5710	5152	
765	166	4794082
6251	4449	4284	5562	5141	
766	73	4803062
4961	5289	5609	5379	4759	
767	173	4808131
5537	5069	
768	89	4808556
5208	4675	5982	5307	5495	
769	117	4813830
5285	5274	4967	
770	200	4818062
4232	
771	194	4822323
5469	5657	4687	4320	4261	
772	246	4827986
5182	5663	
773	62	4814169
5718	6038	4991	6038	
774	177	4823909
4870	4639	5443	5397	5759	
775	167	4829100
5681	5334	6180	5191	
776	74	4712839
5104	6107	6227	
777	181	4713600
5258	
778	153	2644332
4426	
779	142	4832650
5220	5524	6307	4664	
780	112	4876007
4248	5223	5158	5342	5689	
781	257	4880621
5307	5318	4553	4623	4614	
782	138	4889331
5832	4842	4890	5418	4706	
783	83	4837704
4763	5881	5054	
784	195	4894948
5618	
785	115	4894732
6067	5280	5401	
786	116	4875471
4577	5367	
787	226	4901204
4995	4788	4462	6256	
788	70	4740201
5506	
789	81	4880187
4716	
790	82	4906808
5038	6328	5604	
791	246	4889425
4743	5638	
792	67	4905191
5728	5710	6112	5288	5781	
793	183	4910544
5353	
794	159	4916304
5487	5760	
795	257	4957405
4328	5983	4635	5894	6293	
796	83	4922040
5814	4465	5736	
797	182	4959622
5312	4477	4520	5506	5182	
798	27	4964749
6229	5961	4935	5127	
799	100	2901988
4586	
800	95	4972983
5563	4293	4701	4634	
801	148	4963098
4334	4280	5378	5693	
802	143	4819792
6091	5859	
803	48	4978760
6194	5068	5844	5777	
804	224	4982997
6149	4313	4282	4237	
805	185	4886306
5697	
806	163	4989084
4227	4487	4314	4895	6087	
807	199	4994131
4640	5152	5545	5826	5047	
808	181	4897299
5841	
809	86	5044277
6002	
810	109	4971804
4847	5106	
811	173	4976785
5087	4981	
812	91	4999588
5840	5712	5457	
813	224	5050422
5295	4439	5473	6145	
814	16	4902532
5594	
815	243	4819650
4671	
816	222	5058738
5527	4924	4922	5128	4716	
817	127	2740743
5571	
818	13	5059313
5166	5962	5102	
819	80	5065422
6200	4728	6110	4521	
820	67	5070446
5575	5857	5503	4625	5024	
821	212	5076371
6328	5925	
822	103	5063925
4612	
823	130	2800355
5612	
824	207	5082607
5362	6029	5747	5198	6236	
825	98	5069955
4826	6030	
826	70	4986740
5413	
827	20	5074511
5203	5414	4556	
828	37	4991456
5773	4716	
829	114	4998842
5907	6072	
830	99	5080642
5048	6131	
831	131	5088424
4278	5817	
832	135	5093012
5801	5083	5024	4588	
833	101	5130487
5821	5430	5075	
834	206	5045980
5857	4772	
835	207	5135396
5443	4748	5605	5320	4909	
836	82	5086409
6029	4662	5767	
837	261	5137900
5682	5511	
838	252	5144422
4857	5006	5426	
839	238	5078629
5936	5962	
840	192	5149572
6037	5150	
841	40	2888570
4393	
842	73	5147746
5409	6234	4222	6245	4460	
843	58	5152708
5276	5437	4962	
844	230	5157362
6066	4360	4463	4659	4654	
845	270	5163067
5545	6030	5418	4487	5705	
846	26	5150329
4957	4348	5758	5578	
847	177	5168254
6018	5346	5497	6065	5187	
848	39	5163691
4289	6134	6120	4377	6108	
849	235	5167661
4625	5701	
850	173	5174317
5296	6063	
851	185	5159747
5483	
852	214	5178629
5299	4312	
853	32	5168825
4229	4551	5134	
854	163	5220204
4868	5077	5623	4970	5760	
855	259	5233137
4990	
856	242	5224517
5591	4960	5038	4835	4304	
857	165	5233537
5040	4785	5419	4493	
858	150	5233152
5816	6070	5402	5035	
859	268	5239731
5144	6021	6195	5350	
860	5	5239791
5247	4879	4691	5108	6254	
861	240	5245854
4363	6063	
862	221	5244706
5079	5509	4441	4975	
863	21	5250337
5368	5631	
864	16	5137559
6185	
865	265	5250686
4510	5602	4832	
866	15	5255758
4377	5172	5421	
867	198	5256969
4433	6235	5443	6311	6283	
868	262	5322656
5495	
869	47	5261621
5905	5863	
870	229	5259795
5319	5414	
871	271	5243252
5236	
872	244	5262651
5442	5682	
873	197	2999114
5734	
874	97	5305446
6051	
875	259	5327139
4483	
876	252	5311480
6306	5189	6034	
877	215	5320218
4477	5982	4247	
878	102	3255970
4801	
879	1	5326984
6069	6206	6216	4372	4923	
880	63	5268004
4662	5353	
881	141	5332452
5468	
882	188	5337295
4619	4560	4843	
883	23	5331147
4714	
884	110	5333460
4872	5634	6321	6023	
885	51	5339264
4417	4371	5804	
886	217	5344127
4914	4863	
887	52	5407460
6284	5750	4773	4375	
888	14	5413729
5334	5907	6270	5937	
889	98	5418445
5068	4716	
890	62	5423980
6189	4382	5856	5535	
891	130	3062168
6144	
892	128	5428295
4423	5279	6143	4315	
893	198	5433489
5879	5364	5082	6254	5194	
894	221	5431054
5334	5657	5041	5326	
895	39	5480769
6101	4894	5261	5147	5169	
896	221	5490572
5171	5539	4269	6203	
897	7	5428862
4845	
898	249	5495811
6225	4503	5094	4830	5239	
899	129	5438048
5757	4559	
900	27	5501857
4310	6268	5057	6046	
901	57	5507451
6012	5594	
902	138	5499926
6253	6050	4801	4351	5692	
903	84	5513490
5617	6289	4534	4963	6039	
904	26	5503407
5942	4770	5823	5479	
905	243	5481991
5295	
906	57	5518136
5374	4646	
907	266	5506100
6174	
908	264	5510343
5189	5149	4899	6162	4243	
909	229	5514159
5839	5853	
910	181	5491803
5812	
911	54	5524265
5167	5276	6129	
912	86	5562280
5770	
913	199	5568496
4853	5720	4902	5290	6216	
914	149	5576774
4426	5221	4875	5603	4870	
915	40	3172749
4343	
916	216	5581096
5203	4497	4322	
917	173	5587005
5306	5909	
918	74	5568360
4943	4923	5547	
919	219	5592095
5800	5090	
920	231	5587359
5871	4786	
921	39	5654138
6209	5274	4452	5499	5738	
922	254	5598403
5184	6308	
923	95	5663333
5989	4950	4812	5595	
924	162	5604666
6263	
925	93	5659131
5571	
926	58	5668228
5562	5496	5028	
927	112	5673286
4324	6277	4469	6105	5058	
928	241	5679164
5106	5476	5878	
929	85	5674617
6201	
930	196	5673301
5223	5074	
931	61	5679097
5796	
932	246	5669088
4991	5755	
933	160	5684733
4979	5451	5393	4391	4634	
934	105	5562169
4800	4958	
935	111	5737012
4638	5611	5487	5239	5861	
936	190	5742899
4869	6122	5726	
937	142	5734914
4799	5864	6235	4731	
938	121	5750885
6331	4977	6086	4386	
939	239	5740746
6281	5832	
940	221	5749649
5555	6241	5521	5303	
941	39	5755282
5539	4383	6157	4386	5633	
942	178	5756327
5571	
943	77	5826589
4233	4775	5646	
944	27	5835869
5660	5234	6133	5680	
945	164	5666343
6088	4843	
946	160	5841187
4630	4239	4708	6227	5318	
947	258	5766180
4718	5928	4554	5145	
948	103	5771684
5504	
949	158	5845495
5256	4308	
950	232	5672530
6187	
951	100	3318376
5550	
952	231	5768645
5561	5400	
953	66	3508293
4923	
954	122	5907609
6252	
955	230	5776382
4734	4308	5793	4875	4698	
956	216	5780659
5945	4656	4277	
957	225	3335723
4274	
958	173	5785778
5664	5119	
959	61	5776243
5779	
960	63	5912830
5221	4955	
961	193	5850451
4956	
962	212	5856541
4548	6090	
963	173	5922750
5939	6320	
964	197	3323398
5022	
965	84	5862861
4679	6230	5181	5984	6320	
966	4	5928647
5419	4668	5451	5028	5897	
967	169	3335996
4319	
968	74	5918003
5674	5173	4539	
969	172	5999684
5758	5628	4402	5491	6247	
970	103	6009121
5837	
971	91	6003728
5431	4718	5723	
972	202	6083532
4865	6076	5004	4326	4627	
973	176	6088961
5139	4479	4502	5118	5429	
974	119	6097744
5363	5183	
975	108	6014782
4482	5114	6030	5661	
976	35	6103997
5251	5577	6253	
977	182	6109395
4862	5909	5725	5545	5398	
978	107	6020671
5743	4725	5889	
979	175	6088320
4993	4788	
980	265	6102813
4689	4511	5838	
981	124	6114845
5764	5920	5241	5450	
982	97	6112465
5738	
983	64	6120644
4938	4940	6260	5315	5799	
984	143	5861584
5154	4685	
985	246	6125716
5050	5072	
986	188	6130825
4765	4328	5109	
987	191	6103669
4430	5982	6046	
988	64	6169164
6146	6152	4466	5277	5939	
989	149	6172285
5967	4505	4754	5485	4508	
990	202	6174014
5571	6063	5978	5441	4850	
991	7	5873854
6288	
992	104	6182317
4427	4396	4690	5865	
993	202	6187278
4562	4965	5271	4614	6136	
994	179	6191773
4468	6294	4495	
995	30	6197665
5605	5156	6199	5892	
996	31	6177507
4232	4401	5222	
997	214	6196526
4258	4571	
998	63	6202620
4363	6094	
999	7	5929854
4909	
1000	242	6203412
5970	5256	4495	5031	5747	
1001	107	6208587
4879	5908	5967	
1002	29	6208007
6195	4595	
1003	237	6214387
6163	5800	
1004	225	3434232
5394	
1005	66	3686372
4910	
1006	55	6206191
5345	4926	4947	
1007	56	6258479
6102	5917	5488	
1008	200	6212434
4427	
1009	57	6218698
4948	6264	
1010	10	6267909
5799	5966	5494	4694	5830	
1011	198	6273007
4351	4992	6120	6061	6234	
1012	176	6277235
5242	5903	6137	4374	4401	
1013	166	6283355
5750	4721	4505	6147	5491	
1014	34	6288078
4723	
1015	156	6084770
6260	5959	4419	
1016	261	6289098
5672	5743	
1017	141	6282874
5639	
1018	106	6341457
5037	4936	5342	6048	
1019	84	6347519
5213	4495	4362	6279	4429	
1020	225	3498929
5455	
1021	83	6357122
6286	6139	6003	
1022	213	6362737
5123	5257	5615	
1023	271	6188962
5266	
1024	197	3604300
5027	
1025	132	3769543
4800	
1026	236	6367709
4414	5753	4988	4972	
1027	225	3507762
5233	
1028	104	6294191
5106	4431	6224	6113	
1029	242	6373328
4928	4753	4911	5488	5619	
1030	191	6362162
4591	5114	5555	
1031	149	6367705
6071	5512	4855	4526	5543	
1032	81	6378932
5604	
1033	64	6384968
4800	5814	5433	5427	6036	
1034	243	6209493
4833	
1035	8	6389708
4839	4592	6037	4740	
1036	247	6378836
6307	4327	5908	6111	4714	
1037	157	6431715
4705	5799	4825	5455	6123	
1038	65	6428136
4971	4280	6028	
1039	57	6433047
5003	4911	
1040	181	6105246
5310	
1041	174	3753282
5465	
1042	207	6442771
5805	5068	5172	4685	6124	
1043	40	3582281
5038	
1044	167	6436252
4591	4771	5409	4537	
1045	235	6445379
4773	6003	
1046	108	6445170
5155	6119	5533	5318	
1047	103	6450597
5427	
1048	120	6451369
5646	5990	
1049	147	6455163
4733	5863	4566	
1050	51	6461194
4620	5111	6031	
1051	78	6448892
5692	5012	5234	6121	
1052	229	6364104
5320	6208	
1053	98	6467464
4764	6270	
1054	59	6473025
6020	4501	5564	5574	5561	
1055	245	6463074
5449	5766	6212	6131	4245	
1056	162	6478613
5588	
1057	115	6517303
5478	4712	6290	
1058	248	6284801
5117	5416	
1059	13	6526857
4921	4419	5954	
1060	138	6531254
4873	5021	6084	4504	4397	
1061	109	6535815
4784	4561	
1062	245	6528451
4937	5292	5246	5288	6054	
1063	152	6533457
5911	5772	
1064	267	6534466
5509	6015	
1065	105	6191745
4871	4253	
1066	87	6540018
6227	5934	5552	
1067	181	6202565
4361	
1068	247	6541501
4535	4801	5636	4610	5686	
1069	154	6546655
5002	5154	
1070	252	6545314
5879	4863	5296	
1071	11	6444785
5361	5700	4438	
1072	221	6549917
4895	5726	5792	4603	
1073	179	6554609
4506	5720	4692	
1074	225	3606712
5043	
1075	195	6542847
4780	
1076	62	6552235
6159	4407	4324	5580	
1077	85	6549071
6224	
1078	107	6557916
4416	5322	5681	
1079	159	6560167
4410	5558	
1080	12	6563583
5235	5667	
1081	100	3920734
4782	
1082	119	6565804
5431	5637	
90
23079	11077
36369	17456
56635	27184
228085	109480
527557	253227
1171417	562280
2546359	1222252
5412640	2598067
11312390	5429947
24331	11678
28031	13454
31480	15110
96350	46248
185588	89082
343181	164726
621008	298083
1098994	527517
1912391	917947
11002	5281
26815	12870
28760	13804
144522	69370
387427	185964
997054	478585
2510105	1204850
6180582	2966679
14965009	7183204
13617	6535
18924	9083
35510	17044
95172	45682
167794	80541
283998	136319
471391	226267
764769	367089
1219566	585391
34448	16535
77063	36990
92441	44371
488976	234708
1356429	651085
3612250	1733880
9354540	4490179
23729446	11390134
59251166	28440559
8171	3922
8867	4256
9515	4567
21028	10093
32599	15647
48517	23288
70480	33830
100197	48094
140123	67259
37633	18063
69064	33150
70839	34002
305232	146511
738521	354490
1715407	823395
3876851	1860888
8581247	4118998
18694986	8973593
78901	37872
92325	44315
98066	47071
465500	223440
1201385	576664
2976566	1428751
7179521	3446170
16958006	8139842
39420094	18921645
7282	3495
14752	7080
14932	7167
49634	23824
101013	48486
197352	94728
376501	180720
702840	337363
1290593	619484
44986	21593
59948	28774
83272	39970
318939	153090
713412	342437
1531951	735336
3207432	1539567
6573583	3155319
13255601	6362688
6
33
8.625
34.875
15
12.5
37.25
155
32400	43200
46800	64800
118800	129600
133200	151200
205200	216000
219600	237600
291600	302400
306000	324000
378000	388800
392400	410400
464400	475200
478800	496800
550800	561600
565200	583200
637200	648000
651600	669600
723600	734400
738000	756000
810000	820800
824400	842400
896400	907200
910800	928800
982800	993600
997200	1015200
1069200	1080000
1083600	1101600
1155600	1166400
1170000	1188000
1242000	1252800
1256400	1274400
1328400	1339200
1342800	1360800
1414800	1425600
1429200	1447200
1501200	1512000
1515600	1533600
1587600	1598400
1602000	1620000
1674000	1684800
1688400	1706400
1760400	1771200
1774800	1792800
1846800	1857600
1861200	1879200
1933200	1944000
1947600	1965600
2019600	2030400
2034000	2052000
2106000	2116800
2120400	2138400
2192400	2203200
2206800	2224800
2278800	2289600
2293200	2311200
2365200	2376000
2379600	2397600
2451600	2462400
2466000	2484000
2538000	2548800
2552400	2570400
2624400	2635200
2638800	2656800
2710800	2721600
2725200	2743200
2797200	2808000
2811600	2829600
2883600	2894400
2898000	2916000
2970000	2980800
2984400	3002400
3056400	3067200
3070800	3088800
3142800	3153600
3157200	3175200
3229200	3240000
3243600	3261600
3315600	3326400
3330000	3348000
3402000	3412800
3416400	3434400
3488400	3499200
3502800	3520800
3574800	3585600
3589200	3607200
3661200	3672000
3675600	3693600
3747600	3758400
3762000	3780000
3834000	3844800
3848400	3866400
3920400	3931200
3934800	3952800
4006800	4017600
4021200	4039200
4093200	4104000
4107600	4125600
4179600	4190400
4194000	4212000
4266000	4276800
4280400	4298400
4352400	4363200
4366800	4384800
4438800	4449600
4453200	4471200
4525200	4536000
4539600	4557600
4611600	4622400
4626000	4644000
4698000	4708800
4712400	4730400
4784400	4795200
4798800	4816800
4870800	4881600
4885200	4903200
4957200	4968000
4971600	4989600
5043600	5054400
5058000	5076000
5130000	5140800
5144400	5162400
5216400	5227200
5230800	5248800
5302800	5313600
5317200	5335200
5389200	5400000
5403600	5421600
5475600	5486400
5490000	5508000
5562000	5572800
5576400	5594400
5648400	5659200
5662800	5680800
5734800	5745600
5749200	5767200
5821200	5832000
5835600	5853600
5907600	5918400
5922000	5940000
5994000	6004800
6008400	6026400
6080400	6091200
6094800	6112800
6166800	6177600
6181200	6199200
6253200	6264000
6267600	6285600
6339600	6350400
6354000	6372000
6426000	6436800
6440400	6458400
6512400	6523200
6526800	6544800
6598800	6609600
6613200	6631200
1000000000	2000000000
3333333333333333333333
3333333333333333333333
3333333333333333333333
2222662222222222222244
6666666666666688666666
6666664466222266661166
5500555555555555555555
4444004444444444444444
6666666666666666666666
0066886666666666666666
155
32400	43200
46800	64800
118800	129600
133200	151200
205200	216000
219600	237600
291600	302400
306000	324000
378000	388800
392400	410400
464400	475200
478800	496800
550800	561600
565200	583200
637200	648000
651600	669600
723600	734400
738000	756000
810000	820800
824400	842400
896400	907200
910800	928800
982800	993600
997200	1015200
1069200	1080000
1083600	1101600
1155600	1166400
1170000	1188000
1242000	1252800
1256400	1274400
1328400	1339200
1342800	1360800
1414800	1425600
1429200	1447200
1501200	1512000
1515600	1533600
1587600	1598400
1602000	1620000
1674000	1684800
1688400	1706400
1760400	1771200
1774800	1792800
1846800	1857600
1861200	1879200
1933200	1944000
1947600	1965600
2019600	2030400
2034000	2052000
2106000	2116800
2120400	2138400
2192400	2203200
2206800	2224800
2278800	2289600
2293200	2311200
2365200	2376000
2379600	2397600
2451600	2462400
2466000	2484000
2538000	2548800
2552400	2570400
2624400	2635200
2638800	2656800
2710800	2721600
2725200	2743200
2797200	2808000
2811600	2829600
2883600	2894400
2898000	2916000
2970000	2980800
2984400	3002400
3056400	3067200
3070800	3088800
3142800	3153600
3157200	3175200
3229200	3240000
3243600	3261600
3315600	3326400
3330000	3348000
3402000	3412800
3416400	3434400
3488400	3499200
3502800	3520800
3574800	3585600
3589200	3607200
3661200	3672000
3675600	3693600
3747600	3758400
3762000	3780000
3834000	3844800
3848400	3866400
3920400	3931200
3934800	3952800
4006800	4017600
4021200	4039200
4093200	4104000
4107600	4125600
4179600	4190400
4194000	4212000
4266000	4276800
4280400	4298400
4352400	4363200
4366800	4384800
4438800	4449600
4453200	4471200
4525200	4536000
4539600	4557600
4611600	4622400
4626000	4644000
4698000	4708800
4712400	4730400
4784400	4795200
4798800	4816800
4870800	4881600
4885200	4903200
4957200	4968000
4971600	4989600
5043600	5054400
5058000	5076000
5130000	5140800
5144400	5162400
5216400	5227200
5230800	5248800
5302800	5313600
5317200	5335200
5389200	5400000
5403600	5421600
5475600	5486400
5490000	5508000
5562000	5572800
5576400	5594400
5648400	5659200
5662800	5680800
5734800	5745600
5749200	5767200
5821200	5832000
5835600	5853600
5907600	5918400
5922000	5940000
5994000	6004800
6008400	6026400
6080400	6091200
6094800	6112800
6166800	6177600
6181200	6199200
6253200	6264000
6267600	6285600
6339600	6350400
6354000	6372000
6426000	6436800
6440400	6458400
6512400	6523200
6526800	6544800
6598800	6609600
6613200	6631200
1000000000	2000000000
3333333333333333333333
3333333333333333333333
3333333333333333333333
2222662222222222222244
6666666666666688666666
6666664466222266661166
5500555555555555555555
4444004444444444444444
6666666666666666666666
0066886666666666666666
155
32400	43200
46800	64800
118800	129600
133200	151200
205200	216000
219600	237600
291600	302400
306000	324000
378000	388800
392400	410400
464400	475200
478800	496800
550800	561600
565200	583200
637200	648000
651600	669600
723600	734400
738000	756000
810000	820800
824400	842400
896400	907200
910800	928800
982800	993600
997200	1015200
1069200	1080000
1083600	1101600
1155600	1166400
1170000	1188000
1242000	1252800
1256400	1274400
1328400	1339200
1342800	1360800
1414800	1425600
1429200	1447200
1501200	1512000
1515600	1533600
1587600	1598400
1602000	1620000
1674000	1684800
1688400	1706400
1760400	1771200
1774800	1792800
1846800	1857600
1861200	1879200
1933200	1944000
1947600	1965600
2019600	2030400
2034000	2052000
2106000	2116800
2120400	2138400
2192400	2203200
2206800	2224800
2278800	2289600
2293200	2311200
2365200	2376000
2379600	2397600
2451600	2462400
2466000	2484000
2538000	2548800
2552400	2570400
2624400	2635200
2638800	2656800
2710800	2721600
2725200	2743200
2797200	2808000
2811600	2829600
2883600	2894400
2898000	2916000
2970000	2980800
2984400	3002400
3056400	3067200
3070800	3088800
3142800	3153600
3157200	3175200
3229200	3240000
3243600	3261600
3315600	3326400
3330000	3348000
3402000	3412800
3416400	3434400
3488400	3499200
3502800	3520800
3574800	3585600
3589200	3607200
3661200	3672000
3675600	3693600
3747600	3758400
3762000	3780000
3834000	3844800
3848400	3866400
3920400	3931200
3934800	3952800
4006800	4017600
4021200	4039200
4093200	4104000
4107600	4125600
4179600	4190400
4194000	4212000
4266000	4276800
4280400	4298400
4352400	4363200
4366800	4384800
4438800	4449600
4453200	4471200
4525200	4536000
4539600	4557600
4611600	4622400
4626000	4644000
4698000	4708800
4712400	4730400
4784400	4795200
4798800	4816800
4870800	4881600
4885200	4903200
4957200	4968000
4971600	4989600
5043600	5054400
5058000	5076000
5130000	5140800
5144400	5162400
5216400	5227200
5230800	5248800
5302800	5313600
5317200	5335200
5389200	5400000
5403600	5421600
5475600	5486400
5490000	5508000
5562000	5572800
5576400	5594400
5648400	5659200
5662800	5680800
5734800	5745600
5749200	5767200
5821200	5832000
5835600	5853600
5907600	5918400
5922000	5940000
5994000	6004800
6008400	6026400
6080400	6091200
6094800	6112800
6166800	6177600
6181200	6199200
6253200	6264000
6267600	6285600
6339600	6350400
6354000	6372000
6426000	6436800
6440400	6458400
6512400	6523200
6526800	6544800
6598800	6609600
6613200	6631200
1000000000	2000000000
3333333333333333333333
3333333333333333333333
3333333333333333333333
2222662222222222222244
6666666666666688666666
6666664466222266661166
5500555555555555555555
4444004444444444444444
6666666666666666666666
0066886666666666666666
92
46800	64800
133200	151200
219600	237600
306000	324000
392400	410400
478800	496800
565200	583200
651600	669600
738000	756000
824400	842400
910800	928800
997200	1015200
1083600	1101600
1170000	1188000
1242000	1252800
1256400	1296000
1328400	1339200
1342800	1382400
1414800	1425600
1429200	1468800
1501200	1512000
1515600	1555200
1587600	1598400
1602000	1641600
1674000	1684800
1688400	1728000
1760400	1771200
1774800	1814400
1861200	1879200
1947600	1965600
2034000	2052000
2120400	2138400
2206800	2224800
2293200	2311200
2379600	2397600
2466000	2484000
2552400	2570400
2638800	2656800
2725200	2743200
2811600	2829600
2898000	2916000
2984400	3002400
3070800	3088800
3157200	3175200
3243600	3261600
3330000	3348000
3416400	3434400
3502800	3520800
3589200	3607200
3675600	3693600
3762000	3780000
3848400	3866400
3934800	3952800
4021200	4039200
4107600	4125600
4194000	4212000
4280400	4298400
4366800	4384800
4453200	4471200
4539600	4557600
4626000	4644000
4712400	4730400
4798800	4816800
4885200	4903200
4971600	4989600
5058000	5076000
5144400	5162400
5230800	5248800
5317200	5335200
5403600	5421600
5490000	5508000
5576400	5594400
5662800	5680800
5749200	5767200
5835600	5853600
5922000	5940000
6008400	6026400
6080400	6091200
6094800	6120000
6166800	6177600
6181200	6206400
6253200	6264000
6267600	6292800
6339600	6350400
6354000	6379200
6426000	6436800
6440400	6465600
6512400	6523200
6526800	6552000
6598800	6609600
6613200	6638400
1000000000	2000000000
3333333333333333333333
3333333333333333333333
3333333333333333333333
2222662222222222222244
6666666666666688666666
6666664466222266661166
5500555555555555555555
4444004444444444444444
6666666666666666666666
0066886666666666666666
155
32400	43200
46800	86400
118800	129600
133200	172800
205200	216000
219600	259200
291600	302400
306000	345600
378000	388800
392400	432000
464400	475200
478800	518400
550800	561600
565200	604800
637200	648000
651600	691200
723600	734400
738000	777600
810000	820800
824400	864000
896400	907200
910800	950400
982800	993600
997200	1036800
1069200	1080000
1083600	1123200
1155600	1166400
1170000	1209600
1242000	1252800
1256400	1296000
1328400	1339200
1342800	1382400
1414800	1425600
1429200	1468800
1501200	1512000
1515600	1555200
1587600	1598400
1602000	1641600
1674000	1684800
1688400	1728000
1760400	1771200
1774800	1814400
1846800	1857600
1861200	1900800
1933200	1944000
1947600	1987200
2019600	2030400
2034000	2073600
2106000	2116800
2120400	2160000
2192400	2203200
2206800	2246400
2278800	2289600
2293200	2332800
2365200	2376000
2379600	2419200
2451600	2462400
2466000	2505600
2538000	2548800
2552400	2592000
2624400	2635200
2638800	2678400
2710800	2721600
2725200	2764800
2797200	2808000
2811600	2851200
2883600	2894400
2898000	2937600
2970000	2980800
2984400	3024000
3056400	3067200
3070800	3110400
3142800	3153600
3157200	3196800
3229200	3240000
3243600	3283200
3315600	3326400
3330000	3369600
3402000	3412800
3416400	3456000
3488400	3499200
3502800	3542400
3574800	3585600
3589200	3628800
3661200	3672000
3675600	3715200
3747600	3758400
3762000	3801600
3834000	3844800
3848400	3888000
3920400	3931200
3934800	3974400
4006800	4017600
4021200	4060800
4093200	4104000
4107600	4147200
4179600	4190400
4194000	4233600
4266000	4276800
4280400	4334400
4352400	4363200
4366800	4420800
4438800	4449600
4453200	4507200
4525200	4536000
4539600	4593600
4611600	4622400
4626000	4680000
4698000	4708800
4712400	4766400
4784400	4795200
4798800	4852800
4870800	4881600
4885200	4924800
4957200	4968000
4971600	5011200
5043600	5054400
5058000	5097600
5130000	5140800
5144400	5184000
5216400	5227200
5230800	5270400
5302800	5313600
5317200	5356800
5389200	5400000
5403600	5443200
5475600	5486400
5490000	5529600
5562000	5572800
5576400	5616000
5648400	5659200
5662800	5702400
5734800	5745600
5749200	5788800
5821200	5832000
5835600	5875200
5907600	5918400
5922000	5961600
5994000	6004800
6008400	6048000
6080400	6091200
6094800	6134400
6166800	6177600
6181200	6220800
6253200	6264000
6267600	6307200
6339600	6350400
6354000	6393600
6426000	6436800
6440400	6480000
6512400	6523200
6526800	6566400
6598800	6609600
6613200	6652800
1000000000	2000000000
3333333333333333333333
3333333333333333333333
3333333333333333333333
2222662222222222222244
6666666666666688666666
6666664466222266661166
5500555555555555555555
4444004444444444444444
6666666666666666666666
0066886666666666666666
134
32400	43200
46800	86400
118800	129600
133200	172800
205200	216000
219600	259200
291600	302400
306000	345600
378000	388800
392400	432000
464400	475200
478800	518400
550800	561600
565200	604800
637200	648000
651600	691200
723600	734400
738000	777600
810000	820800
824400	864000
896400	907200
910800	950400
982800	993600
997200	1036800
1069200	1080000
1083600	1123200
1155600	1166400
1170000	1209600
1242000	1252800
1256400	1296000
1328400	1339200
1342800	1382400
1414800	1425600
1429200	1468800
1501200	1512000
1515600	1555200
1587600	1598400
1602000	1641600
1674000	1684800
1688400	1728000
1760400	1771200
1774800	1814400
1846800	1857600
1861200	1886400
1933200	1944000
1947600	1972800
2019600	2030400
2034000	2059200
2106000	2116800
2120400	2145600
2192400	2203200
2206800	2232000
2278800	2289600
2293200	2318400
2365200	2376000
2379600	2404800
2451600	2462400
2466000	2505600
2538000	2548800
2552400	2592000
2624400	2635200
2638800	2678400
2710800	2721600
2725200	2764800
2797200	2808000
2811600	2851200
2883600	2894400
2898000	2937600
2970000	2980800
2984400	3024000
3070800	3088800
3157200	3175200
3243600	3261600
3330000	3348000
3416400	3434400
3502800	3520800
3589200	3607200
3675600	3693600
3762000	3780000
3848400	3866400
3934800	3952800
4021200	4039200
4107600	4125600
4194000	4212000
4266000	4276800
4280400	4320000
4352400	4363200
4366800	4406400
4438800	4449600
4453200	4492800
4525200	4536000
4539600	4579200
4611600	4622400
4626000	4665600
4698000	4708800
4712400	4752000
4784400	4795200
4798800	4838400
4870800	4881600
4885200	4924800
4957200	4968000
4971600	5011200
5043600	5054400
5058000	5097600
5130000	5140800
5144400	5184000
5216400	5227200
5230800	5270400
5302800	5313600
5317200	5356800
5389200	5400000
5403600	5443200
5475600	5486400
5562000	5572800
5648400	5659200
5734800	5745600
5821200	5832000
5907600	5918400
5994000	6004800
6080400	6091200
6094800	6134400
6166800	6177600
6181200	6220800
6253200	6264000
6267600	6307200
6339600	6350400
6354000	6393600
6426000	6436800
6440400	6480000
6512400	6523200
6526800	6566400
6598800	6609600
6613200	6652800
1000000000	2000000000
3333333333333333333333
3333333333333333333333
3333333333333333333333
2222662222222222222244
6666666666666688666666
6666664466222266661166
5500555555555555555555
4444004444444444444444
6666666666666666666666
0066886666666666666666
148
32400	43200
46800	79200
118800	129600
133200	165600
205200	216000
219600	252000
291600	302400
306000	338400
378000	388800
392400	424800
464400	475200
478800	511200
550800	561600
565200	597600
604800	604800
691200	691200
777600	777600
864000	864000
950400	950400
1036800	1036800
1123200	1123200
1242000	1252800
1256400	1288800
1328400	1339200
1342800	1375200
1414800	1425600
1429200	1461600
1501200	1512000
1515600	1548000
1587600	1598400
1602000	1634400
1674000	1684800
1688400	1720800
1760400	1771200
1774800	1807200
1846800	1857600
1861200	1893600
1933200	1944000
1947600	1980000
2019600	2030400
2034000	2066400
2106000	2116800
2120400	2152800
2192400	2203200
2206800	2239200
2278800	2289600
2293200	2325600
2365200	2376000
2379600	2412000
2451600	2462400
2466000	2498400
2538000	2548800
2552400	2584800
2624400	2635200
2638800	2671200
2710800	2721600
2725200	2757600
2797200	2808000
2811600	2844000
2883600	2894400
2898000	2930400
2970000	2980800
2984400	3016800
3056400	3067200
3070800	3103200
3142800	3153600
3157200	3189600
3229200	3240000
3243600	3276000
3315600	3326400
3330000	3362400
3402000	3412800
3416400	3448800
3488400	3499200
3502800	3535200
3574800	3585600
3589200	3621600
3661200	3672000
3675600	3708000
3747600	3758400
3762000	3794400
3834000	3844800
3848400	3880800
3920400	3931200
3934800	3967200
4006800	4017600
4021200	4053600
4093200	4104000
4107600	4140000
4179600	4190400
4194000	4226400
4266000	4276800
4280400	4312800
4352400	4363200
4366800	4399200
4438800	4449600
4453200	4485600
4525200	4536000
4539600	4572000
4611600	4622400
4626000	4658400
4698000	4708800
4712400	4744800
4784400	4795200
4798800	4831200
4870800	4881600
4885200	4917600
4957200	4968000
4971600	5004000
5043600	5054400
5058000	5090400
5130000	5140800
5144400	5176800
5216400	5227200
5230800	5263200
5302800	5313600
5317200	5349600
5389200	5400000
5403600	5436000
5475600	5486400
5490000	5522400
5562000	5572800
5576400	5608800
5648400	5659200
5662800	5695200
5734800	5745600
5749200	5781600
5821200	5832000
5835600	5868000
5907600	5918400
5922000	5954400
5994000	6004800
6008400	6040800
6080400	6091200
6094800	6127200
6166800	6177600
6181200	6213600
6253200	6264000
6267600	6300000
6339600	6350400
6354000	6386400
6426000	6436800
6440400	6472800
6512400	6523200
6526800	6559200
6598800	6609600
6613200	6645600
1000000000	2000000000
3333333333333333333333
3333333333333333333333
3333333333333333333333
2222662222222222222244
6666666666666688666666
6666664466222266661166
5500555555555555555555
4444004444444444444444
6666666666666666666666
0066886666666666666666
148
32400	43200
46800	72000
118800	129600
133200	158400
205200	216000
219600	244800
291600	302400
306000	331200
378000	388800
392400	417600
464400	475200
478800	504000
550800	561600
565200	590400
637200	648000
651600	676800
723600	734400
738000	763200
810000	820800
824400	849600
896400	907200
910800	936000
982800	993600
997200	1022400
1069200	1080000
1083600	1108800
1155600	1166400
1170000	1195200
1209600	1209600
1296000	1296000
1382400	1382400
1468800	1468800
1555200	1555200
1641600	1641600
1728000	1728000
1846800	1857600
1861200	1886400
1933200	1944000
1947600	1972800
2019600	2030400
2034000	2059200
2106000	2116800
2120400	2145600
2192400	2203200
2206800	2232000
2278800	2289600
2293200	2318400
2365200	2376000
2379600	2404800
2451600	2462400
2466000	2491200
2538000	2548800
2552400	2577600
2624400	2635200
2638800	2664000
2710800	2721600
2725200	2750400
2797200	2808000
2811600	2836800
2883600	2894400
2898000	2923200
2970000	2980800
2984400	3009600
3056400	3067200
3070800	3096000
3142800	3153600
3157200	3182400
3229200	3240000
3243600	3268800
3315600	3326400
3330000	3355200
3402000	3412800
3416400	3441600
3488400	3499200
3502800	3528000
3574800	3585600
3589200	3614400
3661200	3672000
3675600	3700800
3747600	3758400
3762000	3787200
3834000	3844800
3848400	3873600
3920400	3931200
3934800	3960000
4006800	4017600
4021200	4046400
4093200	4104000
4107600	4132800
4179600	4190400
4194000	4219200
4266000	4276800
4280400	4305600
4352400	4363200
4366800	4392000
4438800	4449600
4453200	4478400
4525200	4536000
4539600	4564800
4611600	4622400
4626000	4651200
4698000	4708800
4712400	4737600
4784400	4795200
4798800	4824000
4870800	4881600
4885200	4910400
4957200	4968000
4971600	4996800
5043600	5054400
5058000	5083200
5130000	5140800
5144400	5169600
5216400	5227200
5230800	5256000
5302800	5313600
5317200	5342400
5389200	5400000
5403600	5428800
5475600	5486400
5490000	5515200
5562000	5572800
5576400	5601600
5648400	5659200
5662800	5688000
5734800	5745600
5749200	5774400
5821200	5832000
5835600	5860800
5907600	5918400
5922000	5947200
5994000	6004800
6008400	6033600
6080400	6091200
6094800	6120000
6166800	6177600
6181200	6206400
6253200	6264000
6267600	6292800
6339600	6350400
6354000	6379200
6426000	6436800
6440400	6465600
6512400	6523200
6526800	6552000
6598800	6609600
6613200	6638400
1000000000	2000000000
3333333333333333333333
3333333333333333333333
3333333333333333333333
2222662222222222222244
6666666666666688666666
6666664466222266661166
5500555555555555555555
4444004444444444444444
6666666666666666666666
0066886666666666666666
155
32400	43200
46800	86400
118800	129600
133200	172800
205200	216000
219600	259200
291600	302400
306000	345600
378000	388800
392400	432000
464400	475200
478800	518400
550800	561600
565200	604800
637200	648000
651600	691200
723600	734400
738000	777600
810000	820800
824400	864000
896400	907200
910800	950400
982800	993600
997200	1036800
1069200	1080000
1083600	1123200
1155600	1166400
1170000	1209600
1242000	1252800
1256400	1296000
1328400	1339200
1342800	1382400
1414800	1425600
1429200	1468800
1501200	1512000
1515600	1555200
1587600	1598400
1602000	1641600
1674000	1684800
1688400	1728000
1760400	1771200
1774800	1814400
1846800	1857600
1861200	1900800
1933200	1944000
1947600	1987200
2019600	2030400
2034000	2073600
2106000	2116800
2120400	2160000
2192400	2203200
2206800	2246400
2278800	2289600
2293200	2332800
2365200	2376000
2379600	2419200
2451600	2462400
2466000	2505600
2538000	2548800
2552400	2592000
2624400	2635200
2638800	2678400
2710800	2721600
2725200	2764800
2797200	2808000
2811600	2851200
2883600	2894400
2898000	2937600
2970000	2980800
2984400	3024000
3056400	3067200
3070800	3110400
3142800	3153600
3157200	3196800
3229200	3240000
3243600	3283200
3315600	3326400
3330000	3369600
3402000	3412800
3416400	3456000
3488400	3499200
3502800	3542400
3574800	3585600
3589200	3628800
3661200	3672000
3675600	3715200
3747600	3758400
3762000	3801600
3834000	3844800
3848400	3888000
3920400	3931200
3934800	3974400
4006800	4017600
4021200	4060800
4093200	4104000
4107600	4147200
4179600	4190400
4194000	4233600
4266000	4276800
4280400	4320000
4352400	4363200
4366800	4406400
4438800	4449600
4453200	4492800
4525200	4536000
4539600	4579200
4611600	4622400
4626000	4665600
4698000	4708800
4712400	4752000
4784400	4795200
4798800	4838400
4870800	4881600
4885200	4924800
4957200	4968000
4971600	5011200
5043600	5054400
5058000	5097600
5130000	5140800
5144400	5184000
5216400	5227200
5230800	5270400
5302800	5313600
5317200	5356800
5389200	5400000
5403600	5443200
5475600	5486400
5490000	5529600
5562000	5572800
5576400	5616000
5648400	5659200
5662800	5702400
5734800	5745600
5749200	5788800
5821200	5832000
5835600	5875200
5907600	5918400
5922000	5961600
5994000	6004800
6008400	6048000
6080400	6091200
6094800	6134400
6166800	6177600
6181200	6220800
6253200	6264000
6267600	6307200
6339600	6350400
6354000	6393600
6426000	6436800
6440400	6480000
6512400	6523200
6526800	6566400
6598800	6609600
6613200	6652800
1000000000	2000000000
3333333333333333333333
3333333333333333333333
3333333333333333333333
2222662222222222222244
6666666666666688666666
6666664466222266661166
5500555555555555555555
4444004444444444444444
6666666666666666666666
0066886666666666666666
148
0	0
86400	86400
172800	172800
259200	259200
345600	345600
432000	432000
518400	518400
637200	648000
651600	691200
723600	734400
738000	777600
810000	820800
824400	864000
896400	907200
910800	950400
982800	993600
997200	1036800
1069200	1080000
1083600	1123200
1155600	1166400
1170000	1209600
1242000	1252800
1256400	1310400
1328400	1339200
1342800	1396800
1414800	1425600
1429200	1483200
1501200	1512000
1515600	1569600
1587600	1598400
1602000	1656000
1674000	1684800
1688400	1742400
1760400	1771200
1774800	1828800
1846800	1857600
1861200	1900800
1933200	1944000
1947600	1987200
2019600	2030400
2034000	2073600
2106000	2116800
2120400	2160000
2192400	2203200
2206800	2246400
2278800	2289600
2293200	2332800
2365200	2376000
2379600	2419200
2451600	2462400
2466000	2505600
2538000	2548800
2552400	2592000
2624400	2635200
2638800	2678400
2710800	2721600
2725200	2764800
2797200	2808000
2811600	2851200
2883600	2894400
2898000	2937600
2970000	2980800
2984400	3024000
3056400	3067200
3070800	3110400
3142800	3153600
3157200	3196800
3229200	3240000
3243600	3283200
3315600	3326400
3330000	3369600
3402000	3412800
3416400	3456000
3488400	3499200
3502800	3542400
3574800	3585600
3589200	3628800
3661200	3672000
3675600	3715200
3747600	3758400
3762000	3801600
3834000	3844800
3848400	3888000
3920400	3931200
3934800	3974400
4006800	4017600
4021200	4060800
4093200	4104000
4107600	4147200
4179600	4190400
4194000	4233600
4266000	4276800
4280400	4320000
4352400	4363200
4366800	4406400
4438800	4449600
4453200	4492800
4525200	4536000
4539600	4579200
4611600	4622400
4626000	4665600
4698000	4708800
4712400	4752000
4784400	4795200
4798800	4838400
4870800	4881600
4885200	4924800
4957200	4968000
4971600	5011200
5043600	5054400
5058000	5097600
5130000	5140800
5144400	5184000
5216400	5227200
5230800	5270400
5302800	5313600
5317200	5356800
5389200	5400000
5403600	5443200
5475600	5486400
5490000	5529600
5562000	5572800
5576400	5616000
5648400	5659200
5662800	5702400
5734800	5745600
5749200	5788800
5821200	5832000
5835600	5875200
5907600	5918400
5922000	5961600
5994000	6004800
6008400	6048000
6080400	6091200
6094800	6134400
6166800	6177600
6181200	6220800
6253200	6264000
6267600	6307200
6339600	6350400
6354000	6393600
6426000	6436800
6440400	6480000
6512400	6523200
6526800	6566400
6598800	6609600
6613200	6652800
1000000000	2000000000
3333333333333333333333
3333333333333333333333
3333333333333333333333
2222662222222222222244
6666666666666688666666
6666664466222266661166
5500555555555555555555
4444004444444444444444
6666666666666666666666
0066886666666666666666
0.48
