13
5
300
69
0	7
3047	4570
0	1	4	6	7	8	10	
1	4
3047	4570
1	2	3	5	
2	3
3047	4570
4	6	10	
3	6
3047	4570
1	2	4	6	7	10	
4	4
3047	4570
1	2	3	4	
5	7
3047	4570
0	2	3	5	7	8	10	
6	5
3047	4570
0	3	4	6	7	
7	8
3047	4570
0	1	2	3	5	6	7	10	
8	1
3047	4570
5	
9	7
3047	4570
1	2	3	5	7	8	9	
10	7
3047	4570
1	2	3	4	6	9	10	
11	4
3047	4570
1	3	4	8	
12	7
3047	4570
1	2	3	6	7	8	10	
13	10
3047	4570
1	2	3	4	5	6	7	8	9	10	
14	4
3047	4570
2	6	7	8	
15	2
3047	4570
4	10	
16	2
3047	4570
0	7	
17	2
3047	4570
6	8	
18	5
3047	4570
0	1	2	6	10	
19	4
3047	4570
4	5	6	8	
20	2
3047	4570
1	4	
21	4
3047	4570
3	4	8	9	
22	6
3047	4570
2	3	5	6	8	10	
23	9
3047	4570
1	2	3	4	5	6	7	8	10	
24	5
3047	4570
2	4	6	7	10	
25	8
3047	4570
1	2	3	4	6	7	8	9	
26	8
3047	4570
0	2	3	4	5	7	8	10	
27	6
3047	4570
1	2	4	5	6	8	
28	3
3047	4570
2	4	7	
29	9
3047	4570
0	1	4	5	6	7	8	9	10	
30	7
3047	4570
1	2	3	4	7	8	10	
31	2
3047	4570
6	10	
32	5
3047	4570
0	1	2	3	10	
33	8
3047	4570
0	2	3	4	6	7	8	9	
34	9
3047	4570
0	1	3	4	5	6	7	8	10	
35	2
3047	4570
6	8	
36	2
3047	4570
6	10	
37	3
3047	4570
2	3	9	
38	9
3047	4570
1	2	3	4	6	7	8	9	10	
39	9
3047	4570
1	2	3	4	5	6	7	9	10	
40	9
3047	4570
1	2	3	4	5	6	7	8	9	
41	5
3047	4570
2	5	7	8	9	
42	3
3047	4570
0	2	4	
43	2
3047	4570
5	6	
44	8
3047	4570
0	2	3	4	6	7	8	9	
45	1
3047	4570
6	
46	2
3047	4570
3	9	
47	4
3047	4570
2	3	4	7	
48	10
3047	4570
0	1	2	3	4	5	6	7	8	10	
49	3
3047	4570
1	2	8	
50	4
3047	4570
2	3	4	7	
51	3
3047	4570
2	6	7	
52	10
3047	4570
1	2	3	4	5	6	7	8	9	10	
53	3
3047	4570
2	3	4	
54	2
3047	4570
3	7	
55	6
3047	4570
0	2	3	7	8	10	
56	9
3047	4570
0	1	2	3	4	5	7	8	9	
57	7
3047	4570
1	2	3	5	6	7	8	
58	7
3047	4570
2	4	6	7	8	9	10	
59	8
3047	4570
0	1	2	4	5	6	7	10	
60	5
3047	4570
0	2	6	7	8	
61	2
3047	4570
4	8	
62	1
3047	4570
5	
63	7
3047	4570
0	2	3	4	7	8	9	
64	8
3047	4570
2	3	5	6	7	8	9	10	
65	6
3047	4570
1	2	4	5	6	10	
66	4
3047	4570
1	2	7	10	
67	7
3047	4570
0	2	3	6	7	8	9	
68	9
3047	4570
0	2	3	4	5	6	7	8	9	
11
0
0	1	1	1460	1480
1.37799	0.61231	0.756116
0.765474	0.0612899	0.964524	0.00313949	0.820692	0.703294	0.691854	0.907886	0.997014	
1
1	1	1	897	947
1.22279	0.369218	0.830559
0.457762	0.609604	0.648223	0.292697	0.875017	0.266104	0.838311	0.325411	0.490523	
2
2	1	1	1215	1297
1.11692	0.0784917	0.956557
0.169238	0.0552495	0.390137	0.211369	0.46374	0.110149	0.122574	0.877081	0.077579	
3
3	1	3	1483	1485
1.43752	0.372491	0.947143
0.934867	0.585222	0.464713	0.97942	0.457716	0.21965	0.798645	0.887309	0.856207	
4
4	1	3	1306	1363
1.338	0.445527	0.531
0.0831486	0.392785	0.502464	0.909299	0.145435	0.897228	0.403813	0.641694	0.679291	
5
5	1	3	909	976
1.21296	0.0701872	0.711135
0.313853	0.418342	0.687562	0.659523	0.24739	0.301144	0.546448	0.929907	0.504718	
6
6	1	1	1287	1380
1.36814	0.141741	0.596944
0.590535	0.945246	0.0717903	0.128038	0.889129	0.357554	0.428205	0.141697	0.919099	
7
7	1	3	998	1042
1.43585	0.564018	0.80153
0.507775	0.341156	0.706493	0.671837	0.100572	0.475078	0.39441	0.263928	0.203377	
8
8	1	5	855	904
1.31294	0.229772	0.72438
0.278657	0.821759	0.0132948	0.248302	0.577622	0.0294405	0.955721	0.457139	0.1369	
9
9	1	2	1252	1333
1.12298	0.259062	0.682739
0.164883	0.650708	0.288701	0.0852982	0.527898	0.913285	0.924078	0.620748	0.401653	
10
10	1	2	890	967
1.31546	0.645792	0.980925
0.564519	0.858637	0.483915	0.309907	0.557109	0.756673	0.904514	0.861154	0.695661	
1270
0	60	123329
3087	3817	3648	4529	3588	
1	31	126803
4355	3099	
2	57	208572
3496	3103	3534	3625	4090	3863	3372	
3	42	57118
3138	3303	3398	
4	16	210117
4322	3623	
5	39	223910
3425	3936	3295	3290	4531	3104	3444	4310	3055	
6	61	212062
4460	3490	
7	56	227693
4013	3496	4158	3684	3682	3817	3069	3628	3783	
8	48	227632
4266	3981	3833	4218	3488	4553	4207	3659	3494	3722	
9	66	231196
3083	4000	3699	3564	
10	35	293419
3790	4324	
11	32	234647
4083	3638	3265	3586	3451	
12	30	297448
3562	3674	3509	3490	3833	4029	3319	
13	33	309848
3398	3273	3977	3216	3802	3874	3386	3848	
14	19	308052
3903	3614	4222	3618	
15	56	313985
3279	3867	3191	3541	4309	3747	3764	4558	4137	
16	45	380665
3847	
17	16	308421
4051	3989	
18	17	384022
3116	3357	
19	48	388462
4523	3820	3866	3548	3058	3476	3205	3286	4440	3891	
20	41	396362
3240	4323	4461	4050	3962	
21	63	400667
4103	4402	3061	4260	4111	3938	4305	
22	2	466327
4326	3740	3421	
23	64	482799
3930	4491	4164	3447	3363	3286	3999	3725	
24	50	473471
4319	3587	4447	3698	
25	14	480445
3681	3681	3050	3374	
26	38	569570
4345	4200	3291	3446	3338	3777	3326	3825	4370	
27	27	557919
3384	3743	4538	3987	3493	3793	
28	29	573115
3871	4024	4331	3556	3305	3195	3092	3475	3545	
29	26	577128
3401	3384	3601	3108	3436	3371	3442	4013	
30	53	316583
4253	3545	4139	
31	27	638285
3656	3129	4045	3886	3494	3274	
32	38	727026
4164	3463	3374	3735	3181	3842	3781	3748	3426	
33	27	646356
3363	3485	3283	3493	4394	4230	
34	53	384840
3823	4472	3194	
35	13	730711
4443	3940	3962	4100	4077	3448	3941	4546	3664	3685	
36	49	658796
3691	3477	4294	
37	2	734132
3645	4546	3421	
38	4	400165
3957	4207	3293	3980	
39	63	663408
3090	3107	3439	4096	3429	3215	4396	
40	15	814108
3159	4376	
41	23	818541
4208	3652	4449	3315	3636	4318	3974	3673	4433	
42	62	468662
3606	
43	21	669066
3121	3123	3382	3316	
44	68	741649
4437	3956	4480	3459	3366	4148	3492	3259	4183	
45	8	479996
4368	
46	68	745608
4063	3930	4230	3874	4066	3498	3427	4247	3959	
47	20	482377
4563	3586	
48	20	485578
3237	3201	
49	22	897960
4014	3603	4132	4518	3479	3819	
50	39	902077
3705	4052	3773	4252	4235	3739	3455	4149	4117	
51	34	906603
3384	4274	3782	3337	3381	4437	3139	3776	4526	
52	29	986717
3826	3637	3644	4274	4187	3112	3697	4171	4514	
53	58	989838
4454	3573	3431	4330	4062	3668	3121	
54	13	1069204
3152	4488	4425	4557	3739	3227	4052	3923	4218	3766	
55	63	834547
3097	4469	4146	4083	4027	3663	4333	
56	10	1072564
3616	3568	3363	3461	3434	3839	3360	
57	29	1075814
3900	4072	3296	3653	3873	3176	4435	3972	3250	
58	5	1079959
4438	3614	4311	3224	4389	3050	4145	
59	18	1158983
4270	4013	3309	4209	3424	
60	43	752022
3394	4350	
61	11	761004
3052	3832	3267	3947	
62	52	1163068
3655	3969	3325	3983	3752	4377	3552	3868	3609	4085	
63	21	917743
3697	4534	4506	3376	
64	54	760603
3423	4204	
65	17	819427
3624	3249	
66	35	827061
3679	4034	
67	46	922221
3444	4478	
68	2	1242120
3946	3512	3452	
69	11	831037
4314	3184	4142	3976	
70	2	1246498
4398	4539	4378	
71	41	926648
3395	4154	3710	3911	4427	
72	6	815600
3214	3591	3607	4247	4016	
73	24	1251009
3697	4227	3843	4559	4511	
74	12	1257861
3628	4363	3533	4185	3560	3406	3252	
75	36	1262231
4172	4370	
76	52	1265301
4064	4251	3835	3224	3319	3586	4148	3771	3096	3070	
77	49	845392
4279	3621	3267	
78	1	724882
3733	3283	3996	4478	
79	22	1269614
4455	3379	3518	3626	4152	4313	
80	48	1273671
4273	3423	3840	3679	3334	3559	4388	3679	3525	4057	
81	27	903363
4257	3835	3988	4007	3518	3494	
82	64	1330840
4460	3062	3837	3883	4060	3206	3883	3169	
83	54	854687
3264	4109	
84	53	677719
3836	4212	4088	
85	44	1005458
4044	3311	3614	3204	4142	4125	4442	3431	
86	34	1335232
4478	3555	4347	3165	3100	4104	3400	3412	4392	
87	42	727560
3260	3839	3872	
88	64	1338546
3851	3425	4077	3690	4283	3650	4455	3314	
89	9	1014265
4516	4566	3128	4344	4243	4533	4352	
90	23	1346609
4058	4553	3558	4264	3451	3385	3870	3370	4463	
91	36	1351005
3154	4396	
92	12	1354345
4371	3926	3151	3449	4410	3817	3340	
93	65	1358479
3417	4000	3117	3644	4380	4134	
94	21	1085744
3096	3254	3973	3079	
95	19	987872
4205	4503	3443	3706	
96	8	828433
4311	
97	10	1416528
3556	4110	3115	3707	3900	3501	4049	
98	6	930983
4202	3919	4062	3735	3088	
99	36	1420456
3652	3928	
100	41	1093238
3239	3366	4109	3102	3993	
101	8	835171
3372	
102	5	1424932
3146	3522	4356	3660	3355	4029	4476	
103	21	1096464
4111	3393	3175	3226	
104	24	1432892
3695	4352	3533	3417	4360	
105	39	1437294
4132	3093	4211	3389	4199	3113	4425	3190	4402	
106	39	1440769
3954	4276	3817	3570	4217	3917	3799	3560	3475	
107	34	1444198
4144	3056	3176	3955	3765	3599	3756	3872	3429	
108	46	1176051
4291	4437	
109	19	1009533
4359	4124	4032	3883	
110	45	1000573
4544	
111	44	1180272
3961	4032	4020	3914	3717	4526	4002	4221	
112	53	984778
4229	4236	3417	
113	31	1501880
3997	3682	
114	62	917013
4277	
115	64	1504991
3654	3342	4477	3343	3530	3064	3258	3111	
116	36	1509397
4285	4406	
117	36	1516089
4131	3092	
118	68	1187572
4450	3679	3591	4165	3787	3548	4144	3753	4042	
119	9	1259836
3583	4323	4015	4034	4073	3061	3864	
120	57	1077269
4058	3415	3610	3191	3112	3982	3218	
121	43	1078942
4007	3477	
122	33	1264396
4445	3703	3268	4340	3217	3147	3664	4560	
123	45	1088957
3198	
124	17	1092296
3256	3339	
125	2	1519552
4022	3061	3463	
126	3	1522703
3657	3902	3692	3126	3733	3151	
127	34	1527154
4030	4458	3482	3829	3888	3898	4532	3722	4451	
128	41	1267631
3896	3445	3971	3794	3235	
129	19	1171111
3228	4147	3428	3408	
130	28	1171457
3958	3293	3754	
131	19	1175566
3909	3053	3432	4455	
132	47	1175816
4488	3173	3672	4333	
133	55	1530882
4308	3593	4221	3821	3790	3728	
134	30	1588303
4132	3849	4244	4078	4409	3107	3421	
135	47	1248846
4520	4323	3722	3384	
136	0	1591406
3488	3545	3908	3143	4220	4550	3103	
137	35	1261542
3903	3781	
138	52	1595317
3935	3538	3592	4101	4554	3052	3193	3280	3711	3911	
139	9	1343755
3082	3133	3622	4175	4527	4431	4013	
140	21	1347591
4014	3735	3554	3836	
141	51	1272031
3589	4223	4054	
142	18	1602150
4007	3238	3547	3403	3233	
143	63	1351959
3864	3765	4533	4410	3908	3360	4368	
144	18	1606501
3768	4379	3464	4311	4351	
145	43	1279594
3389	4348	
146	2	1610705
4226	3495	4204	
147	50	1279727
3548	4233	4394	3788	
148	63	1355464
4214	3358	4432	4041	4265	3555	3505	
149	33	1358907
3442	3339	3104	3326	4338	4388	3927	3443	
150	3	1614422
3587	4138	3136	3159	3935	3717	
151	10	1618337
3170	3303	3080	3599	4191	3439	3915	
152	67	1433928
3118	4405	4224	4228	3586	3111	3182	
153	63	1437787
3390	4523	4273	3445	4277	3362	3859	
154	10	1676389
3897	3585	3086	3454	3801	3776	4052	
155	3	1680602
4102	3101	4252	4487	3280	4213	
156	63	1445610
3914	3937	4042	4301	4144	3414	4047	
157	19	1359139
4406	3265	4038	3290	
158	40	1517455
3096	3657	3536	3367	3875	3527	4365	4003	3445	
159	44	1521604
4206	3735	3584	3579	4462	4450	4069	4149	
160	2	1688533
3836	4393	4331	
161	23	1692090
3319	4114	4124	3733	4224	3483	3647	4442	3557	
162	31	1695808
3501	3718	
163	44	1525348
4516	3705	4370	4038	4486	3795	3332	3744	
164	51	1444135
3848	3163	3968	
165	24	1699773
4492	4390	3372	3690	3965	
166	16	1451088
3392	3263	
167	42	1424930
3702	3598	4021	
168	2	1703596
4032	4178	3823	
169	22	1760745
3721	3634	3375	3889	3812	3149	
170	12	1764514
3570	4393	3423	4385	3681	4466	3769	
171	8	1431314
3874	
172	2	1768252
4524	3246	3738	
173	52	1776346
3780	3358	3961	3760	3732	3615	3945	3308	3328	4494	
174	58	1780822
3656	3794	4003	3203	3727	4076	4476	
175	52	1784433
4055	3788	3070	4511	3276	4363	3051	3945	3720	3611	
176	26	1787817
3625	3742	4549	4209	4234	3473	4150	3384	
177	61	1528130
3924	3365	
178	44	1608504
4536	3834	4486	3851	3340	4238	3788	3632	
179	1	1510798
3585	3164	3633	3413	
180	55	1792099
4516	4076	3598	3354	3268	4282	
181	17	1539535
3683	4349	
182	45	1528668
4064	
183	55	1850474
4421	3915	3539	3340	4029	4375	
184	59	1854793
3873	3626	3624	3139	3547	3998	4540	4319	
185	44	1611872
3642	3884	4485	3915	4163	3352	4348	3368	
186	65	1861957
3957	3092	3509	4305	3123	3564	
187	39	1865901
4297	3146	3127	4451	3068	3748	3359	4456	3944	
188	27	1602316
4197	4338	4551	4509	3204	4004	
189	27	1606469
4214	4137	3645	4291	3997	4153	
190	0	1870347
3994	3623	3242	3584	3608	3691	4446	
191	10	1874621
3582	4156	3788	4523	3610	3604	4274	
192	41	1692053
3051	3475	4533	3369	3721	
193	56	1696414
3755	4169	4187	3274	3127	4259	3225	3518	4361	
194	1	1602782
3426	3367	3804	3330	
195	45	1604384
3089	
196	4	1542262
4027	3363	4110	3825	
197	22	1878756
4400	3852	4008	3056	4544	4135	
198	61	1625123
3433	3532	
199	45	1611611
4171	
200	28	1609666
4081	3516	4199	
201	59	1936231
3950	3929	3449	3482	4265	4061	3561	3475	
202	47	1619791
4342	3258	3382	4119	
203	46	1700800
4410	4386	
204	10	1939377
3861	4457	3579	3113	3661	3730	3146	
205	35	1675634
3915	3711	
206	52	1943324
3606	4262	3501	3691	3941	3430	3887	3858	4393	3947	
207	34	1951401
3191	3348	3654	4426	4348	3718	4367	4074	4477	
208	9	1781322
3891	3292	3877	3679	4336	3512	3999	
209	63	1785525
4034	4230	3374	4153	4146	4339	4203	
210	24	1954813
4138	3463	3116	4076	3412	
211	64	1958117
3307	3615	3779	3106	4000	4475	3489	3304	
212	48	1961984
3932	4395	4343	3191	4189	4087	3054	3595	4211	3867	
213	21	1792569
4404	3364	3766	3555	
214	2	2020293
3191	3250	4309	
215	66	2023869
3199	3558	4497	3576	
216	33	1865380
3205	4487	3619	3724	3484	4539	3994	4411	
217	5	2028204
4091	4524	4326	3432	3621	3308	4335	
218	20	1676472
3881	4283	
219	38	2035022
4302	4408	3067	4488	3857	4173	4454	4330	3218	
220	64	2038555
3283	4470	4390	3439	3484	3621	4531	3533	
221	53	1688780
4046	3829	4220	
222	66	2043121
3133	3685	4400	4566	
223	58	2046612
3185	3630	3519	3395	3803	3532	3491	
224	23	2051152
3714	3169	3353	3743	3224	4246	3664	3068	4540	
225	22	2109024
4518	3965	4175	4394	3604	3872	
226	53	1699844
3309	4347	3691	
227	46	1950001
4288	3828	
228	21	1953376
3492	3691	4079	3375	
229	54	1764883
3441	3730	
230	61	1791738
3405	3938	
231	17	1795724
3180	3986	
232	67	1957202
3292	3414	4233	4435	4176	3828	3826	
233	7	2112754
4176	3481	4201	3346	4053	4037	3638	3730	
234	44	1960258
3345	3410	3225	4294	4554	4328	3376	3056	
235	55	2120475
3931	3646	4429	4553	4223	4121	
236	21	1964625
3090	3423	3942	4367	
237	0	2124017
4232	4141	3576	4566	3068	3630	3542	
238	8	1768915
4462	
239	12	2127785
4139	3283	3871	3811	4263	3107	3768	
240	6	1797018
4346	3997	4234	3422	4509	
241	30	2131058
3863	3281	4085	3552	3154	3621	3273	
242	55	2134240
4447	4019	4033	4396	4285	3182	
243	36	2137518
4555	3278	
244	29	2195121
3293	4299	4340	3435	3130	3908	4549	4477	3603	
245	34	2199303
3849	3703	4346	3806	3870	3836	3882	3948	4182	
246	50	1852833
4008	3409	3326	4000	
247	1	1853085
3164	4238	3745	4278	
248	53	1852330
3618	3633	3072	
249	32	2202815
3608	3393	4457	3048	3512	
250	32	2210015
3337	3796	4191	3430	3600	
251	45	1853254
4446	
252	44	2040739
3523	4510	3108	3406	4013	3447	4449	3237	
253	60	1939585
3189	4336	3465	3405	3703	
254	47	1873414
3556	3066	4421	3528	
255	12	2214047
3093	3157	4534	3717	3599	3860	4032	
256	39	2218439
3330	3798	4243	4220	3304	4211	3917	3698	4392	
257	44	2048686
4292	4094	3929	3584	3220	3488	3854	4249	
258	58	2222669
3230	3101	4025	4319	3582	3396	4230	
259	46	2124158
3563	3676	
260	20	1888194
4397	3805	
261	66	2279880
4333	3187	3582	3211	
262	49	1958365
4508	4451	3884	
263	59	2283090
3565	4127	3997	3483	3405	3224	3920	3210	
264	3	2286762
3378	4381	4234	4228	3639	3672	
265	14	1962439
3255	3539	4114	4074	
266	5	2294700
3425	4495	4292	4401	3854	3609	4338	
267	20	1939925
3400	4414	
268	47	1955622
3669	4550	4560	3114	
269	67	2128104
4097	3489	4495	4064	3073	3811	3946	
270	26	2298712
3344	3356	4164	3447	3539	3715	3090	4012	
271	49	2023070
4404	4466	3321	
272	14	2027154
3208	3443	4148	4084	
273	13	2302067
3739	3732	3251	3056	3872	3171	4330	4023	3978	3355	
274	7	2305153
3958	4025	4070	4506	4393	3301	4244	3086	
275	37	2135333
3769	4374	3251	
276	60	2039113
3185	4060	4066	3996	4336	
277	14	2042254
3173	4207	3047	3141	
278	4	1968411
4440	3692	3463	3528	
279	15	2308814
3121	3661	
280	22	2366850
4228	3118	4086	3937	3421	4036	
281	7	2370043
4340	4536	4251	3866	4147	4214	3048	3193	
282	44	2207894
4227	3101	4334	4272	4092	3407	3071	4161	
283	23	2374131
3085	3689	3936	4373	4227	3687	3559	3658	4088	
284	27	2056536
3976	4410	4420	3769	3190	4132	
285	12	2381125
3973	3565	3660	4547	3356	4565	3394	
286	11	2111359
3382	3888	3108	3458	
287	53	2045368
4246	3129	3403	
288	58	2384453
4439	3835	3620	3434	4482	4078	3328	
289	44	2215886
3909	3276	3337	4138	3699	4245	3463	3914	
290	21	2218935
3551	4256	3347	3049	
291	33	2223297
4175	3782	4543	4035	3067	4442	3638	4362	
292	65	2388578
3255	3803	3500	4324	4251	4125	
293	57	2134239
4254	4281	3978	3632	4211	4512	4350	
294	50	2122084
4324	3721	4364	3648	
295	36	2392899
4056	4321	
296	12	2396974
4527	3344	3249	3741	3251	4387	4075	
297	42	2115062
3596	3216	3812	
298	48	2455085
4264	3946	4257	4040	3521	4094	4215	3285	3264	4111	
299	37	2295365
4220	3060	3668	
300	66	2459410
3855	4132	3636	4325	
301	12	2466528
3132	3088	4292	4541	4537	3355	3518	
302	40	2298524
4210	4159	3292	3824	3982	3694	3245	3516	3159	
303	26	2470601
3737	3096	4340	3408	3526	4193	4503	4073	
304	15	2474313
3894	3712	
305	51	2149408
3275	3546	3650	
306	66	2478675
4144	4258	4054	4362	
307	25	2302071
3448	4439	4142	4523	4356	3485	3493	3547	
308	40	2305580
4187	4270	4401	3687	4542	3385	3590	3315	3509	
309	55	2481928
3111	4436	4010	4472	4161	3253	
310	61	2218729
3329	4096	
311	64	2539084
4187	4077	4303	3276	3430	3326	3438	3156	
312	20	2194828
3589	3315	
313	2	2542986
3843	3072	3902	
314	26	2546634
4304	4102	3648	3678	4013	3795	3066	3648	
315	32	2554331
3327	4291	4026	3332	4097	
316	24	2558108
4331	3806	4247	4253	3777	
317	28	2221101
4356	4453	4404	
318	16	2224495
3386	3394	
319	53	2219245
3708	3372	3798	
320	46	2380484
4090	3066	
321	52	2561786
3345	3965	4465	3707	4057	3464	3323	3813	4144	3678	
322	4	2227105
3189	4324	3268	4153	
323	4	2231372
3732	4122	3763	4267	
324	42	2235810
3675	4321	4438	
325	11	2282051
3568	3795	4136	3251	
326	48	2565414
3151	4528	3614	4484	3910	3544	4538	3975	3367	3628	
327	48	2568938
3104	4181	4457	3140	3702	3457	3227	3567	3258	3524	
328	0	2626407
3451	4307	3570	3823	4533	3704	3469	
329	28	2300890
3710	4400	3669	
330	35	2301305
3950	4083	
331	43	2304457
4306	4336	
332	4	2303183
3717	4440	3935	3384	
333	58	2630018
3061	3496	4435	4477	4207	4377	3611	
334	1	2299672
3070	3099	4470	3136	
335	51	2312872
3693	3980	3140	
336	8	2304090
4418	
337	17	2316640
3768	3585	
338	18	2634567
4505	3404	4284	3490	4549	
339	60	2368470
3292	3121	3193	3967	3270	
340	54	2328257
3606	4160	
341	54	2331854
3437	3597	
342	52	2641504
3749	3660	4548	3783	4215	3694	4321	3527	4416	3337	
343	51	2372230
4024	3825	3655	
344	7	2644914
4117	3385	4055	4526	3837	3668	3827	3410	
345	62	2373251
3719	
346	53	2365771
3478	3181	3164	
347	41	2397359
3858	3497	4504	3768	3938	
348	30	2648623
3195	3895	3051	4364	3651	3116	3709	
349	28	2391618
3775	4100	3806	
350	9	2469208
3184	3945	4496	3142	3960	3246	3449	
351	46	2473161
4565	3953	
352	62	2386734
3244	
353	16	2398854
4565	3276	
354	33	2476226
3510	3429	3719	3480	3786	3549	3521	3065	
355	37	2480563
3995	4413	4337	
356	45	2388966
3459	
357	60	2453485
4123	3827	4216	4282	3452	
358	14	2457408
4003	3250	3474	3923	
359	30	2652093
3780	3962	4343	3625	4218	4008	3470	
360	32	2655209
3889	3310	4089	3407	3116	
361	42	2397016
4373	3137	3059	
362	56	2483738
3588	3472	3766	3334	3210	3862	3797	3290	3175	
363	18	2712783
3570	3412	3615	3332	3574	
364	14	2471437
3478	4446	3223	3131	
365	43	2459622
4272	3909	
366	46	2555353
3934	3215	
367	43	2467355
4132	3801	
368	22	2716471
3763	4394	4072	4439	3428	3688	
369	34	2720113
4288	3499	3370	4241	4031	3987	3421	3789	3642	
370	31	2727336
4433	3623	
371	2	2730682
3355	3888	3346	
372	67	2559862
3868	3770	3137	3724	3096	4053	4509	
373	65	2734553
3643	3263	3317	4333	3738	3871	
374	42	2473897
4462	3202	3558	
375	8	2483003
3213	
376	57	2542764
3200	3716	4382	4558	3207	4409	3095	
377	43	2545790
3386	4228	
378	29	2738351
3095	3761	4266	4397	3695	3260	3474	3906	3798	
379	42	2481476
3534	4478	3313	
380	5	2741691
3244	3963	3421	3805	4122	4485	3340	
381	42	2484788
4459	4442	3312	
382	39	2799255
4486	4341	3470	4114	3818	4033	4263	4354	3564	
383	23	2802609
4501	3739	3674	3809	4055	4194	3911	4264	3354	
384	8	2568463
3841	
385	24	2806106
4472	4509	3693	3602	3497	
386	51	2572487
3427	3818	3396	
387	60	2577117
4366	4467	4373	4204	4461	
388	62	2626837
4374	
389	55	2813984
4266	4465	4081	3625	4404	4278	
390	11	2631978
3656	3385	3955	3657	
391	48	2817153
3069	3452	3053	3751	3851	4002	3333	3529	3984	3169	
392	9	2643864
3050	3407	3494	3060	3526	3715	4302	
393	20	2552433
3853	4207	
394	57	2646862
4524	3178	4021	3454	4545	3859	3585	
395	52	2820623
3647	3140	3073	3646	3443	4379	4035	4337	4119	3470	
396	45	2649709
3286	
397	6	2653639
3465	3215	3176	3930	3283	
398	40	2726646
3756	3166	3726	4359	3091	4200	4061	4468	3629	
399	57	2662171
4543	3374	3695	4389	3971	3824	3925	
400	52	2824452
3742	4314	4235	3736	3186	4270	3214	3739	3856	3829	
401	22	2828913
3446	3106	3938	3702	3299	4461	
402	7	2886607
3946	3161	3349	3626	4443	3154	3121	3694	
403	30	2890261
3675	3711	4060	3880	3855	3360	3654	
404	67	2734402
3312	3152	4355	3273	4424	3391	3900	
405	0	2898102
3479	3661	3811	4114	4014	3392	4241	
406	7	2901256
4333	4062	3365	4424	3932	4018	3857	3154	
407	54	2740320
3408	3127	
408	12	2904797
3658	4525	3169	4471	3301	3192	3541	
409	33	2815700
4123	3459	3752	4048	3780	3592	4546	4100	
410	62	2728039
3064	
411	48	2909282
3280	4478	3253	3241	3726	3387	3373	4388	3939	4485	
412	31	2913246
3829	3964	
413	41	2819985
3268	3807	4505	4077	4285	
414	19	2806581
3425	3289	3924	3598	
415	36	2970346
3648	3100	
416	36	2974438
3214	4092	
417	15	2978235
3586	3797	
418	17	2813925
3986	3744	
419	33	2824206
4002	3849	4051	4059	4418	3096	3243	4221	
420	21	2827796
3619	4382	3448	3590	
421	12	2985865
3595	3633	3889	3108	3862	4030	4030	
422	29	2989726
4268	3905	4097	4461	3084	3662	3783	3801	3861	
423	23	2994137
4048	4284	3200	4498	4201	3787	4470	4280	4411	
424	53	2719222
3902	3604	3297	
425	10	2997904
3777	4403	3852	4381	4466	4349	3767	
426	38	3056463
3631	3454	3916	3932	4466	3641	4220	4250	4559	
427	56	2912462
4522	4016	4467	4229	3430	3426	3300	4184	3866	
428	46	2985166
3426	4304	
429	35	2891753
3885	3840	
430	57	2898438
4341	3950	4322	3160	4217	3561	3085	
431	58	3060446
3130	3679	3177	4356	4250	3689	3983	
432	15	3063787
4036	3341	
433	35	2906235
3653	3547	
434	19	2909892
3335	3288	3097	3657	
435	14	2914045
3993	3140	4188	4153	
436	49	2917205
4198	3464	3160	
437	21	2992955
4476	4282	3643	4100	
438	23	3066905
3645	3646	3778	3407	3693	4268	4011	3503	3118	
439	57	2975108
3331	4126	3674	3136	4342	3327	3957	
440	52	3074524
3785	3288	3085	4192	3080	3515	4103	3776	4386	4019	
441	62	2828730
4163	
442	22	3079000
3501	3747	3295	3828	4267	4476	
443	57	2990344
4517	4360	3440	4508	3398	3320	3593	
444	49	2994046
3642	3193	3702	
445	47	2898250
3212	4101	3091	4117	
446	58	3082820
4062	3948	3695	3588	3489	4027	3820	
447	39	3085978
3942	4120	3974	3465	4101	4168	3062	3217	3158	
448	66	3144351
4447	4273	4438	4373	
449	60	3001404
3793	3430	4476	3828	3869	
450	58	3148211
4189	4492	3214	3736	3201	3302	3860	
451	3	3151923
4302	4522	4044	3526	4006	3712	
452	59	3159891
3704	3465	4208	4454	3748	4526	4518	4368	
453	51	2929616
4536	4096	4190	
454	30	3163879
3879	3216	3584	4288	4243	3526	3988	
455	30	3167860
3330	3843	4337	3824	4455	4157	3981	
456	20	2889117
3890	4296	
457	32	3171991
3776	4209	3562	4086	4131	
458	37	3080663
4555	3700	4376	
459	18	3229897
3828	3262	3733	3162	3906	
460	63	3083928
4440	4385	3452	4429	3456	3670	3265	
461	52	3233824
3810	4091	3650	3402	4429	3158	4212	3110	4243	3927	
462	37	3159804
3312	3432	3233	
463	13	3236894
3843	3223	3889	4379	4026	3189	4231	3126	3968	3070	
464	42	2908786
3463	4188	3859	
465	54	2990453
4480	4240	
466	45	2934514
3171	
467	8	2913878
3441	
468	51	2994871
3261	4336	4418	
469	68	3168111
3502	4108	4497	3212	4382	4093	3472	3906	4339	
470	3	3244263
3938	4242	3232	3065	3102	3769	
471	58	3248019
3074	4514	3761	3929	4108	3437	3756	
472	1	2976002
3218	3400	4024	3742	
473	39	3252079
3381	3773	3936	3918	4217	3565	3552	4506	4060	
474	53	2928223
4376	3807	4561	
475	48	3256197
3308	3405	4507	3194	3312	3631	4472	3579	3649	4118	
476	38	3260284
4017	4314	3402	3289	3269	4259	3074	3720	4087	
477	49	3090890
4270	3396	3559	
478	27	3095106
4459	3315	3325	4507	3853	4216	
479	66	3317640
3279	3488	4472	3356	
480	55	3321072
3991	4240	4510	3149	3776	3432	
481	17	3149408
3601	3726	
482	16	3061013
4357	4228	
483	55	3324532
3841	3909	3262	4390	3793	3460	
484	37	3251268
3478	3855	3094	
485	16	3073391
4415	4388	
486	34	3332559
3512	3880	4471	4424	4498	3079	4114	4083	4427	
487	34	3336793
4019	4282	3525	3369	3791	4064	3116	4215	4234	
488	50	3085169
3122	4098	3138	4548	
489	23	3340302
4086	3487	3608	4387	3148	3383	4540	4496	3509	
490	43	3063856
3590	4073	
491	38	3343756
4409	4259	3732	3053	4523	4260	3364	3885	3454	
492	7	3347779
4466	4168	4506	3291	3800	3425	4322	4023	
493	55	3405976
3518	4270	4141	3276	4404	4197	
494	21	3259313
3155	3876	3548	4160	
495	44	3330835
4181	4487	3919	4545	3194	3586	3560	3122	
496	56	3334493
3306	3150	3365	3969	3452	4373	3838	3911	3658	
497	59	3410152
3892	4178	4477	3745	3632	3824	3148	4176	
498	0	3417342
3929	4416	3085	4070	3570	4161	3590	
499	36	3420697
3129	3355	
500	52	3424416
3509	4222	3439	4171	3057	3604	3479	4389	4071	3719	
501	62	3148816
4099	
502	13	3428208
3504	4098	4249	4509	3611	3394	4174	3154	3823	3792	
503	54	3162525
3693	3163	
504	37	3345434
3595	4560	3047	
505	43	3159250
3222	3063	
506	29	3431607
3826	4544	4388	4554	4566	3887	3490	4562	3399	
507	3	3489413
3296	3242	3209	3882	3766	3806	
508	32	3493567
4483	3803	3562	4562	4154	
509	15	3496785
4087	3218	
510	43	3172180
3115	4482	
511	41	3422563
3425	4465	3975	4303	4167	
512	51	3178252
4230	3952	4099	
513	46	3426811
3360	4248	
514	2	3503797
4518	4343	3412	
515	7	3508347
4069	3303	3199	3211	3220	3330	3684	4550	
516	45	3186862
3057	
517	7	3512337
4303	4425	4222	4549	3572	3699	4284	3990	
518	16	3237332
4241	4563	
519	8	3235618
3443	
520	65	3515403
3821	4346	4128	3494	3485	3066	
521	10	3519176
3973	4127	3815	3851	3406	3197	3773	
522	18	3576238
3510	4111	3977	4345	3062	
523	41	3433353
3586	4521	4227	4025	3345	
524	26	3580338
3463	3816	3544	3674	4359	3540	4343	4100	
525	52	3583832
4159	4419	4349	4132	4510	4105	3312	4453	4045	3494	
526	37	3509492
3047	3272	3694	
527	8	3260594
4492	
528	39	3590634
3987	3085	4443	3141	3591	3214	4113	3358	3202	
529	49	3321120
4537	4486	3220	
530	36	3594256
3066	3622	
531	62	3321413
3228	
532	14	3326153
3181	4520	3450	3831	
533	21	3516493
4226	3984	4441	3643	
534	43	3332764
4426	3392	
535	65	3598782
3462	4024	3354	3348	4199	4526	
536	40	3519874
3333	3926	4063	4020	3349	4203	3262	3686	3381	
537	29	3602520
3556	4130	3126	4309	3548	4330	3309	4010	3738	
538	35	3349222
3478	3726	
539	58	3606616
3366	3782	3645	3920	4392	3099	4096	
540	54	3355217
3957	3105	
541	3	3664050
4097	3597	3290	4112	3773	3434	
542	25	3598607
3470	4487	3067	4378	4327	3275	3519	3224	
543	8	3344233
3788	
544	45	3404259
4383	
545	23	3667919
4134	3343	3285	3816	4404	3916	3414	3461	3869	
546	63	3601873
3765	4136	4095	4007	4263	3354	3266	
547	13	3671331
3281	3322	4378	3824	4041	3820	3903	4183	3673	3412	
548	34	3679019
4120	3489	4530	3961	3442	3088	3819	3121	4088	
549	30	3683069
3783	3917	3566	3977	3455	3248	4050	
550	57	3430651
3699	3799	4462	3325	3979	3402	3436	
551	65	3687493
4152	3879	3337	3777	3476	4424	
552	29	3691989
3856	4362	4058	4440	3852	3817	4053	3932	4496	
553	13	3749973
3374	4394	3292	3276	4402	4540	3777	3221	3103	3984	
554	16	3441272
4209	3061	
555	62	3433115
3451	
556	44	3685090
4038	3049	4042	3829	3816	3824	4016	4109	
557	0	3754132
3723	3591	3883	3268	4024	3146	4159	
558	51	3453507
4325	3257	4387	
559	28	3490332
3718	4535	4425	
560	33	3689477
4033	3075	3070	4317	4383	4454	3251	4387	
561	39	3762340
4265	4203	3975	4550	4032	4412	3419	4462	3513	
562	18	3766526
3611	3485	4502	4311	4186	
563	38	3769817
3892	3189	3641	4078	3754	3219	3542	4179	3291	
564	32	3774012
3678	3518	3871	4418	4195	
565	44	3769820
3789	4400	3130	4280	3813	4101	3819	3302	
566	26	3777496
3858	3593	3638	3266	3803	3194	3214	3484	
567	59	3835289
4535	4490	3503	3125	3386	3748	3652	3793	
568	37	3772901
3267	4075	3081	
569	50	3519974
4100	4279	4373	4003	
570	41	3776151
3065	4464	3906	3446	3250	
571	10	3848802
3705	4424	3854	3968	4214	4250	3165	
572	63	3852267
3763	4235	3345	3502	4276	4557	3466	
573	28	3531251
3444	3425	3095	
574	34	3851940
3663	3443	3137	3707	3292	4037	3447	4269	3138	
575	60	3583952
4295	4370	3746	3519	4446	
576	60	3590826
4080	3112	3305	3526	3274	
577	59	3856000
3790	3758	4218	3281	3935	3402	3219	4060	
578	26	3859607
4474	4382	3105	3103	4525	4406	4185	3607	
579	65	3862777
3139	3336	3653	3824	4083	3170	
580	47	3585331
3891	3253	3894	3563	
581	37	3856381
3810	4454	4114	
582	16	3592827
4538	3896	
583	2	3920965
4483	3134	4188	
584	17	3598850
3168	3839	
585	47	3596139
3911	3241	3421	3312	
586	5	3925245
3841	3709	3475	3255	3288	4089	4280	
587	14	3607193
4232	4214	4092	4254	
588	26	3928723
4397	4305	3683	4043	3216	3088	4040	3478	
589	17	3662296
3347	4263	
590	19	3666640
4295	3356	3286	4344	
591	27	3670848
4001	4350	4318	3752	4088	4208	
592	49	3678328
4161	4340	3880	
593	3	3936505
4174	3086	3290	3435	3190	4182	
594	24	3939787
3412	3916	3382	3452	3282	
595	10	3943458
4476	3963	3124	4149	3566	3461	3671	
596	35	3681754
4215	3426	
597	49	3686020
3711	3482	4266	
598	38	3946689
3200	3436	4177	3761	4128	4247	3534	3950	3231	
599	58	3949858
4367	3610	3714	4300	4316	4056	3169	
600	63	3939682
3699	3875	4332	3371	3452	3349	3434	
601	15	4007083
4193	3225	
602	33	3943860
3103	4296	3170	4364	3736	3471	3200	4178	
603	21	3947668
3482	3598	4181	3808	
604	37	3952193
3302	4268	4525	
605	30	4010458
3975	3804	3512	3634	3751	3785	3375	
606	3	4014784
4151	3475	3265	3593	3500	4326	
607	44	4023739
4479	4169	3982	3992	3260	3157	3511	3146	
608	41	4026942
4159	3939	4030	3102	3203	
609	20	3598485
4531	4048	
610	23	4022451
4335	4568	4398	4549	4504	3159	3785	3217	4067	
611	22	4026837
3803	3408	3452	4419	4052	4386	
612	35	3776045
4056	3378	
613	41	4031371
3740	4068	3779	3163	4429	
614	23	4030970
3338	4208	3850	3761	4229	4387	4196	3280	4133	
615	59	4034734
3977	4226	4386	3984	3490	4273	3801	3764	
616	8	3679548
3675	
617	31	4038775
3367	4041	
618	61	3785724
3335	3236	
619	37	4035833
3563	3174	4462	
620	55	4096465
4139	3478	3715	3451	3084	3690	
621	39	4108015
4033	3167	4478	4172	3351	3226	3754	3781	3270	
622	58	4111193
3741	3425	4393	3351	3607	3179	3078	
623	29	4115741
3555	3088	3912	3476	3847	3118	4506	3389	4548	
624	17	3851016
3560	3695	
625	18	4120185
4238	4451	3533	3518	4444	
626	8	3689610
3235	
627	58	4123551
4103	3348	3190	3961	4349	3989	3366	
628	10	4181177
3282	4183	4217	3719	3825	3142	3626	
629	35	3859085
3993	3720	
630	42	3680240
3816	3786	4350	
631	18	4185630
3786	3729	4029	4058	4453	
632	18	4189959
3108	4528	3351	3565	4329	
633	24	4196623
3995	4003	3837	3385	3064	
634	63	4124962
3649	4554	4040	3873	4356	3853	3249	
635	14	3866198
4315	3095	3753	3260	
636	2	4200618
4232	3451	3995	
637	68	4197816
3773	3442	4134	4346	3696	3451	3549	3106	4454	
638	46	4202142
4514	4326	
639	15	4205028
3667	4410	
640	58	4209140
3451	4458	3341	4312	3560	4483	4112	
641	51	3842624
4556	4466	3703	
642	34	4266238
3381	4310	3074	3902	4567	4545	4472	3970	3098	
643	14	3927241
3239	3492	3999	3607	
644	34	4270418
4152	3494	3271	4318	4291	3148	4053	3499	4180	
645	9	4210482
3834	3658	4025	3885	3415	4122	3857	
646	65	4274635
4136	3201	4276	4031	4104	4217	
647	28	3865472
3410	3730	3309	
648	67	4283223
4329	3472	4137	4531	4268	3699	4341	
649	17	3946418
3085	4257	
650	67	4287250
4112	3272	3822	3469	4467	3863	4027	
651	31	4281900
3616	3665	
652	56	4290489
3800	3749	3416	4566	3186	3811	3362	3646	3239	
653	57	3957736
4527	4215	4426	4092	3292	3496	3809	
654	19	4008513
4314	4105	3377	3977	
655	31	4286377
3238	4477	
656	49	4012339
3638	4467	3826	
657	23	4290768
3766	4254	3407	4379	3780	3357	3049	4264	4391	
658	60	4023934
3505	4537	3495	3669	3731	
659	16	3939829
3759	3707	
660	18	4294322
4517	3874	4483	3478	3554	
661	61	4027394
4417	3460	
662	50	3944237
3601	3311	3237	4408	
663	26	4298168
3613	4161	3065	4138	3685	3606	4181	3846	
664	61	4035291
4537	3716	
665	3	4356448
3428	3793	3140	3442	3854	4280	
666	68	4294868
3732	3781	4522	4487	4000	4162	4030	3551	4379	
667	64	4367062
4278	4244	4104	3527	4205	4311	3751	4475	
668	12	4371403
3419	3257	3799	3679	3214	3605	4341	
669	67	4370477
3625	4191	3392	4175	3397	3588	3458	
670	21	4373762
3645	4056	4230	3285	
671	29	4377762
3815	4405	3542	3167	3977	3614	4314	4000	3562	
672	46	4381178
4246	3416	
673	1	3862721
3194	4463	4020	3309	
674	53	3855203
3172	3541	4325	
675	14	4112845
4291	3240	3173	3555	
676	23	4381518
3799	3733	4451	4428	3764	3049	4310	3760	3756	
677	24	4384593
3630	4323	3177	4046	3075	
678	47	4017294
3305	3462	4032	3208	
679	3	4442850
4240	3503	3190	4155	4564	4257	
680	19	4120321
3306	4117	3258	3716	
681	35	4123977
4099	3656	
682	27	4127676
3972	4230	3453	3366	3953	3699	
683	55	4446458
4360	3705	3936	3151	4324	3608	
684	41	4453660
3609	4444	3739	3522	4082	
685	34	4449528
3712	3098	4276	4311	4166	3331	3047	4424	3070	
686	22	4456535
4454	3251	4441	3360	4429	3407	
687	11	4198239
3831	3075	4418	3464	
688	34	4459921
3579	4028	3687	3738	4408	3823	3733	4076	3386	
689	34	4464161
3817	3088	3169	3821	4133	4182	4498	3079	4240	
690	20	3940604
4390	3181	
691	56	4458026
3559	3555	3311	3593	3904	3185	4374	3576	4366	
692	34	4468193
3574	3404	3502	3120	4324	4101	4483	3758	4032	
693	6	4057511
4458	4517	3974	3570	3123	
694	42	3955711
3325	3361	4109	
695	53	3959874
3566	4428	4163	
696	62	4021927
3658	
697	58	4525825
4450	3417	4421	4439	3185	4482	3632	
698	37	4465568
3893	4556	3060	
699	68	4469225
4222	4157	3755	4236	3632	4184	3143	3890	3657	
700	26	4529030
3784	3987	4024	4120	4411	4430	4044	3205	
701	49	4273764
3825	3113	3117	
702	26	4533285
3667	4375	3243	4311	4120	4293	4511	4255	
703	35	4285354
3604	3479	
704	34	4539984
3216	3237	4193	3250	4129	4275	3076	4482	3099	
705	65	4543446
3375	3721	3143	3491	4131	3462	
706	6	4121142
3101	3508	3209	4441	3434	
707	43	4125196
3461	4054	
708	23	4546522
3644	4276	4443	4182	4349	3673	3252	3431	3076	
709	43	4133122
3508	4253	
710	1	4114607
4372	4430	3220	3979	
711	52	4550641
4353	3631	3954	3147	4076	3071	3165	3800	3982	4119	
712	32	4555094
3769	3378	3609	4360	4453	
713	43	4180222
3535	4429	
714	63	4545659
3373	3084	3628	3151	3341	3546	4052	
715	15	4613075
4212	3981	
716	67	4549831
3388	4302	4220	3347	3230	4073	4172	
717	20	4047422
3086	3970	
718	26	4616983
3947	3420	3747	4005	3662	3764	4488	3908	
719	25	4553819
4445	3404	3264	3161	4267	3170	3943	3988	
720	46	4626264
3566	4045	
721	21	4629883
3969	4055	3840	3619	
722	64	4634402
4409	4489	4071	3979	4530	4051	4343	4519	
723	7	4638944
3092	3735	4417	3110	3658	3660	3257	4542	
724	11	4375804
4254	3738	3695	4396	
725	16	4205666
4132	3776	
726	61	4379467
4329	3663	
727	55	4643008
4267	3461	3280	3231	3206	4064	
728	39	4700551
4221	3952	3982	3665	4098	3980	3257	3141	3543	
729	56	4641855
3531	4234	3263	4129	4289	4464	4409	4228	4488	
730	63	4714486
3397	4298	3163	3395	4211	3376	4231	
731	59	4703954
3827	3053	3721	4063	4121	4372	4481	3403	
732	38	4718957
3438	3381	3673	3416	3361	3257	3698	4471	3430	
733	59	4723420
3216	4119	3416	4187	3171	3886	3303	4463	
734	41	4722944
4017	3689	3942	4449	3987	
735	19	4449325
3587	3283	3212	4101	
736	13	4726818
3754	4160	3488	3449	4024	3120	3238	3226	3149	3398	
737	26	4729867
3438	4273	3743	3231	4020	4566	3093	3049	
738	64	4787878
3795	3574	3133	3935	3774	3246	3222	4011	
739	4	4200691
3439	4256	3294	4357	
740	47	4288009
4205	4411	3565	3892	
741	45	4287264
3650	
742	67	4802274
4027	4229	3710	4224	3942	4069	4559	
743	34	4791561
4164	4296	4045	3884	3431	4379	4565	3912	3683	
744	6	4300091
3840	4372	3706	3807	3575	
745	12	4799225
4564	4439	3596	4286	3300	4124	4064	
746	35	4525504
3292	4109	
747	31	4802308
3246	3083	
748	28	4308451
4288	4061	4491	
749	12	4806590
4542	3673	4113	3763	4522	4027	4282	
750	67	4805785
4501	3865	4546	4548	3288	3149	3511	
751	8	4290442
4199	
752	46	4809339
3946	3554	
753	8	4294400
3958	
754	19	4540611
3785	3405	3430	4331	
755	46	4813464
4533	4125	
756	51	4369879
3442	4232	4440	
757	62	4355594
3789	
758	45	4373545
3874	
759	64	4871057
4415	3995	4374	3263	3449	4063	3051	3593	
760	21	4888582
3789	3162	3186	3667	
761	40	4892528
4365	3494	3249	3794	4193	4061	4269	3769	3946	
762	14	4555453
3977	4349	3646	3824	
763	15	4874822
4284	3765	
764	20	4306540
3920	3065	
765	45	4389570
4352	
766	54	4389754
3446	4536	
767	32	4879335
3449	3331	3532	3201	4513	
768	18	4887279
3689	3073	3093	4466	4344	
769	51	4398322
3280	4286	3389	
770	15	4891780
4377	4501	
771	41	4896819
3571	4504	3679	3747	4291	
772	48	4894950
3561	4434	4243	3849	4238	3500	3848	4479	3874	3170	
773	32	4899409
3714	3795	3347	4559	4459	
774	52	4957693
3816	3367	4284	3098	3941	3167	3414	3638	4165	4284	
775	31	4961666
3346	3973	
776	33	4973662
3650	3969	3973	3316	3721	3559	4172	4278	
777	29	4978110
4261	3926	4383	4047	3574	3774	3907	3677	4448	
778	32	4982352
3448	3897	3542	4468	4242	
779	19	4628695
3801	3486	4369	3504	
780	61	4632648
4321	3953	
781	55	4986226
4466	3138	3128	3175	3335	3874	
782	45	4467986
4439	
783	58	4989391
3827	3811	4119	3511	4216	3687	3165	
784	7	5047357
3063	3794	3289	3068	3057	3430	3844	3966	
785	21	4984941
3513	3835	4058	3915	
786	30	5051565
4121	3851	3930	3906	4363	3611	4208	
787	62	4448405
4109	
788	34	5058580
4209	4148	4501	3659	4128	3453	3765	3446	3415	
789	50	4488099
3141	3800	4234	4022	
790	8	4460545
4412	
791	61	4702293
3953	4179	
792	53	4457922
3509	4395	3124	
793	64	5062941
4182	3806	4271	3821	3917	3899	4042	4361	
794	17	4713539
4361	3747	
795	48	5067334
3081	4015	3734	3984	4445	3371	3393	4287	4280	4393	
796	20	4467303
3492	4247	
797	20	4471638
3984	4335	
798	24	5071107
4509	4431	3607	4059	3773	
799	57	4722157
3254	3976	4530	3377	4357	4207	4338	
800	16	4546652
3486	3729	
801	40	5061329
4388	3678	4209	3201	3648	3554	3887	3813	3946	
802	10	5075357
3437	3204	3866	3712	4155	3546	4250	
803	22	5132543
4410	3912	4197	3278	3437	3186	
804	64	5135869
3120	4562	3973	3196	4458	4487	3081	3326	
805	45	4559079
3169	
806	25	5071270
4105	4250	3156	4014	3853	4553	4452	3314	
807	8	4545742
4422	
808	60	4789105
3808	3578	4003	4509	3959	
809	56	5075690
3473	3344	4359	3678	3976	3879	3469	4192	4420	
810	56	5147621
3158	3501	3718	3450	3074	3137	3370	4196	3531	
811	67	5150709
3751	3544	3370	3521	4157	3777	3088	
812	28	4614705
3482	3819	3168	
813	65	5139990
3769	3610	3358	4069	3306	4121	
814	55	5147176
3332	4358	4517	4486	3052	3586	
815	29	5154892
3736	3433	3784	3583	3895	4452	4056	3255	4183	
816	47	4631673
3345	3872	3368	4430	
817	32	5158052
3420	4333	4347	4073	3160	
818	66	5161868
3656	3683	3086	3816	
819	56	5158344
4546	4413	4250	3130	3851	4118	4538	4094	4380	
820	48	5220171
4500	3746	4519	3986	3088	3996	3992	4060	4338	4303	
821	2	5224315
3482	3295	4144	
822	66	5231910
4392	3677	3059	3995	
823	65	5235760
3362	4460	3208	3515	3951	3850	
824	12	5239280
3886	4418	3911	3675	3161	3928	3520	
825	51	4654067
4127	3424	4490	
826	10	5242484
3598	3163	4490	3665	4555	3956	3204	
827	52	5247006
3128	4289	3243	4073	3471	3921	4326	4197	4541	4522	
828	0	5304122
4185	4394	3709	4189	3860	4120	3116	
829	21	5239744
4042	3350	3529	4503	
830	19	4890956
4089	4534	4212	4372	
831	42	4725551
4380	4405	4240	
832	19	4894598
3516	3882	3912	3642	
833	54	4718628
3924	3462	
834	42	4732512
3912	3191	3445	
835	25	5243250
4155	4135	3756	3855	3905	4519	3551	3506	
836	50	4741470
3908	3684	3791	4439	
837	46	5246390
3701	3140	
838	39	5319142
4201	3370	3845	3771	4417	4171	4016	4351	3052	
839	60	4901724
3933	4264	3558	4346	3575	
840	50	4800225
4143	3761	3806	3462	
841	1	4792959
4249	3210	4136	4142	
842	52	5323651
3877	3509	3196	3238	4197	4241	3290	4156	3617	4509	
843	22	5326763
3699	3724	3365	3472	3206	3112	
844	14	4960287
3948	4241	3065	4401	
845	46	5327242
3734	4484	
846	0	5330107
3241	3121	3899	4012	3938	3425	3344	
847	40	5331594
4331	3416	3370	3691	4269	3860	4125	4099	4352	
848	22	5333796
3683	3356	3243	4076	4218	3689	
849	43	4823732
3767	3271	
850	39	5403894
4080	3747	3996	3217	3983	4089	4258	3899	3273	
851	60	4980132
3298	3518	3349	3891	4503	
852	3	5406982
3231	3730	4058	3246	4360	3088	
853	61	4983272
4451	3140	
854	22	5410629
3269	3439	3159	4261	3715	3647	
855	47	4889730
3635	3145	3793	4317	
856	59	5414277
3918	4038	3427	3210	3310	3242	3877	3648	
857	38	5418408
3611	4117	3271	3677	3066	4369	3282	3088	4131	
858	63	5411457
3173	4196	3047	3398	3562	3299	4476	
859	65	5476301
4189	4336	3080	3146	3499	3893	
860	4	4880704
3059	3353	3147	3479	
861	20	4887905
3396	3601	
862	29	5480870
3454	3332	3872	3783	3524	4004	4266	3918	4569	
863	59	5484562
4044	4130	3598	3728	3645	3343	4216	3692	
864	61	5048432
3552	3798	
865	65	5492150
3484	3897	4198	3529	3627	3988	
866	20	4907736
4117	4481	
867	26	5496474
4529	4305	3200	4338	4090	4233	3332	4324	
868	12	5499936
3699	4253	4351	4380	3858	3737	3462	
869	12	5503112
3196	3171	3799	3099	3664	3170	3176	
870	30	5506530
4052	3819	3932	3314	4140	3217	3418	
871	21	5418768
4084	3638	3214	3393	
872	33	5490365
3369	3277	4015	4040	4545	3296	4078	3197	
873	8	4964571
3226	
874	11	5076089
3707	3850	3616	3309	
875	47	4983849
3470	3961	4150	3803	
876	13	5563648
4262	3789	3953	3104	4398	3638	4528	4359	3493	3118	
877	32	5567118
3943	3422	3754	3566	3470	
878	36	5570533
3345	3415	
879	63	5498318
4495	3120	4488	3756	3812	3657	4460	
880	19	5134571
4477	3874	4453	3666	
881	41	5502302
3771	4273	3056	3600	3984	
882	41	5506068
3895	4525	3145	3801	3766	
883	12	5578424
3577	3944	4270	3959	3910	3482	4291	
884	43	5052604
4421	4437	
885	16	5059513
3919	3836	
886	44	5578469
3164	3486	3501	3126	3139	4118	3925	4001	
887	33	5582274
4364	3964	3358	3735	4401	3994	3319	3805	
888	60	5159585
4031	4248	3397	4321	3287	
889	44	5586588
4086	3685	3620	4282	3937	4257	4497	4314	
890	51	5080093
3419	3941	3890	
891	40	5590165
4184	3967	3587	3047	3590	3742	3132	4088	3577	
892	20	5058275
3608	4332	
893	38	5662953
4184	3386	4330	4449	4548	3133	4320	4387	3534	
894	43	5086620
3279	3311	
895	9	5666717
3354	3180	4135	3168	3910	3288	3765	
896	29	5670202
4191	3538	4514	4502	3930	4489	4488	3316	3485	
897	63	5674533
3927	3359	3939	3779	3543	3351	4500	
898	13	5678984
4147	3761	3489	4202	3831	4022	3918	3918	3467	4451	
899	26	5736842
3464	3273	4103	3777	3538	3765	3296	3858	
900	9	5750369
3231	3816	3414	3236	3207	4133	3969	
901	22	5740475
3781	3763	3895	3858	3974	3633	
902	55	5744778
3085	3859	4232	3320	3455	4303	
903	47	5155130
3109	4407	4448	3605	
904	64	5754374
3591	3913	4411	3872	4003	3550	3809	4005	
905	66	5758928
3339	3869	4011	4554	
906	19	5306869
3550	3995	3109	3726	
907	5	5763273
3876	3901	3583	4563	4076	3477	4345	
908	32	5821460
3137	4144	3284	3374	4187	
909	63	5757956
4553	4005	4128	4179	3778	3548	3778	
910	38	5825019
3557	4247	4438	4175	3802	3154	3089	3784	3559	
911	54	5177379
4343	3227	
912	57	5323710
3093	4400	3689	4523	4429	4335	3127	
913	16	5225173
4555	4250	
914	9	5765130
4039	4541	3515	3678	4219	3125	3390	
915	23	5829071
3052	3259	4493	4156	3701	3513	3072	4077	4052	
916	40	5837122
3490	4016	3403	3526	3377	3613	3088	3600	3592	
917	29	5841034
4225	3450	3589	3949	3498	3842	3100	3912	3637	
918	9	5845247
3692	4170	4054	3874	3724	3990	4213	
919	35	5392393
4046	3991	
920	58	5849737
4486	4041	4208	3117	3393	4490	3546	
921	37	5922121
3773	4197	3984	
922	27	5399106
3165	3249	4095	4215	3649	3320	
923	3	5853314
3242	4549	4516	3918	3187	3577	
924	53	5248835
3087	4232	3069	
925	21	5925340
3711	3317	4568	3219	
926	34	5911472
3675	3880	3969	4550	3209	3294	3943	3097	4158	
927	59	5914534
4332	3348	4262	3620	3633	4047	4131	3062	
928	46	5928448
3115	3108	
929	6	5317572
3465	3325	4319	3660	3098	
930	32	5922395
4289	4121	3711	4067	4261	
931	17	5414233
3348	3862	
932	66	5925971
3963	3114	3952	3576	
933	20	5308061
4360	3820	
934	12	5929157
3875	4230	3124	3326	4040	4410	3186	
935	54	5329599
4431	4035	
936	51	5334043
4111	3582	4444	
937	60	5421738
3406	4325	3929	3830	3095	
938	7	5932861
4113	3463	4220	3388	3771	3948	3129	3704	
939	50	5344851
3703	3232	4051	3849	
940	41	5931545
3049	3632	4096	4150	3097	
941	60	5476818
3270	3608	4272	3392	4130	
942	27	5479978
3705	3580	4473	3202	4568	3160	
943	3	5936099
4553	3601	3904	3069	4178	3238	
944	26	5939471
3076	3218	3074	3093	4008	3611	4508	3372	
945	28	5395607
3603	3268	3079	
946	62	5396310
4459	
947	55	5997414
4267	3516	4501	3436	4563	3943	
948	28	5407095
4074	4402	4452	
949	39	6001165
3178	3816	4064	4289	3496	4318	4158	3226	3751	
950	60	5496079
4366	4201	3261	4295	3430	
951	47	5419914
3446	4050	4503	4366	
952	64	6008726
4540	3236	3917	3927	3599	3211	3114	3961	
953	33	6009630
3114	3537	3124	4531	4353	3281	4008	3345	
954	47	5430317
3082	3445	3564	3523	
955	33	6014111
3477	3164	3249	3211	4122	3819	3317	4481	
956	27	5510703
3518	4412	3769	4158	4511	4088	
957	68	6017375
3560	3308	3327	3107	4487	4200	3938	4177	3264	
958	63	6021434
3121	4235	4258	3371	4204	3939	4059	
959	3	6012982
3543	4311	4064	3931	3791	4256	
960	63	6025790
4412	3520	4350	3127	4118	3905	4356	
961	26	6016119
4297	3771	3108	4281	3558	4510	3607	3137	
962	53	5433908
4190	3460	4285	
963	22	6019484
3340	3589	4119	3566	4246	3365	
964	50	5495220
3989	3953	3263	4523	
965	19	5585465
3920	3512	3780	4488	
966	37	6098173
4394	3447	3983	
967	13	6102090
3600	3156	3477	3559	3482	3067	3795	4004	3917	3505	
968	25	6106517
3213	3468	3367	3340	3307	3812	3264	4427	
969	10	6111067
4417	3274	3051	4277	3823	3101	4550	
970	7	6168513
3240	3515	4550	3077	3636	4358	3863	3446	
971	63	6181996
4216	4117	3899	4381	3425	3504	3978	
972	44	6185194
4324	4441	3307	3711	3952	3721	4071	3198	
973	60	5650413
4316	3735	3392	3248	3305	
974	19	5653592
3971	4339	4188	3179	
975	51	5568394
4452	4555	4141	
976	12	6172200
3471	4531	4031	4074	3677	3396	3687	
977	20	5513643
3934	4173	
978	48	6176220
4512	3405	3615	4493	3394	3557	4249	3355	4386	4020	
979	51	5584680
4141	4363	3361	
980	38	6189373
3786	3255	4014	4532	3996	4481	4342	4179	3572	
981	55	6193308
3927	4272	4300	3641	3395	3935	
982	35	5675881
3942	3170	
983	32	6196588
3357	3530	3074	3542	3280	
984	15	6255112
3062	4524	
985	50	5596788
4223	3711	4493	3986	
986	62	5571434
4039	
987	12	6258807
3539	4130	4127	4079	4100	3494	3695	
988	10	6263107
3740	3960	3646	4144	3674	3410	4300	
989	6	5604901
4144	3407	3962	3954	4013	
990	15	6271220
3643	4513	
991	6	5608484
3550	3813	3582	4045	3583	
992	1	5651595
3173	3691	3812	3195	
993	16	5611941
3896	3457	
994	56	6196931
3222	4398	4196	3494	3512	4519	3924	3763	4148	
995	65	6274866
3142	3944	3537	4079	4544	3646	
996	3	6279277
3961	4286	4435	3615	3443	4411	
997	32	6282950
3894	4444	3453	3162	3673	
998	56	6268786
3136	3311	4035	3149	3394	3134	3225	3157	3455	
999	54	5674971
3059	3873	
1000	46	6272729
3625	3943	
1001	7	6340298
3592	3562	3993	4294	3817	4372	4226	3348	
1002	59	6343504
4353	4109	4517	3802	4099	3652	4480	3206	
1003	36	6346941
3297	3437	
1004	22	6354091
3753	4531	3976	4051	3821	3550	
1005	65	6358487
4139	3230	4155	3089	4151	4396	
1006	43	5758171
3284	4114	
1007	19	5762042
3351	4106	3871	3474	
1008	15	6362154
3160	3667	
1009	57	5766254
3174	3317	3269	4365	3226	3144	4130	
1010	9	6276546
3534	3205	4547	3215	4181	3773	3817	
1011	5	6365366
4229	3587	4446	3906	4032	3346	3212	
1012	12	6368758
3359	3598	3554	3747	3328	3639	3392	
1013	50	5829406
4453	4369	3854	3537	
1014	39	6426854
3348	4529	3350	3878	4251	4050	3902	4075	4096	
1015	44	6283944
4450	4010	3893	3460	3449	4422	3152	3323	
1016	56	6356768
4512	4098	3608	3259	3574	4538	3197	3169	4424	
1017	61	5848251
3528	3724	
1018	15	6430115
3451	3261	
1019	13	6433555
3632	3840	3326	4245	3724	4207	4025	4423	3796	3440	
1020	35	5856452
4540	3778	
1021	29	6436625
3328	3965	3413	3324	3951	4393	3225	3952	3070	
1022	57	5910508
3877	4378	3651	4238	3627	4458	4031	
1023	32	6444508
4199	4090	4053	3932	4283	
1024	7	6448061
3990	3665	3478	3257	4315	3461	3174	3553	
1025	17	5913951
3103	3443	
1026	58	6451875
3096	3224	3749	3187	3477	4523	3814	
1027	22	6455008
3667	4042	3252	4030	4298	3133	
1028	59	6512843
4127	4253	3133	4433	4295	4557	4113	3835	
1029	29	6516016
3501	3932	4367	3077	3761	4103	4504	3358	3173	
1030	32	6519184
3069	3644	3491	3707	3168	
1031	37	6444449
3631	3557	3652	
1032	19	5933092
3642	3400	3697	3262	
1033	64	6526933
3972	3356	3223	3195	3101	3582	3338	4149	
1034	30	6530944
3988	3613	3703	3890	3064	3874	4011	
1035	57	5944095
3391	3199	3718	3495	3495	3285	3547	
1036	43	5934235
3564	4155	
1037	15	6535385
4101	4441	
1038	63	6451817
4563	3614	3345	3376	3289	3383	4030	
1039	23	6539700
3892	3378	3343	3527	3870	4180	3720	4179	4315	
1040	39	6544086
4461	3384	3227	4036	3377	3420	3637	3644	4386	
1041	20	5933418
3495	3288	
1042	61	6002468
3543	4011	
1043	38	6602566
3574	4171	4390	3835	4087	3896	4065	4156	4480	
1044	25	6531801
3289	4110	4535	4052	3358	4163	4459	3784	
1045	59	6606165
3073	4101	4502	4165	3945	3300	3301	3599	
1046	47	6001155
4085	3983	3110	3209	
1047	56	6536279
3726	3976	3787	3698	3892	3732	3823	3596	4478	
1048	41	6539878
3771	3621	3869	4157	3599	
1049	21	6543363
3987	3478	3233	3485	
1050	24	6613230
3284	3784	3047	3502	3465	
1051	58	6617041
3392	3423	3369	3080	3776	4547	3811	
1052	1	6013955
4272	3221	3727	4253	
1053	23	6621512
4472	3372	4085	3412	3332	3480	4403	3060	4471	
1054	42	6021624
3492	3820	4110	
1055	25	6620837
4121	4098	4483	3681	4355	4190	4065	4527	
1056	50	6032130
3976	4490	3262	4508	
1057	63	6624078
4140	3749	4112	3074	3471	3151	3241	
1058	63	6627564
4461	4344	3751	3691	3963	4448	3486	
1059	29	6630999
4200	4294	3537	3411	3575	3348	3379	3171	3435	
1060	55	6689563
3584	3152	3396	4327	4278	4564	
1061	52	6702740
3533	3587	3944	4043	4366	3161	3186	4382	3074	3699	
1062	22	6706266
4530	4350	3976	3951	4281	3526	
1063	66	6709779
3909	3901	3169	3513	
1064	34	6713442
4276	4288	4445	4141	3479	3456	3798	3798	3663	
1065	68	6706126
4441	4527	4137	3084	4141	4568	3473	4192	3917	
1066	2	6716706
4462	3113	3264	
1067	37	6710247
4206	3183	4121	
1068	20	6115425
4126	3340	
1069	51	6116600
3738	4380	3356	
1070	33	6714015
4264	3146	4018	3396	4376	4233	3738	3768	
1071	36	6774751
3792	4045	
1072	43	6168698
3111	4330	
1073	41	6786779
3929	3514	3457	3701	4364	
1074	46	6790759
3313	3980	
1075	64	6794322
3365	4249	4238	3326	3962	3240	3563	3367	
1076	26	6798684
4388	4433	4209	3254	3400	4156	4551	4362	
1077	54	6184618
3662	4202	
1078	8	6177347
3806	
1079	8	6185358
4411	
1080	11	6188503
3549	3949	4037	4085	
1081	19	6192430
4490	3313	3599	3927	
1082	60	6196644
3653	3734	3313	3091	4214	
1083	4	6192908
3703	3653	4274	3724	
1084	6	6197552
4473	4353	3613	3203	4234	
1085	21	6797489
3389	3920	3850	3167	
1086	3	6802137
4227	3382	3512	4018	3499	3453	
1087	7	6859335
3549	3763	3483	3891	4478	3120	3214	3198	
1088	19	6256265
4441	3497	3839	3065	
1089	62	6212243
3849	
1090	62	6215760
3517	
1091	49	6259534
4103	4532	3269	
1092	5	6863499
4131	3944	4363	3403	3245	3356	4164	
1093	2	6867393
3623	3160	3894	
1094	27	6270140
3299	3638	4231	3262	3843	3650	
1095	44	6800718
3249	4247	4112	3448	4315	3315	3958	3229	
1096	22	6874833
3075	3904	3834	3253	3369	3840	
1097	45	6273351
4162	
1098	13	6878478
4485	3806	3850	4316	3159	3837	3826	4200	3509	3645	
1099	58	6881641
3760	3390	3761	4442	3621	3458	3163	
1100	42	6275262
3579	3440	4264	
1101	42	6279640
3976	4051	4378	
1102	12	6884747
3665	3486	3498	3908	3408	3357	3106	
1103	31	6888055
3640	3308	
1104	0	6946047
3999	4562	3484	3099	3496	4078	3992	
1105	15	6949682
4340	3635	
1106	20	6291013
4354	3549	
1107	5	6953832
4473	3681	3336	3145	4098	4554	4150	
1108	49	6347727
3567	3095	3650	
1109	2	6961301
3649	3771	3869	
1110	4	6298191
3660	4537	4204	3529	
1111	7	6964799
3388	4027	4037	4345	4264	4272	4484	3498	
1112	4	6347649
3657	3515	3131	3704	
1113	64	6967971
4009	4111	3683	4009	3960	4558	3211	3172	
1114	28	6358331
4251	3118	3216	
1115	24	6971089
3288	4409	4159	3587	3118	
1116	30	6974433
4327	3446	3538	3722	4508	3697	3344	
1117	48	7032183
4234	3164	3959	3672	3079	3892	3120	4212	3901	3750	
1118	65	7035660
4384	4192	4511	3180	3634	3477	
1119	54	6374907
3945	4269	
1120	49	6374572
3548	4257	3561	
1121	21	6882923
4512	3218	3156	3627	
1122	40	6886756
4355	3964	3716	4199	4198	3653	4446	3117	3833	
1123	7	7040075
3064	3599	3944	3907	3908	3892	4196	4415	
1124	17	6433850
3958	3942	
1125	27	6440924
3608	4418	3186	3086	3473	3420	
1126	52	7046906
3647	4285	4017	4058	4424	4367	3249	3925	3053	3231	
1127	22	7051466
4192	4494	3577	3538	3264	4560	
1128	15	7055598
3102	4132	
1129	22	7060095
3426	3814	3470	3608	3683	4497	
1130	21	6961266
4104	4214	3834	3057	
1131	44	6965381
4511	3294	3266	3971	3108	4355	4293	4115	
1132	24	7117244
3055	3795	4558	3304	3149	
1133	6	6464098
3938	3818	3566	3996	3189	
1134	21	6968929
3513	3305	4448	3548	
1135	35	6515487
3887	3199	
1136	66	7120935
3940	4504	4136	3691	
1137	64	7124245
4546	3825	3747	4028	4152	3560	3127	3310	
1138	66	7131676
3785	3908	3940	3831	
1139	43	6515598
3324	3985	
1140	52	7134803
4090	3224	3630	3277	4208	4233	3375	4169	3835	3127	
1141	5	7138426
3953	3464	4244	4409	4151	3644	3623	
1142	2	7142284
4461	3945	3858	
1143	17	6534845
3205	4385	
1144	55	7146588
4024	3945	3575	3954	3296	4304	
1145	11	6541779
3745	3973	3804	3638	
1146	61	6546108
3789	4329	
1147	11	6549311
3049	4115	3209	3203	
1148	37	7048376
4276	3723	4085	
1149	8	6527159
4487	
1150	41	7052921
3310	4434	3851	3107	4545	
1151	65	7205042
3084	3163	3888	3238	4490	4454	
1152	67	7056633
4148	3368	3447	3860	3615	4357	3712	
1153	53	6544867
4125	3186	4029	
1154	44	7060153
3721	4431	3524	3278	3308	4502	3653	3520	
1155	1	6551226
3834	3610	3418	3678	
1156	51	6553334
4428	4321	3280	
1157	9	7132068
3562	3737	4363	4415	3676	3503	3515	
1158	28	6606428
3893	4255	4258	
1159	44	7135689
3471	4255	3456	3461	3140	3055	4184	3621	
1160	63	7139882
3630	4020	4384	3553	3466	4169	4193	
1161	34	7208982
4212	3346	4158	3701	3853	4235	4350	3542	3940	
1162	23	7213006
3954	4338	4289	3497	3674	3371	4529	3339	4024	
1163	2	7219854
3727	3311	3248	
1164	65	7223730
3489	4076	3826	3710	4008	3876	
1165	65	7227144
4154	4164	4322	3702	3206	3414	
1166	66	7230608
4492	4220	4357	3464	
1167	63	7143266
3936	3106	3757	3386	4489	4258	3384	
1168	19	6688819
3203	3841	3962	3639	
1169	16	6641736
4278	3356	
1170	7	7234315
4389	3950	4128	3867	3320	3562	3251	3707	
1171	26	7292566
3335	3720	4403	3470	3408	4179	3269	4251	
1172	44	7147750
4215	3499	4359	3451	4287	3066	4513	4484	
1173	6	6692865
3936	4397	3856	4177	3576	
1174	44	7220190
3223	4149	3065	3731	3179	4490	4054	4040	
1175	34	7295622
3820	3448	3926	4237	3556	3553	3975	3915	3056	
1176	68	7224440
3912	3291	4166	4561	3604	3680	4246	4498	4250	
1177	32	7299060
3407	3816	4193	3834	3438	
1178	5	7306223
3549	3560	3577	3406	3199	3602	3563	
1179	9	7227489
3340	4453	4304	4059	4355	4540	3049	
1180	49	6724213
3223	4009	3403	
1181	65	7310692
3108	3220	3505	3705	3617	4469	
1182	59	7314297
3718	3064	3441	3310	3743	3784	3168	3605	
1183	5	7318808
3578	4355	3051	3072	4316	3461	4511	
1184	3	7321954
4290	4040	3926	4568	3104	3146	
1185	9	7232052
4034	4255	4407	4045	3762	4103	4563	
1186	44	7290384
3465	4377	3890	3790	3856	3803	4551	4332	
1187	28	6800280
3267	4531	4134	
1188	15	7379775
3684	3821	
1189	15	7383294
3157	3519	
1190	26	7387095
4466	4496	4240	3449	3904	4397	3709	3801	
1191	41	7294188
3149	3441	3900	4287	3804	
1192	2	7394727
3827	4402	4032	
1193	18	7399191
4141	3727	3318	4150	4464	
1194	31	7402789
4511	3598	
1195	47	6812525
3858	4024	3698	3948	
1196	28	6815991
4285	3372	3466	
1197	30	7405957
3638	4523	4213	3992	4422	4073	3168	
1198	29	7463752
3979	3768	3508	4459	4285	3874	4386	3547	3795	
1199	42	6864967
3247	3070	3124	
1200	64	7467162
4012	3842	4450	4463	4109	3528	4108	3410	
1201	34	7471333
3313	4361	3220	4231	3900	4507	3057	4026	4171	
1202	17	6881923
4512	4310	
1203	38	7478823
3227	4197	4261	4551	4418	3301	3243	4475	3890	
1204	44	7314341
3224	3621	4537	4037	4135	3582	3490	4423	
1205	56	7317623
4159	4556	4465	4018	3823	3905	3085	4005	3282	
1206	36	7482590
3087	3767	
1207	9	7321336
3229	3540	3761	3675	3106	3541	3713	
1208	67	7324503
3200	3981	3508	4165	4525	3553	3167	
1209	60	6950838
3803	4380	3181	4256	4283	
1210	17	6954867
4532	4029	
1211	31	7486567
3417	3977	
1212	32	7490931
3418	3482	4110	4171	4364	
1213	17	6962547
3341	4080	
1214	18	7494723
3633	4538	4111	3178	3792	
1215	60	6967408
4422	4188	3102	4289	4420	
1216	60	6971441
4413	4317	3959	4164	3978	
1217	56	7328885
3467	3936	3181	4459	4271	4113	4461	4046	4382	
1218	22	7551854
3153	3813	3558	3195	3420	3131	
1219	8	7037082
3938	
1220	16	7046435
4450	3213	
1221	64	7556195
3261	3916	3269	3388	3151	4129	3972	4341	
1222	46	7336066
4514	3209	
1223	23	7563844
3890	3265	3497	4520	3400	4172	3595	4057	4049	
1224	26	7568292
3310	4262	4136	3753	3885	4139	3867	4448	
1225	58	7571786
3259	3257	4063	4226	4295	4132	3494	
1226	7	7575015
4358	4384	3171	4018	3554	4483	4415	3229	
1227	23	7578802
3378	3633	3671	4038	3653	4124	3356	3911	3787	
1228	20	7066382
3695	4371	
1229	25	7382947
4509	4386	3370	3858	4144	3749	3857	3149	
1230	19	7125994
3851	3215	4300	3083	
1231	36	7637043
4422	4241	
1232	11	7133938
3352	3198	3974	4344	
1233	17	7137287
3067	3271	
1234	9	7390942
3393	3227	3934	3398	4273	3462	4395	
1235	32	7640934
3505	3415	3909	3517	3891	
1236	12	7644311
3930	4493	3242	3512	4386	4499	3377	
1237	33	7394584
4425	3663	4276	4381	3953	3182	4069	3642	
1238	38	7651661
3864	4524	4199	3434	3532	4111	3058	3979	3750	
1239	29	7655580
3249	4176	3090	3216	3234	3347	4392	4275	3919	
1240	17	7211646
3773	3654	
1241	38	7659435
3753	4251	3082	3614	3992	4436	4266	4504	3855	
1242	32	7663318
3786	4172	3682	3570	3883	
1243	43	7218909
4503	3392	
1244	4	7211818
3671	4452	4104	3631	
1245	55	7667091
3225	4518	4514	3721	3252	3773	
1246	50	7223875
3456	3601	3938	3263	
1247	54	7227929
4073	4054	
1248	56	7411379
4309	3062	3833	3566	4047	3471	3500	3291	4037	
1249	17	7234935
3548	3248	
1250	54	7235501
4324	3694	
1251	57	7294022
3682	3428	3528	4395	4536	3639	3376	
1252	3	7724286
4448	3268	3617	3916	3516	3195	
1253	14	7305911
3318	3396	4231	4374	
1254	13	7728740
3124	4005	4516	4098	4005	3253	3124	3516	3237	4454	
1255	18	7736407
3896	4130	3696	4240	4067	
1256	65	7740510
4304	3429	3064	4255	4051	4103	
1257	49	7313094
3189	4207	3667	
1258	59	7744031
4273	3334	3788	4110	4211	3946	3907	3521	
1259	6	7324330
3873	3326	3631	3442	3907	
1260	43	7328164
3090	4299	
1261	9	7417873
4130	3353	4465	3424	3822	4071	3257	
1262	11	7379312
4414	3552	3780	4111	
1263	49	7383392
3224	4366	4080	
1264	37	7421450
3684	3366	3577	
1265	67	7465424
4330	4166	4353	3193	4474	3396	4374	
1266	24	7748341
4476	3900	3992	3227	4310	
1267	66	7751900
3590	3135	3590	3559	
1268	4	7380698
3745	3370	3415	4298	
1269	4	7384797
3495	3974	3789	4099	
99
22208	10659
27424	13163
36270	17409
151851	72888
360430	173006
821290	394219
1822999	875039
3961941	1901731
8473213	4067142
4526	2172
10182	4887
12260	5884
35866	17215
67034	32176
120276	57732
211482	101511
363523	174491
614287	294857
828	397
10100	4847
10559	5068
23542	11300
36711	17621
54957	26379
80758	38763
115965	55663
163651	78552
50864	24414
129335	62080
136553	65545
649030	311534
1676499	804719
4157314	1995510
10024702	4811856
23678510	11365684
55053368	26425616
37427	17964
44608	21411
84008	40323
321970	154545
720512	345845
1547882	742983
3253115	1561495
6686831	3209678
13515993	6487676
2512	1206
25458	12220
35800	17184
102223	49067
187998	90239
331917	159320
575731	276350
975633	468303
1624594	779805
4372	2098
18413	8838
30846	14806
126393	60668
295732	141951
664270	318849
1465601	703488
3159275	1516452
6692146	3212230
51528	24733
73227	35148
91360	43852
432715	207703
1115135	535264
2758825	1324236
6677486	3205193
15807167	7587440
36795705	17661938
19161	9197
60408	28995
83393	40028
301986	144953
650710	312340
1346045	646101
2729217	1310024
5409504	2596561
10539995	5059197
5792	2780
15265	7327
22359	10732
50663	24318
79862	38333
120855	58010
179452	86136
260409	124996
371405	178274
22639	10866
34388	16506
35057	16827
127682	61287
276184	132568
573502	275280
1172121	562618
2339262	1122845
4586076	2201316
11
8.125
13
23.25
15.375
19
13.75
19.125
22.75
16.25
9
12.375
92
46800	64800
133200	151200
219600	237600
306000	324000
392400	410400
478800	496800
565200	583200
651600	669600
738000	756000
824400	842400
910800	928800
997200	1015200
1083600	1101600
1170000	1188000
1256400	1274400
1342800	1360800
1429200	1447200
1515600	1533600
1602000	1620000
1688400	1706400
1774800	1792800
1861200	1879200
1947600	1965600
2034000	2052000
2120400	2138400
2206800	2224800
2293200	2311200
2379600	2397600
2466000	2484000
2552400	2570400
2638800	2656800
2725200	2743200
2811600	2829600
2898000	2916000
2984400	3002400
3070800	3088800
3157200	3175200
3243600	3261600
3330000	3348000
3416400	3434400
3502800	3520800
3589200	3607200
3675600	3693600
3762000	3780000
3848400	3866400
3934800	3952800
4021200	4039200
4107600	4125600
4194000	4212000
4280400	4298400
4366800	4384800
4453200	4471200
4539600	4557600
4626000	4644000
4712400	4730400
4798800	4816800
4885200	4903200
4971600	4989600
5058000	5076000
5144400	5162400
5230800	5248800
5317200	5335200
5403600	5421600
5490000	5508000
5576400	5594400
5662800	5680800
5749200	5767200
5835600	5853600
5922000	5940000
6008400	6026400
6094800	6112800
6181200	6199200
6267600	6285600
6354000	6372000
6440400	6458400
6526800	6544800
6613200	6631200
6699600	6717600
6786000	6804000
6872400	6890400
6958800	6976800
7045200	7063200
7131600	7149600
7218000	7236000
7304400	7322400
7390800	7408800
7477200	7495200
7563600	7581600
7650000	7668000
7736400	7754400
7822800	7840800
1000000000	2000000000
22222222222222222222222222
33333333333333333333333333
66776666776666666666666666
44114444444444444444444444
33555555555555555555555555
33333333333333333333663333
11555555885555555555555555
66666666666666666666666666
44444444444444444444444444
22222222222222222222222255
33113333333333333333333333
183
32400	43200
46800	64800
118800	129600
133200	151200
205200	216000
219600	237600
291600	302400
306000	324000
378000	388800
392400	410400
464400	475200
478800	496800
550800	561600
565200	583200
637200	648000
651600	669600
723600	734400
738000	756000
810000	820800
824400	842400
896400	907200
910800	928800
982800	993600
997200	1015200
1069200	1080000
1083600	1101600
1155600	1166400
1170000	1188000
1242000	1252800
1256400	1274400
1328400	1339200
1342800	1360800
1414800	1425600
1429200	1447200
1501200	1512000
1515600	1533600
1587600	1598400
1602000	1620000
1674000	1684800
1688400	1706400
1760400	1771200
1774800	1792800
1846800	1857600
1861200	1879200
1933200	1944000
1947600	1965600
2019600	2030400
2034000	2052000
2106000	2116800
2120400	2138400
2192400	2203200
2206800	2224800
2278800	2289600
2293200	2311200
2365200	2376000
2379600	2397600
2451600	2462400
2466000	2484000
2538000	2548800
2552400	2570400
2624400	2635200
2638800	2656800
2710800	2721600
2725200	2743200
2797200	2808000
2811600	2829600
2883600	2894400
2898000	2916000
2970000	2980800
2984400	3002400
3056400	3067200
3070800	3088800
3142800	3153600
3157200	3175200
3229200	3240000
3243600	3261600
3315600	3326400
3330000	3348000
3402000	3412800
3416400	3434400
3488400	3499200
3502800	3520800
3574800	3585600
3589200	3607200
3661200	3672000
3675600	3693600
3747600	3758400
3762000	3780000
3834000	3844800
3848400	3866400
3920400	3931200
3934800	3952800
4006800	4017600
4021200	4039200
4093200	4104000
4107600	4125600
4179600	4190400
4194000	4212000
4266000	4276800
4280400	4298400
4352400	4363200
4366800	4384800
4438800	4449600
4453200	4471200
4525200	4536000
4539600	4557600
4611600	4622400
4626000	4644000
4698000	4708800
4712400	4730400
4784400	4795200
4798800	4816800
4870800	4881600
4885200	4903200
4957200	4968000
4971600	4989600
5043600	5054400
5058000	5076000
5130000	5140800
5144400	5162400
5216400	5227200
5230800	5248800
5302800	5313600
5317200	5335200
5389200	5400000
5403600	5421600
5475600	5486400
5490000	5508000
5562000	5572800
5576400	5594400
5648400	5659200
5662800	5680800
5734800	5745600
5749200	5767200
5821200	5832000
5835600	5853600
5907600	5918400
5922000	5940000
5994000	6004800
6008400	6026400
6080400	6091200
6094800	6112800
6166800	6177600
6181200	6199200
6253200	6264000
6267600	6285600
6339600	6350400
6354000	6372000
6426000	6436800
6440400	6458400
6512400	6523200
6526800	6544800
6598800	6609600
6613200	6631200
6685200	6696000
6699600	6717600
6771600	6782400
6786000	6804000
6858000	6868800
6872400	6890400
6944400	6955200
6958800	6976800
7030800	7041600
7045200	7063200
7117200	7128000
7131600	7149600
7203600	7214400
7218000	7236000
7290000	7300800
7304400	7322400
7376400	7387200
7390800	7408800
7462800	7473600
7477200	7495200
7549200	7560000
7563600	7581600
7635600	7646400
7650000	7668000
7722000	7732800
7736400	7754400
7808400	7819200
7822800	7840800
1000000000	2000000000
22222222222222222222222222
33333333333333333333333333
66776666776666666666666666
44114444444444444444444444
33555555555555555555555555
33333333333333333333663333
11555555885555555555555555
66666666666666666666666666
44444444444444444444444444
22222222222222222222222255
33113333333333333333333333
183
32400	43200
46800	86400
118800	129600
133200	172800
205200	216000
219600	259200
291600	302400
306000	345600
378000	388800
392400	432000
464400	475200
478800	518400
550800	561600
565200	604800
637200	648000
651600	698400
723600	734400
738000	784800
810000	820800
824400	871200
896400	907200
910800	957600
982800	993600
997200	1044000
1069200	1080000
1083600	1130400
1155600	1166400
1170000	1216800
1242000	1252800
1256400	1296000
1328400	1339200
1342800	1382400
1414800	1425600
1429200	1468800
1501200	1512000
1515600	1555200
1587600	1598400
1602000	1641600
1674000	1684800
1688400	1728000
1760400	1771200
1774800	1814400
1846800	1857600
1861200	1900800
1933200	1944000
1947600	1987200
2019600	2030400
2034000	2073600
2106000	2116800
2120400	2160000
2192400	2203200
2206800	2246400
2278800	2289600
2293200	2332800
2365200	2376000
2379600	2419200
2451600	2462400
2466000	2512800
2538000	2548800
2552400	2599200
2624400	2635200
2638800	2685600
2710800	2721600
2725200	2772000
2797200	2808000
2811600	2858400
2883600	2894400
2898000	2944800
2970000	2980800
2984400	3031200
3056400	3067200
3070800	3110400
3142800	3153600
3157200	3196800
3229200	3240000
3243600	3283200
3315600	3326400
3330000	3369600
3402000	3412800
3416400	3456000
3488400	3499200
3502800	3542400
3574800	3585600
3589200	3628800
3661200	3672000
3675600	3715200
3747600	3758400
3762000	3801600
3834000	3844800
3848400	3888000
3920400	3931200
3934800	3974400
4006800	4017600
4021200	4060800
4093200	4104000
4107600	4147200
4179600	4190400
4194000	4233600
4266000	4276800
4280400	4320000
4352400	4363200
4366800	4406400
4438800	4449600
4453200	4492800
4525200	4536000
4539600	4579200
4611600	4622400
4626000	4665600
4698000	4708800
4712400	4752000
4784400	4795200
4798800	4838400
4870800	4881600
4885200	4924800
4957200	4968000
4971600	5011200
5043600	5054400
5058000	5097600
5130000	5140800
5144400	5184000
5216400	5227200
5230800	5270400
5302800	5313600
5317200	5356800
5389200	5400000
5403600	5443200
5475600	5486400
5490000	5529600
5562000	5572800
5576400	5616000
5648400	5659200
5662800	5702400
5734800	5745600
5749200	5788800
5821200	5832000
5835600	5875200
5907600	5918400
5922000	5961600
5994000	6004800
6008400	6048000
6080400	6091200
6094800	6134400
6166800	6177600
6181200	6220800
6253200	6264000
6267600	6307200
6339600	6350400
6354000	6393600
6426000	6436800
6440400	6480000
6512400	6523200
6526800	6566400
6598800	6609600
6613200	6652800
6685200	6696000
6699600	6739200
6771600	6782400
6786000	6825600
6858000	6868800
6872400	6912000
6944400	6955200
6958800	6998400
7030800	7041600
7045200	7084800
7117200	7128000
7131600	7171200
7203600	7214400
7218000	7257600
7290000	7300800
7304400	7344000
7376400	7387200
7390800	7430400
7462800	7473600
7477200	7516800
7549200	7560000
7563600	7603200
7635600	7646400
7650000	7689600
7722000	7732800
7736400	7776000
7808400	7819200
7822800	7862400
1000000000	2000000000
22222222222222222222222222
33333333333333333333333333
66776666776666666666666666
44114444444444444444444444
33555555555555555555555555
33333333333333333333663333
11555555885555555555555555
66666666666666666666666666
44444444444444444444444444
22222222222222222222222255
33113333333333333333333333
176
32400	43200
46800	72000
118800	129600
133200	158400
205200	216000
219600	244800
291600	302400
306000	331200
378000	388800
392400	417600
464400	475200
478800	504000
550800	561600
565200	590400
637200	648000
723600	734400
810000	820800
896400	907200
982800	993600
1069200	1080000
1155600	1166400
1242000	1252800
1256400	1281600
1328400	1339200
1342800	1368000
1414800	1425600
1429200	1454400
1501200	1512000
1515600	1540800
1587600	1598400
1602000	1627200
1674000	1684800
1688400	1713600
1760400	1771200
1774800	1800000
1846800	1857600
1861200	1886400
1933200	1944000
1947600	1972800
2019600	2030400
2034000	2059200
2106000	2116800
2120400	2145600
2192400	2203200
2206800	2232000
2278800	2289600
2293200	2318400
2365200	2376000
2379600	2404800
2451600	2462400
2466000	2491200
2538000	2548800
2552400	2577600
2624400	2635200
2638800	2664000
2710800	2721600
2725200	2750400
2797200	2808000
2811600	2836800
2883600	2894400
2898000	2923200
2970000	2980800
2984400	3009600
3056400	3067200
3070800	3096000
3142800	3153600
3157200	3182400
3229200	3240000
3243600	3268800
3315600	3326400
3330000	3355200
3402000	3412800
3416400	3441600
3488400	3499200
3502800	3528000
3574800	3585600
3589200	3614400
3661200	3672000
3675600	3700800
3747600	3758400
3762000	3787200
3834000	3844800
3848400	3873600
3920400	3931200
3934800	3960000
4006800	4017600
4021200	4046400
4093200	4104000
4107600	4132800
4179600	4190400
4194000	4219200
4266000	4276800
4280400	4305600
4352400	4363200
4366800	4392000
4438800	4449600
4453200	4478400
4525200	4536000
4539600	4564800
4611600	4622400
4626000	4651200
4698000	4708800
4712400	4737600
4784400	4795200
4798800	4824000
4870800	4881600
4885200	4910400
4957200	4968000
4971600	4996800
5043600	5054400
5058000	5083200
5130000	5140800
5144400	5169600
5216400	5227200
5230800	5256000
5302800	5313600
5317200	5342400
5389200	5400000
5403600	5428800
5475600	5486400
5490000	5515200
5562000	5572800
5576400	5601600
5648400	5659200
5662800	5688000
5734800	5745600
5749200	5774400
5821200	5832000
5835600	5860800
5907600	5918400
5922000	5947200
5994000	6004800
6008400	6033600
6080400	6091200
6094800	6120000
6166800	6177600
6181200	6206400
6253200	6264000
6267600	6292800
6339600	6350400
6354000	6379200
6426000	6436800
6440400	6465600
6512400	6523200
6526800	6552000
6598800	6609600
6613200	6638400
6685200	6696000
6699600	6724800
6771600	6782400
6786000	6811200
6858000	6868800
6872400	6897600
6944400	6955200
6958800	6984000
7030800	7041600
7045200	7070400
7117200	7128000
7131600	7156800
7203600	7214400
7218000	7243200
7290000	7300800
7304400	7329600
7376400	7387200
7390800	7416000
7462800	7473600
7477200	7502400
7549200	7560000
7563600	7588800
7635600	7646400
7650000	7675200
7722000	7732800
7736400	7761600
7808400	7819200
7822800	7848000
1000000000	2000000000
22222222222222222222222222
33333333333333333333333333
66776666776666666666666666
44114444444444444444444444
33555555555555555555555555
33333333333333333333663333
11555555885555555555555555
66666666666666666666666666
44444444444444444444444444
22222222222222222222222255
33113333333333333333333333
183
32400	43200
46800	64800
118800	129600
133200	151200
205200	216000
219600	237600
291600	302400
306000	324000
378000	388800
392400	410400
464400	475200
478800	496800
550800	561600
565200	583200
637200	648000
651600	684000
723600	734400
738000	770400
810000	820800
824400	856800
896400	907200
910800	943200
982800	993600
997200	1029600
1069200	1080000
1083600	1116000
1155600	1166400
1170000	1202400
1242000	1252800
1256400	1288800
1328400	1339200
1342800	1375200
1414800	1425600
1429200	1461600
1501200	1512000
1515600	1548000
1587600	1598400
1602000	1634400
1674000	1684800
1688400	1720800
1760400	1771200
1774800	1807200
1846800	1857600
1861200	1893600
1933200	1944000
1947600	1980000
2019600	2030400
2034000	2066400
2106000	2116800
2120400	2152800
2192400	2203200
2206800	2239200
2278800	2289600
2293200	2325600
2365200	2376000
2379600	2412000
2451600	2462400
2466000	2498400
2538000	2548800
2552400	2584800
2624400	2635200
2638800	2671200
2710800	2721600
2725200	2757600
2797200	2808000
2811600	2844000
2883600	2894400
2898000	2930400
2970000	2980800
2984400	3016800
3056400	3067200
3070800	3103200
3142800	3153600
3157200	3189600
3229200	3240000
3243600	3276000
3315600	3326400
3330000	3362400
3402000	3412800
3416400	3448800
3488400	3499200
3502800	3535200
3574800	3585600
3589200	3621600
3661200	3672000
3675600	3708000
3747600	3758400
3762000	3794400
3834000	3844800
3848400	3880800
3920400	3931200
3934800	3967200
4006800	4017600
4021200	4053600
4093200	4104000
4107600	4140000
4179600	4190400
4194000	4226400
4266000	4276800
4280400	4312800
4352400	4363200
4366800	4399200
4438800	4449600
4453200	4485600
4525200	4536000
4539600	4572000
4611600	4622400
4626000	4658400
4698000	4708800
4712400	4744800
4784400	4795200
4798800	4831200
4870800	4881600
4885200	4917600
4957200	4968000
4971600	5004000
5043600	5054400
5058000	5090400
5130000	5140800
5144400	5176800
5216400	5227200
5230800	5263200
5302800	5313600
5317200	5349600
5389200	5400000
5403600	5436000
5475600	5486400
5490000	5522400
5562000	5572800
5576400	5608800
5648400	5659200
5662800	5695200
5734800	5745600
5749200	5781600
5821200	5832000
5835600	5868000
5907600	5918400
5922000	5954400
5994000	6004800
6008400	6040800
6080400	6091200
6094800	6127200
6166800	6177600
6181200	6213600
6253200	6264000
6267600	6300000
6339600	6350400
6354000	6386400
6426000	6436800
6440400	6472800
6512400	6523200
6526800	6559200
6598800	6609600
6613200	6645600
6685200	6696000
6699600	6732000
6771600	6782400
6786000	6818400
6858000	6868800
6872400	6904800
6944400	6955200
6958800	6991200
7030800	7041600
7045200	7077600
7117200	7128000
7131600	7164000
7203600	7214400
7218000	7250400
7290000	7300800
7304400	7336800
7376400	7387200
7390800	7423200
7462800	7473600
7477200	7509600
7549200	7560000
7563600	7596000
7635600	7646400
7650000	7682400
7722000	7732800
7736400	7768800
7808400	7819200
7822800	7855200
1000000000	2000000000
22222222222222222222222222
33333333333333333333333333
66776666776666666666666666
44114444444444444444444444
33555555555555555555555555
33333333333333333333663333
11555555885555555555555555
66666666666666666666666666
44444444444444444444444444
22222222222222222222222255
33113333333333333333333333
183
32400	43200
46800	64800
118800	129600
133200	151200
205200	216000
219600	237600
291600	302400
306000	324000
378000	388800
392400	410400
464400	475200
478800	496800
550800	561600
565200	583200
637200	648000
651600	669600
723600	734400
738000	756000
810000	820800
824400	842400
896400	907200
910800	928800
982800	993600
997200	1015200
1069200	1080000
1083600	1101600
1155600	1166400
1170000	1188000
1242000	1252800
1256400	1274400
1328400	1339200
1342800	1360800
1414800	1425600
1429200	1447200
1501200	1512000
1515600	1533600
1587600	1598400
1602000	1620000
1674000	1684800
1688400	1706400
1760400	1771200
1774800	1792800
1846800	1857600
1861200	1879200
1933200	1944000
1947600	1965600
2019600	2030400
2034000	2052000
2106000	2116800
2120400	2138400
2192400	2203200
2206800	2224800
2278800	2289600
2293200	2311200
2365200	2376000
2379600	2397600
2451600	2462400
2466000	2484000
2538000	2548800
2552400	2570400
2624400	2635200
2638800	2656800
2710800	2721600
2725200	2743200
2797200	2808000
2811600	2829600
2883600	2894400
2898000	2916000
2970000	2980800
2984400	3002400
3056400	3067200
3070800	3088800
3142800	3153600
3157200	3175200
3229200	3240000
3243600	3261600
3315600	3326400
3330000	3348000
3402000	3412800
3416400	3434400
3488400	3499200
3502800	3520800
3574800	3585600
3589200	3607200
3661200	3672000
3675600	3693600
3747600	3758400
3762000	3780000
3834000	3844800
3848400	3866400
3920400	3931200
3934800	3952800
4006800	4017600
4021200	4039200
4093200	4104000
4107600	4125600
4179600	4190400
4194000	4212000
4266000	4276800
4280400	4298400
4352400	4363200
4366800	4384800
4438800	4449600
4453200	4471200
4525200	4536000
4539600	4557600
4611600	4622400
4626000	4644000
4698000	4708800
4712400	4730400
4784400	4795200
4798800	4816800
4870800	4881600
4885200	4903200
4957200	4968000
4971600	4989600
5043600	5054400
5058000	5076000
5130000	5140800
5144400	5162400
5216400	5227200
5230800	5248800
5302800	5313600
5317200	5335200
5389200	5400000
5403600	5421600
5475600	5486400
5490000	5508000
5562000	5572800
5576400	5594400
5648400	5659200
5662800	5680800
5734800	5745600
5749200	5767200
5821200	5832000
5835600	5853600
5907600	5918400
5922000	5940000
5994000	6004800
6008400	6026400
6080400	6091200
6094800	6134400
6166800	6177600
6181200	6220800
6253200	6264000
6267600	6307200
6339600	6350400
6354000	6393600
6426000	6436800
6440400	6480000
6512400	6523200
6526800	6566400
6598800	6609600
6613200	6652800
6685200	6696000
6699600	6717600
6771600	6782400
6786000	6804000
6858000	6868800
6872400	6890400
6944400	6955200
6958800	6976800
7030800	7041600
7045200	7063200
7117200	7128000
7131600	7149600
7203600	7214400
7218000	7236000
7290000	7300800
7304400	7322400
7376400	7387200
7390800	7408800
7462800	7473600
7477200	7495200
7549200	7560000
7563600	7581600
7635600	7646400
7650000	7668000
7722000	7732800
7736400	7754400
7808400	7819200
7822800	7840800
1000000000	2000000000
22222222222222222222222222
33333333333333333333333333
66776666776666666666666666
44114444444444444444444444
33555555555555555555555555
33333333333333333333663333
11555555885555555555555555
66666666666666666666666666
44444444444444444444444444
22222222222222222222222255
33113333333333333333333333
176
32400	43200
118800	129600
205200	216000
291600	302400
378000	388800
464400	475200
550800	561600
637200	648000
651600	684000
723600	734400
738000	770400
810000	820800
824400	856800
896400	907200
910800	943200
982800	993600
997200	1029600
1069200	1080000
1083600	1116000
1155600	1166400
1170000	1202400
1242000	1252800
1256400	1288800
1328400	1339200
1342800	1375200
1414800	1425600
1429200	1461600
1501200	1512000
1515600	1548000
1587600	1598400
1602000	1634400
1674000	1684800
1688400	1720800
1760400	1771200
1774800	1807200
1846800	1857600
1861200	1893600
1933200	1944000
1947600	1980000
2019600	2030400
2034000	2066400
2106000	2116800
2120400	2152800
2192400	2203200
2206800	2239200
2278800	2289600
2293200	2325600
2365200	2376000
2379600	2412000
2451600	2462400
2466000	2520000
2538000	2548800
2552400	2606400
2624400	2635200
2638800	2692800
2710800	2721600
2725200	2779200
2797200	2808000
2811600	2865600
2883600	2894400
2898000	2952000
2970000	2980800
2984400	3038400
3056400	3067200
3070800	3103200
3142800	3153600
3157200	3189600
3229200	3240000
3243600	3276000
3315600	3326400
3330000	3362400
3402000	3412800
3416400	3448800
3488400	3499200
3502800	3535200
3574800	3585600
3589200	3621600
3661200	3672000
3675600	3708000
3747600	3758400
3762000	3794400
3834000	3844800
3848400	3880800
3920400	3931200
3934800	3967200
4006800	4017600
4021200	4053600
4093200	4104000
4107600	4140000
4179600	4190400
4194000	4226400
4266000	4276800
4280400	4312800
4352400	4363200
4366800	4399200
4438800	4449600
4453200	4485600
4525200	4536000
4539600	4572000
4611600	4622400
4626000	4658400
4698000	4708800
4712400	4744800
4784400	4795200
4798800	4831200
4870800	4881600
4885200	4917600
4957200	4968000
4971600	5004000
5043600	5054400
5058000	5090400
5130000	5140800
5144400	5176800
5216400	5227200
5230800	5263200
5302800	5313600
5317200	5349600
5389200	5400000
5403600	5436000
5475600	5486400
5490000	5522400
5562000	5572800
5576400	5608800
5648400	5659200
5662800	5695200
5734800	5745600
5749200	5781600
5821200	5832000
5835600	5868000
5907600	5918400
5922000	5954400
5994000	6004800
6008400	6040800
6080400	6091200
6094800	6127200
6166800	6177600
6181200	6213600
6253200	6264000
6267600	6300000
6339600	6350400
6354000	6386400
6426000	6436800
6440400	6472800
6512400	6523200
6526800	6559200
6598800	6609600
6613200	6645600
6685200	6696000
6699600	6732000
6771600	6782400
6786000	6818400
6858000	6868800
6872400	6904800
6944400	6955200
6958800	6991200
7030800	7041600
7045200	7077600
7117200	7128000
7131600	7164000
7203600	7214400
7218000	7250400
7290000	7300800
7304400	7336800
7376400	7387200
7390800	7423200
7462800	7473600
7477200	7509600
7549200	7560000
7563600	7596000
7635600	7646400
7650000	7682400
7722000	7732800
7736400	7768800
7808400	7819200
7822800	7855200
1000000000	2000000000
22222222222222222222222222
33333333333333333333333333
66776666776666666666666666
44114444444444444444444444
33555555555555555555555555
33333333333333333333663333
11555555885555555555555555
66666666666666666666666666
44444444444444444444444444
22222222222222222222222255
33113333333333333333333333
183
32400	43200
46800	86400
118800	129600
133200	172800
205200	216000
219600	259200
291600	302400
306000	345600
378000	388800
392400	432000
464400	475200
478800	518400
550800	561600
565200	604800
637200	648000
651600	691200
723600	734400
738000	777600
810000	820800
824400	864000
896400	907200
910800	950400
982800	993600
997200	1036800
1069200	1080000
1083600	1123200
1155600	1166400
1170000	1209600
1242000	1252800
1256400	1296000
1328400	1339200
1342800	1382400
1414800	1425600
1429200	1468800
1501200	1512000
1515600	1555200
1587600	1598400
1602000	1641600
1674000	1684800
1688400	1728000
1760400	1771200
1774800	1814400
1846800	1857600
1861200	1900800
1933200	1944000
1947600	1987200
2019600	2030400
2034000	2073600
2106000	2116800
2120400	2160000
2192400	2203200
2206800	2246400
2278800	2289600
2293200	2332800
2365200	2376000
2379600	2419200
2451600	2462400
2466000	2505600
2538000	2548800
2552400	2592000
2624400	2635200
2638800	2678400
2710800	2721600
2725200	2764800
2797200	2808000
2811600	2851200
2883600	2894400
2898000	2937600
2970000	2980800
2984400	3024000
3056400	3067200
3070800	3110400
3142800	3153600
3157200	3196800
3229200	3240000
3243600	3283200
3315600	3326400
3330000	3369600
3402000	3412800
3416400	3456000
3488400	3499200
3502800	3542400
3574800	3585600
3589200	3628800
3661200	3672000
3675600	3715200
3747600	3758400
3762000	3801600
3834000	3844800
3848400	3888000
3920400	3931200
3934800	3974400
4006800	4017600
4021200	4060800
4093200	4104000
4107600	4147200
4179600	4190400
4194000	4233600
4266000	4276800
4280400	4320000
4352400	4363200
4366800	4406400
4438800	4449600
4453200	4492800
4525200	4536000
4539600	4579200
4611600	4622400
4626000	4665600
4698000	4708800
4712400	4752000
4784400	4795200
4798800	4838400
4870800	4881600
4885200	4924800
4957200	4968000
4971600	5011200
5043600	5054400
5058000	5097600
5130000	5140800
5144400	5184000
5216400	5227200
5230800	5270400
5302800	5313600
5317200	5356800
5389200	5400000
5403600	5443200
5475600	5486400
5490000	5529600
5562000	5572800
5576400	5616000
5648400	5659200
5662800	5702400
5734800	5745600
5749200	5788800
5821200	5832000
5835600	5875200
5907600	5918400
5922000	5961600
5994000	6004800
6008400	6048000
6080400	6091200
6094800	6134400
6166800	6177600
6181200	6220800
6253200	6264000
6267600	6307200
6339600	6350400
6354000	6393600
6426000	6436800
6440400	6480000
6512400	6523200
6526800	6566400
6598800	6609600
6613200	6652800
6685200	6696000
6699600	6739200
6771600	6782400
6786000	6825600
6858000	6868800
6872400	6912000
6944400	6955200
6958800	6998400
7030800	7041600
7045200	7084800
7117200	7128000
7131600	7171200
7203600	7214400
7218000	7257600
7290000	7300800
7304400	7344000
7376400	7387200
7390800	7430400
7462800	7473600
7477200	7516800
7549200	7560000
7563600	7603200
7635600	7646400
7650000	7689600
7722000	7732800
7736400	7776000
7808400	7819200
7822800	7862400
1000000000	2000000000
22222222222222222222222222
33333333333333333333333333
66776666776666666666666666
44114444444444444444444444
33555555555555555555555555
33333333333333333333663333
11555555885555555555555555
66666666666666666666666666
44444444444444444444444444
22222222222222222222222255
33113333333333333333333333
183
32400	43200
46800	72000
118800	129600
133200	158400
205200	216000
219600	244800
291600	302400
306000	331200
378000	388800
392400	417600
464400	475200
478800	504000
550800	561600
565200	590400
637200	648000
651600	676800
723600	734400
738000	763200
810000	820800
824400	849600
896400	907200
910800	936000
982800	993600
997200	1022400
1069200	1080000
1083600	1108800
1155600	1166400
1170000	1195200
1242000	1252800
1256400	1281600
1328400	1339200
1342800	1368000
1414800	1425600
1429200	1454400
1501200	1512000
1515600	1540800
1587600	1598400
1602000	1627200
1674000	1684800
1688400	1713600
1760400	1771200
1774800	1800000
1846800	1857600
1861200	1886400
1933200	1944000
1947600	1972800
2019600	2030400
2034000	2059200
2106000	2116800
2120400	2145600
2192400	2203200
2206800	2232000
2278800	2289600
2293200	2318400
2365200	2376000
2379600	2404800
2451600	2462400
2466000	2491200
2538000	2548800
2552400	2577600
2624400	2635200
2638800	2664000
2710800	2721600
2725200	2750400
2797200	2808000
2811600	2836800
2883600	2894400
2898000	2923200
2970000	2980800
2984400	3009600
3056400	3067200
3070800	3096000
3142800	3153600
3157200	3182400
3229200	3240000
3243600	3268800
3315600	3326400
3330000	3355200
3402000	3412800
3416400	3441600
3488400	3499200
3502800	3528000
3574800	3585600
3589200	3614400
3661200	3672000
3675600	3700800
3747600	3758400
3762000	3787200
3834000	3844800
3848400	3873600
3920400	3931200
3934800	3960000
4006800	4017600
4021200	4046400
4093200	4104000
4107600	4132800
4179600	4190400
4194000	4219200
4266000	4276800
4280400	4305600
4352400	4363200
4366800	4392000
4438800	4449600
4453200	4478400
4525200	4536000
4539600	4564800
4611600	4622400
4626000	4651200
4698000	4708800
4712400	4737600
4784400	4795200
4798800	4824000
4870800	4881600
4885200	4910400
4957200	4968000
4971600	4996800
5043600	5054400
5058000	5083200
5130000	5140800
5144400	5169600
5216400	5227200
5230800	5256000
5302800	5313600
5317200	5342400
5389200	5400000
5403600	5428800
5475600	5486400
5490000	5515200
5562000	5572800
5576400	5601600
5648400	5659200
5662800	5688000
5734800	5745600
5749200	5774400
5821200	5832000
5835600	5860800
5907600	5918400
5922000	5947200
5994000	6004800
6008400	6033600
6080400	6091200
6094800	6120000
6166800	6177600
6181200	6206400
6253200	6264000
6267600	6292800
6339600	6350400
6354000	6379200
6426000	6436800
6440400	6465600
6512400	6523200
6526800	6552000
6598800	6609600
6613200	6638400
6685200	6696000
6699600	6724800
6771600	6782400
6786000	6811200
6858000	6868800
6872400	6897600
6944400	6955200
6958800	6984000
7030800	7041600
7045200	7070400
7117200	7128000
7131600	7156800
7203600	7214400
7218000	7243200
7290000	7300800
7304400	7329600
7376400	7387200
7390800	7416000
7462800	7473600
7477200	7502400
7549200	7560000
7563600	7588800
7635600	7646400
7650000	7675200
7722000	7732800
7736400	7761600
7808400	7819200
7822800	7848000
1000000000	2000000000
22222222222222222222222222
33333333333333333333333333
66776666776666666666666666
44114444444444444444444444
33555555555555555555555555
33333333333333333333663333
11555555885555555555555555
66666666666666666666666666
44444444444444444444444444
22222222222222222222222255
33113333333333333333333333
99
46800	64800
133200	151200
219600	237600
306000	324000
392400	410400
478800	496800
565200	583200
651600	669600
738000	756000
824400	842400
910800	928800
997200	1015200
1083600	1101600
1170000	1188000
1256400	1274400
1342800	1360800
1429200	1447200
1515600	1533600
1602000	1620000
1688400	1706400
1774800	1792800
1861200	1879200
1947600	1965600
2034000	2052000
2120400	2138400
2206800	2224800
2293200	2311200
2379600	2397600
2466000	2484000
2552400	2570400
2638800	2656800
2725200	2743200
2811600	2829600
2898000	2916000
2984400	3002400
3070800	3088800
3157200	3175200
3243600	3261600
3330000	3348000
3416400	3434400
3502800	3520800
3589200	3607200
3675600	3693600
3762000	3780000
3848400	3866400
3934800	3952800
4021200	4039200
4107600	4125600
4194000	4212000
4280400	4298400
4366800	4384800
4453200	4471200
4539600	4557600
4626000	4644000
4712400	4730400
4798800	4816800
4885200	4903200
4971600	4989600
5058000	5076000
5144400	5162400
5230800	5248800
5317200	5335200
5403600	5421600
5490000	5508000
5576400	5594400
5662800	5680800
5749200	5767200
5835600	5853600
5922000	5940000
6008400	6026400
6094800	6112800
6181200	6199200
6267600	6285600
6354000	6372000
6440400	6458400
6526800	6544800
6613200	6631200
6699600	6717600
6786000	6804000
6872400	6890400
6958800	6976800
7045200	7063200
7131600	7149600
7218000	7236000
7290000	7300800
7304400	7336800
7376400	7387200
7390800	7423200
7462800	7473600
7477200	7509600
7549200	7560000
7563600	7596000
7635600	7646400
7650000	7682400
7722000	7732800
7736400	7768800
7808400	7819200
7822800	7855200
1000000000	2000000000
22222222222222222222222222
33333333333333333333333333
66776666776666666666666666
44114444444444444444444444
33555555555555555555555555
33333333333333333333663333
11555555885555555555555555
66666666666666666666666666
44444444444444444444444444
22222222222222222222222255
33113333333333333333333333
176
32400	43200
46800	64800
118800	129600
133200	151200
205200	216000
219600	237600
291600	302400
306000	324000
378000	388800
392400	410400
464400	475200
478800	496800
550800	561600
565200	583200
637200	648000
723600	734400
810000	820800
896400	907200
982800	993600
1069200	1080000
1155600	1166400
1242000	1252800
1256400	1274400
1328400	1339200
1342800	1360800
1414800	1425600
1429200	1447200
1501200	1512000
1515600	1533600
1587600	1598400
1602000	1620000
1674000	1684800
1688400	1706400
1760400	1771200
1774800	1792800
1846800	1857600
1861200	1879200
1933200	1944000
1947600	1965600
2019600	2030400
2034000	2052000
2106000	2116800
2120400	2138400
2192400	2203200
2206800	2224800
2278800	2289600
2293200	2311200
2365200	2376000
2379600	2397600
2451600	2462400
2466000	2484000
2538000	2548800
2552400	2570400
2624400	2635200
2638800	2656800
2710800	2721600
2725200	2743200
2797200	2808000
2811600	2829600
2883600	2894400
2898000	2916000
2970000	2980800
2984400	3002400
3056400	3067200
3070800	3088800
3142800	3153600
3157200	3175200
3229200	3240000
3243600	3261600
3315600	3326400
3330000	3348000
3402000	3412800
3416400	3434400
3488400	3499200
3502800	3520800
3574800	3585600
3589200	3607200
3661200	3672000
3675600	3693600
3747600	3758400
3762000	3780000
3834000	3844800
3848400	3866400
3920400	3931200
3934800	3952800
4006800	4017600
4021200	4039200
4093200	4104000
4107600	4125600
4179600	4190400
4194000	4212000
4266000	4276800
4280400	4298400
4352400	4363200
4366800	4384800
4438800	4449600
4453200	4471200
4525200	4536000
4539600	4557600
4611600	4622400
4626000	4644000
4698000	4708800
4712400	4730400
4784400	4795200
4798800	4816800
4870800	4881600
4885200	4903200
4957200	4968000
4971600	4989600
5043600	5054400
5058000	5076000
5130000	5140800
5144400	5162400
5216400	5227200
5230800	5248800
5302800	5313600
5317200	5335200
5389200	5400000
5403600	5421600
5475600	5486400
5490000	5508000
5562000	5572800
5576400	5594400
5648400	5659200
5662800	5680800
5734800	5745600
5749200	5767200
5821200	5832000
5835600	5853600
5907600	5918400
5922000	5940000
5994000	6004800
6008400	6026400
6080400	6091200
6094800	6112800
6166800	6177600
6181200	6199200
6253200	6264000
6267600	6285600
6339600	6350400
6354000	6372000
6426000	6436800
6440400	6458400
6512400	6523200
6526800	6544800
6598800	6609600
6613200	6631200
6685200	6696000
6699600	6717600
6771600	6782400
6786000	6804000
6858000	6868800
6872400	6890400
6944400	6955200
6958800	6976800
7030800	7041600
7045200	7063200
7117200	7128000
7131600	7149600
7203600	7214400
7218000	7236000
7290000	7300800
7304400	7322400
7376400	7387200
7390800	7408800
7462800	7473600
7477200	7495200
7549200	7560000
7563600	7581600
7635600	7646400
7650000	7668000
7722000	7732800
7736400	7754400
7808400	7819200
7822800	7840800
1000000000	2000000000
22222222222222222222222222
33333333333333333333333333
66776666776666666666666666
44114444444444444444444444
33555555555555555555555555
33333333333333333333663333
11555555885555555555555555
66666666666666666666666666
44444444444444444444444444
22222222222222222222222255
33113333333333333333333333
0.48
