8
6
50
175
0	2
3204	4807
1	8	
1	3
3204	4807
3	10	13	
2	5
3204	4807
4	8	10	12	14	
3	4
3204	4807
4	8	12	14	
4	2
3204	4807
6	15	
5	2
3204	4807
8	11	
6	1
3204	4807
6	
7	3
3204	4807
5	7	15	
8	4
3204	4807
0	7	9	13	
9	1
3204	4807
1	
10	4
3204	4807
1	8	10	15	
11	1
3204	4807
8	
12	4
3204	4807
5	7	9	15	
13	3
3204	4807
6	12	13	
14	4
3204	4807
0	7	9	11	
15	1
3204	4807
5	
16	3
3204	4807
3	7	11	
17	1
3204	4807
5	
18	1
3204	4807
5	
19	4
3204	4807
0	10	12	14	
20	1
3204	4807
6	
21	4
3204	4807
0	8	10	13	
22	1
3204	4807
9	
23	1
3204	4807
7	
24	1
3204	4807
6	
25	3
3204	4807
4	7	9	
26	2
3204	4807
2	9	
27	5
3204	4807
4	7	9	11	13	
28	5
3204	4807
4	7	10	12	15	
29	5
3204	4807
5	9	11	12	14	
30	4
3204	4807
3	7	9	12	
31	3
3204	4807
5	11	14	
32	3
3204	4807
0	9	11	
33	2
3204	4807
11	13	
34	3
3204	4807
5	7	12	
35	3
3204	4807
3	12	13	
36	2
3204	4807
8	10	
37	5
3204	4807
3	8	10	11	13	
38	4
3204	4807
6	8	12	14	
39	3
3204	4807
8	9	15	
40	4
3204	4807
2	8	11	13	
41	1
3204	4807
15	
42	4
3204	4807
5	7	11	14	
43	2
3204	4807
11	12	
44	2
3204	4807
6	13	
45	4
3204	4807
2	7	10	12	
46	2
3204	4807
0	9	
47	2
3204	4807
12	14	
48	3
3204	4807
0	8	15	
49	4
3204	4807
1	7	10	15	
50	2
3204	4807
3	9	
51	1
3204	4807
5	
52	3
3204	4807
0	11	14	
53	1
3204	4807
7	
54	3
3204	4807
10	12	15	
55	5
3204	4807
3	8	9	11	15	
56	4
3204	4807
7	11	12	13	
57	1
3204	4807
15	
58	4
3204	4807
4	7	9	13	
59	3
3204	4807
1	9	14	
60	5
3204	4807
4	8	10	11	14	
61	4
3204	4807
2	8	11	14	
62	4
3204	4807
6	7	12	13	
63	4
3204	4807
3	8	9	11	
64	4
3204	4807
3	9	11	15	
65	5
3204	4807
6	7	10	12	14	
66	2
3204	4807
5	8	
67	2
3204	4807
10	14	
68	2
3204	4807
11	15	
69	2
3204	4807
5	14	
70	3
3204	4807
2	7	12	
71	2
3204	4807
0	11	
72	3
3204	4807
3	7	15	
73	5
3204	4807
2	7	9	11	14	
74	5
3204	4807
4	7	10	11	14	
75	2
3204	4807
4	15	
76	2
3204	4807
5	13	
77	2
3204	4807
5	8	
78	2
3204	4807
4	9	
79	5
3204	4807
6	7	9	12	15	
80	2
3204	4807
3	15	
81	2
3204	4807
5	15	
82	3
3204	4807
1	8	10	
83	5
3204	4807
4	7	10	11	13	
84	5
3204	4807
6	7	10	12	15	
85	5
3204	4807
5	8	10	11	13	
86	3
3204	4807
6	10	12	
87	4
3204	4807
3	8	11	14	
88	3
3204	4807
3	10	13	
89	3
3204	4807
3	10	12	
90	5
3204	4807
1	7	9	11	14	
91	3
3204	4807
5	8	13	
92	4
3204	4807
1	9	11	13	
93	4
3204	4807
2	7	12	13	
94	1
3204	4807
5	
95	4
3204	4807
3	8	11	15	
96	5
3204	4807
4	7	10	11	15	
97	1
3204	4807
14	
98	4
3204	4807
6	10	11	15	
99	5
3204	4807
3	7	10	11	14	
100	5
3204	4807
2	7	9	12	13	
101	4
3204	4807
1	9	12	13	
102	2
3204	4807
10	14	
103	4
3204	4807
1	10	11	13	
104	4
3204	4807
6	7	11	15	
105	4
3204	4807
2	8	12	14	
106	5
3204	4807
6	8	10	12	14	
107	3
3204	4807
0	11	15	
108	3
3204	4807
3	11	15	
109	4
3204	4807
0	10	12	13	
110	3
3204	4807
0	10	13	
111	4
3204	4807
5	8	12	13	
112	4
3204	4807
2	8	12	14	
113	1
3204	4807
1	
114	1
3204	4807
1	
115	5
3204	4807
2	8	9	11	14	
116	5
3204	4807
6	8	9	12	14	
117	3
3204	4807
2	9	12	
118	1
3204	4807
5	
119	1
3204	4807
15	
120	3
3204	4807
6	9	15	
121	1
3204	4807
0	
122	2
3204	4807
10	15	
123	2
3204	4807
5	7	
124	1
3204	4807
1	
125	3
3204	4807
5	10	14	
126	2
3204	4807
1	8	
127	2
3204	4807
0	13	
128	2
3204	4807
0	14	
129	2
3204	4807
6	7	
130	3
3204	4807
0	11	15	
131	4
3204	4807
1	7	11	12	
132	1
3204	4807
1	
133	2
3204	4807
1	9	
134	4
3204	4807
5	7	11	14	
135	3
3204	4807
8	10	12	
136	1
3204	4807
13	
137	5
3204	4807
1	7	10	11	12	
138	2
3204	4807
4	9	
139	3
3204	4807
4	7	12	
140	5
3204	4807
2	7	10	11	15	
141	5
3204	4807
4	8	10	11	13	
142	4
3204	4807
4	8	10	13	
143	3
3204	4807
3	8	12	
144	2
3204	4807
10	14	
145	4
3204	4807
4	7	9	12	
146	1
3204	4807
11	
147	4
3204	4807
4	9	11	12	
148	2
3204	4807
6	14	
149	3
3204	4807
7	9	11	
150	5
3204	4807
5	7	9	11	13	
151	4
3204	4807
5	8	9	11	
152	4
3204	4807
5	7	9	13	
153	3
3204	4807
5	12	14	
154	2
3204	4807
0	7	
155	1
3204	4807
0	
156	1
3204	4807
3	
157	4
3204	4807
6	9	11	15	
158	4
3204	4807
0	8	11	12	
159	2
3204	4807
6	8	
160	5
3204	4807
0	7	9	11	14	
161	2
3204	4807
4	7	
162	5
3204	4807
2	8	10	11	13	
163	5
3204	4807
2	8	9	11	14	
164	4
3204	4807
2	10	12	15	
165	1
3204	4807
14	
166	2
3204	4807
6	10	
167	4
3204	4807
2	7	12	15	
168	5
3204	4807
0	8	9	12	14	
169	4
3204	4807
0	11	12	15	
170	2
3204	4807
2	8	
171	2
3204	4807
1	15	
172	5
3204	4807
6	7	9	12	13	
173	1
3204	4807
1	
174	5
3204	4807
3	8	9	11	13	
16
0
0	1	2	983	1013
1.14694	0.652852	0.790449
0.196455	0.671785	0.963646	0.0290599	0.517151	0.878138	0.012668	0.519084	0.991457	
1
0	1	1	1496	1508
1.46611	0.285068	0.559268
0.145478	0.338571	0.52058	0.506963	0.413056	0.227547	0.364923	0.664245	0.130354	
2
0	1	4	896	919
1.46282	0.408572	0.984992
0.608288	0.132283	0.108289	0.976809	0.33169	0.788398	0.682931	0.970467	0.193823	
3
0	1	1	970	994
1.49966	0.067469	0.881835
0.598643	0.984726	0.320648	0.860992	0.997593	0.622196	0.554726	0.381755	0.962659	
4
0	1	1	1686	1700
1.41844	0.0133333	0.723669
0.741231	0.832204	0.0308111	0.545381	0.147021	0.483603	0.475212	0.962539	0.00722161	
5
0	1	4	1379	1441
1.45908	0.797466	0.903563
0.626021	0.908238	0.0698925	0.473786	0.43555	0.524205	0.279561	0.971679	0.682283	
6
0	1	1	1462	1466
1.41748	0.377399	0.71796
0.544793	0.553148	0.765105	0.881846	0.307745	0.162637	0.558371	0.997049	0.0977243	
7
1	1	1	1429	1452
1.13097	0.104651	0.752465
0.320017	0.11933	0.970379	0.148946	0.773895	0.447241	0.310635	0.174649	0.90772	
8
1	1	1	1108	1122
1.46521	0.254502	0.55062
0.869671	0.42485	0.838882	0.615751	0.310353	0.774932	0.952508	0.936276	0.061726	
9
2	1	2	1298	1300
1.20692	0.142303	0.508723
0.780083	0.883458	0.924899	0.118831	0.404468	0.696256	0.209167	0.344683	0.270911	
10
2	1	3	829	867
1.21982	0.177323	0.617134
0.793772	0.0966156	0.26921	0.364179	0.279305	0.94088	0.202864	0.893635	0.524782	
11
3	1	2	946	1001
1.19748	0.646438	0.794179
0.433281	0.621672	0.953064	0.633444	0.305174	0.448757	0.495167	0.144158	0.966118	
12
4	1	2	1707	1709
1.46428	0.646529	0.651307
0.248573	0.737293	0.860649	0.024366	0.891958	0.939413	0.971332	0.186442	0.597438	
13
5	1	3	1523	1609
1.4704	0.333053	0.770124
0.0332333	0.303658	0.58175	0.0253563	0.222498	0.400425	0.712421	0.647829	0.171692	
14
5	1	1	870	907
1.39465	0.0287536	0.652396
0.842156	0.936611	0.277106	0.39295	0.858841	0.654208	0.745979	0.639251	0.562225	
15
5	1	2	1094	1181
1.39254	0.237776	0.821103
0.337555	0.687777	0.984039	0.480559	0.253639	0.697454	0.426931	0.572314	0.332873	
1210
0	57	36889
4489	
1	3	37222
3464	4126	3715	4411	
2	151	41288
4165	4642	3296	3416	
3	156	36945
4545	
4	121	36047
3647	
5	174	50209
4558	4112	4036	3286	4613	
6	73	53243
4225	4094	3446	4021	4361	
7	132	35607
3207	
8	134	57769
3263	4766	3608	4526	
9	137	60526
4021	4471	3761	3350	4015	
10	41	40198
3309	
11	71	63145
3906	3284	
12	167	119321
4656	3966	4794	3449	
13	100	123948
3372	4624	3303	4628	3604	
14	75	123822
3226	4501	
15	121	47861
4308	
16	22	62776
4724	
17	173	43082
3454	
18	129	61768
4152	3716	
19	59	67381
3847	3678	4605	
20	145	128312
4019	3424	3929	4364	
21	117	135238
4521	4071	3326	
22	119	127605
3783	
23	37	127580
4775	3769	4477	3574	3632	
24	101	139340
3825	3468	4102	4085	
25	157	134611
3906	4238	4113	3406	
26	121	52258
4397	
27	172	143704
4054	4426	3403	4364	4310	
28	48	139406
4409	3903	4795	
29	172	146953
4597	4757	4185	3249	3229	
30	169	151537
3410	3220	3859	4584	
31	33	150752
3999	3799	
32	149	144299
4398	3836	4151	
33	106	209183
4767	4190	4307	3324	4509	
34	85	153961
4470	3336	3704	4368	3209	
35	170	68956
3840	4763	
36	137	211948
4553	3587	4422	4524	3812	
37	1	157265
4301	3524	3304	
38	76	207431
4055	3366	
39	158	215165
3214	3696	3689	3217	
40	14	214746
3272	4683	4413	3866	
41	61	223106
4717	4040	4759	4109	
42	6	62086
4610	
43	99	227811
3992	3671	4041	4706	3925	
44	137	232065
4343	4072	4116	4254	3792	
45	6	66652
4566	
46	113	67052
3802	
47	98	235997
4673	4147	3932	3540	
48	44	211629
4669	4198	
49	54	239897
4078	3827	3900	
50	51	56615
4662	
51	135	293214
3619	4154	3322	
52	58	215983
4660	3734	3548	4354	
53	157	294509
3959	3996	4350	4605	
54	101	297362
3414	4184	4148	3703	
55	111	301442
4093	4528	3330	4080	
56	150	308647
3401	3946	4565	3516	3605	
57	101	312989
4204	3363	4553	4342	
58	60	302293
4714	3481	4348	3917	4430	
59	22	221994
3541	
60	0	135104
4050	3584	
61	120	299016
3708	4507	4507	
62	145	312246
4791	4593	3309	3401	
63	32	309960
4156	3728	4580	
64	67	309190
3483	3297	
65	137	316821
4593	4530	3685	3616	4575	
66	9	138170
4457	
67	83	318234
4677	4287	3930	4658	4447	
68	150	322361
4612	4605	4049	4127	3887	
69	133	241467
3780	3880	
70	75	306229
4704	3613	
71	172	326425
4647	4768	3522	4445	4064	
72	38	379761
3513	4564	4494	3834	
73	44	331158
4418	4733	
74	137	384193
3461	3865	4774	4570	4433	
75	89	387491
4040	4296	3298	
76	121	120879
3360	
77	135	394491
3639	4580	3400	
78	113	149411
4000	
79	60	384794
3456	3744	4238	3863	3832	
80	136	382334
4376	
81	111	398189
3718	4431	3698	3621	
82	10	310419
4639	4489	3666	4190	
83	2	402318
3391	3781	3343	3463	4129	
84	65	406528
3789	4355	4662	3213	4210	
85	48	313867
3343	4763	3448	
86	58	401424
3793	3450	3335	3235	
87	166	245546
4221	4338	
88	174	404652
3291	4240	3427	4268	3228	
89	133	306050
3374	3899	
90	147	408667
4443	3552	4569	3802	
91	107	401683
3479	4161	4452	
92	65	466856
3722	3240	4786	4188	3613	
93	78	313475
4539	3873	
94	44	408107
3536	3455	
95	35	471130
3936	3457	4275	
96	102	471327
3435	4471	
97	150	474614
3434	3477	4082	3347	3484	
98	67	474828
4759	3501	
99	30	473788
3266	4227	3871	3476	
100	102	483040
4354	4612	
101	146	408775
4036	
102	50	324692
4805	3264	
103	70	481849
3708	4671	4461	
104	106	486900
4750	4052	4561	3963	3860	
105	105	491579
4580	3328	3476	4679	
106	83	483018
3259	3611	3504	4217	4804	
107	146	470458
3466	
108	26	328140
3990	3448	
109	89	492962
4675	4227	3674	
110	153	551090
3654	4124	4173	
111	146	474695
4237	
112	128	554680
4633	3590	
113	78	378218
3866	3278	
114	100	555015
4598	4267	4393	3929	3258	
115	109	558777
3258	3427	3762	3444	
116	62	566756
3906	4547	4378	4109	
117	149	481729
3858	4649	3434	
118	165	559235
4555	
119	161	299557
4647	4740	
120	157	485806
4501	4592	4077	3385	
121	106	571425
4147	3845	3350	3655	4670	
122	137	574000
3445	4593	4789	3343	3590	
123	45	578358
3861	4682	3782	4358	
124	35	582526
3629	3742	4168	
125	161	316844
4133	4412	
126	142	586087
4313	4032	4304	3561	
127	152	637318
3752	4729	4433	4431	
128	95	493041
4575	3459	3892	3251	
129	79	640083
4263	4050	3791	3618	4142	
130	69	576203
3325	4778	
131	132	211477
3808	
132	29	643143
3303	4342	3604	3399	3425	
133	123	329881
4362	4258	
134	61	647004
4698	4136	4498	3861	
135	57	644013
3930	
136	165	654514
3910	
137	0	245476
4654	4238	
138	114	224138
4407	
139	135	646643
3311	4456	3526	
140	163	658549
4638	3835	3853	4519	4035	
141	166	331831
3891	3751	
142	25	415751
3446	4529	3880	
143	75	647787
3760	3774	
144	158	654381
4492	3549	3308	4138	
145	74	662342
3532	4679	4776	3437	3793	
146	4	655785
3773	4398	
147	51	149472
4803	
148	9	227740
3602	
149	21	640764
3832	3271	4628	3446	
150	61	665711
3369	4551	3707	3369	
151	90	669993
3726	3687	3633	4263	4282	
152	165	674654
4661	
153	159	310849
4744	3656	
154	93	659164
4805	4528	3819	4783	
155	71	582380
3658	4403	
156	148	724809
4230	3355	
157	72	659201
4467	4547	3416	
158	2	729136
4492	4457	3274	4551	4327	
159	151	640670
4020	4547	4546	4290	
160	171	663475
4165	4274	
161	69	732901
3383	3765	
162	67	740842
3752	4341	
163	117	667246
3775	3744	4495	
164	76	663540
3437	4376	
165	127	667608
4692	4068	
166	79	725798
3339	3754	3757	4551	3997	
167	147	730311
3916	4128	3969	4514	
168	65	744326
3716	3421	4033	3804	3484	
169	13	742100
3855	3774	4385	
170	99	748347
3327	4197	4533	3480	4021	
171	105	751786
4666	3746	4383	3439	
172	168	755306
4320	3356	3758	3291	3520	
173	174	746751
4656	4555	3602	4098	4651	
174	84	753606
3731	4640	4130	4061	4443	
175	2	811876
3287	4791	4449	4651	4515	
176	66	380526
4540	4625	
177	146	660214
4397	
178	46	497460
3383	4141	
179	141	750345
4126	3593	4030	3916	3594	
180	146	668645
4515	
181	167	816154
4037	3309	4227	4279	
182	14	727147
4680	3421	4562	4502	
183	81	820376
3656	4222	
184	25	552634
4081	3731	3812	
185	7	828238
4805	3738	4262	
186	47	819864
3271	3762	
187	151	731674
4499	3937	4701	4527	
188	54	832523
4550	4754	4285	
189	170	395731
3930	4075	
190	68	835827
3611	3304	
191	139	832370
3864	3678	4643	
192	109	836695
3936	4042	4325	3449	
193	99	828230
3299	4041	3574	3208	4766	
194	166	479868
3837	3687	
195	3	841376
3323	3339	4370	4681	
196	136	841489
4794	
197	78	561592
4249	4257	
198	63	746828
4308	3947	3790	4735	
199	166	483195
4041	3327	
200	137	899697
4609	3930	4541	3939	4632	
201	73	845207
3373	3425	4480	4750	3831	
202	174	844780
4209	4745	3394	3739	3291	
203	18	232066
3854	
204	36	492066
3457	4330	
205	166	495470
4559	3404	
206	138	580461
3593	3605	
207	114	244047
3807	
208	10	839084
4608	3564	4276	3257	
209	88	849549
4665	4746	4769	
210	150	900807
3689	4321	4202	3884	4458	
211	11	418393
3610	
212	66	422229
4488	3836	
213	150	904263
4255	3220	3756	3684	3456	
214	145	903646
4312	4752	4311	3949	
215	170	465858
4416	4029	
216	44	912404
3412	4541	
217	162	916963
4122	3796	4452	4241	4559	
218	113	298811
3356	
219	114	302088
3277	
220	82	513473
4151	3936	4529	
221	10	843337
4608	3884	4197	4253	
222	113	319200
4753	
223	141	921522
4487	4679	4778	4130	4559	
224	32	837160
4578	4708	4365	
225	157	848049
4510	3768	3308	4712	
226	135	911891
3551	3966	4645	
227	79	915532
3715	4568	3375	3298	3641	
228	5	899101
3855	4633	
229	67	849045
4713	3838	
230	6	394609
4582	
231	9	323684
4484	
232	43	918665
4340	3476	
233	36	560340
3957	4013	
234	165	900496
4651	
235	89	922506
4116	4215	3841	
236	42	911612
4686	3761	4509	4571	
237	26	658286
4399	3305	
238	51	299341
3357	
239	143	927234
4286	4540	4728	
240	77	505001
4481	3345	
241	76	924988
4021	3466	
242	117	985262
4488	4392	4028	
243	94	314936
3493	
244	34	989795
3673	3418	4533	
245	52	916061
3894	3630	4449	
246	120	919123
3776	4291	3591	
247	101	993211
3547	3414	3416	3276	
248	117	1001179
4671	3871	4368	
249	6	402954
4569	
250	86	1005325
3727	3647	4146	
251	16	918980
4710	4700	3800	
252	157	922974
4800	4147	3994	3596	
253	152	1001539
4645	4529	4366	4728	
254	28	1009663
3209	3960	4690	4338	3596	
255	148	919416
3230	3355	
256	37	1005668
4062	4155	3337	4328	4129	
257	96	1013450
3954	4127	3231	3747	3787	
258	132	378060
4029	
259	145	1013635
3963	4801	4062	3972	
260	28	1071114
4366	3735	4014	3345	3595	
261	142	1009526
3771	3981	3521	3858	
262	22	741689
4460	
263	61	989733
4010	4225	4684	3819	
264	45	1074398
3289	3353	4505	3418	
265	127	1013198
4363	3672	
266	146	997470
4137	
267	57	1075089
3975	
268	8	1016629
3873	3993	3678	3431	
269	35	1079105
3841	3288	4707	
270	27	1087395
3383	3349	4779	4044	4690	
271	112	1085404
3383	3560	4117	3335	
272	2	1089788
4371	3984	3666	4385	3591	
273	6	464976
3465	
274	49	1079656
4654	4158	3391	4567	
275	96	1087010
3913	4707	3610	3386	3754	
276	65	1094375
4438	3821	4560	4587	3858	
277	101	1099014
4157	3943	3247	4639	
278	108	1090458
3942	4610	3448	
279	106	1156421
3365	4283	4490	4798	4342	
280	23	643000
3391	
281	91	1103671
3644	4746	4657	
282	80	1094339
4559	3881	
283	139	1160366
4799	3900	3946	
284	114	394181
3710	
285	73	1159823
3845	4430	3602	4330	3402	
286	154	659324
4650	4394	
287	88	1108022
4541	4244	4351	
288	13	1164583
4770	4217	4116	
289	118	378073
4375	
290	161	662886
4080	3562	
291	23	666319
3433	
292	90	1163714
3940	4760	3847	4448	3891	
293	89	1171655
3866	4659	3472	
294	105	1175993
4276	3977	4338	4238	
295	75	1097877
3805	3538	
296	32	1076560
3812	3912	4272	
297	135	1180782
3699	4270	4789	
298	16	1083734
4276	3671	3574	
299	99	1180052
4497	4234	3421	3808	4059	
300	82	729025
3671	4757	3241	
301	118	381572
3499	
302	125	1183690
3267	3987	3638	
303	173	406349
4557	
304	104	1102077
4759	3582	3734	4200	
305	120	1106164
4321	3905	4087	
306	37	1171563
3678	4034	3731	3909	3380	
307	13	1184816
4504	3686	4034	
308	35	1242365
3748	3837	4584	
309	29	1246622
4310	3478	4357	4317	3544	
310	28	1251129
3413	4300	3583	3930	4507	
311	45	1258616
4701	3339	3604	4464	
312	127	1246756
4261	4391	
313	46	827100
3264	3867	
314	86	1262747
3635	3601	4131	
315	99	1251074
4214	3455	4540	3512	4452	
316	94	396980
4231	
317	103	1251284
3910	4084	3706	4528	
318	5	1164263
4127	3503	
319	121	310026
4346	
320	54	1267372
3407	4625	3740	
321	138	830429
3565	3329	
322	95	1271725
4393	4725	3955	4353	
323	28	1275676
3489	4635	4241	3259	3951	
324	87	1259293
3777	3882	4421	4619	
325	36	818651
3700	4448	
326	122	1279771
4336	4095	
327	15	400698
3718	
328	164	1330816
4634	3852	3885	4245	
329	9	415035
4776	
330	39	1334887
3329	3318	4071	
331	149	1180621
3763	4251	4382	
332	65	1333011
3344	4058	4692	4054	4495	
333	149	1185402
4052	3832	4781	
334	92	1259468
4164	3371	3762	4584	
335	91	1263783
4780	4284	4315	
336	31	1337516
4680	4533	4505	
337	76	1268225
4500	4442	
338	128	1344331
4715	3215	
339	138	848701
3377	3500	
340	113	470308
4309	
341	95	1338666
3615	3889	4588	3779	
342	171	1345732
3449	3466	
343	126	668064
3589	3326	
344	20	552782
4270	
345	24	557089
4307	
346	78	899496
3714	3995	
347	16	1260094
3888	4792	4209	
348	49	1349872
4045	4278	4547	4140	
349	28	1353310
4351	3708	4510	3930	3438	
350	95	1358076
3937	4652	3698	4766	
351	67	1348724
3332	4393	
352	97	1352211
3487	
353	27	1272776
4608	3676	3303	4049	4551	
354	19	1355427
4174	4428	3542	3216	
355	123	812785
3929	3363	
356	151	1271921
4774	3632	3468	4080	
357	158	1347250
4376	3622	3769	3608	
358	19	1359909
3267	3929	3539	4482	
359	21	1276428
4546	3880	3230	3652	
360	33	1333978
4288	3246	
361	168	1363893
3347	3380	4378	4486	3984	
362	7	1362424
4194	3782	4348	
363	96	1365720
4235	3506	3974	3274	3296	
364	17	481615
3660	
365	149	1345128
3333	3340	4276	
366	58	1337543
3255	4036	4631	3565	
367	114	489255
4264	
368	74	1367833
4008	4766	3913	3872	3940	
369	67	1418750
3527	4117	
370	50	925638
3372	3422	
371	161	839796
3678	3988	
372	140	1416207
3819	4530	4748	3993	3687	
373	156	406906
4669	
374	134	1422641
3632	4011	3510	3891	
375	15	488957
3710	
376	125	1431006
3679	4090	4765	
377	106	1434305
4023	4377	3233	3297	3299	
378	52	1438480
4389	4737	4175	
379	84	1420134
4207	4687	4719	4611	3927	
380	39	1424249
4075	3841	4115	
381	30	1420810
4105	4589	3662	3627	
382	144	1442844
3257	4364	
383	35	1425145
3612	4335	3387	
384	163	1446536
4569	4738	3980	4481	3692	
385	44	1433172
3215	4427	
386	70	1433114
4799	4013	4369	
387	75	1431618
3488	3769	
388	151	1423591
3749	3725	3550	3870	
389	21	1436650
3281	3530	3824	3478	
390	47	1450738
3910	4202	
391	17	499602
3217	
392	16	1431316
3544	3845	4125	
393	66	754310
3940	3435	
394	92	1440619
4748	4605	3555	3969	
395	72	1435114
4244	4164	3496	
396	115	1502137
3821	3225	3763	3453	4599	
397	75	1439824
3372	4710	
398	68	1443792
4311	3968	
399	96	1448383
3914	3335	4478	4377	4591	
400	50	1003576
4558	4137	
401	81	1452381
3849	3998	
402	94	558725
4534	
403	9	497738
3735	
404	106	1506168
3744	3355	4482	4707	4031	
405	7	1502832
4784	4639	3651	
406	52	1510915
3763	3387	4747	
407	65	1518692
3956	3900	4651	3691	4177	
408	102	1523395
4309	4703	
409	34	1502894
4217	3551	3472	
410	125	1527250
4680	4221	3855	
411	9	502382
4644	
412	55	1508316
3738	3885	3767	3446	3917	
413	27	1516027
4324	3778	4012	4581	4477	
414	67	1532004
3631	4754	
415	92	1520385
4187	4047	3567	4358	
416	103	1524249
4512	3903	4598	3864	
417	105	1536617
4660	3844	4693	4613	
418	165	1540029
3412	
419	27	1528107
3497	3206	4655	3643	3858	
420	86	1510899
4314	3440	3312	
421	89	1518229
4195	4281	3730	
422	146	1532048
4214	
423	23	938515
3271	
424	2	1591416
4340	3464	4702	4798	4587	
425	107	1590820
3626	4771	4619	
426	51	579342
3336	
427	17	584122
4780	
428	32	1594833
3997	4613	4014	
429	48	1595078
4455	3812	4258	
430	24	587770
3622	
431	103	1602822
4358	3359	4388	3340	
432	20	637829
3259	
433	120	1602458
4381	3302	3780	
434	129	942855
3756	4340	
435	138	1078795
4508	4023	
436	144	1595811
3902	4395	
437	153	1602622
3348	4579	3211	
438	53	986329
3874	
439	1	1607068
4696	4622	4246	
440	132	570079
4240	
441	51	638386
4116	
442	47	1606913
4310	4291	
443	88	1610316
4281	3866	3248	
444	169	1607611
4257	4448	3421	3763	
445	54	1611982
4317	4713	3788	
446	22	1085745
3350	
447	0	819227
4586	3732	
448	71	1611489
4757	4220	
449	84	1616630
4246	4154	3708	4177	4648	
450	107	1620974
4025	4726	4344	
451	74	1620646
4551	4338	4513	3678	4431	
452	141	1677878
3885	4029	4781	3984	3625	
453	64	1682157
3379	3516	4280	4172	
454	106	1624812
4243	3228	3403	3499	4166	
455	58	1681271
4784	3553	4029	3393	
456	155	471982
3781	
457	30	1678318
3379	3931	3465	4660	
458	77	833701
4157	3617	
459	59	1674909
3584	3972	3297	
460	18	646713
4170	
461	15	654845
4532	
462	153	1682057
3448	3739	3682	
463	32	1689964
4607	3543	4207	
464	19	1690219
4620	3934	4561	4480	
465	65	1694941
4474	4690	4359	3693	4722	
466	113	582618
4369	
467	90	1698401
3364	3626	4629	4535	3460	
468	105	1702247
4153	4005	4282	3846	
469	53	1018587
4366	
470	76	1689220
3987	4349	
471	136	1692952
3732	
472	1	1696279
4738	3405	3327	
473	154	1023129
3272	4542	
474	106	1705628
3204	4737	3739	4235	3381	
475	114	589895
3913	
476	83	1700485
4681	3425	4595	4177	4206	
477	172	1760984
3340	4054	4276	4555	3383	
478	6	673763
4690	
479	38	1765555
3292	3847	3425	4572	
480	165	1769286
3731	
481	40	1764694
4197	4149	4151	3710	
482	77	854179
4491	3740	
483	2	1776236
4215	4786	4088	3953	3350	
484	62	1776574
3785	4710	4612	3281	
485	101	1780802
4707	3278	3384	4228	
486	25	1171316
3210	3456	4463	
487	147	1784380
3284	3494	4703	4423	
488	136	1784155
3353	
489	99	1780418
3748	3548	3478	3994	4182	
490	68	1769369
3845	3422	
491	92	1788334
4455	4515	4763	4179	
492	91	1792464
4488	4417	4130	
493	111	1796622
4353	3499	4433	4158	
494	12	1776747
4424	3418	3914	3778	
495	2	1793136
4564	3896	4314	3566	4323	
496	69	1796769
3585	3633	
497	51	734245
3824	
498	74	1861603
3720	3813	3236	4422	3634	
499	72	1780449
3578	4216	3702	
500	148	1864989
4280	3386	
501	126	918638
3552	4661	
502	29	1869092
4764	4313	3437	4503	4103	
503	100	1855569
3518	4020	3691	4687	4369	
504	108	1790041
3482	4267	4450	
505	77	922607
3398	3969	
506	154	1104317
4196	3328	
507	26	1242158
3377	4115	
508	130	1848214
3376	4259	4572	
509	64	1852495
3996	4789	4378	3339	
510	123	1108497
3602	4180	
511	106	1872927
4531	4278	4267	4295	3835	
512	134	1876447
3994	3970	4262	3520	
513	114	656362
3353	
514	79	1867472
3625	3380	3748	4008	4004	
515	10	1871822
3584	3798	3801	4350	
516	65	1948076
3809	3606	4643	3681	3229	
517	59	1952249
4753	3930	4173	
518	173	669173
4474	
519	166	1276552
3310	3732	
520	83	1864796
3636	4468	4113	3830	4439	
521	12	1876295
3956	4779	4659	4473	
522	160	1955510
4453	4642	4175	4784	3261	
523	106	1960110
4057	3508	3219	4391	4600	
524	168	1964890
4373	4097	4202	4263	4780	
525	137	1938369
4683	4628	3581	4025	4562	
526	119	1880501
4206	
527	35	1942678
4236	3529	4309	
528	28	1949125
4513	3776	4178	3217	3627	
529	168	2036590
3579	4262	4396	4152	3300	
530	59	2040185
4474	3514	3595	
531	10	1953818
3799	3684	3343	4693	
532	169	1957449
4735	3890	3503	3631	
533	48	1961292
4365	3223	3843	
534	76	1950786
3358	4508	
535	31	2044764
4115	4317	4579	
536	119	1965437
4145	
537	135	1960824
4547	3304	4454	
538	162	1955188
4642	4448	4021	4238	4402	
539	62	1965547
4653	3835	4723	3832	
540	99	2048150
4155	3235	3637	4132	3386	
541	98	1969793
4403	3636	3909	4356	
542	24	814764
4056	
543	18	815898
4066	
544	173	732968
4039	
545	60	2121119
4799	3681	3507	3541	4569	
546	67	2125741
4342	4622	
547	67	2130326
4019	4585	
548	90	2133898
4162	4123	4216	3761	3572	
549	23	1200615
4476	
550	1	1968798
4749	3934	3251	
551	11	1009889
4556	
552	43	2023653
3303	4106	
553	19	2138316
3534	4542	3511	4418	
554	45	2034927
3673	3228	3964	4163	
555	85	2020201
4680	3329	4729	4181	4603	
556	74	2211430
3682	4205	4415	3845	4714	
557	20	819458
4694	
558	40	2028326
3412	3455	4587	4613	
559	163	2215957
4078	4538	4324	4496	4527	
560	103	2040565
3671	4751	3352	4169	
561	115	2219233
3569	4187	3740	4166	3276	
562	120	2020868
4654	3693	4275	
563	68	2047798
3884	3384	
564	144	2222976
3307	3743	
565	74	2295839
4737	3589	3277	4608	4463	
566	157	2110975
3726	4706	3616	4569	
567	43	2113706
3684	3534	
568	2	2300278
3548	4759	4526	4293	4439	
569	155	574613
3521	
570	22	1354844
4594	
571	69	2304508
3624	4230	
572	3	2307900
4620	4262	3595	3392	
573	113	747938
3537	
574	100	2129982
3440	4595	4201	4788	3240	
575	56	2134154
4680	3844	4172	3901	
576	65	2380011
3564	4104	3839	4660	3711	
577	126	1077246
4414	3227	
578	43	2196475
3442	3661	
579	102	2384420
3506	4409	
580	87	2388717
4116	4554	3767	4297	
581	42	2392151
3262	3854	3781	3434	
582	31	2396204
3774	4190	4053	
583	118	838676
3838	
584	124	755765
3413	
585	165	3059389
4385	
586	119	2115369
4394	
587	102	3063775
3322	4386	
588	123	1276418
4666	4348	
589	172	2200598
4119	4190	3230	3630	4123	
590	131	2208270
3425	4683	3625	4565	
591	112	3071969
3834	4472	4718	4594	
592	38	3076358
3551	3232	3246	4389	
593	41	2123768
4799	
594	28	2220171
4029	4571	3825	3924	3937	
595	151	2197321
4086	4209	4276	3366	
596	22	1417055
3704	
597	119	2224660
4489	
598	82	1527817
3822	4257	3228	
599	85	2208727
3604	4611	3683	3391	4529	
600	58	2212830
4348	3951	3612	4103	
601	29	3081076
4608	4393	4196	4089	4718	
602	6	846019
3347	
603	26	1432485
3613	3825	
604	17	905950
3510	
605	166	1536243
3803	4743	
606	168	3084514
4735	4566	3567	4583	3438	
607	140	2229117
4411	3489	4207	4148	4457	
608	7	2279791
3492	4601	3874	
609	147	2287338
4562	3615	3881	4508	
610	145	2294406
3319	4704	4329	3468	
611	166	1591034
4293	3784	
612	147	2297956
4649	4565	3242	3550	
613	62	2301860
3700	4508	3904	3389	
614	98	2283603
4687	3515	3806	3812	
615	77	1115304
3209	4557	
616	81	2287653
4487	4050	
617	68	2295948
3585	4695	
618	151	2285399
3657	3928	3462	4229	
619	88	2306539
3312	4223	4679	
620	102	3089124
4770	4610	
621	119	2300371
4423	
622	48	2304989
3584	3858	4618	
623	74	3093356
3695	4059	3540	4466	4232	
624	18	928350
3955	
625	11	1165981
3291	
626	121	586977
4045	
627	156	641667
3320	
628	160	3144769
4076	3566	4100	4786	4613	
629	35	2310328
3994	3544	3789	
630	87	3148739
4018	3669	4683	3970	
631	88	2315061
4490	4334	4733	
632	161	1366625
4734	4685	
633	67	3152597
3821	3858	
634	8	2366276
4695	4114	4063	4415	
635	163	3160647
4358	4617	3587	3224	4450	
636	10	2309300
3397	4707	4003	4311	
637	158	2310124
4070	4760	3406	3966	
638	156	662190
4421	
639	88	2369754
3608	3259	3478	
640	64	2368328
3987	4075	4763	4549	
641	120	2372336
3925	4467	4008	
642	137	2372502
4663	4110	4590	4175	3583	
643	131	2380691
4802	3283	3901	4589	
644	22	1526413
3698	
645	156	673503
3718	
646	50	1531003
4014	4590	
647	67	3165352
4248	4705	
648	58	2373568
4803	3986	4064	3814	
649	19	3169865
3627	4363	4354	4513	
650	2	3173499
4286	3637	3786	4583	3634	
651	73	3177048
3838	3793	3292	3728	3549	
652	43	2393050
3358	3422	
653	104	2391612
4636	3885	4523	3385	
654	120	2396384
4390	4743	4772	
655	131	2451659
3284	3243	3349	4609	
656	8	2380894
3366	4130	4541	3726	
657	140	2452926
3800	4298	4595	3697	4633	
658	71	2456208
3848	3550	
659	139	2456347
4685	3644	4688	
660	137	2460865
3628	3387	3962	4657	4481	
661	139	2468990
4701	3892	4525	
662	7	2457302
4442	4786	4376	
663	127	2385101
3426	4207	
664	173	836917
3731	
665	137	2473149
4101	3748	3853	3702	4159	
666	4	2461441
4300	4139	
667	110	2388370
3416	4543	3269	
668	67	3180623
4432	3575	
669	53	1507191
3467	
670	83	2471987
3463	4364	3984	3820	3631	
671	12	2468544
3357	3234	4189	3503	
672	101	2476925
4435	3804	3668	3776	
673	62	2480700
3829	3700	3321	3775	
674	124	848917
3464	
675	41	2472716
4172	
676	95	2476766
3539	4376	3562	4050	
677	34	2538761
4441	4115	4623	
678	139	2542567
3980	3967	3806	
679	169	2546288
4356	3855	3254	3721	
680	119	2553565
3677	
681	68	2557222
3655	3657	
682	146	2540357
3298	
683	15	991423
4033	
684	38	3231480
4610	4653	3599	4057	
685	173	899195
3478	
686	144	3235002
3497	3522	
687	173	903210
4015	
688	103	2544858
3763	4461	4501	3869	
689	25	1609819
3844	3243	3783	
690	147	2556628
4387	4361	4774	3608	
691	90	3238779
3993	4344	4777	4321	3777	
692	124	918073
3507	
693	73	3246051
3256	4740	4168	3995	3672	
694	174	2565582
4049	4667	4713	4034	3241	
695	158	2569636
4242	3437	4054	4050	
696	132	921839
3766	
697	116	3250554
4171	4773	4710	3769	4503	
698	128	3254350
3225	3796	
699	115	3258877
3568	3261	3879	3476	4527	
700	159	1263557
4558	4219	
701	169	2631875
4334	3272	4470	3841	
702	88	2569703
3230	4476	4121	
703	153	3263662
4052	3649	4785	
704	86	2642619
4207	3601	3495	
705	166	1788565
4771	3275	
706	10	2639510
4320	4130	4378	4035	
707	73	3267736
3674	4475	4023	4665	4074	
708	102	3318937
3645	4401	
709	96	2642833
3603	3252	3601	3800	3323	
710	98	2646815
3924	3647	4366	3352	
711	84	2651401
4187	4480	4642	4793	4586	
712	103	2650783
3328	4695	3968	3792	
713	96	2655424
3277	3762	3629	4621	4023	
714	55	2713770
4178	4520	4326	4365	4264	
715	20	1018978
4168	
716	134	3322888
3687	4694	4576	3951	
717	144	3330982
3424	4494	
718	21	2654500
3540	3829	3461	3717	
719	12	2717880
4046	3349	3207	4110	
720	25	1702249
3477	3235	3866	
721	158	2725961
4015	3479	3253	4016	
722	100	2730539
3641	4156	3807	4578	4315	
723	55	2729329
4225	3406	3390	4130	4127	
724	161	1621739
4273	4638	
725	28	2734078
3762	3970	4620	3350	3539	
726	85	2733905
4470	4655	3425	4577	3314	
727	2	3335501
4055	3667	4643	3496	4519	
728	60	3339866
4077	3372	4500	4443	4365	
729	41	2738637
4559	
730	119	2742367
3730	
731	103	2742479
3395	3994	4131	3430	
732	61	3343779
3697	3746	4176	3913	
733	5	2805117
3310	4462	
734	90	3348421
3829	4077	4456	3370	4642	
735	124	987744
4233	
736	138	1765056
4128	4354	
737	82	1949719
4388	4492	4050	
738	68	2816126
4039	3698	
739	110	2746211
3710	3510	3732	
740	10	2819416
3381	4557	3247	3290	
741	135	2742150
3822	4775	4765	
742	30	2800204
3416	4742	3342	4054	
743	120	2822630
4382	3355	3214	
744	92	2820814
3329	3814	4688	3245	
745	35	2825541
3547	3982	4727	
746	144	3352141
3711	3720	
747	102	3402216
3994	3275	
748	172	2829102
4365	3774	3644	3592	3561	
749	141	2832729
4156	4286	4167	4740	3627	
750	103	2884099
3670	3316	4544	4040	
751	34	2815232
3894	3602	3854	
752	7	2826590
4722	3902	3960	
753	36	2027686
4229	4447	
754	16	2888452
3555	3450	4354	
755	99	3406387
3803	3619	4688	4186	4171	
756	6	1079197
4672	
757	110	2888318
3871	3709	4219	
758	29	3411129
3940	3644	4017	4447	4742	
759	82	2042919
4044	3608	3236	
760	10	2830236
4351	4767	3799	3646	
761	73	3418485
3523	4722	3821	3259	3756	
762	21	2892280
4466	3530	4250	3962	
763	68	2907053
3294	3539	
764	150	2910482
3317	4158	3610	3234	3674	
765	20	1086305
3508	
766	47	3421950
3525	3465	
767	145	2907783
4409	3292	4188	3573	
768	56	2914389
4034	3662	4217	3907	
769	140	2972498
3862	4694	4748	4793	4625	
770	116	3426328
3220	3584	4401	4263	4378	
771	134	3430757
4679	4410	4039	4429	
772	52	3433988
4341	3252	3231	
773	155	762846
4445	
774	91	2918659
4586	4724	4270	
775	55	2987703
4752	4153	4295	3600	4315	
776	55	2992271
4304	4142	4487	3749	4568	
777	101	2977175
4436	3969	3704	4653	
778	116	3437868
3321	3603	4034	4525	3880	
779	131	2994488
3887	3501	3751	3497	
780	121	813560
3914	
781	22	1874276
4616	
782	81	2996393
4306	4122	
783	59	3489344
3218	4171	4676	
784	28	3000480
3213	4796	4767	4113	4087	
785	46	1882518
3375	4071	
786	0	1445974
3398	4406	
787	118	1095191
4069	
788	54	3003875
4495	3237	3395	
789	65	3493600
4326	3690	3911	4589	4256	
790	150	2999014
3216	3406	4059	3543	4526	
791	146	3001259
3228	
792	27	3059647
3608	4768	3305	3689	4700	
793	48	3007328
3282	4618	3453	
794	0	1454595
4577	4003	
795	50	1940949
3375	4267	
796	105	3497119
3582	3969	3918	3519	
797	47	3505272
4061	4553	
798	154	1788661
4771	3915	
799	10	3057703
3528	3269	4020	3575	
800	92	3063562
4363	4450	4289	3915	
801	23	1793103
4442	
802	19	3509622
4150	3439	4251	4350	
803	9	1095981
3667	
804	172	3080783
4488	3241	4262	3535	4526	
805	1	3084346
4079	3299	3563	
806	38	3513842
4504	4383	3351	4220	
807	9	1099214
3233	
808	156	831842
3473	
809	21	3089028
4495	3984	4384	4682	
810	22	1956665
3404	
811	77	1518196
3313	4796	
812	104	3071087
4287	4612	4249	3959	
813	46	1959897
4104	3232	
814	61	3517559
4489	3513	4284	3717	
815	153	3521010
4616	3824	3451	
816	144	3525666
4726	4656	
817	86	3145212
4499	3857	4245	
818	63	3080011
3679	4243	3414	4641	
819	23	1804966
4010	
820	85	3092249
3463	3916	4154	4056	3221	
821	170	1533179
4788	3311	
822	40	3095553
4428	4700	4197	3304	
823	42	3577095
4425	3353	4788	4629	
824	158	3149095
4221	3452	3803	3883	
825	128	3581774
4081	4679	
826	122	3075164
3573	4077	
827	23	1852575
4656	
828	163	3589567
3663	3260	3295	4380	4193	
829	118	1165150
4126	
830	14	3104745
3237	4429	4387	3510	
831	75	3079010
3876	3846	
832	102	3594218
4108	4651	
833	61	3597929
4293	4722	3505	3711	
834	47	3602264
3302	4335	
835	31	3606014
3414	4047	3750	
836	64	3146440
4718	3763	3257	3640	
837	52	3609595
3846	4568	3581	
838	32	3123390
3910	3739	3268	
839	75	3149905
3419	3465	
840	149	3145173
3991	4293	3783	
841	62	3160648
4492	4254	4028	4651	
842	113	1103059
3845	
843	134	3613073
4514	3558	3923	3478	
844	157	3158185
3966	4554	3460	4680	
845	33	3164715
3764	4067	
846	9	1107413
4354	
847	20	1178120
4312	
848	158	3164609
4627	3612	3472	4584	
849	139	3169150
3666	3772	4541	
850	108	3167348
4133	3956	3571	
851	126	1596569
3576	4044	
852	15	1181396
4718	
853	102	3663224
3851	3351	
854	59	3667448
3428	3215	4224	
855	34	3173545
3915	3902	4395	
856	164	3231391
4464	3758	3238	4481	
857	0	1604345
3652	4176	
858	75	3235743
4158	4352	
859	142	3169413
4151	4135	3268	4698	
860	26	2044806
3518	3849	
861	93	3235171
3265	4179	3952	4388	
862	117	3238000
4747	4630	3265	
863	102	3671294
4572	3846	
864	67	3678351
4053	3457	
865	121	919875
4216	
866	2	3681743
3725	3493	4472	3634	3392	
867	57	3239270
3527	
868	157	3246939
3554	3775	3898	4069	
869	137	3249925
4293	4419	3676	4592	4691	
870	168	3686221
4446	4469	3418	4590	4478	
871	56	3258953
4557	4377	3439	4438	
872	59	3689855
3710	3455	3634	
873	129	1936401
3799	3565	
874	56	3262303
4558	3853	3296	3350	
875	101	3319371
3378	3664	3508	4188	
876	22	2114920
4372	
877	160	3693407
3751	4741	4032	4457	3552	
878	1	3324013
4746	3990	4642	
879	58	3332205
4157	4587	4591	4592	
880	7	3250731
3646	4129	3792	
881	111	3336861
4096	4466	3434	4656	
882	154	1962150
3277	4134	
883	86	3326205
3327	4190	4013	
884	174	3341283
4519	4030	4589	3475	4422	
885	3	3697833
4317	3359	4378	4426	
886	99	3748370
3862	3279	4784	4523	3737	
887	50	2135464
3341	3732	
888	148	3751952
3759	3582	
889	124	1183285
3435	
890	102	3756383
3479	4431	
891	142	3345468
3625	4267	3780	4185	
892	63	3199892
4499	4036	4141	3369	
893	90	3764337
3523	4031	4264	3831	4354	
894	66	1680077
3382	3877	
895	37	3348886
3671	3532	4271	3774	3418	
896	74	3767880
4572	3888	3801	4747	3543	
897	26	2194450
4250	3781	
898	120	3254963
3481	4214	4232	
899	27	3353413
3462	4111	3578	3222	4527	
900	35	3403661
4226	3804	3448	
901	132	1190393
3585	
902	52	3772443
4331	4523	4563	
903	163	3777139
4160	3695	4639	3486	4696	
904	0	1694457
4076	3553	
905	75	3258346
3657	3383	
906	42	3781662
3232	4034	4528	4523	
907	156	927938
4302	
908	119	3262793
4447	
909	133	2213932
4434	3451	
910	17	1250210
3743	
911	30	3342437
4411	3966	4168	4450	
912	118	1257461
3651	
913	146	3253232
3629	
914	47	3785398
4110	3736	
915	153	3836079
3889	3504	3881	
916	96	3266091
3464	4648	3337	4395	3298	
917	168	3840777
3354	3501	4448	4547	4698	
918	158	3412550
4049	3981	3559	3952	
919	110	3408353
3685	3920	4692	
920	64	3317614
4000	4764	3369	4723	
921	87	3844196
3647	3286	3871	3419	
922	25	2230532
3746	4505	3220	
923	162	3412191
3349	3714	4099	3246	3838	
924	96	3321803
4138	3480	4727	3894	4189	
925	109	3420294
4360	4485	3302	4144	
926	1	3423805
4656	4037	3511	
927	82	2391152
4800	4519	4553	
928	36	2395137
3509	3985	
929	103	3428091
4493	4304	4753	4286	
930	4	3330134
4192	4731	
931	28	3423669
4193	3343	3437	3548	4217	
932	85	3431469
3560	4729	3615	3308	3378	
933	171	3426963
3530	3294	
934	156	998804
3752	
935	159	1765788
4470	4492	
936	77	1770225
3337	4437	
937	5	3287171
4777	3544	
938	2	3851688
3655	4695	4065	4230	3892	
939	18	1272374
4127	
940	67	3855190
3384	3502	
941	19	3858659
3631	3688	3274	3469	
942	166	2472209
3961	4179	
943	80	3430174
4354	3211	
944	6	1262739
3676	
945	38	3862677
3951	3434	3622	4018	
946	152	3434674
4437	4129	4513	3205	
947	46	2286329
3947	4484	
948	136	3439384
4710	
949	8	3489966
4640	4073	4391	3782	
950	81	3434723
4369	4549	
951	149	3291610
3362	4519	4439	
952	154	2060339
3480	4140	
953	24	1271299
4609	
954	79	3492044
4172	3714	3315	3892	3919	
955	117	3496031
3736	4635	4013	
956	141	3493660
4685	4427	4012	4670	3694	
957	18	1332697
4717	
958	110	3497112
4042	3396	3452	
959	39	3495377
3858	3963	3333	
960	135	3502995
4063	4198	3364	
961	30	3507352
4049	4161	4020	4357	
962	79	3512107
4138	4750	4288	4755	3875	
963	154	2116588
3504	4024	
964	133	2369841
4363	3981	
965	16	3317540
3735	4009	3260	
966	154	2128825
4013	4628	
967	136	3505275
4563	
968	148	3866054
4663	3377	
969	114	1269790
3301	
970	146	3321323
3783	
971	90	3870199
4426	3319	4182	4600	4145	
972	89	3516696
3493	4112	4589	
973	38	3873430
4372	3765	4575	3231	
974	91	3508903
4485	4198	3628	
975	149	3333472
3621	4806	3949	
976	173	1278004
3788	
977	62	3579204
4322	3549	3933	3893	
978	141	3583415
3429	3686	4186	3596	4211	
979	118	1344698
3916	
980	6	1296660
3694	
981	101	3591734
3256	3567	4672	4719	
982	120	3515795
3662	3370	3688	
983	94	1348506
3808	
984	14	3341268
3946	3255	4244	4200	
985	147	3591683
4068	3387	3233	4207	
986	81	3520073
4037	4278	
987	85	3595296
4647	3657	3318	3665	3562	
988	60	3923526
3466	4168	4101	3596	3296	
989	9	1332019
3959	
990	27	3599535
3385	3519	4638	3271	4239	
991	2	3928305
3257	4272	4178	3513	4779	
992	158	3598490
3459	4705	4724	3294	
993	113	1336760
4741	
994	119	3523884
3811	
995	82	2558508
4248	3745	4398	
996	111	3603429
3283	3674	3290	3894	
997	167	3606037
4197	3213	3954	4257	
998	40	3606842
3714	3940	3259	3413	
999	105	3936442
3852	4414	4107	4537	
1000	24	1329456
3934	
1001	91	3610972
3804	3858	4130	
1002	45	3667636
3379	3753	4579	3795	
1003	120	3609799
4489	4013	3762	
1004	72	3613800
3669	4142	4001	
1005	126	1934266
4407	4305	
1006	66	1938226
3872	3960	
1007	10	3665086
4517	3743	3828	4486	
1008	146	3367096
4080	
1009	25	2456449
4337	4366	4001	
1010	165	3939780
3338	
1011	170	1950339
3297	4770	
1012	142	3662399
4394	3235	4719	4627	
1013	35	3671860
4106	4224	3744	
1014	98	3668914
4171	4666	3972	3828	
1015	7	3676284
3625	4415	3770	
1016	10	3680758
3853	3759	4556	4474	
1017	139	3679390
3764	4079	3930	
1018	4	3685225
3547	4467	
1019	137	3683445
4462	3432	4167	3561	4055	
1020	108	3688874
4331	3727	3649	
1021	42	3943051
4680	3641	4328	3271	
1022	45	3687419
4749	3345	3708	3974	
1023	34	3691532
3576	3296	4113	
1024	93	3750202
4322	3687	4669	4438	
1025	102	3947269
4636	4218	
1026	36	2647352
4560	3585	
1027	95	3693370
3432	3360	4173	4496	
1028	22	2460085
3636	
1029	141	3754517
4257	3940	3227	3326	4315	
1030	147	3753856
3979	3358	4166	3655	
1031	144	3951477
4659	4208	
1032	129	2233868
4062	3211	
1033	172	3758103
4605	3436	3733	3902	3586	
1034	172	3765597
3984	4341	4628	3753	3894	
1035	167	3768684
4403	4780	3278	3573	
1036	13	3772663
4365	3881	4274	
1037	108	3773473
4624	4121	4789	
1038	81	3776702
4074	3229	
1039	50	2479130
4085	3726	
1040	48	3780044
3348	4425	3342	
1041	126	1977206
3294	3588	
1042	115	3956011
4204	4494	3981	3631	4534	
1043	133	2487453
3449	4342	
1044	114	1419580
4190	
1045	87	3959454
4383	3727	3333	3443	
1046	10	3783838
3746	4201	3552	3794	
1047	68	3834704
4397	4066	
1048	41	3839451
4747	
1049	114	1430893
3967	
1050	49	3844006
3912	3875	3446	4555	
1051	132	1438263
3458	
1052	147	3776324
3849	3326	4748	4054	
1053	103	3777237
3879	3367	4039	4574	
1054	126	2037148
3844	4320	
1055	161	2296958
4724	3458	
1056	36	2716918
3448	4515	
1057	131	3779529
3408	4210	3512	3205	
1058	131	3838200
4236	4264	4620	4671	
1059	61	4010937
4683	3257	3614	4683	
1060	139	3842124
4056	4470	3924	
1061	27	3781749
3661	4715	3994	4527	4512	
1062	163	4014910
4592	4026	4613	4525	3973	
1063	34	3849555
4192	4657	3831	
1064	7	3851602
4018	4406	3996	
1065	174	3785980
3606	4397	3741	3219	4231	
1066	32	3468202
3744	3894	3967	
1067	41	3855657
4055	
1068	131	3853784
3277	4697	3338	4229	
1069	25	2562161
4574	4089	4740	
1070	43	3857070
4305	3286	
1071	44	3789616
3402	3636	
1072	89	3860287
4403	4190	3217	
1073	98	3859731
3324	3904	4720	4074	
1074	33	3793395
4499	3779	
1075	164	3864720
4676	4750	3547	4433	
1076	100	3921950
3969	3745	3429	3868	4602	
1077	147	3926106
3406	3830	3251	4404	
1078	128	4022346
3864	3836	
1079	84	3930401
4756	4755	4038	4295	3524	
1080	20	1377472
3711	
1081	52	4025900
3817	4416	3554	
1082	42	4029119
4581	3954	3888	3219	
1083	26	2574054
4191	4634	
1084	80	3938386
4742	4385	
1085	50	2577459
3957	3405	
1086	71	3522546
4748	4327	
1087	170	2056039
4289	3763	
1088	78	2627656
3466	3397	
1089	2	4032793
3908	4460	4171	3409	3674	
1090	13	3941695
4727	3768	4285	
1091	114	1508228
4521	
1092	103	3945475
3266	3588	4414	3780	
1093	144	4036559
3314	3766	
1094	75	3942697
4037	4311	
1095	172	3949229
3353	4125	4144	3432	3754	
1096	4	3947453
4320	4756	
1097	25	2639431
4089	4277	4031	
1098	91	3953831
3647	3620	4602	
1099	74	4040923
3539	4202	3363	3952	4364	
1100	60	4044966
4622	4615	4588	3545	4043	
1101	42	4094983
4687	3448	4619	3217	
1102	113	1519302
4208	
1103	172	3957428
4720	4348	4754	4485	3597	
1104	122	3950946
3511	3493	
1105	125	4099289
3662	3859	4306	
1106	153	4107652
4787	3729	4763	
1107	174	3961464
3998	3751	4238	4514	4036	
1108	41	3954410
3464	
1109	55	3957816
3893	3213	4183	4486	3406	
1110	136	3966160
4696	
1111	95	4007952
3838	3588	4335	3336	
1112	69	4112347
4769	4695	
1113	110	4009372
4434	4270	3612	
1114	115	4116500
3909	4192	4684	4642	4153	
1115	108	4011689
4385	3689	3737	
1116	6	1423177
3385	
1117	29	4121039
4133	4617	3235	3476	4539	
1118	116	4125572
3228	3988	3530	3655	4533	
1119	154	2452656
3246	4536	
1120	158	4021640
3223	4137	4004	4085	
1121	116	4130226
4635	3389	4683	3900	4654	
1122	65	4181300
3610	3983	3705	3561	4274	
1123	18	1528165
4785	
1124	99	4185207
3622	4194	4622	4430	3907	
1125	71	3597575
3682	3564	
1126	31	4189405
3622	4038	4198	
1127	115	4196448
4416	3438	4328	4394	3443	
1128	45	4033029
4647	4183	4268	3928	
1129	77	2146385
3997	4755	
1130	27	4013204
4543	4696	4221	3719	3832	
1131	174	4017441
3294	4084	3997	4777	4237	
1132	144	4200061
4724	3613	
1133	155	1174920
3824	
1134	95	4015658
4598	3944	3805	3969	
1135	53	2478083
4771	
1136	145	4037502
3689	4399	3807	4473	
1137	90	4204439
3993	3309	4488	3209	4378	
1138	55	4023930
4075	4733	4630	4241	4672	
1139	30	4095966
4556	4184	3711	4464	
1140	54	4100280
3828	4314	3676	
1141	95	4107672
3752	4293	4221	3792	
1142	136	4025529
4488	
1143	127	4029663
3447	4134	
1144	162	4033097
3621	3550	3343	4666	3434	
1145	44	4037848
4705	4751	
1146	163	4208489
3393	3828	3525	3908	4050	
1147	65	4212196
3410	4497	4378	3953	3707	
1148	154	2497697
4119	3225	
1149	54	4111842
3289	3706	4009	
1150	4	4115739
3577	3897	
1151	163	4215837
3617	3948	3332	4516	3641	
1152	66	2221543
3237	3578	
1153	14	3664986
4805	3772	4390	3917	
1154	31	4266528
3695	3653	3891	
1155	121	1190740
3449	
1156	99	4269806
3402	3574	4724	4140	3278	
1157	121	1242217
4677	
1158	110	4041811
3331	4228	3963	
1159	126	2224995
3907	3452	
1160	89	4115463
4143	3816	3924	
1161	72	4120327
4436	3945	4588	
1162	69	4274551
4074	4745	
1163	16	3680224
4251	3965	3845	
1164	45	4118928
4250	4453	3440	3465	
1165	120	4124823
4164	4802	4496	
1166	23	2565102
4496	
1167	136	4045974
4163	
1168	47	4353905
4691	3754	
1169	63	3684265
3625	4572	4638	4041	
1170	170	2232944
4361	3377	
1171	94	1598084
4494	
1172	171	4129115
3453	4292	
1173	118	1605351
3667	
1174	69	4357160
4155	3255	
1175	54	4182415
4033	4795	4060	
1176	0	2236569
4473	3625	
1177	63	3689058
4413	3361	3877	4793	
1178	52	4361393
3692	3226	4233	
1179	34	4186669
4012	4599	4255	
1180	130	4187012
4185	4550	4597	
1181	123	2572974
4158	3273	
1182	56	4194631
4271	3565	4361	3705	
1183	84	4197989
3951	4562	3667	3322	3359	
1184	98	4201453
4736	4495	4792	3464	
1185	2	4441662
3595	4546	3704	3595	4669	
1186	83	4198963
4326	4611	3737	4080	4332	
1187	171	4205928
4514	4475	
1188	156	1279856
4602	
1189	112	4445626
3929	3525	3375	3964	
1190	69	4525559
4620	4333	
1191	84	4209552
3316	4395	4181	4630	3289	
1192	160	4529393
3455	3748	3769	4556	3834	
1193	16	3717803
3895	3975	3976	
1194	45	4267704
3636	3367	3625	4152	
1195	36	2999687
3735	4616	
1196	1	4203042
3741	3953	4079	
1197	132	1590427
3985	
1198	41	4213231
3679	
1199	60	4533124
3444	3556	3804	4246	3731	
1200	105	4612044
4449	4332	3939	3320	
1201	168	4616643
3696	3850	3623	3691	4599	
1202	106	4620014
4721	3704	3954	3444	3371	
1203	164	4286296
4246	3935	3399	3918	
1204	78	2836792
3661	4734	
1205	65	4699770
3401	4411	4569	4013	4156	
1206	93	4293793
4270	4034	4003	3513	
1207	71	3725477
3215	3428	
1208	125	4703538
4435	4470	3768	
1209	69	4707057
3215	3519	
144
12737	6113
15421	7401
19510	9364
47098	22607
77447	37174
122256	58682
188448	90455
284237	136433
421708	202419
14443	6932
28337	13601
50668	24320
255484	122632
686451	329496
1770626	849900
4445358	2133771
10929671	5246242
26447519	12694809
49040	23539
118228	56749
120030	57614
601150	288552
1607958	771819
4128930	1981886
10345595	4965885
25369813	12177510
61203082	29377479
2481	1191
32440	15570
36787	17657
198518	95288
558078	267877
1506126	722940
3965751	1903560
10219929	4905565
25910404	12436993
645	309
35028	16813
48404	23233
221025	106092
555874	266819
1342091	644203
3154042	1513940
7258871	3484258
16441646	7891990
145444	69812
164794	79100
182383	87543
906439	435090
2412152	1157832
6162290	2957899
15403718	7393784
37657143	18075428
90523660	43451356
15786	7577
30033	14415
41831	20078
190625	91500
478769	229809
1154365	554095
2707045	1299381
6217997	2984638
14058460	6748060
1383	664
9947	4774
13220	6345
30601	14688
48927	23484
75099	36047
112326	53916
164484	78952
237007	113763
9521	4570
20599	9887
37411	17957
188290	90379
505288	242538
1301729	624829
3266259	1567804
8024704	3851857
19401582	9312759
4730	2270
16909	8116
33239	15954
93500	44880
170245	81717
297585	142840
505834	242800
842222	404266
1380350	662568
5955	2858
20725	9947
33583	16119
97531	46814
181404	87073
323909	155476
565978	271669
967165	464239
1625117	780056
15057	7227
18498	8878
23293	11180
63996	30718
114710	55060
197388	94746
332963	159822
549034	263536
889934	427168
74290	35659
74839	35922
114907	55155
577216	277063
1547018	742568
3980366	1910575
9958384	4780024
24405162	11714477
58873925	28259484
52297	25102
120929	58045
157026	75372
798729	383389
2158648	1036151
5600610	2688292
14241103	6835729
35400260	16992124
86505090	41522443
659	316
14973	7186
22951	11016
99616	47815
242199	116255
565308	271347
1290607	619491
2881904	1383313
6328244	3037557
13621	6538
47038	22577
57287	27497
247517	118808
599975	287988
1396148	670151
3194491	1533355
7139278	3426853
15676059	7524508
6
70.5
21.625
19.5
10.5
8
27.5
113
32400	43200
46800	72000
118800	129600
133200	158400
205200	216000
219600	244800
291600	302400
306000	331200
378000	388800
392400	417600
464400	475200
478800	504000
550800	561600
565200	590400
637200	648000
651600	676800
723600	734400
738000	763200
810000	820800
824400	849600
896400	907200
910800	936000
982800	993600
997200	1022400
1069200	1080000
1083600	1108800
1155600	1166400
1170000	1195200
1242000	1252800
1256400	1281600
1328400	1339200
1342800	1368000
1414800	1425600
1429200	1454400
1501200	1512000
1515600	1540800
1587600	1598400
1602000	1627200
1674000	1684800
1688400	1713600
1760400	1771200
1774800	1800000
1846800	1857600
1861200	1886400
1933200	1944000
1947600	1972800
2019600	2030400
2034000	2059200
2106000	2116800
2120400	2145600
2192400	2203200
2206800	2232000
2278800	2289600
2293200	2318400
2365200	2376000
2379600	2404800
2451600	2462400
2466000	2491200
2538000	2548800
2552400	2577600
2624400	2635200
2638800	2664000
2710800	2721600
2725200	2750400
2797200	2808000
2811600	2836800
2883600	2894400
2898000	2923200
2970000	2980800
2984400	3009600
3056400	3067200
3070800	3096000
3142800	3153600
3157200	3182400
3229200	3240000
3243600	3268800
3315600	3326400
3330000	3355200
3402000	3412800
3416400	3441600
3488400	3499200
3502800	3528000
3574800	3585600
3589200	3614400
3661200	3672000
3675600	3700800
3747600	3758400
3762000	3787200
3834000	3844800
3848400	3873600
3920400	3931200
3934800	3960000
4006800	4017600
4021200	4046400
4093200	4104000
4107600	4132800
4179600	4190400
4194000	4219200
4266000	4276800
4280400	4305600
4352400	4363200
4366800	4392000
4438800	4449600
4453200	4478400
4525200	4536000
4539600	4564800
4611600	4622400
4626000	4651200
4698000	4708800
4712400	4737600
4784400	4795200
4798800	4824000
1000000000	2000000000
4444444444444444
4444444433444444
4444444444444444
4444444444444444
4444444444444444
4444444444444444
4444774444444444
5555555555552255
5555555500555555
4444444444444444
7744444444444400
3333333333888833
3333333333333333
4444444444445544
4444442200444411
4444444444444444
113
32400	43200
46800	72000
118800	129600
133200	158400
205200	216000
219600	244800
291600	302400
306000	331200
378000	388800
392400	417600
464400	475200
478800	504000
550800	561600
565200	590400
637200	648000
651600	676800
723600	734400
738000	763200
810000	820800
824400	849600
896400	907200
910800	936000
982800	993600
997200	1022400
1069200	1080000
1083600	1108800
1155600	1166400
1170000	1195200
1242000	1252800
1256400	1281600
1328400	1339200
1342800	1368000
1414800	1425600
1429200	1454400
1501200	1512000
1515600	1540800
1587600	1598400
1602000	1627200
1674000	1684800
1688400	1713600
1760400	1771200
1774800	1800000
1846800	1857600
1861200	1886400
1933200	1944000
1947600	1972800
2019600	2030400
2034000	2059200
2106000	2116800
2120400	2145600
2192400	2203200
2206800	2232000
2278800	2289600
2293200	2318400
2365200	2376000
2379600	2404800
2451600	2462400
2466000	2484000
2538000	2548800
2552400	2570400
2624400	2635200
2638800	2656800
2710800	2721600
2725200	2743200
2797200	2808000
2811600	2829600
2883600	2894400
2898000	2916000
2970000	2980800
2984400	3002400
3056400	3067200
3070800	3096000
3142800	3153600
3157200	3182400
3229200	3240000
3243600	3268800
3315600	3326400
3330000	3355200
3402000	3412800
3416400	3441600
3488400	3499200
3502800	3528000
3574800	3585600
3589200	3614400
3661200	3672000
3675600	3700800
3747600	3758400
3762000	3787200
3834000	3844800
3848400	3873600
3920400	3931200
3934800	3960000
4006800	4017600
4021200	4046400
4093200	4104000
4107600	4132800
4179600	4190400
4194000	4219200
4266000	4276800
4280400	4305600
4352400	4363200
4366800	4392000
4438800	4449600
4453200	4478400
4525200	4536000
4539600	4564800
4611600	4622400
4626000	4651200
4698000	4708800
4712400	4737600
4784400	4795200
4798800	4824000
1000000000	2000000000
4444444444444444
4444444433444444
4444444444444444
4444444444444444
4444444444444444
4444444444444444
4444774444444444
5555555555552255
5555555500555555
4444444444444444
7744444444444400
3333333333888833
3333333333333333
4444444444445544
4444442200444411
4444444444444444
113
32400	43200
46800	72000
118800	129600
133200	158400
205200	216000
219600	244800
291600	302400
306000	331200
378000	388800
392400	417600
464400	475200
478800	504000
550800	561600
565200	590400
637200	648000
651600	676800
723600	734400
738000	763200
810000	820800
824400	849600
896400	907200
910800	936000
982800	993600
997200	1022400
1069200	1080000
1083600	1108800
1155600	1166400
1170000	1195200
1242000	1252800
1256400	1281600
1328400	1339200
1342800	1368000
1414800	1425600
1429200	1454400
1501200	1512000
1515600	1540800
1587600	1598400
1602000	1627200
1674000	1684800
1688400	1713600
1760400	1771200
1774800	1800000
1846800	1857600
1861200	1886400
1933200	1944000
1947600	1972800
2019600	2030400
2034000	2059200
2106000	2116800
2120400	2145600
2192400	2203200
2206800	2232000
2278800	2289600
2293200	2318400
2365200	2376000
2379600	2404800
2451600	2462400
2466000	2491200
2538000	2548800
2552400	2577600
2624400	2635200
2638800	2664000
2710800	2721600
2725200	2750400
2797200	2808000
2811600	2836800
2883600	2894400
2898000	2923200
2970000	2980800
2984400	3009600
3056400	3067200
3070800	3096000
3142800	3153600
3157200	3182400
3229200	3240000
3243600	3268800
3315600	3326400
3330000	3355200
3402000	3412800
3416400	3441600
3488400	3499200
3502800	3528000
3574800	3585600
3589200	3614400
3661200	3672000
3675600	3700800
3747600	3758400
3762000	3787200
3834000	3844800
3848400	3873600
3920400	3931200
3934800	3960000
4006800	4017600
4021200	4046400
4093200	4104000
4107600	4132800
4179600	4190400
4194000	4219200
4266000	4276800
4280400	4305600
4352400	4363200
4366800	4392000
4438800	4449600
4453200	4478400
4525200	4536000
4539600	4564800
4611600	4622400
4626000	4651200
4698000	4708800
4712400	4737600
4784400	4795200
4798800	4824000
1000000000	2000000000
4444444444444444
4444444433444444
4444444444444444
4444444444444444
4444444444444444
4444444444444444
4444774444444444
5555555555552255
5555555500555555
4444444444444444
7744444444444400
3333333333888833
3333333333333333
4444444444445544
4444442200444411
4444444444444444
113
32400	43200
46800	72000
118800	129600
133200	158400
205200	216000
219600	244800
291600	302400
306000	331200
378000	388800
392400	417600
464400	475200
478800	504000
550800	561600
565200	590400
637200	648000
651600	676800
723600	734400
738000	763200
810000	820800
824400	849600
896400	907200
910800	936000
982800	993600
997200	1022400
1069200	1080000
1083600	1108800
1155600	1166400
1170000	1195200
1242000	1252800
1256400	1281600
1328400	1339200
1342800	1368000
1414800	1425600
1429200	1454400
1501200	1512000
1515600	1540800
1587600	1598400
1602000	1627200
1674000	1684800
1688400	1713600
1760400	1771200
1774800	1800000
1846800	1857600
1861200	1886400
1933200	1944000
1947600	1972800
2019600	2030400
2034000	2059200
2106000	2116800
2120400	2145600
2192400	2203200
2206800	2232000
2278800	2289600
2293200	2318400
2365200	2376000
2379600	2404800
2451600	2462400
2466000	2491200
2538000	2548800
2552400	2577600
2624400	2635200
2638800	2664000
2710800	2721600
2725200	2750400
2797200	2808000
2811600	2836800
2883600	2894400
2898000	2923200
2970000	2980800
2984400	3009600
3056400	3067200
3070800	3096000
3142800	3153600
3157200	3182400
3229200	3240000
3243600	3268800
3315600	3326400
3330000	3355200
3402000	3412800
3416400	3441600
3488400	3499200
3502800	3528000
3574800	3585600
3589200	3614400
3661200	3672000
3675600	3700800
3747600	3758400
3762000	3787200
3834000	3844800
3848400	3873600
3920400	3931200
3934800	3960000
4006800	4017600
4021200	4046400
4093200	4104000
4107600	4132800
4179600	4190400
4194000	4219200
4266000	4276800
4280400	4305600
4352400	4363200
4366800	4392000
4438800	4449600
4453200	4478400
4525200	4536000
4539600	4564800
4611600	4622400
4626000	4651200
4698000	4708800
4712400	4737600
4784400	4795200
4798800	4824000
1000000000	2000000000
4444444444444444
4444444433444444
4444444444444444
4444444444444444
4444444444444444
4444444444444444
4444774444444444
5555555555552255
5555555500555555
4444444444444444
7744444444444400
3333333333888833
3333333333333333
4444444444445544
4444442200444411
4444444444444444
113
32400	43200
46800	72000
118800	129600
133200	158400
205200	216000
219600	244800
291600	302400
306000	331200
378000	388800
392400	417600
464400	475200
478800	504000
550800	561600
565200	590400
637200	648000
651600	676800
723600	734400
738000	763200
810000	820800
824400	849600
896400	907200
910800	936000
982800	993600
997200	1022400
1069200	1080000
1083600	1108800
1155600	1166400
1170000	1195200
1242000	1252800
1256400	1281600
1328400	1339200
1342800	1368000
1414800	1425600
1429200	1454400
1501200	1512000
1515600	1540800
1587600	1598400
1602000	1627200
1674000	1684800
1688400	1713600
1760400	1771200
1774800	1800000
1846800	1857600
1861200	1886400
1933200	1944000
1947600	1972800
2019600	2030400
2034000	2059200
2106000	2116800
2120400	2145600
2192400	2203200
2206800	2232000
2278800	2289600
2293200	2318400
2365200	2376000
2379600	2404800
2451600	2462400
2466000	2491200
2538000	2548800
2552400	2577600
2624400	2635200
2638800	2664000
2710800	2721600
2725200	2750400
2797200	2808000
2811600	2836800
2883600	2894400
2898000	2923200
2970000	2980800
2984400	3009600
3056400	3067200
3070800	3096000
3142800	3153600
3157200	3182400
3229200	3240000
3243600	3268800
3315600	3326400
3330000	3355200
3402000	3412800
3416400	3441600
3488400	3499200
3502800	3528000
3574800	3585600
3589200	3614400
3661200	3672000
3675600	3700800
3747600	3758400
3762000	3787200
3834000	3844800
3848400	3873600
3920400	3931200
3934800	3960000
4006800	4017600
4021200	4046400
4093200	4104000
4107600	4132800
4179600	4190400
4194000	4219200
4266000	4276800
4280400	4305600
4352400	4363200
4366800	4392000
4438800	4449600
4453200	4478400
4525200	4536000
4539600	4564800
4611600	4622400
4626000	4651200
4698000	4708800
4712400	4737600
4784400	4795200
4798800	4824000
1000000000	2000000000
4444444444444444
4444444433444444
4444444444444444
4444444444444444
4444444444444444
4444444444444444
4444774444444444
5555555555552255
5555555500555555
4444444444444444
7744444444444400
3333333333888833
3333333333333333
4444444444445544
4444442200444411
4444444444444444
113
32400	43200
46800	72000
118800	129600
133200	158400
205200	216000
219600	244800
291600	302400
306000	331200
378000	388800
392400	417600
464400	475200
478800	504000
550800	561600
565200	590400
637200	648000
651600	676800
723600	734400
738000	763200
810000	820800
824400	849600
896400	907200
910800	936000
982800	993600
997200	1022400
1069200	1080000
1083600	1108800
1155600	1166400
1170000	1195200
1242000	1252800
1256400	1281600
1328400	1339200
1342800	1368000
1414800	1425600
1429200	1454400
1501200	1512000
1515600	1540800
1587600	1598400
1602000	1627200
1674000	1684800
1688400	1713600
1760400	1771200
1774800	1800000
1846800	1857600
1861200	1886400
1933200	1944000
1947600	1972800
2019600	2030400
2034000	2059200
2106000	2116800
2120400	2145600
2192400	2203200
2206800	2232000
2278800	2289600
2293200	2318400
2365200	2376000
2379600	2404800
2451600	2462400
2466000	2491200
2538000	2548800
2552400	2577600
2624400	2635200
2638800	2664000
2710800	2721600
2725200	2750400
2797200	2808000
2811600	2836800
2883600	2894400
2898000	2923200
2970000	2980800
2984400	3009600
3056400	3067200
3070800	3096000
3142800	3153600
3157200	3182400
3229200	3240000
3243600	3268800
3315600	3326400
3330000	3355200
3402000	3412800
3416400	3441600
3488400	3499200
3502800	3528000
3574800	3585600
3589200	3614400
3661200	3672000
3675600	3700800
3747600	3758400
3762000	3787200
3834000	3844800
3848400	3873600
3920400	3931200
3934800	3960000
4006800	4017600
4021200	4046400
4093200	4104000
4107600	4132800
4179600	4190400
4194000	4219200
4266000	4276800
4280400	4305600
4352400	4363200
4366800	4392000
4438800	4449600
4453200	4478400
4525200	4536000
4539600	4564800
4611600	4622400
4626000	4651200
4698000	4708800
4712400	4737600
4784400	4795200
4798800	4824000
1000000000	2000000000
4444444444444444
4444444433444444
4444444444444444
4444444444444444
4444444444444444
4444444444444444
4444774444444444
5555555555552255
5555555500555555
4444444444444444
7744444444444400
3333333333888833
3333333333333333
4444444444445544
4444442200444411
4444444444444444
113
32400	43200
46800	72000
118800	129600
133200	158400
205200	216000
219600	244800
291600	302400
306000	331200
378000	388800
392400	417600
464400	475200
478800	504000
550800	561600
565200	590400
637200	648000
651600	676800
723600	734400
738000	763200
810000	820800
824400	849600
896400	907200
910800	936000
982800	993600
997200	1022400
1069200	1080000
1083600	1108800
1155600	1166400
1170000	1195200
1242000	1252800
1256400	1303200
1328400	1339200
1342800	1389600
1414800	1425600
1429200	1476000
1501200	1512000
1515600	1562400
1587600	1598400
1602000	1648800
1674000	1684800
1688400	1735200
1760400	1771200
1774800	1821600
1846800	1857600
1861200	1886400
1933200	1944000
1947600	1972800
2019600	2030400
2034000	2059200
2106000	2116800
2120400	2145600
2192400	2203200
2206800	2232000
2278800	2289600
2293200	2318400
2365200	2376000
2379600	2404800
2451600	2462400
2466000	2491200
2538000	2548800
2552400	2577600
2624400	2635200
2638800	2664000
2710800	2721600
2725200	2750400
2797200	2808000
2811600	2836800
2883600	2894400
2898000	2923200
2970000	2980800
2984400	3009600
3056400	3067200
3070800	3096000
3142800	3153600
3157200	3182400
3229200	3240000
3243600	3268800
3315600	3326400
3330000	3355200
3402000	3412800
3416400	3441600
3488400	3499200
3502800	3528000
3574800	3585600
3589200	3614400
3661200	3672000
3675600	3700800
3747600	3758400
3762000	3787200
3834000	3844800
3848400	3873600
3920400	3931200
3934800	3960000
4006800	4017600
4021200	4046400
4093200	4104000
4107600	4132800
4179600	4190400
4194000	4219200
4266000	4276800
4280400	4305600
4352400	4363200
4366800	4392000
4438800	4449600
4453200	4478400
4525200	4536000
4539600	4564800
4611600	4622400
4626000	4651200
4698000	4708800
4712400	4737600
4784400	4795200
4798800	4824000
1000000000	2000000000
4444444444444444
4444444433444444
4444444444444444
4444444444444444
4444444444444444
4444444444444444
4444774444444444
5555555555552255
5555555500555555
4444444444444444
7744444444444400
3333333333888833
3333333333333333
4444444444445544
4444442200444411
4444444444444444
106
32400	43200
46800	79200
118800	129600
133200	165600
205200	216000
219600	252000
291600	302400
306000	338400
378000	388800
392400	424800
464400	475200
478800	511200
550800	561600
565200	597600
637200	648000
651600	684000
723600	734400
738000	770400
810000	820800
824400	856800
896400	907200
910800	943200
982800	993600
997200	1029600
1069200	1080000
1083600	1116000
1155600	1166400
1170000	1202400
1242000	1252800
1256400	1288800
1328400	1339200
1342800	1375200
1414800	1425600
1429200	1461600
1501200	1512000
1515600	1548000
1587600	1598400
1602000	1634400
1674000	1684800
1688400	1720800
1760400	1771200
1774800	1807200
1846800	1857600
1861200	1893600
1933200	1944000
1947600	1980000
2019600	2030400
2034000	2066400
2106000	2116800
2120400	2152800
2192400	2203200
2206800	2239200
2278800	2289600
2293200	2325600
2365200	2376000
2379600	2412000
2451600	2462400
2466000	2498400
2538000	2548800
2552400	2584800
2624400	2635200
2638800	2671200
2710800	2721600
2725200	2757600
2797200	2808000
2811600	2844000
2883600	2894400
2898000	2930400
2970000	2980800
2984400	3016800
3056400	3067200
3070800	3103200
3142800	3153600
3157200	3189600
3229200	3240000
3243600	3276000
3315600	3326400
3330000	3362400
3402000	3412800
3416400	3448800
3488400	3499200
3502800	3535200
3574800	3585600
3589200	3621600
3675600	3693600
3762000	3780000
3848400	3866400
3934800	3952800
4021200	4039200
4107600	4125600
4194000	4212000
4266000	4276800
4280400	4312800
4352400	4363200
4366800	4399200
4438800	4449600
4453200	4485600
4525200	4536000
4539600	4572000
4611600	4622400
4626000	4658400
4698000	4708800
4712400	4744800
4784400	4795200
4798800	4831200
1000000000	2000000000
4444444444444444
4444444433444444
4444444444444444
4444444444444444
4444444444444444
4444444444444444
4444774444444444
5555555555552255
5555555500555555
4444444444444444
7744444444444400
3333333333888833
3333333333333333
4444444444445544
4444442200444411
4444444444444444
106
32400	43200
46800	79200
118800	129600
133200	165600
205200	216000
219600	252000
291600	302400
306000	338400
378000	388800
392400	424800
464400	475200
478800	511200
550800	561600
565200	597600
637200	648000
651600	684000
723600	734400
738000	770400
810000	820800
824400	856800
896400	907200
910800	943200
982800	993600
997200	1029600
1069200	1080000
1083600	1116000
1155600	1166400
1170000	1202400
1242000	1252800
1256400	1288800
1328400	1339200
1342800	1375200
1414800	1425600
1429200	1461600
1501200	1512000
1515600	1548000
1587600	1598400
1602000	1634400
1674000	1684800
1688400	1720800
1760400	1771200
1774800	1807200
1846800	1857600
1861200	1893600
1933200	1944000
1947600	1980000
2019600	2030400
2034000	2066400
2106000	2116800
2120400	2152800
2192400	2203200
2206800	2239200
2278800	2289600
2293200	2325600
2365200	2376000
2379600	2412000
2419200	2419200
2505600	2505600
2592000	2592000
2678400	2678400
2764800	2764800
2851200	2851200
2937600	2937600
3056400	3067200
3070800	3103200
3142800	3153600
3157200	3189600
3229200	3240000
3243600	3276000
3315600	3326400
3330000	3362400
3402000	3412800
3416400	3448800
3488400	3499200
3502800	3535200
3574800	3585600
3589200	3621600
3661200	3672000
3675600	3708000
3747600	3758400
3762000	3794400
3834000	3844800
3848400	3880800
3920400	3931200
3934800	3967200
4006800	4017600
4021200	4053600
4093200	4104000
4107600	4140000
4179600	4190400
4194000	4226400
4266000	4276800
4280400	4312800
4352400	4363200
4366800	4399200
4438800	4449600
4453200	4485600
4525200	4536000
4539600	4572000
4611600	4622400
4626000	4658400
4698000	4708800
4712400	4744800
4784400	4795200
4798800	4831200
1000000000	2000000000
4444444444444444
4444444433444444
4444444444444444
4444444444444444
4444444444444444
4444444444444444
4444774444444444
5555555555552255
5555555500555555
4444444444444444
7744444444444400
3333333333888833
3333333333333333
4444444444445544
4444442200444411
4444444444444444
113
32400	43200
46800	72000
118800	129600
133200	158400
205200	216000
219600	244800
291600	302400
306000	331200
378000	388800
392400	417600
464400	475200
478800	504000
550800	561600
565200	590400
637200	648000
651600	676800
723600	734400
738000	763200
810000	820800
824400	849600
896400	907200
910800	936000
982800	993600
997200	1022400
1069200	1080000
1083600	1108800
1155600	1166400
1170000	1195200
1242000	1252800
1256400	1281600
1328400	1339200
1342800	1368000
1414800	1425600
1429200	1454400
1501200	1512000
1515600	1540800
1587600	1598400
1602000	1627200
1674000	1684800
1688400	1713600
1760400	1771200
1774800	1800000
1846800	1857600
1861200	1886400
1933200	1944000
1947600	1972800
2019600	2030400
2034000	2059200
2106000	2116800
2120400	2145600
2192400	2203200
2206800	2232000
2278800	2289600
2293200	2318400
2365200	2376000
2379600	2404800
2451600	2462400
2466000	2491200
2538000	2548800
2552400	2577600
2624400	2635200
2638800	2664000
2710800	2721600
2725200	2750400
2797200	2808000
2811600	2836800
2883600	2894400
2898000	2923200
2970000	2980800
2984400	3009600
3056400	3067200
3070800	3096000
3142800	3153600
3157200	3182400
3229200	3240000
3243600	3268800
3315600	3326400
3330000	3355200
3402000	3412800
3416400	3441600
3488400	3499200
3502800	3528000
3574800	3585600
3589200	3614400
3661200	3672000
3675600	3700800
3747600	3758400
3762000	3787200
3834000	3844800
3848400	3873600
3920400	3931200
3934800	3960000
4006800	4017600
4021200	4046400
4093200	4104000
4107600	4132800
4179600	4190400
4194000	4219200
4266000	4276800
4280400	4305600
4352400	4363200
4366800	4392000
4438800	4449600
4453200	4478400
4525200	4536000
4539600	4564800
4611600	4622400
4626000	4651200
4698000	4708800
4712400	4737600
4784400	4795200
4798800	4824000
1000000000	2000000000
4444444444444444
4444444433444444
4444444444444444
4444444444444444
4444444444444444
4444444444444444
4444774444444444
5555555555552255
5555555500555555
4444444444444444
7744444444444400
3333333333888833
3333333333333333
4444444444445544
4444442200444411
4444444444444444
106
32400	43200
46800	93600
118800	129600
133200	180000
205200	216000
219600	266400
291600	302400
306000	352800
378000	388800
392400	439200
464400	475200
478800	525600
550800	561600
565200	612000
637200	648000
651600	676800
723600	734400
738000	763200
810000	820800
824400	849600
896400	907200
910800	936000
982800	993600
997200	1022400
1069200	1080000
1083600	1108800
1155600	1166400
1170000	1195200
1242000	1252800
1256400	1281600
1328400	1339200
1342800	1368000
1414800	1425600
1429200	1454400
1501200	1512000
1515600	1540800
1587600	1598400
1602000	1627200
1674000	1684800
1688400	1713600
1760400	1771200
1774800	1800000
1846800	1857600
1861200	1886400
1933200	1944000
1947600	1972800
2019600	2030400
2034000	2059200
2106000	2116800
2120400	2145600
2192400	2203200
2206800	2232000
2278800	2289600
2293200	2318400
2365200	2376000
2379600	2404800
2451600	2462400
2466000	2491200
2538000	2548800
2552400	2577600
2624400	2635200
2638800	2664000
2710800	2721600
2725200	2750400
2797200	2808000
2811600	2836800
2883600	2894400
2898000	2923200
2970000	2980800
2984400	3009600
3056400	3067200
3070800	3096000
3142800	3153600
3157200	3182400
3229200	3240000
3243600	3268800
3315600	3326400
3330000	3355200
3402000	3412800
3416400	3441600
3488400	3499200
3502800	3528000
3574800	3585600
3589200	3614400
3661200	3672000
3675600	3700800
3747600	3758400
3762000	3787200
3834000	3844800
3848400	3873600
3920400	3931200
3934800	3960000
4006800	4017600
4021200	4046400
4093200	4104000
4107600	4132800
4179600	4190400
4194000	4219200
4233600	4233600
4320000	4320000
4406400	4406400
4492800	4492800
4579200	4579200
4665600	4665600
4752000	4752000
1000000000	2000000000
4444444444444444
4444444433444444
4444444444444444
4444444444444444
4444444444444444
4444444444444444
4444774444444444
5555555555552255
5555555500555555
4444444444444444
7744444444444400
3333333333888833
3333333333333333
4444444444445544
4444442200444411
4444444444444444
113
32400	43200
46800	64800
118800	129600
133200	151200
205200	216000
219600	237600
291600	302400
306000	324000
378000	388800
392400	410400
464400	475200
478800	496800
550800	561600
565200	583200
637200	648000
651600	669600
723600	734400
738000	756000
810000	820800
824400	842400
896400	907200
910800	928800
982800	993600
997200	1015200
1069200	1080000
1083600	1101600
1155600	1166400
1170000	1188000
1242000	1252800
1256400	1274400
1328400	1339200
1342800	1360800
1414800	1425600
1429200	1447200
1501200	1512000
1515600	1533600
1587600	1598400
1602000	1620000
1674000	1684800
1688400	1706400
1760400	1771200
1774800	1792800
1846800	1857600
1861200	1879200
1933200	1944000
1947600	1965600
2019600	2030400
2034000	2052000
2106000	2116800
2120400	2138400
2192400	2203200
2206800	2224800
2278800	2289600
2293200	2311200
2365200	2376000
2379600	2397600
2451600	2462400
2466000	2484000
2538000	2548800
2552400	2570400
2624400	2635200
2638800	2656800
2710800	2721600
2725200	2743200
2797200	2808000
2811600	2829600
2883600	2894400
2898000	2916000
2970000	2980800
2984400	3002400
3056400	3067200
3070800	3124800
3142800	3153600
3157200	3211200
3229200	3240000
3243600	3297600
3315600	3326400
3330000	3384000
3402000	3412800
3416400	3470400
3488400	3499200
3502800	3556800
3574800	3585600
3589200	3643200
3661200	3672000
3675600	3729600
3747600	3758400
3762000	3816000
3834000	3844800
3848400	3902400
3920400	3931200
3934800	3988800
4006800	4017600
4021200	4075200
4093200	4104000
4107600	4161600
4179600	4190400
4194000	4248000
4266000	4276800
4280400	4298400
4352400	4363200
4366800	4384800
4438800	4449600
4453200	4471200
4525200	4536000
4539600	4557600
4611600	4622400
4626000	4644000
4698000	4708800
4712400	4730400
4784400	4795200
4798800	4816800
1000000000	2000000000
4444444444444444
4444444433444444
4444444444444444
4444444444444444
4444444444444444
4444444444444444
4444774444444444
5555555555552255
5555555500555555
4444444444444444
7744444444444400
3333333333888833
3333333333333333
4444444444445544
4444442200444411
4444444444444444
113
32400	43200
46800	64800
118800	129600
133200	151200
205200	216000
219600	237600
291600	302400
306000	324000
378000	388800
392400	410400
464400	475200
478800	496800
550800	561600
565200	583200
637200	648000
651600	669600
723600	734400
738000	756000
810000	820800
824400	842400
896400	907200
910800	928800
982800	993600
997200	1015200
1069200	1080000
1083600	1101600
1155600	1166400
1170000	1188000
1242000	1252800
1256400	1274400
1328400	1339200
1342800	1360800
1414800	1425600
1429200	1447200
1501200	1512000
1515600	1533600
1587600	1598400
1602000	1620000
1674000	1684800
1688400	1706400
1760400	1771200
1774800	1792800
1846800	1857600
1861200	1879200
1933200	1944000
1947600	1965600
2019600	2030400
2034000	2052000
2106000	2116800
2120400	2138400
2192400	2203200
2206800	2224800
2278800	2289600
2293200	2311200
2365200	2376000
2379600	2397600
2451600	2462400
2466000	2484000
2538000	2548800
2552400	2570400
2624400	2635200
2638800	2656800
2710800	2721600
2725200	2743200
2797200	2808000
2811600	2829600
2883600	2894400
2898000	2916000
2970000	2980800
2984400	3002400
3056400	3067200
3070800	3088800
3142800	3153600
3157200	3175200
3229200	3240000
3243600	3261600
3315600	3326400
3330000	3348000
3402000	3412800
3416400	3434400
3488400	3499200
3502800	3520800
3574800	3585600
3589200	3607200
3661200	3672000
3675600	3693600
3747600	3758400
3762000	3780000
3834000	3844800
3848400	3866400
3920400	3931200
3934800	3952800
4006800	4017600
4021200	4039200
4093200	4104000
4107600	4125600
4179600	4190400
4194000	4212000
4266000	4276800
4280400	4298400
4352400	4363200
4366800	4384800
4438800	4449600
4453200	4471200
4525200	4536000
4539600	4557600
4611600	4622400
4626000	4644000
4698000	4708800
4712400	4730400
4784400	4795200
4798800	4816800
1000000000	2000000000
4444444444444444
4444444433444444
4444444444444444
4444444444444444
4444444444444444
4444444444444444
4444774444444444
5555555555552255
5555555500555555
4444444444444444
7744444444444400
3333333333888833
3333333333333333
4444444444445544
4444442200444411
4444444444444444
113
32400	43200
46800	72000
118800	129600
133200	158400
205200	216000
219600	244800
291600	302400
306000	331200
378000	388800
392400	417600
464400	475200
478800	504000
550800	561600
565200	590400
637200	648000
651600	676800
723600	734400
738000	763200
810000	820800
824400	849600
896400	907200
910800	936000
982800	993600
997200	1022400
1069200	1080000
1083600	1108800
1155600	1166400
1170000	1195200
1242000	1252800
1256400	1281600
1328400	1339200
1342800	1368000
1414800	1425600
1429200	1454400
1501200	1512000
1515600	1540800
1587600	1598400
1602000	1627200
1674000	1684800
1688400	1713600
1760400	1771200
1774800	1800000
1846800	1857600
1861200	1886400
1933200	1944000
1947600	1972800
2019600	2030400
2034000	2059200
2106000	2116800
2120400	2145600
2192400	2203200
2206800	2232000
2278800	2289600
2293200	2318400
2365200	2376000
2379600	2404800
2451600	2462400
2466000	2491200
2538000	2548800
2552400	2577600
2624400	2635200
2638800	2664000
2710800	2721600
2725200	2750400
2797200	2808000
2811600	2836800
2883600	2894400
2898000	2923200
2970000	2980800
2984400	3009600
3056400	3067200
3070800	3096000
3142800	3153600
3157200	3182400
3229200	3240000
3243600	3268800
3315600	3326400
3330000	3355200
3402000	3412800
3416400	3441600
3488400	3499200
3502800	3528000
3574800	3585600
3589200	3614400
3661200	3672000
3675600	3708000
3747600	3758400
3762000	3794400
3834000	3844800
3848400	3880800
3920400	3931200
3934800	3967200
4006800	4017600
4021200	4053600
4093200	4104000
4107600	4140000
4179600	4190400
4194000	4226400
4266000	4276800
4280400	4305600
4352400	4363200
4366800	4392000
4438800	4449600
4453200	4478400
4525200	4536000
4539600	4564800
4611600	4622400
4626000	4651200
4698000	4708800
4712400	4737600
4784400	4795200
4798800	4824000
1000000000	2000000000
4444444444444444
4444444433444444
4444444444444444
4444444444444444
4444444444444444
4444444444444444
4444774444444444
5555555555552255
5555555500555555
4444444444444444
7744444444444400
3333333333888833
3333333333333333
4444444444445544
4444442200444411
4444444444444444
92
32400	43200
46800	72000
118800	129600
133200	158400
205200	216000
219600	244800
291600	302400
306000	331200
378000	388800
392400	417600
464400	475200
478800	504000
550800	561600
565200	590400
637200	648000
651600	676800
723600	734400
738000	763200
810000	820800
824400	849600
896400	907200
910800	936000
982800	993600
997200	1022400
1069200	1080000
1083600	1108800
1155600	1166400
1170000	1195200
1242000	1252800
1256400	1281600
1328400	1339200
1342800	1368000
1414800	1425600
1429200	1454400
1501200	1512000
1515600	1540800
1587600	1598400
1602000	1627200
1674000	1684800
1688400	1713600
1760400	1771200
1774800	1800000
1861200	1879200
1947600	1965600
2034000	2052000
2120400	2138400
2206800	2224800
2293200	2311200
2379600	2397600
2419200	2419200
2505600	2505600
2592000	2592000
2678400	2678400
2764800	2764800
2851200	2851200
2937600	2937600
3056400	3067200
3070800	3096000
3142800	3153600
3157200	3182400
3229200	3240000
3243600	3268800
3315600	3326400
3330000	3355200
3402000	3412800
3416400	3441600
3488400	3499200
3502800	3528000
3574800	3585600
3589200	3614400
3661200	3672000
3675600	3700800
3747600	3758400
3762000	3787200
3834000	3844800
3848400	3873600
3920400	3931200
3934800	3960000
4006800	4017600
4021200	4046400
4093200	4104000
4107600	4132800
4179600	4190400
4194000	4219200
4266000	4276800
4352400	4363200
4438800	4449600
4525200	4536000
4611600	4622400
4698000	4708800
4784400	4795200
1000000000	2000000000
4444444444444444
4444444433444444
4444444444444444
4444444444444444
4444444444444444
4444444444444444
4444774444444444
5555555555552255
5555555500555555
4444444444444444
7744444444444400
3333333333888833
3333333333333333
4444444444445544
4444442200444411
4444444444444444
113
32400	43200
46800	72000
118800	129600
133200	158400
205200	216000
219600	244800
291600	302400
306000	331200
378000	388800
392400	417600
464400	475200
478800	504000
550800	561600
565200	590400
637200	648000
651600	676800
723600	734400
738000	763200
810000	820800
824400	849600
896400	907200
910800	936000
982800	993600
997200	1022400
1069200	1080000
1083600	1108800
1155600	1166400
1170000	1195200
1242000	1252800
1256400	1281600
1328400	1339200
1342800	1368000
1414800	1425600
1429200	1454400
1501200	1512000
1515600	1540800
1587600	1598400
1602000	1627200
1674000	1684800
1688400	1713600
1760400	1771200
1774800	1800000
1846800	1857600
1861200	1886400
1933200	1944000
1947600	1972800
2019600	2030400
2034000	2059200
2106000	2116800
2120400	2145600
2192400	2203200
2206800	2232000
2278800	2289600
2293200	2318400
2365200	2376000
2379600	2404800
2451600	2462400
2466000	2491200
2538000	2548800
2552400	2577600
2624400	2635200
2638800	2664000
2710800	2721600
2725200	2750400
2797200	2808000
2811600	2836800
2883600	2894400
2898000	2923200
2970000	2980800
2984400	3009600
3056400	3067200
3070800	3096000
3142800	3153600
3157200	3182400
3229200	3240000
3243600	3268800
3315600	3326400
3330000	3355200
3402000	3412800
3416400	3441600
3488400	3499200
3502800	3528000
3574800	3585600
3589200	3614400
3661200	3672000
3675600	3700800
3747600	3758400
3762000	3787200
3834000	3844800
3848400	3873600
3920400	3931200
3934800	3960000
4006800	4017600
4021200	4046400
4093200	4104000
4107600	4132800
4179600	4190400
4194000	4219200
4266000	4276800
4280400	4305600
4352400	4363200
4366800	4392000
4438800	4449600
4453200	4478400
4525200	4536000
4539600	4564800
4611600	4622400
4626000	4651200
4698000	4708800
4712400	4737600
4784400	4795200
4798800	4824000
1000000000	2000000000
4444444444444444
4444444433444444
4444444444444444
4444444444444444
4444444444444444
4444444444444444
4444774444444444
5555555555552255
5555555500555555
4444444444444444
7744444444444400
3333333333888833
3333333333333333
4444444444445544
4444442200444411
4444444444444444
0.48
