12
5
300
161
0	4
2880	4320
2	5	9	12	
1	1
2880	4320
7	
2	3
2880	4320
2	6	10	
3	2
2880	4320
1	8	
4	4
2880	4320
3	5	11	12	
5	4
2880	4320
1	2	10	13	
6	3
2880	4320
1	4	9	
7	4
2880	4320
0	2	10	13	
8	2
2880	4320
1	11	
9	1
2880	4320
0	
10	4
2880	4320
1	2	5	13	
11	2
2880	4320
3	8	
12	3
2880	4320
4	5	9	
13	1
2880	4320
4	
14	1
2880	4320
2	
15	2
2880	4320
1	5	
16	3
2880	4320
1	2	10	
17	3
2880	4320
2	5	9	
18	4
2880	4320
0	4	10	13	
19	3
2880	4320
0	9	12	
20	4
2880	4320
1	3	9	13	
21	3
2880	4320
6	7	12	
22	3
2880	4320
1	4	12	
23	4
2880	4320
1	4	11	13	
24	4
2880	4320
1	6	10	13	
25	2
2880	4320
0	13	
26	3
2880	4320
2	5	12	
27	1
2880	4320
10	
28	4
2880	4320
1	3	11	12	
29	3
2880	4320
1	3	10	
30	1
2880	4320
2	
31	1
2880	4320
1	
32	2
2880	4320
1	10	
33	2
2880	4320
6	11	
34	3
2880	4320
5	7	13	
35	4
2880	4320
0	3	10	12	
36	2
2880	4320
3	9	
37	4
2880	4320
3	6	9	12	
38	2
2880	4320
4	7	
39	2
2880	4320
2	10	
40	3
2880	4320
0	2	10	
41	1
2880	4320
8	
42	1
2880	4320
3	
43	3
2880	4320
0	4	12	
44	1
2880	4320
13	
45	2
2880	4320
0	7	
46	4
2880	4320
0	2	7	13	
47	1
2880	4320
2	
48	3
2880	4320
0	2	9	
49	3
2880	4320
1	5	11	
50	2
2880	4320
5	9	
51	2
2880	4320
6	12	
52	3
2880	4320
6	8	13	
53	2
2880	4320
2	7	
54	3
2880	4320
0	7	13	
55	2
2880	4320
5	7	
56	1
2880	4320
3	
57	4
2880	4320
4	5	11	13	
58	3
2880	4320
0	3	11	
59	2
2880	4320
3	11	
60	4
2880	4320
0	2	6	13	
61	3
2880	4320
5	7	12	
62	3
2880	4320
1	8	13	
63	2
2880	4320
8	13	
64	3
2880	4320
1	4	10	
65	2
2880	4320
0	4	
66	2
2880	4320
11	12	
67	3
2880	4320
4	5	7	
68	3
2880	4320
4	5	12	
69	1
2880	4320
12	
70	3
2880	4320
0	9	12	
71	3
2880	4320
1	2	13	
72	4
2880	4320
0	3	6	11	
73	1
2880	4320
8	
74	1
2880	4320
9	
75	3
2880	4320
1	8	12	
76	4
2880	4320
1	4	6	11	
77	4
2880	4320
4	5	9	13	
78	2
2880	4320
2	8	
79	1
2880	4320
6	
80	1
2880	4320
2	
81	1
2880	4320
5	
82	4
2880	4320
1	2	9	12	
83	2
2880	4320
1	3	
84	3
2880	4320
0	3	8	
85	2
2880	4320
2	7	
86	3
2880	4320
1	3	10	
87	2
2880	4320
6	11	
88	3
2880	4320
1	3	9	
89	3
2880	4320
2	11	12	
90	1
2880	4320
10	
91	4
2880	4320
3	6	8	12	
92	4
2880	4320
2	6	11	13	
93	4
2880	4320
1	4	5	13	
94	4
2880	4320
1	6	7	12	
95	3
2880	4320
0	10	12	
96	2
2880	4320
5	11	
97	3
2880	4320
3	7	12	
98	3
2880	4320
2	5	7	
99	4
2880	4320
0	4	11	13	
100	4
2880	4320
1	2	5	11	
101	1
2880	4320
8	
102	2
2880	4320
6	10	
103	4
2880	4320
0	2	5	11	
104	3
2880	4320
6	9	12	
105	3
2880	4320
2	6	7	
106	1
2880	4320
0	
107	2
2880	4320
4	10	
108	2
2880	4320
3	6	
109	1
2880	4320
3	
110	1
2880	4320
3	
111	2
2880	4320
1	13	
112	2
2880	4320
2	5	
113	2
2880	4320
2	8	
114	4
2880	4320
1	3	6	11	
115	4
2880	4320
4	6	11	13	
116	4
2880	4320
3	5	7	12	
117	4
2880	4320
4	6	7	13	
118	1
2880	4320
11	
119	1
2880	4320
13	
120	3
2880	4320
1	3	11	
121	1
2880	4320
6	
122	3
2880	4320
1	8	12	
123	4
2880	4320
1	3	8	12	
124	3
2880	4320
3	6	7	
125	3
2880	4320
3	5	11	
126	4
2880	4320
2	6	9	12	
127	4
2880	4320
0	2	11	13	
128	2
2880	4320
2	12	
129	3
2880	4320
5	9	13	
130	2
2880	4320
3	13	
131	4
2880	4320
0	3	5	8	
132	2
2880	4320
1	13	
133	3
2880	4320
0	2	7	
134	3
2880	4320
5	7	13	
135	3
2880	4320
0	3	10	
136	3
2880	4320
2	5	11	
137	1
2880	4320
5	
138	3
2880	4320
3	6	7	
139	4
2880	4320
1	2	6	10	
140	4
2880	4320
2	6	7	13	
141	4
2880	4320
0	2	5	11	
142	3
2880	4320
2	5	13	
143	4
2880	4320
1	5	10	13	
144	3
2880	4320
0	7	12	
145	1
2880	4320
8	
146	2
2880	4320
0	9	
147	2
2880	4320
4	10	
148	3
2880	4320
4	5	13	
149	3
2880	4320
2	5	11	
150	1
2880	4320
2	
151	4
2880	4320
0	4	5	8	
152	3
2880	4320
4	7	12	
153	4
2880	4320
3	5	10	13	
154	2
2880	4320
0	5	
155	4
2880	4320
0	2	6	12	
156	4
2880	4320
3	6	10	12	
157	1
2880	4320
7	
158	4
2880	4320
4	5	10	13	
159	2
2880	4320
0	9	
160	2
2880	4320
3	5	
14
0
0	1	3	1444	1456
1.39436	0.309142	0.964951
0.110898	0.868453	0.871249	0.600398	0.579367	0.480067	0.885357	0.145174	0.5593	
1
0	1	3	847	873
1.2711	0.359312	0.532031
0.994215	0.576964	0.746844	0.0326245	0.704809	0.0839871	0.483532	0.241488	0.00191167	
2
1	1	4	967	970
1.19267	0.655403	0.725749
0.194519	0.145902	0.992217	0.079603	0.459124	0.250256	0.47335	0.283294	0.925112	
3
1	1	4	1594	1722
1.36839	0.174571	0.523132
0.949185	0.278823	0.332483	0.715991	0.446176	0.522024	0.26036	0.830292	0.595229	
4
1	1	3	1018	1056
1.49279	0.363314	0.610199
0.81693	0.220832	0.0534533	0.822785	0.478516	0.866127	0.665592	0.517861	0.143778	
5
2	1	3	1028	1072
1.2934	0.0894148	0.911939
0.626629	0.239122	0.542526	0.0608255	0.866182	0.427419	0.902348	0.414242	0.36067	
6
2	1	2	1076	1096
1.47406	0.302133	0.961112
0.432843	0.152139	0.893887	0.34477	0.824764	0.272507	0.709071	0.195998	0.292292	
7
3	1	3	1294	1313
1.40847	0.257807	0.902275
0.452283	0.752067	0.480897	0.0680075	0.97912	0.862917	0.151373	0.866322	0.461119	
8
3	1	1	890	914
1.11288	0.258195	0.742101
0.46272	0.644726	0.249075	0.691166	0.470659	0.203357	0.160458	0.102516	0.111546	
9
3	1	2	1123	1164
1.15652	0.225909	0.569775
0.457749	0.240547	0.777027	0.716376	0.4515	0.793572	0.192103	0.903768	0.0468276	
10
3	1	1	1578	1609
1.46287	0.520301	0.998774
0.709413	0.239894	0.919655	0.878319	0.872594	0.432237	0.430375	0.642052	0.528917	
11
3	1	2	1248	1295
1.41464	0.746779	0.760397
0.661895	0.772977	0.941104	0.277593	0.733519	0.123998	0.927866	0.308297	0.17207	
12
4	1	1	1161	1208
1.3052	0.174307	0.942257
0.00160546	0.0905135	0.182374	0.976447	0.410225	0.0398342	0.631961	0.157498	0.523581	
13
4	1	4	1084	1090
1.25563	0.759031	0.806658
0.468678	0.672671	0.195596	0.0603391	0.106548	0.391676	0.572762	0.500163	0.784114	
1366
0	89	50245
3144	2949	3250	
1	112	53814
3870	3296	
2	116	58147
3176	3348	3249	4234	
3	99	53484
3266	2927	2905	3540	
4	35	61574
3677	3762	3731	3427	
5	99	58100
3304	3297	3112	4165	
6	114	61131
2894	3012	3661	4084	
7	140	61617
3564	3200	4128	2998	
8	133	133744
3359	4087	3727	
9	32	56847
4295	3019	
10	148	65551
3398	3544	3934	
11	89	133920
3318	4055	3155	
12	146	64121
3715	3283	
13	115	69015
2923	3016	3486	3464	
14	7	137291
3357	4107	3607	3471	
15	85	141155
3865	3365	
16	45	144372
2883	3217	
17	43	142670
3113	3909	3608	
18	78	144683
3335	3528	
19	42	60428
3588	
20	47	148264
3774	
21	30	219684
3020	
22	82	223630
3759	3946	3595	3011	
23	93	146653
3265	3785	3983	3098	
24	159	227042
3186	3412	
25	111	149820
3236	3167	
26	157	148302
3930	
27	140	227905
4275	4120	3800	2976	
28	115	231363
3958	3061	3455	3458	
29	148	234650
4239	3895	3287	
30	125	234502
3803	4004	3142	
31	95	227724
3457	3015	4094	
32	114	237673
3994	3860	2972	3171	
33	108	236842
3050	2904	
34	124	309448
3758	3337	4206	
35	150	231108
3203	
36	114	312537
3470	3248	2945	3958	
37	23	316737
3869	3640	4200	4002	
38	131	230188
3616	3506	3057	3131	
39	61	313058
2902	3004	3610	
40	44	319833
3096	
41	131	237110
3694	4033	4094	3571	
42	0	316686
4313	4137	3523	3628	
43	18	322750
4016	3344	2985	2917	
44	10	326469
3242	3895	4163	3719	
45	66	320339
3602	3550	
46	27	233773
3737	
47	43	392561
3829	4242	3822	
48	146	313827
3172	4179	
49	11	309322
4289	3812	
50	102	314848
3324	3215	
51	24	329352
3694	3740	4032	2883	
52	98	317418
4289	3414	3608	
53	12	321088
3100	3123	3864	
54	7	332956
2918	4120	3059	3604	
55	154	392818
3619	4071	
56	59	323633
3796	3294	
57	37	395810
3106	3180	4233	3249	
58	144	398696
4088	4317	2886	
59	53	393928
4290	3793	
60	147	394603
4229	4264	
61	34	397669
4023	3741	3264	
62	141	400526
3489	4177	2953	3685	
63	118	404279
3753	
64	6	396851
3809	2902	3130	
65	37	401590
3238	3894	4070	2894	
66	125	407649
3844	2981	3370	
67	134	406914
4139	4003	3681	
68	144	479249
3945	3806	3935	
69	50	410306
3392	3119	
70	150	397251
4259	
71	108	397150
3825	3088	
72	124	482357
3748	3953	3237	
73	94	486540
3899	3106	4183	3572	
74	29	398791
3050	2984	4188	
75	3	313395
3086	4073	
76	115	411202
3336	3946	3532	3553	
77	36	481895
2926	3189	
78	146	486134
3087	4239	
79	30	401004
3753	
80	142	482794
3223	3845	4094	
81	112	486118
3933	3567	
82	153	489933
4276	3815	3807	3299	
83	17	493796
3430	3863	3216	
84	2	493467
2956	4275	3534	
85	144	490430
3193	3890	3099	
86	6	565667
4022	3583	3471	
87	21	494735
3878	4305	2977	
88	61	567011
4124	3875	3205	
89	50	569920
3600	2885	
90	29	566032
3653	3256	4165	
91	103	574229
3524	3837	4242	4309	
92	51	570839
3760	3828	
93	138	569910
3083	4251	2900	
94	112	577121
3664	2959	
95	4	581499
3517	3374	2908	3912	
96	151	723802
3093	4029	2882	3288	
97	121	568403
3849	
98	78	727248
3021	3446	
99	101	731211
3963	
100	54	573827
4090	3917	3165	
101	154	655828
4062	4051	
102	109	410178
2923	
103	71	578014
3239	3576	4187	
104	30	568435
2991	
105	91	825117
3871	3119	4140	3119	
106	45	578113
4143	4286	
107	102	575106
3447	3584	
108	129	1259390
3287	4089	2990	
109	119	1262373
2983	
110	128	828276
3513	3159	
111	141	662557
3746	3985	3420	3442	
112	155	831966
3920	3265	4195	3690	
113	61	835213
3729	2887	3247	
114	139	652847
4111	2888	4318	3224	
115	147	655940
3279	3093	
116	132	1266600
3989	4227	
117	15	669290
3425	3026	
118	137	741892
4202	
119	31	395967
3566	
120	137	745181
3289	
121	1	738423
3759	
122	96	748815
3634	3192	
123	84	814418
3392	3918	3467	
124	153	1270589
3938	3725	3009	3989	
125	110	571924
4307	
126	146	664199
3210	4282	
127	29	824670
2951	3655	3730	
128	25	1343287
3518	4298	
129	127	1347478
3844	2987	3048	4191	
130	160	825125
3208	4185	
131	10	1351442
2960	3507	3739	3964	
132	16	828166
4180	4156	3496	
133	65	577916
4191	3218	
134	35	839216
3919	3703	3443	4003	
135	90	835320
3711	
136	13	581690
3774	
137	86	838345
3061	3298	3025	
138	42	657842
3654	
139	112	832180
4313	3316	
140	8	755831
3406	3968	
141	122	911785
3130	3771	4169	
142	50	836383
4203	3503	
143	118	827499
3268	
144	53	742362
3847	3939	
145	107	841454
3566	3109	
146	0	915142
4209	4121	3093	3357	
147	86	914082
4039	3197	4228	
148	63	1355083
3304	3641	
149	160	912052
4137	3148	
150	94	918888
3380	4001	3746	3746	
151	144	922682
3542	3757	3794	
152	23	1358075
4026	3772	3906	2992	
153	98	916009
3787	3774	3957	
154	134	1429651
4045	3584	3176	
155	84	900541
3401	3726	3448	
156	11	904016
4200	3475	
157	5	1433454
3101	4218	3866	3803	
158	29	921694
3634	3431	3746	
159	46	1436498
4232	3019	3558	3044	
160	159	913000
3889	4096	
161	41	983702
4086	
162	61	926984
4159	3555	3554	
163	57	1439956
3331	4121	3541	3458	
164	139	925138
3679	3971	4281	3444	
165	113	987703
3327	4001	
166	39	928402
3941	3264	
167	0	1000679
4278	3370	4127	3567	
168	59	999893
3174	3342	
169	50	1004006
3301	3328	
170	65	669138
3708	3839	
171	53	998692
4265	3308	
172	143	1443685
3257	2890	4170	3729	
173	126	1008085
3329	4277	4079	3658	
174	88	1011944
4245	4033	3859	
175	91	1011481
3742	3690	3371	3396	
176	125	1009432
3584	3320	3243	
177	12	1084171
3396	4063	3827	
178	46	1515603
3979	4050	3941	3518	
179	140	1519385
3820	3904	3570	3782	
180	38	1009441
4174	3238	
181	71	1522857
4081	3704	3472	
182	70	1088280
4274	4109	3765	
183	127	1526531
3380	3655	4284	3674	
184	105	1012352
4077	3226	2911	
185	62	1530038
4100	3202	3507	
186	61	1091620
2919	4008	3340	
187	14	1003599
3053	
188	56	832060
4194	
189	134	1602028
3581	3927	3590	
190	131	1159806
4050	4219	3138	4206	
191	21	1094859
4050	3799	3239	
192	111	1605489
3878	3461	
193	72	1086417
3172	4234	4057	4301	
194	90	1010405
3013	
195	53	1097369
4250	3740	
196	98	1100259
2947	2926	2890	
197	102	1014197
3715	3792	
198	149	1097792
4176	3257	3333	
199	39	1087580
3838	4208	
200	63	1609015
4036	3526	
201	6	1091972
3483	4049	3692	
202	86	1091619
3306	3904	4039	
203	40	1094962
3896	3408	3343	
204	100	1170370
3306	4216	4253	3634	
205	87	1174179
2965	3809	
206	122	1257679
3904	3768	3982	
207	115	1613259
3271	3852	4242	4244	
208	8	1182158
3408	3737	
209	108	1090894
3951	3308	
210	10	1617427
3981	3441	3877	4168	
211	28	1261444
3872	3212	4280	3765	
212	48	1170564
3015	3677	3889	
213	105	1174398
4042	4046	3464	
214	107	1098120
3593	3158	
215	1	1178525
4127	
216	130	1688906
3761	3079	
217	81	1177539
3293	
218	93	1692104
3089	3304	3549	3198	
219	67	1184501
2985	3005	3413	
220	74	1173696
3132	
221	8	1258349
3296	3511	
222	157	1187546
3045	
223	112	1187125
3465	3032	
224	109	926909
3168	
225	85	1259781
3969	3835	
226	149	1261571
4057	3836	3222	
227	27	1170474
3954	
228	57	1695748
4023	3480	3690	3644	
229	62	1698766
3528	3657	3018	
230	95	1264799
4236	4265	3355	
231	40	1258059
3878	3234	3774	
232	1	1263890
4109	
233	33	1269359
3986	4098	
234	28	1273078
3505	3853	3719	3164	
235	122	1344520
3724	3212	3042	
236	81	1266124
3283	
237	41	1267866
3387	
238	85	1267437
2983	3547	
239	63	1702672
3507	3906	
240	7	1706059
3709	3770	4069	3387	
241	54	1777973
4204	4313	3514	
242	96	1345232
3968	3754	
243	98	1344256
3031	3143	4106	
244	37	1348748
4274	4123	3874	4228	
245	115	1781296
3324	4146	3373	3323	
246	26	1352495
4314	2941	3747	
247	105	1347669
3925	3002	3413	
248	61	1356052
2925	3935	3557	
249	20	1784283
3677	3582	3569	2987	
250	88	1257534
3298	4027	3058	
251	74	1261469
3935	
252	105	1355671
3325	3254	4067	
253	0	1360013
4048	3164	2961	3961	
254	141	1355591
3411	3073	3891	4276	
255	7	1787848
3706	3809	3537	3565	
256	72	1358573
3228	3501	4112	2982	
257	95	1432130
3453	3911	3717	
258	39	1434201
4203	3693	
259	86	1437095
3240	3987	2894	
260	60	1791242
3455	3013	3300	3394	
261	113	1437275
3355	3462	
262	93	1862812
4272	3887	3285	3170	
263	156	1441144
3560	2978	4049	3060	
264	40	1445168
3051	4316	4024	
265	116	1445121
2983	3819	3158	3977	
266	68	1517244
3935	3789	3723	
267	89	1520846
3806	3557	3602	
268	6	1354543
3902	2913	3228	
269	105	1517958
4266	3999	3483	
270	122	1524219
3717	3618	3373	
271	82	1527960
3437	3684	3460	3741	
272	66	1531550
4074	3590	
273	103	1525902
3491	4262	3436	3287	
274	70	1603955
3758	3007	4005	
275	123	1608024
3164	3565	4070	4069	
276	34	1866137
3009	3808	3325	
277	13	1003761
4149	
278	65	1084125
3341	3772	
279	44	1870261
4124	
280	28	1612322
3148	4125	3408	4298	
281	87	1533483
3378	4173	
282	124	1602365
3663	3361	4255	
283	55	1605922
3175	3557	
284	124	1609101
3137	3125	3179	
285	55	1612649
3936	3548	
286	2	1531313
2940	3009	3492	
287	50	1608277
3823	3855	
288	140	1873709
4193	3908	3703	3448	
289	30	1605199
3764	
290	113	1609149
3950	2894	
291	77	1876758
3404	3213	3286	3049	
292	51	1616546
3000	4224	
293	37	1619960
3740	3175	3259	3414	
294	155	1691922
4056	3200	3860	3562	
295	119	1948925
3767	
296	38	1619772
3834	3420	
297	61	1695294
4153	3568	3372	
298	90	1603638
3925	
299	6	1618612
4287	4141	3790	
300	149	1619895
4005	3597	4284	
301	151	1691610
3721	3998	4001	3978	
302	160	1694517
3264	2908	
303	53	1695908
3764	4168	
304	145	1695616
4006	
305	97	1700025
3777	3618	4117	
306	38	1702687
3687	3161	
307	113	1698548
3846	2932	
308	12	1698260
4238	3743	3508	
309	90	1606711
3073	
310	67	1775142
2929	3931	4055	
311	137	1706067
3876	
312	74	1701217
2957	
313	48	1704841
4010	3499	3624	
314	123	1703673
2942	4145	2994	3648	
315	158	1952442
4184	3995	4226	3517	
316	72	1692295
3361	4090	3001	4000	
317	25	1955328
4020	2886	
318	48	1776618
3512	3164	3377	
319	94	1779418
3043	3686	4276	3862	
320	26	1783697
3751	3428	4279	
321	92	1959601
3492	3641	3342	4273	
322	19	1787196
4058	2902	3499	
323	58	1778496
2964	3158	3676	
324	62	1963298
3246	3562	3697	
325	0	1790297
4100	3449	3058	3101	
326	83	1269989
3063	3049	
327	111	2035667
3478	3969	
328	20	2039891
3021	3128	4125	4224	
329	75	1862665
3752	3474	3968	
330	91	1865889
3749	4006	3295	3224	
331	8	1782726
3876	4230	
332	133	1782659
3267	3255	3241	
333	15	1788853
3872	3514	
334	132	2043948
3163	4057	
335	1	1785919
3260	
336	73	1784407
4134	
337	25	2047312
3167	3364	
338	129	2051280
3496	4154	3968	
339	67	1864679
4130	3929	2942	
340	54	2123111
3486	3184	3431	
341	150	1785051
3026	
342	133	1871813
3499	4158	3950	
343	91	1869252
3788	3791	3878	3363	
344	11	1792506
2937	4221	
345	41	1865072
4166	
346	106	1266845
3230	
347	70	1873394
2972	3827	4142	
348	151	1868783
3904	3357	4105	3497	
349	123	1876506
3216	2973	3752	3112	
350	23	2127191
4085	3544	3406	4080	
351	27	1782611
3918	
352	148	2130124
3337	3423	2933	
353	149	1875708
3795	3259	3502	
354	119	2133604
3480	
355	42	1358169
3205	
356	128	1948864
3874	3958	
357	85	1875794
3694	3981	
358	80	1861801
3629	
359	56	1430655
4086	
360	131	1948179
4045	3181	3170	4314	
361	97	1952024
3958	4292	3160	
362	117	2137716
3769	4317	4006	4112	
363	138	1956512
3197	3734	4020	
364	150	1865934
4133	
365	112	1951205
3647	4170	
366	30	1873351
3770	
367	0	1955195
3382	3791	3875	3171	
368	156	1958269
3961	3208	3321	3074	
369	11	1952258
3620	4079	
370	21	1962527
3311	3594	4258	
371	114	1879409
3257	4147	3769	3701	
372	49	1958995
3700	3999	2934	
373	56	1524184
3065	
374	70	2034241
3066	3691	3314	
375	137	1962094
3099	
376	114	1962724
2982	4071	3626	3729	
377	111	2209090
4090	2974	
378	109	1532150
3895	
379	130	2212896
3453	3806	
380	120	1966964
3009	2940	4240	
381	48	1961916
2916	4258	3145	
382	123	2037795
3732	3313	3564	3554	
383	40	1950833
3626	3429	3233	
384	57	2216197
3949	3519	3528	3301	
385	117	2219443
2995	3798	3126	3246	
386	133	2035726
3861	3244	4094	
387	50	2038160
4147	3854	
388	84	1959242
3933	3471	3420	
389	121	1948078
2899	
390	104	2042158
4232	3236	3998	
391	156	2046155
3040	3874	3398	3997	
392	103	2041726
3229	3134	3360	3566	
393	148	2223152
2952	3566	3709	
394	27	1959530
3346	
395	64	1962913
3955	4127	3383	
396	98	2049316
3399	3903	4230	
397	97	2120797
3211	3080	2991	
398	57	2294979
3658	3542	3903	3427	
399	9	1438739
3542	
400	160	2124758
3176	3827	
401	151	2128963
3251	3893	3916	4205	
402	97	2124598
2919	3802	3395	
403	69	2128466
3868	
404	145	2132762
3799	
405	3	2136873
3614	4111	
406	87	2125272
4250	4286	
407	44	2299010
4031	
408	74	2045232
3836	
409	8	2128823
3947	3551	
410	8	2132386
3376	3563	
411	46	2302428
3633	3788	4144	3418	
412	118	2135978
3592	
413	8	2139925
4194	3947	
414	133	2132567
3814	3193	3825	
415	97	2136443
4216	3876	2902	
416	17	2132616
3017	3765	3942	
417	39	2034664
3510	3351	
418	92	2305393
3502	3863	2977	2965	
419	68	2208617
3605	3893	3774	
420	3	2208734
3437	3461	
421	6	2136554
3236	3814	3938	
422	113	2212256
3617	3522	
423	105	2207778
2980	3749	2935	
424	155	2212454
3723	4309	4059	3837	
425	33	2146382
4140	3480	
426	145	2216327
4071	
427	94	2215612
3743	3439	3621	3158	
428	30	2023618
4305	
429	9	1525449
3889	
430	17	2207979
4142	3166	3025	
431	49	2211759
3120	3381	3861	
432	77	2308669
3711	3177	3351	3276	
433	45	2214913
3328	3514	
434	127	2380886
3030	2981	3283	3817	
435	109	1702748
4059	
436	44	2384381
3495	
437	10	2388672
3684	3477	3556	4291	
438	89	2218773
2963	3731	2901	
439	111	2392161
3515	3489	
440	108	2120912
4197	3501	
441	120	2222631
3255	3083	3858	
442	160	2221088
3085	3076	
443	70	2223075
3668	3626	4302	
444	13	1525391
3116	
445	16	2044526
2908	3140	3745	
446	125	2226610
3775	3339	3979	
447	81	2296246
3419	
448	128	2294533
3990	3058	
449	151	2299897
3317	3722	3651	2903	
450	143	2395264
4136	4243	2883	3103	
451	79	2124620
3708	
452	154	2307963
3133	3823	
453	1	2218413
3500	
454	150	2051987
4076	
455	70	2298504
3713	4089	3971	
456	14	2055504
3517	
457	131	2380086
2924	4281	3509	3723	
458	137	2383690
3818	
459	76	2230024
2928	3260	4311	3414	
460	48	2294976
4082	3045	4231	
461	16	2307147
4003	3697	3007	
462	67	2387836
4173	3365	4146	
463	72	2233240
4087	3175	3107	3216	
464	25	2467183
3667	3519	
465	131	2391247
3598	2985	4192	3097	
466	67	2395208
3158	3961	3388	
467	117	2471239
3985	3854	3764	4056	
468	34	2474963
4126	3050	3724	
469	52	2477995
3227	3575	3032	
470	79	2210693
3174	
471	50	2471996
4262	4040	
472	20	2481613
3554	3410	4270	3618	
473	30	2113185
4139	
474	93	2553236
3549	3208	3467	3223	
475	138	2473307
3259	4282	2885	
476	47	2120474
3689	
477	36	2479256
3475	2990	
478	151	2478469
3369	3147	3000	3006	
479	30	2124295
3821	
480	104	2483147
3582	3684	3891	
481	15	2482308
3341	3845	
482	90	2310292
3145	
483	25	2556732
4066	3496	
484	20	2560742
4058	3407	3750	4010	
485	50	2558240
4224	3150	
486	126	2562443
3599	3169	4203	4109	
487	106	1780057
3426	
488	139	2381752
3794	3512	3332	3060	
489	108	2297226
3917	3768	
490	153	2563912
3935	4169	3542	3170	
491	53	2477276
4242	3969	
492	140	2566866
3353	3350	4318	2954	
493	84	2481991
3945	3476	3522	
494	73	2553502
3111	
495	62	2639259
4046	3708	3993	
496	58	2237226
3012	2992	3986	
497	124	2553741
4313	3352	3747	
498	104	2565830
4018	3353	3387	
499	136	2562879
2883	3647	3778	
500	132	2642550
4136	3291	
501	70	2569390
3367	3049	3560	
502	20	2645746
4229	3519	3036	3196	
503	94	2641448
3139	4132	3880	3658	
504	67	2566605
3796	3573	3857	
505	101	2560981
3771	
506	119	2649106
3360	
507	45	2639099
3618	4094	
508	84	2564290
3464	4202	3309	
509	33	2566071
3080	3192	
510	115	2652547
3686	3161	3562	3441	
511	36	2643495
3144	3214	
512	122	2644936
3674	4273	3488	
513	141	2641830
4292	3996	3935	3797	
514	108	2389978
3208	3259	
515	10	2655643
3053	3272	3386	3096	
516	143	2727251
4064	3999	3196	3208	
517	147	2649496
3868	3455	
518	15	2649770
4301	3729	
519	115	2731499
3953	3303	3692	4248	
520	117	2734681
4053	3170	3475	3182	
521	128	2648728
3350	3792	
522	88	2646537
3014	3861	3042	
523	75	2652983
3845	3632	4255	
524	102	2653200
3486	3704	
525	23	2738297
3614	4315	3442	3616	
526	80	2202715
3413	
527	35	2725805
3464	4049	4204	2911	
528	155	2728952
3712	4279	3818	3147	
529	108	2476167
3544	4012	
530	121	2479912
3745	
531	85	2646202
3715	3628	
532	54	2741991
4094	4291	3694	
533	24	2813408
3614	4017	3199	3017	
534	138	2654542
2930	4130	4049	
535	42	2133654
3684	
536	143	2817431
3128	3322	3230	4023	
537	20	2821298
4250	3419	3065	3867	
538	152	2733062
3268	4208	4110	
539	59	2651970
3752	3006	
540	18	2825198
3691	4010	3325	3900	
541	98	2730958
3262	3996	3808	
542	147	2739349
4009	3791	
543	125	2729279
3851	3791	3676	
544	7	2828766
2921	3591	3194	3568	
545	73	2643702
3107	
546	69	2736424
3362	
547	135	2815230
3767	3396	4287	
548	45	2733851
3953	2893	
549	64	2818531
3091	3031	3301	
550	137	2733063
3784	
551	142	2901290
3193	3759	4124	
552	64	2821496
3218	3198	2965	
553	8	2732935
3888	3656	
554	17	2740875
4099	4053	3327	
555	123	2739933
4198	3710	3769	3509	
556	23	2904693
3658	3036	3550	3403	
557	45	2737823
3201	3972	
558	39	2825072
4268	3576	
559	123	2812193
4099	3246	3128	3860	
560	56	2294993
3165	
561	145	2654721
4122	
562	110	2298844
3851	
563	50	2813387
4111	3637	
564	37	2817698
3792	2923	3672	4311	
565	42	2306641
4005	
566	129	2908540
4107	3297	3847	
567	54	2912323
3730	3832	3783	
568	160	2820531
4085	3038	
569	37	2824623
4182	3387	3230	4267	
570	156	2829194
3487	2922	4122	3582	
571	29	2900809
3986	3683	3215	
572	110	2393871
3393	
573	62	2915800
3831	3650	3477	
574	120	2739685
3004	3274	3200	
575	50	2826985
4098	3399	
576	125	2828367
3981	3738	3482	
577	47	2283099
3577	
578	153	2988257
3427	3032	3001	4057	
579	9	2042631
3143	
580	3	2730152
4275	3381	
581	144	2900945
4217	3431	3351	
582	78	2733289
3777	3137	
583	137	2903241
3442	
584	9	2050988
4140	
585	155	2904790
3888	3812	2965	3845	
586	35	2907754
3486	3240	3610	2964	
587	142	2991445
3382	3867	3188	
588	150	2301362
3692	
589	17	2910967
3565	3859	3384	
590	152	2911700
3527	3569	3946	
591	108	2641034
4117	3978	
592	86	2910872
3578	3859	3452	
593	5	2995438
4309	2896	3972	3993	
594	65	2130032
3270	2942	
595	76	2900071
3191	3056	4085	3304	
596	46	2998858
2892	3184	3533	3420	
597	1	2824840
4252	
598	12	2914771
3881	2941	3804	
599	119	3001804
2946	
600	57	3074363
3504	3900	3688	4159	
601	34	3078382
3116	3492	4019	
602	37	2987249
3445	3258	4077	3450	
603	86	2986362
3515	3021	3118	
604	85	2993924
3023	4224	
605	3	2737464
3426	4175	
606	26	2992958
3094	3224	3634	
607	127	3082298
3951	3827	4232	3916	
608	79	2651301
2924	
609	96	2995945
3250	3397	
610	1	2997246
3322	
611	44	3085532
3234	
612	141	2999911
3056	2886	3542	3966	
613	143	3157822
4047	2933	3591	3890	
614	127	3161576
4010	3262	4017	3754	
615	112	3074634
4101	3961	
616	39	3074273
3562	2942	
617	10	3164999
3790	2982	4209	3423	
618	124	3001455
4194	3457	4209	
619	79	2726590
3432	
620	102	3077867
4110	3594	
621	149	3082565
4050	3722	3614	
622	31	2044718
4214	
623	115	3168700
2931	3814	3657	3701	
624	17	3086361
2928	3707	3796	
625	137	3157941
3269	
626	87	3158307
3071	3685	
627	20	3171786
3400	3341	3042	3086	
628	39	3081611
3272	3744	
629	89	3161520
3473	3213	3035	
630	30	2466767
3700	
631	30	2470482
3715	
632	65	2216568
3854	4227	
633	38	3073497
4019	3642	
634	96	3165541
3114	4021	
635	153	3243716
2922	3955	3462	3530	
636	17	3168857
3496	3847	3659	
637	101	2741571
4107	
638	84	2814200
3400	3202	4229	
639	142	3248031
3521	4264	4315	
640	108	2741154
3920	3569	
641	146	3172761
2911	3904	
642	66	3169438
3167	3897	
643	81	3245378
3857	
644	156	3172574
3697	3681	4293	3136	
645	136	3249391
4315	3133	4013	
646	47	2554481
4267	
647	101	2817965
3765	
648	154	3251582
3191	3071	
649	122	3244840
3124	3323	3866	
650	94	3248503
3841	3470	3175	3663	
651	43	3251872
3640	3714	3369	
652	81	3254975
3393	
653	90	3172757
3454	
654	106	2301164
3427	
655	30	2557754
3273	
656	90	3245210
4053	
657	53	3079627
4046	2955	
658	102	3249330
3622	4120	
659	103	3259151
3538	3971	4176	3024	
660	40	3253038
3055	3218	3708	
661	69	3255866
3994	
662	89	3331250
4239	3698	3575	
663	64	3257102
2889	3395	4064	
664	125	3334359
4067	3521	3110	
665	34	3335207
3853	3471	3753	
666	145	2825303
4015	
667	52	3338862
3904	3997	3655	
668	138	3338071
3783	3271	3146	
669	38	3341072
3835	3001	
670	158	3343080
2956	3470	3297	4218	
671	129	3347149
3379	3142	4069	
672	91	3334604
3759	4272	4211	3354	
673	81	3345645
3871	
674	4	3418039
3713	3751	3349	3591	
675	139	3342536
3935	4278	4245	4141	
676	91	3422193
4208	4015	3268	4154	
677	19	3426326
3351	3907	4133	
678	11	2912465
3590	4031	
679	134	3421668
3653	3872	3012	
680	99	3425958
2899	3034	3670	4290	
681	75	3429802
2901	3319	3476	
682	94	3433656
3412	3119	3123	3854	
683	74	3418396
4315	
684	50	3425470
3815	4021	
685	92	3430051
3785	3665	3373	4093	
686	60	3434020
3371	4319	3573	3969	
687	61	3505591
4135	3928	3535	
688	27	3345776
3240	
689	28	3509509
3848	3588	4035	3918	
690	101	2987689
3505	
691	82	3513190
3791	3795	4024	3681	
692	141	3432391
4243	3904	2956	2992	
693	9	2393728
3707	
694	79	2990721
3530	
695	26	3516105
4120	3995	2915	
696	102	3418082
3043	3906	
697	9	2397436
3708	
698	24	3505976
3626	3777	4006	3556	
699	133	3433702
4089	2956	4303	
700	154	3508793
2949	4043	
701	73	2991927
4238	
702	100	3512263
3617	3789	3185	3470	
703	145	2996176
4249	
704	77	3516319
4242	3745	3455	4051	
705	107	3426139
3874	4051	
706	24	3519827
2897	4223	3957	3508	
707	63	3592152
3410	3925	
708	105	3505882
3110	3439	3780	
709	62	3596438
2974	3386	4286	
710	92	3599525
3122	4253	4107	3087	
711	141	3519431
4117	3502	3214	3061	
712	135	3434334
3617	4152	4238	
713	111	3602868
3575	3343	
714	142	3607146
3225	3483	4278	
715	123	3519309
3981	4277	3206	3204	
716	1	3510120
4238	
717	18	3678811
4304	4195	2961	3265	
718	149	3594907
3031	4087	3596	
719	77	3682099
3051	3753	3524	3288	
720	131	3602355
4178	3685	3695	3689	
721	142	3685337
3626	4274	3238	
722	62	3689267
4315	3574	3930	
723	130	3693346
3940	4079	
724	39	3509014
3847	3319	
725	65	2561154
2919	3664	
726	24	3765976
4263	3537	3841	4230	
727	22	3590822
4081	3403	3113	
728	112	3679239
2914	4210	
729	103	3683455
3407	3307	3334	4216	
730	37	3602879
3073	3615	4219	4111	
731	106	2566963
3147	
732	114	3686439
3352	3630	4147	2984	
733	28	3690169
3671	3147	3730	2984	
734	50	3686580
4007	3580	
735	156	3762293
3926	3796	4262	3724	
736	46	3768991
3645	3519	3277	3015	
737	105	3517613
3284	3710	4216	
738	29	3589677
2975	3276	4160	
739	109	2985719
3594	
740	154	3690058
3541	3478	
741	42	2989874
4155	
742	103	3762583
2954	3047	4124	3322	
743	114	3765768
4019	3682	3444	3185	
744	93	3772771
3962	3481	4120	3780	
745	65	2649138
3634	3635	
746	87	3769110
3324	3342	
747	21	3766599
4258	3388	4306	
748	36	3689528
4095	2948	
749	88	3693205
4158	3165	3677	
750	111	3776078
3037	3307	
751	65	2653119
3982	3382	
752	12	3770946
4016	4244	3248	
753	120	3773134
3934	4262	4024	
754	122	3770054
3266	2950	3455	
755	134	3779529
3798	3923	3451	
756	12	3778681
3481	3937	3937	
757	57	3851242
3664	3321	3479	3313	
758	2	3593786
3171	4233	4109	
759	78	3680229
2906	2950	
760	88	3850415
3348	2998	3334	
761	78	3684351
3158	4122	
762	3	3687413
3398	3062	
763	107	3596888
4315	3102	
764	127	3855120
4130	2886	4147	3878	
765	51	3773460
3008	3406	
766	53	3777986
4158	3117	
767	110	3079876
3400	
768	41	3691343
3930	
769	152	3850240
3099	3716	3854	
770	81	3853400
2998	
771	15	3857414
3068	4014	
772	5	3858347
2915	3902	3382	3227	
773	134	3861381
3483	3465	3034	
774	117	3864934
2992	3972	4037	2917	
775	73	3763256
3513	
776	93	3936838
2893	3925	3194	3504	
777	110	3083336
3460	
778	151	3936349
3729	3075	3857	3208	
779	34	3941430
4157	3353	4278	
780	147	3603458
3738	3188	
781	74	3854604
4189	
782	25	3944748
3620	3318	
783	89	3858524
3696	3817	3544	
784	122	3939759
3773	3410	3371	
785	25	3947837
3185	3089	
786	0	3945400
3583	3764	3028	4159	
787	90	3675937
4079	
788	119	3950945
3108	
789	70	3949077
3478	3933	3677	
790	134	4022318
3981	3524	2973	
791	104	3952546
3058	3045	3469	
792	144	4024276
4276	3253	3330	
793	18	4025981
2923	3598	4036	3663	
794	136	3952292
3561	4042	3587	
795	96	4023941
3248	3191	
796	42	3087442
4106	
797	12	4027892
2993	3160	3952	
798	108	3330113
4172	2955	
799	125	4031132
3681	3967	4032	
800	50	4034439
3372	3216	
801	87	4034810
3270	3678	
802	52	4028870
3188	3889	2889	
803	67	4037808
3317	3369	3269	
804	41	3947399
3751	
805	10	4109576
4147	4309	3126	3368	
806	41	3950478
3079	
807	9	2819493
4233	
808	49	4113529
3217	3640	4195	
809	41	4022085
3207	
810	24	4112647
4174	3066	4144	3071	
811	98	4117095
3904	3786	4121	
812	129	4121156
3465	3119	4050	
813	79	3342874
3237	
814	122	4028432
2960	4021	4156	
815	35	4031664
4076	2941	3658	3232	
816	47	3164881
3139	
817	13	2903613
3081	
818	71	4124230
4025	4122	3074	
819	108	3346393
3610	3519	
820	121	3417805
3012	
821	104	4124382
3974	3733	4157	
822	28	4196190
3492	4245	3114	3408	
823	23	4196145
3079	3779	3374	3515	
824	58	4123632
3473	4273	3615	
825	19	4200176
2894	4163	3986	
826	88	4200281
3102	2886	3760	
827	92	4199128
3729	3588	3284	2983	
828	120	4198359
3721	3151	3043	
829	55	4123733
3364	3508	
830	151	4195708
3592	3266	3197	3719	
831	70	4204256
2963	3402	3975	
832	138	4195715
3135	3715	3582	
833	12	4207060
3689	2927	3377	
834	64	3691037
2960	3216	3262	
835	40	3763420
4131	3148	3983	
836	33	4201673
3364	3314	
837	2	3766993
4206	3859	3573	
838	157	4199071
3356	
839	76	4205385
3987	3684	3384	3712	
840	38	4202629
3594	3558	
841	53	4206613
3296	3984	
842	153	4202972
3102	3638	3950	3844	
843	124	4210795
3787	3896	4182	
844	45	4282397
3320	3202	
845	73	4200026
4318	
846	4	4209438
3056	3873	3025	4053	
847	107	4205108
3301	3045	
848	96	4280665
3131	3855	
849	74	4210223
3163	
850	46	4286049
3239	3651	3652	3176	
851	35	4267134
3975	3210	3320	3696	
852	66	4356242
3178	3842	
853	141	4287335
4264	3815	3387	3492	
854	154	4283785
2969	3243	
855	93	4289304
4209	3348	2984	3255	
856	123	4359548
2937	4108	3208	3306	
857	42	3345363
3364	
858	53	4289868
3746	3819	
859	124	4292969
3518	3343	3101	
860	120	4291171
3557	3687	3836	
861	25	4293108
3732	3804	
862	7	4296106
4035	3200	3867	2998	
863	159	4282889
3800	4266	
864	71	4368668
3159	3317	4162	
865	18	4371700
3567	3995	3087	3032	
866	101	4207488
4254	
867	85	4296539
2997	3570	
868	93	4375578
3160	3978	3988	3878	
869	18	4378714
3510	3605	3766	3136	
870	119	4382364
3650	
871	84	4210533
3445	3552	3045	
872	43	4439308
3869	3122	4160	
873	6	4286171
3142	4214	3282	
874	60	4454971
4241	3023	3721	4207	
875	5	4458940
4037	3138	3404	3969	
876	53	4369009
2905	4070	
877	14	3421582
3208	
878	101	4281833
2900	
879	74	4289202
3031	
880	99	4462681
2881	3794	3280	3741	
881	12	4293945
4140	2947	3188	
882	75	4442221
4142	3423	2913	
883	0	4446284
4140	2959	3414	4063	
884	39	4294277
3357	3325	
885	147	4298188
3448	3911	
886	88	4369454
3669	4223	3695	
887	37	4449294
4152	3556	3222	3010	
888	55	4372394
4259	3385	
889	101	4289564
4308	
890	141	4373583
4160	3754	4138	4261	
891	1	4376498
4104	
892	63	4466326
3028	3645	
893	98	4380630
3071	3500	4132	
894	0	4528704
3642	4266	4212	3810	
895	1	4383935
3305	
896	12	4453363
3214	3736	3604	
897	122	4532840
3513	4108	4136	
898	90	4370852
4264	
899	65	3248378
3267	2912	
900	52	4469588
2916	3234	3262	
901	48	4456761
3494	3469	3398	
902	131	4456549
3535	3329	3159	3187	
903	26	4612234
3935	3361	3794	
904	128	4616480
3262	4246	
905	143	4541815
3658	4214	4279	3827	
906	116	4619939
3821	3523	3936	3459	
907	11	4460107
3996	3558	
908	88	4459913
4212	3525	3152	
909	120	4376477
2990	2916	2894	
910	77	4545511
3078	3356	3860	3696	
911	110	3590347
3065	
912	72	4379449
3183	3215	3170	2972	
913	112	4543482
3932	4107	
914	77	4549643
3051	3508	3562	4132	
915	136	4550492
3980	3011	3502	
916	45	4540738
2965	4306	
917	12	4553557
3663	3191	3556	
918	63	4553135
3413	3492	
919	74	4557361
3804	
920	147	4468019
3799	3858	
921	82	4701973
3227	4109	3221	4291	
922	54	4557164
3268	3776	4029	
923	110	3597064
3502	
924	120	4554536
2901	3034	4044	
925	47	3602341
3308	
926	47	3606581
4240	
927	80	3678547
3566	
928	131	4556704
3450	3496	3512	3085	
929	39	4540630
3006	4211	
930	40	4544660
3015	2898	4030	
931	26	4706281
3508	3091	4308	
932	10	4632251
3829	3690	4056	4002	
933	101	4629234
4130	
934	66	4786152
3067	4271	
935	105	4547438
3404	3538	2924	
936	64	4547732
3854	3709	3072	
937	54	4636120
3632	3859	3869	
938	147	4551370
3654	3638	
939	152	4790212
4093	3134	4060	
940	80	3766431
2978	
941	91	4793789
3968	3545	4150	3577	
942	96	4636363
4112	2946	
943	110	3679129
3167	
944	14	3770217
3786	
945	134	4640367
3192	2994	3806	
946	99	4643260
3890	3222	3508	2893	
947	41	4636740
3356	
948	151	4643595
3805	3462	3006	4040	
949	23	4715006
3735	3996	3391	3346	
950	156	4888038
3042	3216	4132	4249	
951	122	4891787
3340	4177	3749	
952	85	4643168
3280	3613	
953	78	4719290
3542	3118	
954	16	4627420
3436	3216	3518	
955	112	4714037
2950	3076	
956	52	4722438
3737	3148	3059	
957	48	4632051
3820	3214	3069	
958	1	4715254
3686	
959	37	4895197
3386	2941	2925	3410	
960	68	4898974
4251	3269	3777	
961	37	4902484
3968	3741	3533	3510	
962	89	4974980
3252	3358	4096	
963	11	4726609
3525	4171	
964	46	4725632
3966	3179	4268	3194	
965	133	4723639
3541	3654	4117	
966	49	4721048
3647	2946	3742	
967	71	4728843
4131	3650	3211	
968	18	4801461
3887	3410	3306	4218	
969	106	3430618
3471	
970	157	4726897
3258	
971	36	4641938
3649	3429	
972	9	3433802
3184	
973	105	4798902
3515	3053	3605	
974	56	3768335
3236	
975	136	4724502
3069	4250	3336	
976	70	4979005
4162	3757	4025	
977	82	4983114
4126	4172	3873	4109	
978	59	4728466
3347	3964	
979	21	4986731
3080	2892	3617	
980	35	5058406
3041	3868	3431	3275	
981	69	5061418
3012	
982	105	4806044
4274	3504	4250	
983	37	5065469
4175	3989	3203	4051	
984	47	4024053
3669	
985	143	4804491
3983	4288	3762	3030	
986	84	4730107
3430	4305	3498	
987	136	4800226
4204	3035	2921	
988	48	4724578
4030	3065	3407	
989	38	4809443
3116	3399	
990	85	4813247
3800	3804	
991	79	4013263
3290	
992	137	4804101
3876	
993	136	4808218
4005	4117	3483	
994	108	4017430
3203	4167	
995	120	4811674
3300	3888	3456	
996	102	4800859
3544	3669	
997	157	4816726
3479	
998	73	4802531
4024	
999	4	5069086
3012	3786	4178	3617	
1000	147	4804453
4302	3594	
1001	33	5493259
2984	4207	
1002	110	3935066
4133	
1003	53	4889218
4251	4092	
1004	8	5496284
3181	3025	
1005	135	4808635
4186	4246	4182	
1006	101	4805619
3088	
1007	99	5500456
3222	3400	4172	3910	
1008	59	5503937
3511	3481	
1009	151	4815705
3906	3595	3701	3512	
1010	60	5504108
3855	3692	3918	3652	
1011	128	5072051
3206	2965	
1012	67	5492847
3928	3432	4180	
1013	121	4118594
2898	
1014	79	4121912
3318	
1015	135	4812191
3869	3873	3556	
1016	36	4728225
3323	3647	
1017	13	3604772
4265	
1018	63	5507821
3023	3713	
1019	66	5507992
3729	4055	
1020	96	5579756
3908	3690	
1021	7	5580169
3332	3465	4240	3948	
1022	146	4800490
4286	3865	
1023	85	5496965
4103	4118	
1024	137	5499427
3182	
1025	52	5583093
3179	3245	2924	
1026	144	5580252
3531	3964	3860	
1027	134	5586797
3636	3030	3704	
1028	141	5583835
3908	3507	4175	4079	
1029	97	5584344
4125	3250	4092	
1030	94	5587455
2968	4170	3387	3111	
1031	30	4202265
4114	
1032	19	5590895
4249	3880	3440	
1033	109	4025610
3066	
1034	132	5590160
3369	3363	
1035	21	5662955
4053	3215	3660	
1036	40	4888304
3213	4260	3473	
1037	40	4892008
3567	4077	3704	
1038	117	5593527
3477	3627	3132	3367	
1039	15	5578899
3917	3261	
1040	124	5589385
3942	3517	4042	
1041	120	5587438
3113	3427	3603	
1042	61	5666741
2930	2972	3786	
1043	83	4036122
3644	3143	
1044	110	4108570
4048	
1045	105	5663872
3097	3229	3115	
1046	4	5670820
4280	3845	3239	4079	
1047	99	5665979
3833	3325	3971	4052	
1048	140	5670274
3022	3894	3338	4295	
1049	53	5670769
3523	3559	
1050	131	5589316
3294	2995	3020	3642	
1051	36	4808134
3863	3764	
1052	146	4811336
3918	3202	
1053	9	3850514
3880	
1054	85	5673896
3817	3127	
1055	78	5593167
3443	3851	
1056	135	4895715
3134	2951	3707	
1057	114	5666957
4169	4270	3576	3909	
1058	38	5677832
3532	3936	
1059	80	4288984
3880	
1060	151	5664778
3840	3994	4069	3211	
1061	32	4899245
3085	3530	
1062	160	5665093
3453	3930	
1063	96	5669978
3529	3021	
1064	2	4902759
3036	3562	3514	
1065	13	3861239
3597	
1066	142	5674463
4295	3576	4189	
1067	46	5749824
3418	3920	3531	3592	
1068	122	5674303
3514	3597	3483	
1069	135	4974172
3927	3906	3013	
1070	100	5675596
2906	3997	3142	3398	
1071	7	5754000
3262	3445	3438	4176	
1072	27	4980867
3257	
1073	114	5678896
3322	3796	2890	3300	
1074	54	5758145
3813	3436	4145	
1075	58	5750394
3197	3009	3098	
1076	131	5679488
4139	4015	4148	3421	
1077	9	3951062
3418	
1078	40	4983983
3478	3785	3116	
1079	114	5754418
3468	3073	3185	4024	
1080	25	5761724
3427	3579	
1081	24	5765922
4036	3348	3667	4198	
1082	98	5757492
4009	4236	4293	
1083	153	5837753
4274	4252	3056	3431	
1084	125	5760320
4070	3613	3944	
1085	116	5764103
4168	3350	3311	4075	
1086	19	5767112
3389	4036	3009	
1087	31	3079016
3009	
1088	10	5841843
3925	4293	3337	4090	
1089	14	4355604
3440	
1090	65	4033375
3225	3619	
1091	22	5839566
2900	3405	4054	
1092	132	5844859
3567	3016	
1093	14	4359077
3473	
1094	34	5848508
3855	3543	3649	
1095	30	4362560
3483	
1096	18	5852168
3523	3511	3850	3660	
1097	67	5843229
4244	3892	4297	
1098	54	5924320
3850	3707	3752	
1099	45	5849902
3438	2966	
1100	58	5763617
3168	3164	3297	
1101	67	5922141
3310	3903	3839	
1102	7	5928010
3663	3823	4107	3690	
1103	7	5931512
3172	3419	2904	3502	
1104	139	5838725
3808	3032	3365	3088	
1105	147	5841708
3136	2983	
1106	132	5935392
4251	3880	
1107	77	5939477
3990	3003	2897	4085	
1108	134	6010857
4093	3760	2980	
1109	160	5926346
4118	4124	
1110	25	6014030
3448	3173	
1111	83	4376598
3740	3423	
1112	28	5842620
4098	3492	3672	3054	
1113	82	5922282
4151	3398	4152	4126	
1114	53	5928988
3296	3087	
1115	145	5751544
3656	
1116	102	5845972
3614	4264	
1117	72	5839854
3949	4090	3021	4165	
1118	7	6017387
2888	3323	3274	3357	
1119	29	5852560
3956	3848	3314	
1120	59	5843231
3663	3377	
1121	81	5929561
3215	
1122	158	6021673
4217	3207	3020	4286	
1123	72	5847322
3716	3490	3131	4091	
1124	160	5936786
3486	4018	
1125	87	5850976
3964	3654	
1126	67	6008473
4062	3286	2950	
1127	122	5926017
3906	3556	3735	
1128	121	4470846
3301	
1129	128	5929346
4061	3329	
1130	148	6025498
3815	3328	3825	
1131	82	5932957
3945	2957	3432	3611	
1132	0	6016438
3623	4165	2921	3394	
1133	160	6019033
3547	3068	
1134	137	6022905
3872	
1135	102	5937068
4037	4300	
1136	120	5923655
4179	3609	4279	
1137	146	6019963
3122	3998	
1138	99	6096778
2971	4062	3399	2880	
1139	99	6099714
4070	2910	3507	2936	
1140	61	6095734
3535	3299	4192	
1141	69	6099014
3280	
1142	48	6023602
3197	3924	3639	
1143	160	6098841
3385	4001	
1144	1	6098787
3946	
1145	147	6008912
4051	3444	
1146	28	6101950
3535	4095	4060	2936	
1147	159	6095825
3156	3823	
1148	129	6103934
3930	3701	4220	
1149	60	6107950
4098	2959	3122	4016	
1150	2	6012025
3170	3860	3113	
1151	0	6107086
3227	3461	3647	4315	
1152	39	6015396
2915	3371	
1153	133	6102500
2905	3342	3713	
1154	6	6109656
3787	3594	3238	
1155	76	5937628
3045	3078	3394	3007	
1156	49	6110299
3536	3322	4067	
1157	153	6185010
4168	3018	3704	3810	
1158	6	6181386
3136	3391	3330	
1159	53	6106222
4052	3722	
1160	68	6184653
4218	3680	3100	
1161	112	6187767
3112	3115	
1162	88	6184573
3871	3166	3187	
1163	47	4463758
3965	
1164	130	6188212
3604	3202	
1165	142	6192211
3901	3984	3999	
1166	5	6195108
3854	3144	3384	2897	
1167	65	4374126
3564	4234	
1168	93	6198230
3007	3132	3567	3122	
1169	58	6182992
3627	3650	4293	
1170	48	6187680
4238	3051	3107	
1171	59	6186605
4132	3613	
1172	138	6109338
3624	3182	3116	
1173	102	6177471
3963	3583	
1174	68	6198923
4071	3417	3605	
1175	90	6256632
3561	
1176	137	6271198
4063	
1177	26	6274919
3654	3721	2907	
1178	59	6190296
4102	3691	
1179	57	6278902
3441	3983	3657	3226	
1180	16	6259761
3236	2943	3129	
1181	150	4484166
3715	
1182	64	6263434
2902	3160	3673	
1183	90	6342704
3670	
1184	102	6345920
3985	3216	
1185	9	4379928
3584	
1186	137	6282845
3943	
1187	148	6354932
3668	3686	2970	
1188	21	6278498
3127	4035	3579	
1189	21	6282514
3526	3648	4016	
1190	13	4463394
3396	
1191	3	5758844
3959	3744	
1192	86	6350070
4023	2974	4150	
1193	127	6358665
3691	4287	3128	3733	
1194	115	6361872
3901	3337	4266	3207	
1195	83	4720102
2884	3779	
1196	20	6365216
3155	4229	3794	3344	
1197	21	6354700
3324	3704	3786	
1198	123	6358089
3277	3620	3383	3389	
1199	70	6362143
3015	3257	4054	
1200	43	6365603
3002	3644	3460	
1201	34	6368764
3855	3464	3548	
1202	74	6197935
3204	
1203	68	6368603
3151	3664	3000	
1204	47	4492326
3873	
1205	35	6443682
3443	3869	3690	3604	
1206	40	6432593
4179	3027	3233	
1207	68	6447173
3873	3804	3491	
1208	26	6450291
3264	4067	3118	
1209	153	6528104
4003	3007	3857	2950	
1210	15	6445549
3180	3821	
1211	61	6453172
3142	3346	2881	
1212	99	6531542
2928	3384	4145	3438	
1213	104	6457422
3868	2959	4250	
1214	86	6517237
2964	3847	3133	
1215	132	6535217
2911	3675	
1216	88	6273037
3517	3431	3743	
1217	46	6538959
4134	3799	3071	3742	
1218	85	6455562
3013	3596	
1219	147	6520665
3467	3428	
1220	109	4814794
3293	
1221	6	6276585
3832	3163	3548	
1222	26	6529237
3853	3642	3415	
1223	34	6542658
2967	3354	3699	
1224	132	6614968
2964	3910	
1225	72	6362737
3563	4112	3406	3896	
1226	130	6618910
3048	3942	
1227	147	6600003
3359	3738	
1228	42	4893437
3083	
1229	62	6622389
3686	3001	3479	
1230	68	6532496
2914	4311	3259	
1231	34	6626042
4103	3777	3653	
1232	144	6535460
4212	3058	2964	
1233	160	6535131
4301	3017	
1234	121	4891268
3961	
1235	93	6629997
3933	4007	4168	3955	
1236	11	5837670
4257	4042	
1237	66	6539436
4267	3976	
1238	109	4973316
2921	
1239	52	6701593
3793	3280	3196	
1240	38	6538697
3046	3525	
1241	65	4642149
2921	4046	
1242	25	6704550
3484	2957	
1243	33	6370802
3251	3798	
1244	118	6442189
2987	
1245	129	6707663
4239	4227	3113	
1246	58	6446063
3767	3508	3874	
1247	137	6615582
3644	
1248	106	4631691
4224	
1249	69	6542704
3268	
1250	42	4980810
3986	
1251	14	4551796
3809	
1252	159	6614957
3050	3019	
1253	7	6710811
3357	3395	3062	3148	
1254	151	6619263
3095	3354	3091	3681	
1255	15	6622567
3133	3894	
1256	0	6626960
3116	4301	3439	3531	
1257	78	6623154
3314	3891	
1258	89	6629980
3307	3398	3020	
1259	46	6713942
4222	4245	3384	3131	
1260	124	6614614
2933	3791	4133	
1261	7	6717594
3269	3260	2883	3652	
1262	76	6453133
2976	3801	3356	3672	
1263	134	6789784
3447	3285	3790	
1264	8	6456701
3149	3568	
1265	38	6702553
4045	3838	
1266	129	6793477
3798	3150	3693	
1267	77	6797775
4261	2925	4041	4298	
1268	157	6706289
3736	
1269	87	6528098
3755	2997	
1270	129	6801563
3533	3902	3788	
1271	146	6713535
3159	3078	
1272	109	4988055
4312	
1273	112	6711911
4154	2940	
1274	143	6873614
2945	4285	4319	3651	
1275	105	6709206
3261	3036	2917	
1276	72	6531848
3171	4091	3071	3750	
1277	135	6787723
3891	3469	3093	
1278	138	6712271
3422	4158	3065	
1279	74	6716751
3216	
1280	130	6876674
2896	3060	
1281	129	6879747
4286	3928	3073	
1282	65	4799953
3185	4248	
1283	20	6883392
4126	3372	2952	3645	
1284	45	6716026
3319	3755	
1285	7	6886793
3510	3999	2968	3401	
1286	16	6794591
2923	4222	3900	
1287	1	6787907
3481	
1288	87	6534803
4177	2955	
1289	139	6798123
3663	3456	4110	3532	
1290	27	6801428
3305	
1291	7	6889931
3624	3400	3322	3138	
1292	106	4813348
4005	
1293	83	5146120
3835	4015	
1294	68	6792268
4293	3386	3025	
1295	94	6795345
4215	3220	3038	3077	
1296	102	6876572
3793	3422	
1297	119	6962062
3731	
1298	71	6966185
3951	3866	4123	
1299	129	6969257
3378	3397	3072	
1300	104	6799402
2943	3025	3737	
1301	1	6794100
3155	
1302	129	6972866
3236	3480	3609	
1303	87	6538906
3172	4103	
1304	34	7045446
3838	3300	4180	
1305	121	5232678
4086	
1306	145	6626497
3343	
1307	30	4824735
3583	
1308	146	6874612
3204	4042	
1309	26	6874616
3276	3495	3082	
1310	80	4832017
4006	
1311	2	6879977
3255	3706	3405	
1312	96	6878729
4114	4056	
1313	153	7048730
3144	3890	4275	3284	
1314	113	6630054
3195	3557	
1315	84	6701745
2960	2974	3291	
1316	49	6886255
4065	3636	2895	
1317	42	5155647
3409	
1318	126	6877953
2943	3815	3341	3055	
1319	145	6705500
3755	
1320	44	7052394
3664	
1321	126	6881461
4262	3981	3508	2896	
1322	29	6887850
3795	3257	3598	
1323	95	6960548
3522	4297	4045	
1324	123	6964381
4003	4234	4031	3833	
1325	62	7055422
3248	3109	3028	
1326	155	6968173
3573	4238	3639	3792	
1327	94	6971601
3819	3027	3509	3428	
1328	11	6715737
4012	3097	
1329	103	6958964
3538	3019	2883	4309	
1330	88	6885023
3451	3902	3562	
1331	150	4972343
4214	
1332	97	6975462
3329	4247	3861	
1333	147	6963530
4055	2983	
1334	22	7032492
3617	4154	3030	
1335	76	6962918
3410	3187	3028	3954	
1336	82	7035626
3705	3769	3290	3134	
1337	54	7059296
3928	3686	3874	
1338	42	5245957
3176	
1339	54	7063155
4034	4141	3859	
1340	19	7038809
4295	3672	3183	
1341	86	6967076
3679	4184	3546	
1342	115	7135737
3960	2899	3388	4182	
1343	13	4890944
2942	
1344	79	5328555
3382	
1345	77	7138719
3362	3071	4014	2982	
1346	39	6970380
3921	3304	
1347	86	6973558
3737	3166	3178	
1348	144	7046058
4296	3010	3649	
1349	55	6964781
4172	3862	
1350	124	6968121
4034	2957	3340	
1351	109	5329013
3272	
1352	44	7143012
4293	
1353	150	4983571
3538	
1354	66	7049883
3437	3825	
1355	92	7146170
3693	3520	2940	3158	
1356	141	6976258
3018	3848	3465	3575	
1357	79	5406870
3438	
1358	39	7046117
3711	4159	
1359	65	5058737
3026	3821	
1360	107	7050336
3211	4219	
1361	75	7053177
3720	3970	3294	
1362	139	7053526
2946	3199	4217	3190	
1363	84	6792287
3824	4068	4180	
1364	76	7047967
3137	4237	4095	3309	
1365	0	7057184
3721	4232	3505	4007	
126
35292	16940
110162	52877
114164	54798
495196	237694
1203475	577668
2807814	1347750
6376469	3060705
14181040	6806899
31039195	14898813
15147	7270
22428	10765
42156	20234
138523	66491
279762	134285
542410	260356
1026909	492916
1902395	913149
3466661	1663997
30588	14682
33871	16258
46671	22402
126688	60810
225260	108124
384508	184563
638389	306426
1038153	498313
1661751	797640
26701	12816
80015	38407
152955	73418
627064	300990
1467710	704500
3297920	1583001
7287174	3497843
15727079	7548997
33347150	16006632
41126	19740
69073	33155
113198	54335
602503	289201
1678301	805584
4487985	2154232
11730275	5630532
29993328	14396797
75424735	36203872
4990	2395
50898	24430
55814	26790
193226	92748
404055	193946
811125	389340
1592750	764520
3059004	1468321
5777340	2773123
22624	10859
71970	34545
74883	35943
383748	184199
1042281	500294
2717656	1304474
6907511	3315605
17187148	8249831
42077889	20197386
27736	13313
97073	46595
107588	51642
480983	230871
1192713	572502
2839315	1362871
6585163	3160878
14953260	7177564
33412863	16038174
1961	941
5637	2705
7596	3646
16751	8040
25933	12447
38542	18500
55905	26834
79358	38091
110817	53192
5249	2519
13238	6354
23235	11152
57509	27604
96152	46152
154330	74078
242084	116200
371497	178318
560693	269132
27501	13200
52792	25339
52857	25371
264757	127083
708225	339948
1818719	872985
4553470	2185665
11159841	5356723
26911035	12917296
52800	25343
53763	25805
70704	33937
320259	153724
801133	384543
1923879	923461
4515927	2167644
10369802	4977504
23418721	11240986
3832	1839
20718	9944
21988	10554
78223	37547
166572	79954
340515	163447
680679	326725
1330936	638849
2559244	1228437
51359	24651
54581	26198
67664	32478
214319	102873
422368	202736
799086	383561
1470970	706065
2652001	1272960
4705945	2258853
5
15.625
24.625
14.75
38.625
15.875
85
46800	64800
133200	151200
219600	237600
306000	324000
392400	410400
478800	496800
565200	583200
651600	669600
738000	756000
824400	842400
910800	928800
997200	1015200
1083600	1101600
1170000	1188000
1256400	1274400
1342800	1360800
1429200	1447200
1515600	1533600
1602000	1620000
1688400	1706400
1774800	1792800
1861200	1879200
1947600	1965600
2034000	2052000
2120400	2138400
2206800	2224800
2293200	2311200
2379600	2397600
2466000	2484000
2552400	2570400
2638800	2656800
2725200	2743200
2811600	2829600
2898000	2916000
2984400	3002400
3070800	3088800
3157200	3175200
3243600	3261600
3330000	3348000
3416400	3434400
3502800	3520800
3589200	3607200
3675600	3693600
3762000	3780000
3848400	3866400
3934800	3952800
4021200	4039200
4107600	4125600
4194000	4212000
4280400	4298400
4366800	4384800
4453200	4471200
4539600	4557600
4626000	4644000
4712400	4730400
4798800	4816800
4885200	4903200
4971600	4989600
5058000	5076000
5144400	5162400
5230800	5248800
5317200	5335200
5403600	5421600
5490000	5508000
5576400	5594400
5662800	5680800
5749200	5767200
5835600	5853600
5922000	5940000
6008400	6026400
6094800	6112800
6181200	6199200
6267600	6285600
6354000	6372000
6440400	6458400
6526800	6544800
6613200	6631200
6699600	6717600
6786000	6804000
6872400	6890400
6958800	6976800
7045200	7063200
7131600	7149600
7218000	7236000
1000000000	2000000000
222222222222222222222222
222222442222222222222222
222222442222226622222222
222222222222222222222222
222222332222222222222222
222222222222222200222222
222222222222332222222222
222222222222222222222222
221122222222222222222222
222222222222222222222222
222222222222222222221122
662222662222222200222222
222222222222221122222233
770022222222222222222222
92
46800	64800
133200	151200
219600	237600
306000	324000
392400	410400
478800	496800
565200	583200
651600	669600
738000	756000
824400	842400
910800	928800
997200	1015200
1083600	1101600
1170000	1188000
1256400	1274400
1342800	1360800
1429200	1447200
1515600	1533600
1602000	1620000
1688400	1706400
1774800	1792800
1846800	1857600
1861200	1886400
1933200	1944000
1947600	1972800
2019600	2030400
2034000	2059200
2106000	2116800
2120400	2145600
2192400	2203200
2206800	2232000
2278800	2289600
2293200	2318400
2365200	2376000
2379600	2404800
2466000	2484000
2552400	2570400
2638800	2656800
2725200	2743200
2811600	2829600
2898000	2916000
2984400	3002400
3070800	3088800
3157200	3175200
3243600	3261600
3330000	3348000
3416400	3434400
3502800	3520800
3589200	3607200
3675600	3693600
3762000	3780000
3848400	3866400
3934800	3952800
4021200	4039200
4107600	4125600
4194000	4212000
4280400	4298400
4366800	4384800
4453200	4471200
4539600	4557600
4626000	4644000
4712400	4730400
4798800	4816800
4885200	4903200
4971600	4989600
5058000	5076000
5144400	5162400
5230800	5248800
5317200	5335200
5403600	5421600
5490000	5508000
5576400	5594400
5662800	5680800
5749200	5767200
5835600	5853600
5922000	5940000
6008400	6026400
6094800	6112800
6181200	6199200
6267600	6285600
6354000	6372000
6440400	6458400
6526800	6544800
6613200	6631200
6699600	6717600
6786000	6804000
6872400	6890400
6958800	6976800
7045200	7063200
7131600	7149600
7218000	7236000
1000000000	2000000000
222222222222222222222222
222222442222222222222222
222222442222226622222222
222222222222222222222222
222222332222222222222222
222222222222222200222222
222222222222332222222222
222222222222222222222222
221122222222222222222222
222222222222222222222222
222222222222222222221122
662222662222222200222222
222222222222221122222233
770022222222222222222222
99
46800	64800
133200	151200
219600	237600
306000	324000
392400	410400
478800	496800
565200	583200
651600	669600
738000	756000
824400	842400
910800	928800
997200	1015200
1083600	1101600
1170000	1188000
1256400	1274400
1342800	1360800
1429200	1447200
1515600	1533600
1602000	1620000
1688400	1706400
1774800	1792800
1846800	1857600
1861200	1886400
1933200	1944000
1947600	1972800
2019600	2030400
2034000	2059200
2106000	2116800
2120400	2145600
2192400	2203200
2206800	2232000
2278800	2289600
2293200	2318400
2365200	2376000
2379600	2404800
2466000	2484000
2552400	2570400
2638800	2656800
2725200	2743200
2811600	2829600
2898000	2916000
2984400	3002400
3070800	3088800
3157200	3175200
3243600	3261600
3330000	3348000
3416400	3434400
3502800	3520800
3589200	3607200
3675600	3693600
3762000	3780000
3848400	3866400
3934800	3952800
4021200	4039200
4107600	4125600
4194000	4212000
4266000	4276800
4280400	4320000
4352400	4363200
4366800	4406400
4438800	4449600
4453200	4492800
4525200	4536000
4539600	4579200
4611600	4622400
4626000	4665600
4698000	4708800
4712400	4752000
4784400	4795200
4798800	4838400
4885200	4903200
4971600	4989600
5058000	5076000
5144400	5162400
5230800	5248800
5317200	5335200
5403600	5421600
5490000	5508000
5576400	5594400
5662800	5680800
5749200	5767200
5835600	5853600
5922000	5940000
6008400	6026400
6094800	6112800
6181200	6199200
6267600	6285600
6354000	6372000
6440400	6458400
6526800	6544800
6613200	6631200
6699600	6717600
6786000	6804000
6872400	6890400
6958800	6976800
7045200	7063200
7131600	7149600
7218000	7236000
1000000000	2000000000
222222222222222222222222
222222442222222222222222
222222442222226622222222
222222222222222222222222
222222332222222222222222
222222222222222200222222
222222222222332222222222
222222222222222222222222
221122222222222222222222
222222222222222222222222
222222222222222222221122
662222662222222200222222
222222222222221122222233
770022222222222222222222
85
46800	64800
133200	151200
219600	237600
306000	324000
392400	410400
478800	496800
565200	583200
651600	669600
738000	756000
824400	842400
910800	928800
997200	1015200
1083600	1101600
1170000	1188000
1256400	1274400
1342800	1360800
1429200	1447200
1515600	1533600
1602000	1620000
1688400	1706400
1774800	1792800
1861200	1879200
1947600	1965600
2034000	2052000
2120400	2138400
2206800	2224800
2293200	2311200
2379600	2397600
2466000	2484000
2552400	2570400
2638800	2656800
2725200	2743200
2811600	2829600
2898000	2916000
2984400	3002400
3070800	3088800
3157200	3175200
3243600	3261600
3330000	3348000
3416400	3434400
3502800	3520800
3589200	3607200
3675600	3693600
3762000	3780000
3848400	3866400
3934800	3952800
4021200	4039200
4107600	4125600
4194000	4212000
4280400	4298400
4366800	4384800
4453200	4471200
4539600	4557600
4626000	4644000
4712400	4730400
4798800	4816800
4885200	4903200
4971600	4989600
5058000	5076000
5144400	5162400
5230800	5248800
5317200	5335200
5403600	5421600
5490000	5508000
5576400	5594400
5662800	5680800
5749200	5767200
5835600	5853600
5922000	5940000
6008400	6026400
6094800	6112800
6181200	6199200
6267600	6285600
6354000	6372000
6440400	6458400
6526800	6544800
6613200	6631200
6699600	6717600
6786000	6804000
6872400	6890400
6958800	6976800
7045200	7063200
7131600	7149600
7218000	7236000
1000000000	2000000000
222222222222222222222222
222222442222222222222222
222222442222226622222222
222222222222222222222222
222222332222222222222222
222222222222222200222222
222222222222332222222222
222222222222222222222222
221122222222222222222222
222222222222222222222222
222222222222222222221122
662222662222222200222222
222222222222221122222233
770022222222222222222222
92
46800	64800
133200	151200
219600	237600
306000	324000
392400	410400
478800	496800
565200	583200
651600	669600
738000	756000
824400	842400
910800	928800
997200	1015200
1083600	1101600
1170000	1188000
1256400	1274400
1342800	1360800
1429200	1447200
1515600	1533600
1602000	1620000
1688400	1706400
1774800	1792800
1846800	1857600
1861200	1879200
1933200	1944000
1947600	1965600
2019600	2030400
2034000	2052000
2106000	2116800
2120400	2138400
2192400	2203200
2206800	2224800
2278800	2289600
2293200	2311200
2365200	2376000
2379600	2397600
2466000	2484000
2552400	2570400
2638800	2656800
2725200	2743200
2811600	2829600
2898000	2916000
2984400	3002400
3070800	3088800
3157200	3175200
3243600	3261600
3330000	3348000
3416400	3434400
3502800	3520800
3589200	3607200
3675600	3693600
3762000	3780000
3848400	3866400
3934800	3952800
4021200	4039200
4107600	4125600
4194000	4212000
4280400	4298400
4366800	4384800
4453200	4471200
4539600	4557600
4626000	4644000
4712400	4730400
4798800	4816800
4885200	4903200
4971600	4989600
5058000	5076000
5144400	5162400
5230800	5248800
5317200	5335200
5403600	5421600
5490000	5508000
5576400	5594400
5662800	5680800
5749200	5767200
5835600	5853600
5922000	5940000
6008400	6026400
6094800	6112800
6181200	6199200
6267600	6285600
6354000	6372000
6440400	6458400
6526800	6544800
6613200	6631200
6699600	6717600
6786000	6804000
6872400	6890400
6958800	6976800
7045200	7063200
7131600	7149600
7218000	7236000
1000000000	2000000000
222222222222222222222222
222222442222222222222222
222222442222226622222222
222222222222222222222222
222222332222222222222222
222222222222222200222222
222222222222332222222222
222222222222222222222222
221122222222222222222222
222222222222222222222222
222222222222222222221122
662222662222222200222222
222222222222221122222233
770022222222222222222222
85
46800	64800
133200	151200
219600	237600
306000	324000
392400	410400
478800	496800
565200	583200
651600	669600
738000	756000
824400	842400
910800	928800
997200	1015200
1083600	1101600
1170000	1188000
1256400	1274400
1342800	1360800
1429200	1447200
1515600	1533600
1602000	1620000
1688400	1706400
1774800	1792800
1861200	1879200
1947600	1965600
2034000	2052000
2120400	2138400
2206800	2224800
2293200	2311200
2379600	2397600
2466000	2484000
2552400	2570400
2638800	2656800
2725200	2743200
2811600	2829600
2898000	2916000
2984400	3002400
3070800	3088800
3157200	3175200
3243600	3261600
3330000	3348000
3416400	3434400
3502800	3520800
3589200	3607200
3675600	3693600
3762000	3780000
3848400	3866400
3934800	3952800
4021200	4039200
4107600	4125600
4194000	4212000
4280400	4298400
4366800	4384800
4453200	4471200
4539600	4557600
4626000	4644000
4712400	4730400
4798800	4816800
4838400	4838400
4924800	4924800
5011200	5011200
5097600	5097600
5184000	5184000
5270400	5270400
5356800	5356800
5490000	5508000
5576400	5594400
5662800	5680800
5749200	5767200
5835600	5853600
5922000	5940000
6008400	6026400
6094800	6112800
6181200	6199200
6267600	6285600
6354000	6372000
6440400	6458400
6526800	6544800
6613200	6631200
6699600	6717600
6786000	6804000
6872400	6890400
6958800	6976800
7045200	7063200
7131600	7149600
7218000	7236000
1000000000	2000000000
222222222222222222222222
222222442222222222222222
222222442222226622222222
222222222222222222222222
222222332222222222222222
222222222222222200222222
222222222222332222222222
222222222222222222222222
221122222222222222222222
222222222222222222222222
222222222222222222221122
662222662222222200222222
222222222222221122222233
770022222222222222222222
92
46800	64800
133200	151200
219600	237600
306000	324000
392400	410400
478800	496800
565200	583200
651600	669600
738000	756000
824400	842400
910800	928800
997200	1015200
1083600	1101600
1170000	1188000
1256400	1274400
1342800	1360800
1429200	1447200
1515600	1533600
1602000	1620000
1688400	1706400
1774800	1792800
1861200	1879200
1947600	1965600
2034000	2052000
2120400	2138400
2206800	2224800
2293200	2311200
2379600	2397600
2466000	2484000
2552400	2570400
2638800	2656800
2725200	2743200
2811600	2829600
2898000	2916000
2984400	3002400
3070800	3088800
3157200	3175200
3243600	3261600
3330000	3348000
3416400	3434400
3502800	3520800
3589200	3607200
3661200	3672000
3675600	3693600
3747600	3758400
3762000	3780000
3834000	3844800
3848400	3866400
3920400	3931200
3934800	3952800
4006800	4017600
4021200	4039200
4093200	4104000
4107600	4125600
4179600	4190400
4194000	4212000
4280400	4298400
4366800	4384800
4453200	4471200
4539600	4557600
4626000	4644000
4712400	4730400
4798800	4816800
4885200	4903200
4971600	4989600
5058000	5076000
5144400	5162400
5230800	5248800
5317200	5335200
5403600	5421600
5490000	5508000
5576400	5594400
5662800	5680800
5749200	5767200
5835600	5853600
5922000	5940000
6008400	6026400
6094800	6112800
6181200	6199200
6267600	6285600
6354000	6372000
6440400	6458400
6526800	6544800
6613200	6631200
6699600	6717600
6786000	6804000
6872400	6890400
6958800	6976800
7045200	7063200
7131600	7149600
7218000	7236000
1000000000	2000000000
222222222222222222222222
222222442222222222222222
222222442222226622222222
222222222222222222222222
222222332222222222222222
222222222222222200222222
222222222222332222222222
222222222222222222222222
221122222222222222222222
222222222222222222222222
222222222222222222221122
662222662222222200222222
222222222222221122222233
770022222222222222222222
85
46800	64800
133200	151200
219600	237600
306000	324000
392400	410400
478800	496800
565200	583200
651600	669600
738000	756000
824400	842400
910800	928800
997200	1015200
1083600	1101600
1170000	1188000
1256400	1274400
1342800	1360800
1429200	1447200
1515600	1533600
1602000	1620000
1688400	1706400
1774800	1792800
1861200	1879200
1947600	1965600
2034000	2052000
2120400	2138400
2206800	2224800
2293200	2311200
2379600	2397600
2466000	2484000
2552400	2570400
2638800	2656800
2725200	2743200
2811600	2829600
2898000	2916000
2984400	3002400
3070800	3088800
3157200	3175200
3243600	3261600
3330000	3348000
3416400	3434400
3502800	3520800
3589200	3607200
3675600	3693600
3762000	3780000
3848400	3866400
3934800	3952800
4021200	4039200
4107600	4125600
4194000	4212000
4280400	4298400
4366800	4384800
4453200	4471200
4539600	4557600
4626000	4644000
4712400	4730400
4798800	4816800
4885200	4903200
4971600	4989600
5058000	5076000
5144400	5162400
5230800	5248800
5317200	5335200
5403600	5421600
5490000	5508000
5576400	5594400
5662800	5680800
5749200	5767200
5835600	5853600
5922000	5940000
6008400	6026400
6094800	6112800
6181200	6199200
6267600	6285600
6354000	6372000
6440400	6458400
6526800	6544800
6613200	6631200
6699600	6717600
6786000	6804000
6872400	6890400
6958800	6976800
7045200	7063200
7131600	7149600
7218000	7236000
1000000000	2000000000
222222222222222222222222
222222442222222222222222
222222442222226622222222
222222222222222222222222
222222332222222222222222
222222222222222200222222
222222222222332222222222
222222222222222222222222
221122222222222222222222
222222222222222222222222
222222222222222222221122
662222662222222200222222
222222222222221122222233
770022222222222222222222
85
46800	64800
133200	151200
219600	237600
306000	324000
392400	410400
478800	496800
565200	583200
637200	648000
723600	734400
810000	820800
896400	907200
982800	993600
1069200	1080000
1155600	1166400
1256400	1274400
1342800	1360800
1429200	1447200
1515600	1533600
1602000	1620000
1688400	1706400
1774800	1792800
1861200	1879200
1947600	1965600
2034000	2052000
2120400	2138400
2206800	2224800
2293200	2311200
2379600	2397600
2466000	2484000
2552400	2570400
2638800	2656800
2725200	2743200
2811600	2829600
2898000	2916000
2984400	3002400
3070800	3088800
3157200	3175200
3243600	3261600
3330000	3348000
3416400	3434400
3502800	3520800
3589200	3607200
3675600	3693600
3762000	3780000
3848400	3866400
3934800	3952800
4021200	4039200
4107600	4125600
4194000	4212000
4280400	4298400
4366800	4384800
4453200	4471200
4539600	4557600
4626000	4644000
4712400	4730400
4798800	4816800
4885200	4903200
4971600	4989600
5058000	5076000
5144400	5162400
5230800	5248800
5317200	5335200
5403600	5421600
5490000	5508000
5576400	5594400
5662800	5680800
5749200	5767200
5835600	5853600
5922000	5940000
6008400	6026400
6094800	6112800
6181200	6199200
6267600	6285600
6354000	6372000
6440400	6458400
6526800	6544800
6613200	6631200
6699600	6717600
6786000	6804000
6872400	6890400
6958800	6976800
7045200	7063200
7131600	7149600
7218000	7236000
1000000000	2000000000
222222222222222222222222
222222442222222222222222
222222442222226622222222
222222222222222222222222
222222332222222222222222
222222222222222200222222
222222222222332222222222
222222222222222222222222
221122222222222222222222
222222222222222222222222
222222222222222222221122
662222662222222200222222
222222222222221122222233
770022222222222222222222
85
46800	64800
133200	151200
219600	237600
306000	324000
392400	410400
478800	496800
565200	583200
651600	669600
738000	756000
824400	842400
910800	928800
997200	1015200
1083600	1101600
1170000	1188000
1256400	1274400
1342800	1360800
1429200	1447200
1515600	1533600
1602000	1620000
1688400	1706400
1774800	1792800
1861200	1879200
1947600	1965600
2034000	2052000
2120400	2138400
2206800	2224800
2293200	2311200
2379600	2397600
2466000	2484000
2552400	2570400
2638800	2656800
2725200	2743200
2811600	2829600
2898000	2916000
2984400	3002400
3070800	3088800
3157200	3175200
3243600	3261600
3330000	3348000
3416400	3434400
3502800	3520800
3589200	3607200
3675600	3693600
3762000	3780000
3848400	3866400
3934800	3952800
4021200	4039200
4107600	4125600
4194000	4212000
4280400	4298400
4366800	4384800
4453200	4471200
4539600	4557600
4626000	4644000
4712400	4730400
4798800	4816800
4885200	4903200
4971600	4989600
5058000	5076000
5144400	5162400
5230800	5248800
5317200	5335200
5403600	5421600
5490000	5508000
5576400	5594400
5662800	5680800
5749200	5767200
5835600	5853600
5922000	5940000
6008400	6026400
6094800	6112800
6181200	6199200
6267600	6285600
6354000	6372000
6440400	6458400
6526800	6544800
6613200	6631200
6699600	6717600
6786000	6804000
6872400	6890400
6958800	6976800
7045200	7063200
7131600	7149600
7218000	7236000
1000000000	2000000000
222222222222222222222222
222222442222222222222222
222222442222226622222222
222222222222222222222222
222222332222222222222222
222222222222222200222222
222222222222332222222222
222222222222222222222222
221122222222222222222222
222222222222222222222222
222222222222222222221122
662222662222222200222222
222222222222221122222233
770022222222222222222222
85
46800	64800
133200	151200
219600	237600
306000	324000
392400	410400
478800	496800
565200	583200
651600	669600
738000	756000
824400	842400
910800	928800
997200	1015200
1083600	1101600
1170000	1188000
1256400	1274400
1342800	1360800
1429200	1447200
1515600	1533600
1602000	1620000
1688400	1706400
1774800	1792800
1861200	1879200
1947600	1965600
2034000	2052000
2120400	2138400
2206800	2224800
2293200	2311200
2379600	2397600
2466000	2484000
2552400	2570400
2638800	2656800
2725200	2743200
2811600	2829600
2898000	2916000
2984400	3002400
3070800	3088800
3157200	3175200
3243600	3261600
3330000	3348000
3416400	3434400
3502800	3520800
3589200	3607200
3675600	3693600
3762000	3780000
3848400	3866400
3934800	3952800
4021200	4039200
4107600	4125600
4194000	4212000
4280400	4298400
4366800	4384800
4453200	4471200
4539600	4557600
4626000	4644000
4712400	4730400
4798800	4816800
4885200	4903200
4971600	4989600
5058000	5076000
5144400	5162400
5230800	5248800
5317200	5335200
5403600	5421600
5490000	5508000
5576400	5594400
5662800	5680800
5749200	5767200
5835600	5853600
5922000	5940000
6008400	6026400
6080400	6091200
6166800	6177600
6253200	6264000
6339600	6350400
6426000	6436800
6512400	6523200
6598800	6609600
6699600	6717600
6786000	6804000
6872400	6890400
6958800	6976800
7045200	7063200
7131600	7149600
7218000	7236000
1000000000	2000000000
222222222222222222222222
222222442222222222222222
222222442222226622222222
222222222222222222222222
222222332222222222222222
222222222222222200222222
222222222222332222222222
222222222222222222222222
221122222222222222222222
222222222222222222222222
222222222222222222221122
662222662222222200222222
222222222222221122222233
770022222222222222222222
99
32400	43200
46800	86400
118800	129600
133200	172800
205200	216000
219600	259200
291600	302400
306000	345600
378000	388800
392400	432000
464400	475200
478800	518400
550800	561600
565200	604800
651600	669600
738000	756000
824400	842400
910800	928800
997200	1015200
1083600	1101600
1170000	1188000
1256400	1274400
1342800	1360800
1429200	1447200
1515600	1533600
1602000	1620000
1688400	1706400
1774800	1792800
1846800	1857600
1861200	1900800
1933200	1944000
1947600	1987200
2019600	2030400
2034000	2073600
2106000	2116800
2120400	2160000
2192400	2203200
2206800	2246400
2278800	2289600
2293200	2332800
2365200	2376000
2379600	2419200
2466000	2484000
2552400	2570400
2638800	2656800
2725200	2743200
2811600	2829600
2898000	2916000
2984400	3002400
3070800	3088800
3157200	3175200
3243600	3261600
3330000	3348000
3416400	3434400
3502800	3520800
3589200	3607200
3675600	3693600
3762000	3780000
3848400	3866400
3934800	3952800
4021200	4039200
4107600	4125600
4194000	4212000
4280400	4298400
4366800	4384800
4453200	4471200
4539600	4557600
4626000	4644000
4712400	4730400
4798800	4816800
4838400	4838400
4924800	4924800
5011200	5011200
5097600	5097600
5184000	5184000
5270400	5270400
5356800	5356800
5490000	5508000
5576400	5594400
5662800	5680800
5749200	5767200
5835600	5853600
5922000	5940000
6008400	6026400
6094800	6112800
6181200	6199200
6267600	6285600
6354000	6372000
6440400	6458400
6526800	6544800
6613200	6631200
6699600	6717600
6786000	6804000
6872400	6890400
6958800	6976800
7045200	7063200
7131600	7149600
7218000	7236000
1000000000	2000000000
222222222222222222222222
222222442222222222222222
222222442222226622222222
222222222222222222222222
222222332222222222222222
222222222222222200222222
222222222222332222222222
222222222222222222222222
221122222222222222222222
222222222222222222222222
222222222222222222221122
662222662222222200222222
222222222222221122222233
770022222222222222222222
92
46800	64800
133200	151200
219600	237600
306000	324000
392400	410400
478800	496800
565200	583200
651600	669600
738000	756000
824400	842400
910800	928800
997200	1015200
1083600	1101600
1170000	1188000
1256400	1274400
1342800	1360800
1429200	1447200
1515600	1533600
1602000	1620000
1688400	1706400
1774800	1792800
1861200	1879200
1947600	1965600
2034000	2052000
2120400	2138400
2206800	2224800
2293200	2311200
2379600	2397600
2466000	2484000
2552400	2570400
2638800	2656800
2725200	2743200
2811600	2829600
2898000	2916000
2984400	3002400
3070800	3088800
3157200	3175200
3243600	3261600
3330000	3348000
3416400	3434400
3502800	3520800
3589200	3607200
3675600	3693600
3762000	3780000
3848400	3866400
3934800	3952800
4021200	4039200
4107600	4125600
4194000	4212000
4266000	4276800
4352400	4363200
4438800	4449600
4525200	4536000
4611600	4622400
4698000	4708800
4784400	4795200
4885200	4903200
4971600	4989600
5058000	5076000
5144400	5162400
5230800	5248800
5317200	5335200
5403600	5421600
5490000	5508000
5576400	5594400
5662800	5680800
5749200	5767200
5835600	5853600
5922000	5940000
6008400	6026400
6094800	6112800
6181200	6199200
6267600	6285600
6354000	6372000
6440400	6458400
6526800	6544800
6613200	6631200
6685200	6696000
6699600	6717600
6771600	6782400
6786000	6804000
6858000	6868800
6872400	6890400
6944400	6955200
6958800	6976800
7030800	7041600
7045200	7063200
7117200	7128000
7131600	7149600
7203600	7214400
7218000	7236000
1000000000	2000000000
222222222222222222222222
222222442222222222222222
222222442222226622222222
222222222222222222222222
222222332222222222222222
222222222222222200222222
222222222222332222222222
222222222222222222222222
221122222222222222222222
222222222222222222222222
222222222222222222221122
662222662222222200222222
222222222222221122222233
770022222222222222222222
92
32400	43200
46800	93600
118800	129600
133200	180000
205200	216000
219600	266400
291600	302400
306000	352800
378000	388800
392400	439200
464400	475200
478800	525600
550800	561600
565200	612000
604800	604800
691200	691200
777600	777600
864000	864000
950400	950400
1036800	1036800
1123200	1123200
1256400	1274400
1342800	1360800
1429200	1447200
1515600	1533600
1602000	1620000
1688400	1706400
1774800	1792800
1861200	1879200
1947600	1965600
2034000	2052000
2120400	2138400
2206800	2224800
2293200	2311200
2379600	2397600
2466000	2484000
2552400	2570400
2638800	2656800
2725200	2743200
2811600	2829600
2898000	2916000
2984400	3002400
3070800	3088800
3157200	3175200
3243600	3261600
3330000	3348000
3416400	3434400
3502800	3520800
3589200	3607200
3675600	3693600
3762000	3780000
3848400	3866400
3934800	3952800
4021200	4039200
4107600	4125600
4194000	4212000
4280400	4298400
4366800	4384800
4453200	4471200
4539600	4557600
4626000	4644000
4712400	4730400
4798800	4816800
4885200	4903200
4971600	4989600
5058000	5076000
5144400	5162400
5230800	5248800
5317200	5335200
5403600	5421600
5490000	5508000
5576400	5594400
5662800	5680800
5749200	5767200
5835600	5853600
5922000	5940000
6008400	6026400
6094800	6112800
6181200	6199200
6267600	6285600
6354000	6372000
6440400	6458400
6526800	6544800
6613200	6631200
6699600	6717600
6786000	6804000
6872400	6890400
6958800	6976800
7045200	7063200
7131600	7149600
7218000	7236000
1000000000	2000000000
222222222222222222222222
222222442222222222222222
222222442222226622222222
222222222222222222222222
222222332222222222222222
222222222222222200222222
222222222222332222222222
222222222222222222222222
221122222222222222222222
222222222222222222222222
222222222222222222221122
662222662222222200222222
222222222222221122222233
770022222222222222222222
0.48
