11
6
50
117
0	9
4895	7342
2	4	6	7	8	9	11	12	15	
1	13
4895	7342
0	2	3	4	5	7	8	9	10	11	14	15	16	
2	5
4895	7342
2	4	7	11	16	
3	1
4895	7342
2	
4	12
4895	7342
0	2	4	6	7	8	10	11	12	13	15	16	
5	13
4895	7342
0	2	3	4	6	7	8	9	10	12	13	15	16	
6	5
4895	7342
6	8	11	14	15	
7	1
4895	7342
10	
8	12
4895	7342
0	2	3	4	5	7	8	9	11	13	15	16	
9	10
4895	7342
0	2	4	5	8	10	12	14	15	16	
10	7
4895	7342
2	5	8	9	10	14	15	
11	6
4895	7342
4	5	8	12	13	16	
12	6
4895	7342
0	3	9	12	14	15	
13	9
4895	7342
0	4	6	7	8	10	13	15	16	
14	10
4895	7342
4	6	7	8	10	11	12	14	15	16	
15	13
4895	7342
0	3	4	5	7	8	9	10	11	12	13	15	16	
16	12
4895	7342
0	3	4	5	7	8	9	10	11	12	15	16	
17	8
4895	7342
1	2	5	10	11	12	13	16	
18	6
4895	7342
1	6	9	11	12	14	
19	9
4895	7342
0	3	6	7	10	11	12	13	15	
20	7
4895	7342
3	4	7	11	13	15	16	
21	4
4895	7342
6	9	10	16	
22	13
4895	7342
0	2	3	4	5	7	8	9	10	11	12	14	15	
23	6
4895	7342
6	8	9	10	11	13	
24	3
4895	7342
7	12	15	
25	12
4895	7342
2	3	4	6	7	8	10	11	12	14	15	16	
26	3
4895	7342
0	3	7	
27	11
4895	7342
1	2	3	4	5	7	8	9	10	12	16	
28	1
4895	7342
15	
29	13
4895	7342
2	3	4	5	7	8	9	10	11	12	14	15	16	
30	3
4895	7342
4	11	16	
31	5
4895	7342
6	8	10	12	16	
32	6
4895	7342
2	3	7	12	13	15	
33	12
4895	7342
1	2	3	4	5	7	9	10	11	12	13	15	
34	9
4895	7342
2	3	4	5	8	9	13	15	16	
35	3
4895	7342
5	13	16	
36	10
4895	7342
0	3	4	5	7	8	9	10	12	16	
37	2
4895	7342
0	16	
38	12
4895	7342
2	3	4	5	7	8	10	11	12	14	15	16	
39	10
4895	7342
0	2	3	5	7	8	9	10	12	13	
40	2
4895	7342
6	8	
41	9
4895	7342
0	2	7	9	11	12	14	15	16	
42	1
4895	7342
2	
43	9
4895	7342
0	2	3	6	7	8	11	14	16	
44	13
4895	7342
1	2	3	4	5	7	9	10	11	12	13	15	16	
45	3
4895	7342
2	7	8	
46	11
4895	7342
2	4	5	7	8	9	10	11	12	14	15	
47	10
4895	7342
0	3	4	5	7	10	11	12	14	15	
48	5
4895	7342
5	8	12	14	15	
49	9
4895	7342
1	3	4	9	11	12	13	15	16	
50	3
4895	7342
3	9	11	
51	6
4895	7342
2	3	7	8	11	15	
52	6
4895	7342
4	6	7	8	10	12	
53	5
4895	7342
0	2	7	9	16	
54	2
4895	7342
9	10	
55	5
4895	7342
1	7	8	9	13	
56	2
4895	7342
3	4	
57	10
4895	7342
0	3	4	6	7	8	9	10	12	14	
58	8
4895	7342
1	3	4	6	10	11	12	14	
59	10
4895	7342
1	2	3	4	5	9	10	11	12	13	
60	10
4895	7342
1	2	3	6	9	10	11	12	14	16	
61	4
4895	7342
3	9	12	16	
62	3
4895	7342
4	5	7	
63	12
4895	7342
2	4	5	7	8	9	10	11	12	13	15	16	
64	10
4895	7342
0	2	6	7	8	9	12	14	15	16	
65	7
4895	7342
2	4	5	8	9	12	13	
66	10
4895	7342
3	4	6	8	9	10	11	12	13	15	
67	10
4895	7342
3	4	5	7	8	9	11	14	15	16	
68	1
4895	7342
3	
69	4
4895	7342
1	4	7	8	
70	3
4895	7342
8	14	15	
71	4
4895	7342
2	7	8	14	
72	4
4895	7342
6	8	13	15	
73	9
4895	7342
3	4	5	7	8	9	10	11	16	
74	3
4895	7342
3	10	13	
75	9
4895	7342
2	4	7	10	11	12	13	15	16	
76	11
4895	7342
0	3	4	6	7	8	9	10	12	14	15	
77	10
4895	7342
0	4	6	7	8	9	10	11	14	15	
78	13
4895	7342
0	2	4	6	7	8	9	10	11	12	14	15	16	
79	2
4895	7342
5	13	
80	5
4895	7342
4	7	8	9	14	
81	8
4895	7342
1	4	7	8	9	11	12	15	
82	3
4895	7342
1	4	14	
83	13
4895	7342
1	3	4	6	7	8	9	10	11	12	13	15	16	
84	11
4895	7342
1	3	6	7	8	9	10	11	12	13	16	
85	8
4895	7342
2	4	8	9	11	12	14	16	
86	6
4895	7342
4	8	9	10	12	15	
87	3
4895	7342
9	11	16	
88	7
4895	7342
2	4	6	7	10	12	16	
89	3
4895	7342
5	12	15	
90	13
4895	7342
0	2	3	4	5	7	8	9	10	12	14	15	16	
91	4
4895	7342
6	8	9	13	
92	6
4895	7342
1	2	5	7	11	16	
93	9
4895	7342
2	3	4	5	7	10	11	12	13	
94	3
4895	7342
6	11	15	
95	3
4895	7342
8	14	16	
96	11
4895	7342
0	2	3	4	5	7	8	10	11	12	15	
97	2
4895	7342
9	15	
98	6
4895	7342
3	4	8	9	11	12	
99	7
4895	7342
2	7	8	9	11	12	15	
100	4
4895	7342
6	8	10	15	
101	3
4895	7342
4	12	15	
102	12
4895	7342
0	2	4	6	7	9	10	11	12	14	15	16	
103	10
4895	7342
0	4	5	7	8	10	12	13	15	16	
104	5
4895	7342
1	7	8	15	16	
105	5
4895	7342
1	3	4	9	11	
106	9
4895	7342
0	3	5	7	8	11	14	15	16	
107	6
4895	7342
3	7	9	12	13	15	
108	8
4895	7342
3	4	8	9	12	13	15	16	
109	1
4895	7342
0	
110	6
4895	7342
1	2	6	8	9	16	
111	13
4895	7342
0	2	4	5	7	8	9	10	11	12	13	15	16	
112	10
4895	7342
1	2	3	4	7	9	10	12	15	16	
113	2
4895	7342
2	8	
114	13
4895	7342
0	2	3	5	7	8	9	10	11	12	13	15	16	
115	12
4895	7342
3	4	6	7	8	9	10	11	12	14	15	16	
116	8
4895	7342
0	5	7	8	9	11	15	16	
17
0
0	1	3	1271	1307
1.23502	0.152002	0.930491
0.222754	0.704424	0.291412	0.245331	0.328185	0.772144	0.20785	0.618161	0.493045	
1
0	1	2	1564	1622
1.2294	0.499711	0.853838
0.896407	0.405524	0.0703933	0.0333027	0.240666	0.625488	0.422427	0.953109	0.312798	
2
1	1	2	1306	1357
1.21866	0.170167	0.805578
0.207348	0.715173	0.501296	0.583303	0.82054	0.0271171	0.309583	0.31384	0.691424	
3
2	1	2	1193	1279
1.27986	0.135835	0.550273
0.705818	0.752638	0.12937	0.390617	0.671041	0.401993	0.151658	0.29094	0.562447	
4
3	1	1	894	951
1.35061	0.31297	0.996033
0.168196	0.991031	0.608521	0.777184	0.457533	0.178907	0.874522	0.144687	0.937628	
5
4	1	2	1325	1334
1.4126	0.157577	0.647631
0.626927	0.0969762	0.802082	0.371352	0.0841326	0.859001	0.777349	0.742735	0.346492	
6
4	1	1	952	971
1.45566	0.461686	0.734588
0.174509	0.692715	0.332856	0.486984	0.334071	0.662525	0.319249	0.0338934	0.775366	
7
5	1	2	980	981
1.45022	0.617117	0.802478
0.222832	0.693714	0.967344	0.624514	0.571849	0.264746	0.628663	0.927399	0.335053	
8
6	1	1	1435	1502
1.45943	0.160736	0.867687
0.529877	0.348118	0.533264	0.910744	0.964805	0.00662245	0.988325	0.396038	0.297584	
9
7	1	1	964	1086
1.48155	0.225315	0.745265
0.907751	0.0234523	0.980392	0.309662	0.107261	0.313496	0.546112	0.285576	0.478222	
10
8	1	1	836	873
1.2866	0.585971	0.857947
0.244461	0.277998	0.308566	0.268703	0.404463	0.638486	0.221551	0.891562	0.991126	
11
9	1	1	1563	1568
1.18334	0.348511	0.556903
0.973253	0.401949	0.15402	0.659507	0.409838	0.536803	0.782149	0.62602	0.855928	
12
10	1	3	1086	1121
1.43755	0.210145	0.907992
0.661468	0.43621	0.986998	0.129802	0.234404	0.785686	0.310993	0.365485	0.045272	
13
11	1	2	882	950
1.3227	0.137623	0.598978
0.137551	0.245571	0.27811	0.252189	0.518579	0.464386	0.179956	0.821483	0.665881	
14
11	1	3	1500	1554
1.37897	0.858078	0.88714
0.166697	0.690326	0.696165	0.0463379	0.401762	0.38475	0.192593	0.338923	0.642665	
15
12	1	2	1337	1409
1.23572	0.246797	0.800591
0.668867	0.722367	0.391895	0.0495361	0.812998	0.94943	0.0548119	0.60878	0.719808	
16
13	1	2	1537	1614
1.13756	0.69734	0.730995
0.532091	0.554532	0.11605	0.835857	0.446548	0.037917	0.625646	0.0206614	0.576974	
730
0	9	55533
5261	6166	6099	5687	5678	6010	5778	6999	5398	6412	
1	24	59735
5401	6065	5216	
2	7	59734
6436	
3	20	66279
5148	6827	5122	6959	6046	6351	6544	
4	38	139280
5421	5159	7028	6158	6683	7058	7017	5384	5668	5922	6080	5273	
5	23	145526
5172	6335	7210	5682	5404	6942	
6	114	152076
5449	7053	7309	5794	6149	6380	7240	7067	6745	7101	5560	5434	6421	
7	28	157703
6614	
8	55	211884
5923	6414	5714	7069	6795	
9	14	225113
5974	6586	6629	6941	5087	5598	5984	5674	5700	5040	
10	72	231846
5774	7252	6860	6734	
11	2	231532
7235	5751	6005	6343	6419	
12	36	237440
7220	6343	5870	5814	5883	7109	6518	5993	5529	5908	
13	59	306360
4966	6559	5397	6267	5525	5536	7042	6884	6082	5755	
14	100	237799
6483	7147	6652	5953	
15	76	314810
4939	5014	6318	7113	6746	6698	6904	5221	7092	5844	7203	
16	97	321783
5889	6973	
17	2	313580
5627	6652	6213	5273	7222	
18	43	320428
6923	5544	6294	7300	5564	6781	6403	6977	5838	
19	11	325591
6190	5292	7180	7335	5031	5163	
20	110	379178
5058	6720	6010	6156	6372	6787	
21	81	393144
5204	6446	6020	4978	5589	6637	7340	5923	
22	106	398847
5565	6523	4983	7155	5593	5758	5711	5703	5628	
23	97	405285
5147	6438	
24	89	412286
6967	5813	7001	
25	78	465344
7073	6790	5332	5815	7142	6910	6505	7209	6628	5031	5877	5997	6258	
26	95	471206
5848	6186	5862	
27	29	481971
5002	6519	5198	6662	4918	6162	7013	5577	6727	7130	6036	6956	7165	
28	100	488612
7236	6303	6378	7000	
29	94	495168
6897	5921	6556	
30	6	500612
6275	5270	5449	7061	5444	
31	50	566238
6844	6258	5884	
32	30	573267
6858	5727	7029	
33	3	237946
6913	
34	69	316791
6367	6729	7330	5065	
35	78	580064
5473	5345	5344	4954	6025	6390	5018	6608	6088	6860	7232	6222	6797	
36	8	643290
5608	5085	6295	5323	5778	6609	5571	7204	7336	6007	5125	6090	
37	53	653000
7273	5204	7062	6539	6110	
38	16	659438
6252	4996	5459	6415	6012	6734	4909	5666	6427	6749	6829	6438	
39	14	666007
6973	5142	5896	6911	6680	5904	5000	7283	5830	6569	
40	112	672007
6653	5052	5884	5144	5904	6451	6650	5408	5418	6000	
41	112	723936
6830	5978	6187	6846	7094	6533	5303	7192	4901	5129	
42	80	663728
5312	6603	6213	6690	6124	
43	19	728134
5785	6012	5160	5082	6762	6154	5961	5199	5504	
44	85	730963
5116	6505	5615	7010	6353	5096	6953	7027	
45	70	740629
6313	6375	6476	
46	26	416420
7257	5125	7302	
47	52	684119
4916	6556	5110	6361	6181	5141	
48	63	745842
5063	6756	6630	5274	6352	6269	5905	6024	6004	5395	5143	5213	
49	35	752272
6016	5700	6430	
50	107	752214
7282	5110	5649	6538	6269	6442	
51	24	759547
5660	6195	7333	
52	39	810011
5918	5794	6242	5186	5011	7221	7093	6388	6694	7165	
53	75	816504
6408	5611	5768	7061	6699	6498	5971	6493	5822	
54	114	826603
5272	6214	5636	7119	5983	6961	5075	6019	5267	7233	6614	5494	5900	
55	61	832048
5549	5205	5921	5445	
56	65	831905
5735	4952	5331	7012	5751	6844	5709	
57	57	815843
4925	6255	7177	7336	6950	6118	5709	6524	6047	5843	
58	94	832731
4948	5670	6534	
59	110	837105
7065	5209	6644	5125	6818	5057	
60	23	836846
6640	6268	5422	6685	5887	4941	
61	63	902049
6589	5938	7305	6522	5640	5662	6774	7294	6434	6647	5039	5649	
62	111	911909
5098	6669	5270	6366	6709	5800	6822	7037	4977	5388	5730	5634	6260	
63	10	913106
7247	6675	5542	6368	6454	6386	6283	
64	99	919282
5081	6757	6108	7312	5463	6721	6176	
65	20	924747
5487	6207	6612	6528	6289	4937	5465	
66	43	931092
6836	7186	5713	7184	6567	6803	6473	6453	6345	
67	38	982972
5558	6978	5554	5687	5632	5828	5430	5992	6474	7286	7184	5080	
68	38	988144
6397	6726	5616	5642	6051	6603	6946	5144	5879	6647	5149	5172	
69	31	998244
6147	6317	5128	7102	6500	
70	96	943067
5266	5633	6197	5526	7232	6507	5860	6281	6837	5556	6515	
71	48	949606
6785	5598	7151	5880	6539	
72	43	1004700
5474	5182	6095	6817	6007	7093	5580	6317	6456	
73	106	1010257
7323	6456	5466	5405	5418	6207	6669	5915	5557	
74	11	1015843
5997	5294	6775	6809	5735	5586	
75	3	653539
5958	
76	94	993470
6200	6536	5549	
77	85	1069857
5027	5746	6423	6659	5256	5327	6390	7214	
78	20	1075462
5024	5835	5479	6635	5877	6554	5605	
79	97	1009954
5476	6330	
80	109	657227
5437	
81	64	1086108
5711	5465	6566	6748	5171	5066	5547	7217	5760	7046	
82	2	1092005
6216	6762	5755	7040	5897	
83	103	1097984
6348	6055	5985	6620	5696	5234	6946	6305	7199	5979	
84	16	1105207
6338	7251	5520	6677	5867	6653	5744	6948	6054	5084	5497	7223	
85	74	997601
5489	5646	6200	
86	59	1004743
6534	7138	5542	5507	5028	6888	6565	5271	7083	7142	
87	59	1011120
5952	4985	7333	5620	6014	7020	4923	5207	5170	6377	
88	71	1000750
6844	6192	6780	6508	
89	58	1008931
6882	4991	6144	4967	6817	6202	5687	5465	
90	108	1158471
6295	5885	6694	6163	6672	5838	6979	6464	
91	10	1078637
6969	7325	5001	5986	5406	5152	7335	
92	29	1163680
5961	5293	5290	5476	5917	6410	6871	5066	7143	6652	5326	6403	5209	
93	26	838211
6850	6372	5355	
94	55	1077850
6052	6642	5888	5352	6892	
95	80	1084084
6875	5763	6116	5303	5958	
96	107	1094709
5094	5230	5914	6027	5994	6069	
97	52	1033377
6058	5170	6747	6069	5431	5095	
98	46	1101349
7059	6894	5966	5861	6365	6313	5804	7127	6645	6633	6640	
99	57	1097027
6488	5942	7150	6105	4970	4988	6263	5209	6957	6310	
100	32	1107262
6467	5924	5434	5065	5093	5913	
101	40	919922
4971	6598	
102	94	1114015
5418	6796	6753	
103	50	1085715
6116	6672	6579	
104	6	1158338
5374	6783	5599	7310	5753	
105	31	1174251
6645	7258	7075	5133	6971	
106	84	1179704
6940	7258	5773	6650	7210	5320	5024	6505	7065	6883	5453	
107	23	1160140
5011	7337	5284	5191	6976	5898	
108	67	1184879
5854	5882	5972	6744	5944	5977	7128	6354	6608	5175	
109	75	1190880
6857	5361	7190	6809	5443	5979	5943	5313	6001	
110	51	1179335
5345	4961	6355	5664	6296	5476	
111	60	1243236
5862	5347	7316	6457	5456	6850	6785	6052	6019	5556	
112	104	1249315
6266	5756	7209	6472	6079	
113	11	1259925
6656	6238	6157	6176	6244	7010	
114	82	1187502
5178	6680	6655	
115	89	1192920
4935	5897	5000	
116	53	1266792
4906	5052	6481	5264	6867	
117	17	1273815
5128	5740	6554	6852	6858	7005	7200	7023	
118	42	896793
5182	
119	76	1248058
7313	6785	6624	6239	7168	5956	5383	6880	6863	5805	6058	
120	0	1257848
6696	5925	6995	6359	5793	6294	5644	6201	6190	
121	21	1278765
6743	6318	7329	4950	
122	77	1263302
5653	5154	6187	6141	7035	5896	6764	6044	6495	5454	
123	34	1331728
7161	5457	6848	5730	5238	5703	7181	5625	6163	
124	46	1274778
6540	6117	5947	6770	5213	6163	6051	5147	6857	7083	5851	
125	115	1337427
6579	5978	5918	6954	5545	7235	7089	6039	7053	6490	7244	5699	
126	105	1266958
5156	6520	6449	5490	5979	
127	10	1331407
5910	5028	5175	4964	5672	5506	6418	
128	66	1336943
7034	5866	6978	5823	6710	6096	7300	6423	6710	5536	
129	90	1346533
6616	6956	6020	6565	5137	6317	7311	5659	6966	5274	6369	5402	5506	
130	91	1335726
7060	5122	5916	7181	
131	0	1353208
6483	5020	5160	6794	6141	5728	7091	5547	7263	
132	21	1353568
5259	7030	6389	7035	
133	31	1360690
5811	7034	4921	6186	7122	
134	4	1366846
4956	5930	5283	7257	6163	6926	5490	6817	6005	5624	6372	6156	
135	8	1419372
6840	6648	5413	6986	5295	7133	6420	5295	6253	6845	5389	5726	
136	46	1371618
6474	5393	7158	7115	5374	6493	6544	6942	6075	6196	6649	
137	25	1425474
6393	6046	6297	6512	7061	7148	5083	5297	5950	4921	6663	6102	
138	62	1275671
6684	5757	7091	
139	60	1434531
6304	5564	6234	6455	6714	6705	5324	5794	5465	5457	
140	43	1441127
5269	4928	5071	5520	6645	7081	4913	5585	6596	
141	48	1433980
6036	5630	6005	7289	7220	
142	62	1288636
6470	7033	6320	
143	24	1439457
7275	5818	5477	
144	73	1448060
6683	6691	7018	6046	5897	5935	6104	5262	6933	
145	107	1445424
6027	6552	5103	6491	6637	5967	
146	55	1430522
6887	5290	6279	5582	5485	
147	112	1501912
5188	5473	6170	6291	7110	5014	5828	7324	7029	7052	
148	46	1458614
5003	5971	6208	5388	5581	5370	6439	6644	5564	6230	6161	
149	94	1465148
5993	7291	6534	
150	64	1508600
7028	6339	5011	6984	6991	5350	5001	5930	5195	6688	
151	60	1518788
7106	5504	6714	7256	5811	7128	5432	5887	6401	6588	
152	44	1524005
6210	6112	6685	6490	5867	6293	6281	5745	5793	5899	6849	7240	5217	
153	47	1520241
5545	6678	5893	5391	5994	6868	6043	7021	5944	6658	
154	1	1529763
6361	7012	7167	5724	6116	5186	6174	7236	6873	5801	5098	7030	5758	
155	23	1517616
7026	6378	5531	5180	7254	6042	
156	12	1852969
6739	5980	5733	5051	6169	5557	
157	66	1866424
6608	7123	6282	4935	7054	7154	4914	5215	6857	6112	
158	72	1872696
7269	5181	6273	5253	
159	64	1878851
6926	7336	5614	6646	5686	6089	6533	5689	5970	6155	
160	71	1936578
5436	5192	6353	5557	
161	75	1939294
5268	5396	6762	5644	7119	6432	6094	5039	4983	
162	65	1950131
5762	5766	5997	5812	6225	7041	7237	
163	40	1935196
6053	5092	
164	106	1949967
5853	4912	6307	6313	5144	6199	6367	7072	6446	
165	78	1957060
6462	7084	4978	5998	5043	4939	6075	7152	5885	5005	5962	7094	5758	
166	53	1963040
6860	6701	6660	5510	5980	
167	19	1963693
6380	6360	5493	7285	6388	5017	4970	5460	6633	
168	43	2019676
7017	5727	4951	5318	6505	6529	6056	6464	6522	
169	54	1966009
5695	7271	
170	76	2026279
6955	7161	5621	6865	5801	6170	7286	5291	5398	5488	6604	
171	0	2034843
5690	7282	6301	5339	5556	5126	5024	5656	4964	
172	41	2040308
6923	5376	6468	6019	7064	5894	5301	5465	4954	
173	99	2046236
5292	5908	6283	5676	6649	6948	5928	
174	67	2053400
5206	5443	6861	5551	5086	6837	6196	5649	7164	7111	
175	65	2106918
6479	5036	6434	6042	5766	6060	5617	
176	62	2049771
7023	5809	5473	
177	78	2113069
7120	6200	7084	6934	5754	7097	6893	6627	5507	7328	6711	7069	6812	
178	35	2122367
6116	6005	5698	
179	15	2128672
6403	5533	6722	6728	6317	6330	5152	5721	7172	7127	7130	6595	6305	
180	78	2135144
5247	7319	5569	5244	5546	5658	6017	6182	6084	7302	6586	6384	6472	
181	12	2135971
7269	6162	5763	6233	6137	5933	
182	14	2141683
6205	4901	7089	7147	6326	4998	7116	6240	5712	5262	
183	86	2146775
6812	5343	5637	7102	5610	5092	
184	46	2198211
7236	5620	6273	6072	5162	7305	7223	6916	6455	5380	5811	
185	43	2206945
5141	5687	7214	6501	5745	5616	5778	5177	5565	
186	45	2133674
5501	7070	7068	
187	106	2213663
5318	6140	6115	7293	5149	6114	7105	6850	6366	
188	48	2220032
5012	6269	6932	5452	6369	
189	15	2225970
7070	6921	7145	5653	5381	5023	6691	6615	6084	4962	5305	5205	5938	
190	41	2279401
4932	5434	6744	5747	5504	6371	5277	7196	6631	
191	59	2224270
6480	6077	7048	5914	5731	5018	7217	6836	6089	7051	
192	41	2286306
6344	6190	5711	5588	4932	6101	7286	4979	5607	
193	31	2296351
6383	6662	6632	5730	6445	
194	92	2302413
6683	5441	5356	6210	6523	6062	
195	27	2307678
7326	6959	5893	7150	5659	4913	6906	6792	5875	6210	5265	
196	87	2312701
6170	5960	5023	
197	57	2295315
5465	6821	5527	6797	6326	6822	6383	6688	5007	6038	
198	1	2318153
6993	5546	7116	6719	6088	5476	5775	5421	4930	7028	5239	6455	5452	
199	96	2307374
5671	5730	7035	6023	6597	6202	5417	5395	5550	4941	5604	
200	28	2313497
6123	
201	28	2320396
6899	
202	13	2370567
5765	5430	7218	5555	7220	6952	6416	6647	5367	
203	104	2375517
6393	6613	6785	5670	4950	
204	99	2370515
6528	6001	6173	5776	6591	6644	5402	
205	74	2305043
6226	5042	6193	
206	93	2370906
5222	5733	6916	5599	6982	6473	6735	6423	6250	
207	14	2384535
7222	6567	5041	4897	5447	7169	7004	7189	5995	5418	
208	110	2390830
5037	5780	5394	6387	6175	6295	
209	37	2397148
6398	6318	
210	80	2383000
6593	5525	5443	6255	7011	
211	10	2389492
7322	6197	5317	6617	5983	5008	6492	
212	111	2402766
5810	7164	5393	5502	5602	5811	5358	6150	6784	7339	5785	4916	5618	
213	49	2454705
6123	6309	6498	7195	7117	6275	6279	7048	5139	
214	3	1796004
4940	
215	49	2460691
7247	5089	5187	6571	6343	6900	5397	6816	5986	
216	65	2456376
7247	6823	7018	5927	5927	6611	7100	
217	25	2469605
5378	5094	5543	5992	4930	5648	6859	5524	6738	6942	6089	5314	
218	32	2468440
6689	6584	6614	5875	5205	6298	
219	94	2474564
5693	5470	6124	
220	99	2481889
6899	6504	5059	5147	5535	6740	7325	
221	75	2489079
6190	7256	6150	4922	6922	6413	6726	7190	4972	
222	30	2541617
6622	6981	5738	
223	105	2482075
5065	5072	6384	5853	6524	
224	94	2494619
7100	6998	5540	
225	4	2547611
6190	5688	7145	5497	6894	5062	6475	7007	5231	6168	5514	5994	
226	85	2556416
7315	5515	5158	6996	7014	5807	6331	5205	
227	80	2553306
6884	5913	6483	5645	5375	
228	66	2554839
5351	6455	5652	5237	5131	6651	6536	6225	7070	6160	
229	103	2562887
6625	6087	6485	6169	5117	7199	7188	6605	6719	6471	
230	107	2568772
7188	6699	5392	6718	5635	7214	
231	75	2630044
6868	6616	5787	6274	6819	7130	5339	6695	5644	
232	94	2639069
5499	6182	6721	
233	53	2635012
6009	7340	5595	5125	4968	
234	46	2646253
6610	5770	5939	6008	6839	6284	6580	4905	6358	5508	7184	
235	93	2635110
6785	7099	5164	6528	5630	6307	6908	6219	7243	
236	36	2644994
5738	7252	6370	6794	5516	7286	6524	6041	5943	6382	
237	103	2652932
5431	7324	4998	5786	5531	6048	5750	5276	6679	5012	
238	24	2658780
6175	5960	5848	
239	12	2664600
5436	5797	6342	5185	7052	5820	
240	10	2670295
5219	5815	7098	6954	5890	5396	5695	
241	0	2677306
5375	6188	6906	6406	6097	6264	7104	5941	7011	
242	12	2715046
6766	5411	6842	6508	6293	5340	
243	65	2716234
5845	7008	7166	5482	6528	6590	5434	
244	101	2725422
6694	6850	6776	
245	80	2719638
5043	7138	5282	6972	6800	
246	7	2553838
5084	
247	47	2731318
5920	5616	7214	5018	6280	5583	6103	5163	5167	5896	
248	99	2736269
4944	5063	7198	6395	6188	5101	4951	
249	103	2741724
7090	6280	6438	5263	6479	6956	5392	7008	4926	5455	
250	55	2733795
6385	5699	5656	5818	6953	
251	42	2047245
5649	
252	69	2504806
6517	5412	7218	6340	
253	19	2747582
6759	6263	5398	5069	4941	6759	4931	5916	6387	
254	115	2801654
6989	5712	6184	5507	6119	5238	5943	5905	7184	5748	7272	6106	
255	113	2554986
5557	5422	
256	82	2740734
6112	5160	5792	
257	49	2812207
4936	6590	5566	6645	5779	5642	5374	5650	6953	
258	73	2817801
5501	5544	6196	7102	5145	6013	6060	5301	5594	
259	112	2824468
5889	5314	5978	5544	5793	6133	6204	6409	5473	6667	
260	74	2805925
5171	4993	6840	
261	36	2830799
6647	6184	5039	5196	6659	5020	7112	6259	6285	6331	
262	106	2883882
5548	6359	6721	7137	4963	6013	4968	7271	6283	
263	61	2889410
6199	6926	5199	5528	
264	38	2899685
7262	5228	5159	5241	7061	5043	6277	6409	6725	5453	5308	6675	
265	66	2826799
5689	6300	5906	6123	6522	6200	7219	6766	6328	5965	
266	62	2587987
5298	5338	5283	
267	95	2905702
6586	5280	6017	
268	83	2912787
5838	5514	5220	6672	6516	5147	7087	6553	5329	5858	5860	7018	7085	
269	91	2827972
5276	5300	6833	6259	
270	104	2919909
5681	6823	7334	6913	7122	
271	50	2738993
5698	5599	6840	
272	25	2972636
5585	6603	6152	6852	6852	5800	4987	6910	7053	6652	5366	5927	
273	50	2751334
6776	6472	5431	
274	75	2978610
5326	6037	7091	5630	6650	6287	6800	5592	5974	
275	14	2988230
6836	6671	6205	6610	5342	7293	6895	5609	4916	6020	
276	16	2995349
6929	6862	6378	6009	5060	6307	6939	5933	6629	6325	5464	7119	
277	48	2909796
5343	5279	6866	5313	7043	
278	21	3000253
4925	6432	4998	4904	
279	63	3007528
7002	7213	5076	6450	6554	6084	5948	5137	7017	6760	5264	7275	
280	110	3059359
7014	6772	5495	5768	7033	5031	
281	104	3064875
5263	4933	5462	5379	5516	
282	41	3075224
5477	6390	6412	6485	5301	6189	6055	6809	6749	
283	20	3082056
6037	7295	5441	6682	5270	4931	6832	
284	86	2971457
5798	6949	7298	6804	5206	6878	
285	22	2977204
7246	5593	6975	5610	7117	5474	6715	6603	6726	6437	6475	6877	5747	
286	66	2987680
6046	6845	5736	6999	5818	6109	5570	7276	6873	6876	
287	107	2994989
6395	6406	7049	6368	5743	7309	
288	92	3087801
5546	5349	6304	6343	6044	5745	
289	112	3094934
6765	6918	6456	5940	5559	5574	7155	5629	5508	7133	
290	30	3148621
6188	5894	6887	
291	99	3006432
7241	6079	5476	6763	7270	6181	5935	
292	83	3158059
6943	6814	6220	7240	6734	6900	6934	5849	5695	5242	7021	5500	5838	
293	51	3019169
5467	7327	5384	5502	6624	7237	
294	112	3164921
6214	6270	5217	5253	7004	5226	6409	5348	5593	6862	
295	24	3063813
7155	6961	6651	
296	62	2819807
7140	6662	5899	
297	43	3170219
5569	6699	6618	6279	5922	6289	5190	5783	5298	
298	29	3177023
5897	6811	6552	5415	4983	5370	4958	5917	7003	5058	6004	5965	6804	
299	35	3229471
6110	5186	5648	
300	56	2663524
6509	6277	
301	8	3236177
4938	5586	6804	5282	5246	6658	6197	5167	6887	6046	6398	6706	
302	36	3246407
5982	5477	7109	6824	6589	6057	5549	5992	5055	6630	
303	3	2398717
4968	
304	68	2651109
5182	
305	13	3253193
7112	5381	6364	6872	5504	6164	5093	7079	6786	
306	42	2404675
5958	
307	97	3093331
7177	6476	
308	43	3259930
7227	5785	6192	6182	5750	6343	5990	7336	6737	
309	99	3098482
5786	6712	5726	6023	7300	5024	5151	
310	48	3104924
7157	5679	5679	5285	6442	
311	4	3265765
5364	6104	5313	5158	5495	7058	6343	6607	5891	5023	5681	5835	
312	38	3319049
4968	5903	6591	6264	6926	5806	6641	5909	4949	6063	5113	6484	
313	68	2670497
7293	
314	116	3325927
6415	6211	5187	6997	5033	4918	7068	6878	
315	113	2930219
4976	5385	
316	13	3335393
6757	5103	5407	5800	7214	7014	6543	5332	5866	
317	22	3169576
5119	5779	4965	5074	7096	6576	7253	5555	6740	7026	6119	5539	5458	
318	98	3065544
7127	7141	6462	6302	6954	6900	
319	101	3176591
5746	6402	7015	
320	23	3078244
5396	6867	6698	7251	5479	6349	
321	92	3342405
6263	6040	7264	7081	5604	7012	
322	77	3182353
5169	6564	6543	5196	6675	6654	5836	5150	6652	5762	
323	79	3084642
5780	6398	
324	32	3187782
5069	6133	6678	6595	6340	5429	
325	108	3349652
5501	6005	4975	7118	6708	5656	6324	7247	
326	29	3402956
5187	7232	5015	5152	6927	5736	5151	5214	6529	5183	6087	6386	6504	
327	70	3238012
6300	6782	5120	
328	87	3409601
6257	6973	6645	
329	17	3419752
5714	5678	6993	5067	5545	6723	5815	6551	
330	61	3424882
4974	5804	7277	5130	
331	103	3431337
6482	5708	6100	5606	6592	5863	6464	5411	5968	6455	
332	36	3438295
6156	6701	6594	6692	6530	5081	5889	6177	6884	6958	
333	73	3492402
4909	5733	6756	7040	6899	5393	6058	5803	7307	
334	20	3498141
7108	5959	6716	5618	6239	6808	5739	
335	107	3261546
6030	5491	4940	6841	4975	7158	
336	85	3506905
5052	5821	5933	7134	7078	6249	5566	5164	
337	39	3244756
5767	5187	5790	5381	7323	6566	7333	5955	6787	6199	
338	6	3267632
5119	5263	6731	6093	6086	
339	40	3096980
6012	6945	
340	108	3513305
5423	5587	5262	7033	5340	7271	7031	6400	
341	97	3279756
5564	5093	
342	3	2651427
5849	
343	9	3518917
6475	5928	5402	6428	5026	6129	5011	5925	6286	5612	
344	67	3524925
6854	6460	5661	5882	7282	5510	6506	5517	6039	6008	
345	29	3577770
5085	7307	5906	5161	5641	6983	5004	6397	6844	6494	5702	5427	6045	
346	112	3583989
6418	6855	5759	7064	5180	6553	4938	5703	5547	6219	
347	45	3163475
5344	7165	5942	
348	95	3594854
6507	7258	7265	
349	43	3601791
6445	7314	5975	5617	6562	5470	5236	6598	6937	
350	88	3607568
6838	5384	5734	6769	6906	6039	5777	
351	75	3613321
6885	5654	6103	6822	6388	5360	6808	6651	5753	
352	13	3665750
5688	6712	5721	6536	5242	5437	5280	5911	5629	
353	29	3671386
5426	5814	5816	6823	6938	5859	5054	6305	5270	4978	6913	5814	5636	
354	60	3681968
5285	5241	5174	5630	5435	5097	6140	7281	6369	6982	
355	23	3337274
5581	5927	5263	5454	5366	6495	
356	107	3362370
6329	5196	5984	6581	6910	4939	
357	100	3369115
5984	5700	5026	6745	
358	5	3688937
5202	7100	5482	6387	7067	7231	5147	7209	5364	5924	6260	7164	6969	
359	58	3406635
5972	5346	5115	6890	4964	6539	5439	6294	
360	97	3419481
5123	7202	
361	70	3426173
7232	7285	6692	
362	60	3695050
6419	5941	5071	4940	5941	5840	7004	4957	7072	6113	
363	113	3253040
7081	6481	
364	35	3749043
4999	6894	7193	
365	65	3420958
5287	5559	6876	6784	5688	6843	6020	
366	7	3335299
5511	
367	95	3754757
6112	6860	5714	
368	37	3763605
4925	5248	
369	13	3770705
5974	5773	5558	6672	6616	5673	6342	6421	7100	
370	85	3776781
5861	4927	6194	6817	6623	7085	6697	6076	
371	8	3781871
5440	4977	5219	6864	6925	6239	6390	7245	6488	7184	5343	5090	
372	69	3323092
4908	5140	5158	5556	
373	66	3494451
6160	5835	6121	5504	6129	5528	5245	5018	5909	5966	
374	62	3195924
7167	6384	6787	
375	26	3233580
6966	5274	5256	
376	102	3786989
6186	6281	5237	7011	5192	6784	5984	6324	5327	7161	5751	5118	
377	106	3840358
6413	6260	7163	4990	6781	6169	6129	5407	6569	
378	75	3851201
4980	5409	5064	7009	5167	5869	6476	5407	7243	
379	114	3857403
6186	7191	5454	5730	5223	6385	4967	5720	5365	6246	6986	5283	6202	
380	26	3264947
6999	5491	7298	
381	105	3434766
5243	6335	7298	5924	6838	
382	38	3864435
5412	7106	6908	6143	5419	5297	6007	6527	5621	6098	6547	7032	
383	81	3531707
5938	6523	6322	6577	5785	6779	5153	5261	
384	47	3575792
6023	6868	5860	6958	5275	5730	5068	5970	6654	6423	
385	19	3581338
6690	5778	6580	5151	6832	5206	6892	7135	5546	
386	58	3582089
5162	5655	5219	6060	5462	6365	6854	6298	
387	47	3592819
7202	6390	5970	6969	5259	6234	5203	6285	7129	6118	
388	34	3869803
7225	4918	6311	6823	4908	7043	6805	5915	5368	
389	102	3923770
5939	5101	7073	6659	6026	6133	6084	6396	5947	6052	4948	7167	
390	78	3929729
5566	5504	5185	5773	6529	7237	5598	5426	6662	5012	6989	5507	5959	
391	48	3667108
5890	5024	5224	7248	5646	
392	31	3938774
6599	6980	5576	6471	5445	
393	94	3677709
7305	6214	7001	
394	51	3682868
4933	6967	6116	6561	6142	5159	
395	78	3945844
6222	5936	5895	6655	4960	6031	5484	7077	5867	5908	7180	7158	7070	
396	1	3951973
5924	5011	6478	5905	5077	7306	6096	6837	7152	5112	7131	5428	6129	
397	4	3958984
5838	5204	6366	6601	6327	7263	7070	6199	6353	5605	6629	7011	
398	83	4011612
5887	6448	7092	6801	7034	6802	5646	6034	6063	5940	6002	6953	5828	
399	44	4022128
7026	5850	6385	5128	5076	5152	6166	5489	6324	5316	5332	5887	6916	
400	13	4029362
5103	6156	5956	5643	5188	5019	5037	6182	7234	
401	103	4035898
7255	6768	5581	5491	7040	6262	5780	6836	5095	6536	
402	24	3768024
6501	7165	5824	
403	59	3753595
6228	6673	6980	5873	5897	5749	7324	5379	6415	5328	
404	108	4043052
6502	5794	6273	5134	6930	7098	6549	7154	
405	24	3779887
6100	6008	5314	
406	52	3748038
5993	6915	7247	6344	5580	7246	
407	42	3337421
6716	
408	68	3342882
5642	
409	19	3784816
6014	5793	6308	7250	7275	6449	4958	5083	4929	
410	45	3517329
6752	7249	6346	
411	42	3417567
4994	
412	44	4096318
7335	6427	6905	5259	6188	6642	5728	6982	6601	4955	5378	6241	6466	
413	90	4101651
6315	6650	6423	5711	6620	5170	6318	5219	5643	5901	5270	5550	5333	
414	33	3834877
5658	5095	6641	7149	6353	6990	7004	6090	5060	5660	6122	5416	
415	108	4110744
6669	4946	6254	6789	6696	6271	5921	5493	
416	1	4116494
6638	6977	6601	5524	7244	7112	6734	5366	6767	7297	6204	6400	5750	
417	97	3857483
6312	6336	
418	65	3851875
4896	6776	6385	5511	6108	5426	7128	
419	46	3863388
5591	5998	6731	6106	5067	5340	6245	6268	5560	6309	5905	
420	30	4123153
5862	6032	6659	
421	46	3869039
7220	7038	7098	5904	6856	6356	6972	5291	4976	5122	5651	
422	30	4128581
5067	6856	5428	
423	22	3875267
5697	6966	6851	5911	5983	6429	5735	5895	7318	5724	5215	5164	6228	
424	65	3858028
5683	7290	6383	6236	5391	7139	6153	
425	96	3880501
6706	7110	5673	7019	6328	7216	5212	6717	6301	6269	5234	
426	61	4180372
6653	7295	5625	4991	
427	0	3885415
5251	5026	7242	6652	5365	6685	5645	5662	4914	
428	72	3924236
6471	7247	4953	6421	
429	95	4186657
6904	6331	6285	
430	82	3921554
6160	5658	7028	
431	50	3856760
5122	5425	6964	
432	33	3930270
5134	5354	5891	7329	5014	5932	6269	6480	6899	5123	7016	6034	
433	13	4197334
5888	6727	6416	7134	5588	5518	7172	4958	7077	
434	45	3765901
5984	7162	5942	
435	115	4203218
6854	5020	5815	5529	6323	4901	6951	6317	7183	5070	5528	5884	
436	73	4209723
5110	6496	5736	5814	6107	6539	6018	6152	6505	
437	41	4216109
5257	6137	6168	5258	6298	6631	6687	6661	6386	
438	37	4269906
5095	6997	
439	68	3758321
7309	
440	73	4275515
6364	5307	5247	6250	5402	6556	5593	6947	5609	
441	105	3944821
4936	7329	5581	5375	5048	
442	23	3950518
6938	6615	5265	5665	4910	5697	
443	26	3794649
7154	7101	4988	
444	60	4286272
5886	7209	5089	6850	6644	5154	5305	6239	6532	7157	
445	50	4007547
6984	7322	5711	
446	61	4293361
5061	6670	6631	7089	
447	58	4016026
6719	6034	6321	5680	5539	5678	6860	5763	
448	19	4024817
5793	6585	6706	4949	5553	6228	5273	6809	6148	
449	16	4299683
5222	6127	5556	6466	7297	7035	5515	5881	7121	7029	6206	6322	
450	34	4353012
7312	6047	6224	6228	7301	6737	5180	6989	6529	
451	42	3769001
6772	
452	31	4358759
6857	7311	7144	7084	5747	
453	113	3949057
6110	6488	
454	9	4369028
6284	4915	5214	7139	6936	6491	6879	6664	6741	6669	
455	30	4376215
5526	5678	7187	
456	7	4009111
6318	
457	39	4099933
7133	5033	6776	5748	6203	5606	6566	6209	6539	6733	
458	86	4103421
5091	5730	5817	7170	6876	5090	
459	68	3938387
6169	
460	78	4381936
4961	6338	5032	5377	5973	5795	5180	6087	4913	6527	7124	7340	5721	
461	108	4388786
6967	6416	6904	7106	5535	6217	5408	6850	
462	13	4441818
6371	4954	5487	6056	6094	7212	5953	4896	6232	
463	16	4448789
7059	4986	5081	6270	5417	5735	5731	5834	7213	7127	5206	6971	
464	59	4122638
6175	6521	5698	5445	6794	5466	7241	5364	5391	6935	
465	61	4457861
5730	7338	6474	5472	
466	2	4463715
5378	5518	6859	6373	5854	
467	57	4185619
6613	5500	5834	5984	5308	6104	5163	6917	4950	6878	
468	93	4185158
5429	6583	5526	6942	7166	5080	7308	7260	5558	
469	63	4469144
7183	7086	6582	6643	5372	5305	7236	7254	6748	6565	6970	5429	
470	48	4202089
5489	5174	7252	5367	6361	
471	69	4103357
6049	6279	7052	6879	
472	56	4044233
6679	6616	
473	27	4475198
7218	5965	5779	7052	6680	5046	6208	5912	6654	7151	6054	
474	54	4181721
5497	6170	
475	21	4528687
5391	7187	5802	6689	
476	98	4201045
7242	6616	6071	6624	6929	6943	
477	116	4534121
6787	6919	4996	5371	5778	6842	6304	5434	
478	49	4543426
7089	6405	4981	5268	7166	5474	4987	5908	5705	
479	93	4267301
6364	6641	6536	6197	5152	6204	6624	5297	6782	
480	11	4548852
5564	4911	5281	4986	5775	5426	
481	54	4204187
6826	6860	
482	25	4555000
5128	7101	6421	6729	5817	5366	6273	5203	5590	5024	5489	6148	
483	41	4562052
7239	5614	5448	6590	6816	7131	5905	6281	7052	
484	26	4136519
6891	6349	5381	
485	44	4615992
5435	7314	7206	5244	7111	6307	5581	7124	6073	6569	6637	5530	7140	
486	105	4275807
6064	6606	5320	6772	5658	
487	10	4292353
7000	6422	6707	6738	5014	6001	5453	
488	84	4621091
5959	7285	6710	6753	7164	4973	5134	5889	6214	5288	5099	
489	3	4030721
5541	
490	116	4629771
5987	5729	4913	6484	6741	6473	6609	5080	
491	71	4291812
6834	7100	5311	5282	
492	89	4304605
5873	7072	5643	
493	94	4309557
7037	7134	4952	
494	19	4359112
6137	5295	6470	5750	6765	7126	5061	6712	5269	
495	113	4220505
6722	5344	
496	91	4369177
7183	5722	5195	6465	
497	42	4097658
6581	
498	51	4369121
6056	4949	5737	6274	6656	6409	
499	59	4375654
5648	7192	6218	5993	5498	7168	5405	6387	5888	6477	
500	65	4382712
6754	5744	5663	7335	7224	6132	7058	
501	76	4383489
5210	6761	5306	6313	6102	6056	6119	5192	7169	5900	6615	
502	56	4267953
4979	7224	
503	58	4443072
5330	4989	7076	5504	6087	7032	6298	5434	
504	37	4636041
4987	6270	
505	94	4390692
6592	6426	7203	
506	76	4449485
5637	6276	7304	6402	6423	5628	5424	5531	5548	6413	5363	
507	77	4460419
6188	6220	7145	4939	6713	7335	6047	6656	6633	7334	
508	47	4465925
5862	6440	5711	6696	5023	5972	5725	5853	5613	5506	
509	72	4472120
6039	5430	5763	6195	
510	98	4449275
6591	5123	5504	6629	6751	7089	
511	83	4642132
6139	6634	7035	5483	5878	4907	6407	4967	6266	5584	5595	6692	6091	
512	85	4647245
5231	5900	5232	6752	7005	6087	6306	5113	
513	0	4484608
5347	5097	7065	5886	6209	6659	7234	4962	5796	
514	62	4385184
6681	6062	6407	
515	16	4700644
6272	6310	5357	6454	6699	6349	6744	6805	5635	4930	6497	6599	
516	66	4533679
7031	6604	7024	5667	6841	5088	6855	5443	6865	5696	
517	81	4543426
6277	5972	5297	5510	6987	6244	6265	6147	
518	112	4706013
5671	4938	7089	6817	6020	5136	7153	6495	6946	5369	
519	46	4556392
6423	5779	6688	5500	5093	5566	6513	5216	5906	5423	6020	
520	95	4714774
5102	6238	5161	
521	46	4621483
5390	6975	7170	5062	5204	7099	6823	5953	7137	6722	5974	
522	23	4614589
6415	5011	7067	6826	6562	7319	
523	12	4631718
5763	6545	5035	5795	6568	6635	
524	59	4619893
5325	7307	6496	7075	6748	5782	6552	5399	5175	5304	
525	30	4720760
5609	5666	5986	
526	72	4637000
7296	5355	5025	5282	
527	65	4635472
7094	6719	7224	5583	5048	6528	6954	
528	41	4728004
6228	5410	6427	5401	5488	6673	6030	5437	7244	
529	10	4648591
5428	6378	5070	6495	7239	4929	6154	
530	67	4735333
6092	5289	6635	6210	5748	7251	6006	5189	5062	7329	
531	101	4708107
5406	5869	6307	
532	109	4457038
6611	
533	38	4787674
5527	5100	6308	6982	5476	5796	7317	5654	6310	4950	5441	5541	
534	19	4724411
7172	7081	6576	6934	6986	4903	5988	6688	7263	
535	25	4794394
4942	7160	6405	4954	6063	5200	6565	6898	5051	5691	5724	6720	
536	88	4803706
5165	6346	6372	4947	5246	5938	5712	
537	65	4712464
5088	5407	5399	6943	6562	7155	7164	
538	91	4717559
6257	6750	7339	5095	
539	26	4571426
5063	6933	5014	
540	45	4612760
6770	6224	5202	
541	30	4810515
6929	5100	6809	
542	54	4635819
5953	5118	
543	113	4619779
6904	7019	
544	55	4724251
6357	5613	6189	6767	6692	
545	98	4712408
6006	6893	7340	6323	5940	6662	
546	8	4816630
6374	5063	6947	6124	5527	6557	5370	6692	5140	7105	6423	6115	
547	3	4549533
5485	
548	33	4791507
6478	6587	5234	6106	6251	5675	7231	6442	7018	6975	6041	6150	
549	106	4823174
6258	7296	7212	7275	6658	6212	4905	6989	6544	
550	55	4799976
7282	7096	6644	5271	4979	
551	50	4735774
5763	6837	5718	
552	26	4652498
6045	7006	6632	
553	44	4875430
5240	6603	5766	6024	5409	6572	5277	5900	6323	5095	5186	5513	5456	
554	48	4813630
5838	5920	7336	5236	6021	
555	46	4819247
7322	5253	5033	5613	5693	6920	7174	5677	6096	5583	5617	
556	55	4810232
5186	6964	4992	7169	5070	
557	109	4630090
5340	
558	93	4815650
5098	6617	6368	6331	6601	5633	7056	5424	5418	
559	16	4886188
6203	5390	6474	6603	6647	5205	6549	6143	5101	5177	6564	7158	
560	32	4877687
6031	5901	5920	6555	7155	6036	
561	12	4886359
7298	5407	6032	6374	6350	5072	
562	42	4637324
5750	
563	43	4891582
5041	5969	5640	7307	6501	7082	6923	5683	5394	
564	88	4896648
7019	6909	4942	7302	6866	6790	5066	
565	57	4891731
6751	6309	6310	6737	5002	5955	5956	5060	6787	5298	
566	34	4902455
5727	5709	5249	6187	5421	4931	7259	6643	5807	
567	109	4730053
6270	
568	108	4909527
7074	6985	5588	6820	7290	6490	5988	7072	
569	43	4961235
6616	6606	5265	5923	7069	6558	6259	7299	4908	
570	86	4904946
5186	5042	7077	5180	5697	5956	
571	13	4967503
5164	6262	5666	5316	7047	7285	6007	5931	6268	
572	64	4976203
7321	6046	6912	6181	6810	6867	6855	5137	6077	5100	
573	92	4982064
5468	5750	5428	5456	6399	5861	
574	7	4875204
6280	
575	107	4965137
5192	5434	6455	5765	7067	6793	
576	106	4987254
5377	5037	6830	5160	6303	7178	6280	7243	5190	
577	7	4881039
5835	
578	17	4992774
5356	6918	6449	4906	5810	6734	6458	5520	
579	54	4964259
5120	5274	
580	116	5046771
7263	5640	7073	5989	5584	6614	5302	7197	
581	113	4975798
7168	6141	
582	66	4987525
5451	6092	6631	5546	6153	7127	6294	6874	6633	6243	
583	87	5052746
5029	7331	5975	
584	60	5062368
5748	5220	6764	6748	7133	5117	5491	5509	5621	6022	
585	30	5068292
5863	5364	5924	
586	74	5050280
5127	5789	6680	
587	67	5073346
6593	6717	5941	6982	5045	6480	6474	6322	5874	5054	
588	60	5079462
6884	6656	6881	6467	6485	6150	6886	6123	6484	6116	
589	63	5135667
5764	5348	6201	6315	5800	6052	5918	5243	6184	7204	7150	5667	
590	107	5138982
6675	5342	6948	7291	6461	6806	
591	68	5062748
6117	
592	0	5149236
5415	6037	6278	7205	6923	7285	5766	6540	6654	
593	75	5154338
7104	6268	7327	5868	6675	6637	7051	5051	5102	
594	59	5156012
5445	5850	5713	6105	5420	5726	5709	6733	5084	5821	
595	88	5162440
7219	7056	5950	7005	5519	6491	5803	
596	78	5237323
6462	6560	5192	5085	6249	5944	5845	6533	6617	5131	6509	5672	5204	
597	100	5243756
6106	5710	5021	6433	
598	29	5309507
7178	5317	6453	6259	6923	5794	6841	5142	5658	7134	5888	7121	6707	
599	102	5319765
6813	6096	5712	5560	6541	6858	5258	6856	6442	5110	5374	6658	
600	81	5323740
5587	7238	5404	6042	6981	7333	6625	5021	
601	23	5330910
5416	5443	7025	6365	6864	5275	
602	94	5338199
6497	7289	5692	
603	4	5396382
7263	5295	6544	7277	4996	5542	7288	5853	6780	7182	6199	5520	
604	10	5405669
7039	6773	4995	7297	7058	5680	5687	
605	93	5405154
6459	6963	5794	5111	7312	6664	6306	7293	5172	
606	72	5412335
7232	5283	7181	6190	
607	18	5409908
7289	5239	5313	6794	5595	6887	
608	51	5418086
6913	6794	5960	6020	6537	5751	
609	67	5480863
6182	5377	6023	5681	5490	6363	7064	5687	7121	5263	
610	8	5485806
6707	5868	6175	6897	6784	6131	5939	5649	6275	7098	5341	4943	
611	71	5483095
7254	7199	5058	6879	
612	26	5431074
5682	5334	5303	
613	112	5495266
6762	5898	5500	6900	6055	5040	6634	6652	5153	5860	
614	19	5497850
5778	6860	6328	6221	5736	5474	5427	7322	6399	
615	41	5504210
7279	6047	6535	5821	6044	6991	5970	6360	5378	
616	9	5511254
6172	6088	5480	5532	5437	6326	5104	6503	5934	7044	
617	63	5569220
6855	5737	6866	5197	5385	5793	6924	5054	6246	4951	5554	7220	
618	37	5579474
6697	6654	
619	34	5585212
6747	6809	6073	6079	7253	6557	5959	6779	5738	
620	86	5582835
6218	7037	5082	6447	5760	6223	
621	116	5591893
6679	7135	6391	4966	5088	5918	6301	6681	
622	107	5596457
6980	6776	5896	7280	6315	7321	
623	28	5602225
5768	
624	96	5607598
6241	6283	7087	5137	7335	6129	5658	5352	7133	6900	5373	
625	8	5655387
5121	7323	5930	6083	6873	6812	6466	5462	5425	6399	5473	6987	
626	77	5654351
6984	6491	6466	6197	7052	5297	6652	5354	5951	5618	
627	43	5664200
5882	4911	6359	5651	5523	5069	5436	5935	5213	
628	116	5670753
5024	6491	6848	5919	6358	5442	5822	6553	
629	62	5653886
5880	5542	6984	
630	116	5677521
5079	6238	5710	5171	5226	5178	5262	6768	
631	22	5675584
5530	6842	6147	6459	5675	4949	5175	5062	7133	6028	6898	5728	6549	
632	100	5680763
5010	5002	6404	5179	
633	56	5603676
6882	6917	
634	61	5684789
7024	6341	6103	7268	
635	91	5735956
5643	5475	6685	7122	
636	104	5737243
7311	5167	5955	6199	5654	
637	13	5744021
6219	6866	6432	6938	7145	6392	6188	7281	6778	
638	1	5753637
5653	4958	6508	6057	5275	6543	5018	7245	5899	6571	5110	6799	5351	
639	67	5759840
5749	6956	6545	6105	5638	6764	4948	7324	5142	6203	
640	89	5764291
7061	6950	5513	
641	94	5770913
7136	5738	6622	
642	115	5824993
5024	5145	6545	6591	5380	5469	6862	5309	5464	5511	5597	7280	
643	12	5825917
4999	5292	6080	6543	5527	5749	
644	73	5831715
6616	6992	6192	6450	5779	6151	7069	5275	6722	
645	71	5836036
6562	5864	6480	6702	
646	106	5843434
6499	5498	6139	5895	7142	5799	6014	5857	7241	
647	50	5827818
7155	5556	4908	
648	34	5850496
5570	6105	5123	5001	5393	5947	5974	5188	7062	
649	77	5853089
5826	4950	5384	7024	5450	7319	6129	6308	5766	5851	
650	28	5858663
5574	
651	6	5907901
7258	6176	7162	6072	6340	
652	9	5914987
6015	5869	5523	7295	5724	6900	6139	5157	7086	6914	
653	74	5842990
5864	5161	5055	
654	49	5923982
7064	5785	7112	6293	5024	5869	5135	5394	4946	
655	45	5830163
5990	7278	6788	
656	116	5930493
6982	5518	7164	6602	6871	5004	5360	6511	
657	92	5937350
5275	5862	5838	6223	6950	6857	
658	12	5934419
5245	5807	7036	5214	4972	5078	
659	113	5846018
7250	5653	
660	15	5943219
5301	6656	5229	5389	5557	6838	6887	7055	6705	6794	5377	6302	5869	
661	18	5927963
5748	6426	7216	7196	6516	6346	
662	19	5947068
5056	5983	5540	5488	4950	6784	5766	5881	6347	
663	72	5952612
6781	5833	6746	5544	
664	88	5996019
5813	6712	6048	5960	6946	6257	6000	
665	96	5958726
6761	6127	7160	6188	5242	5835	6996	5902	6624	6236	6114	
666	16	6001816
5779	7179	6570	5425	6963	5639	6099	5524	5604	5140	7266	5797	
667	91	6001038
6392	6398	6184	7226	
668	84	6011599
5058	6730	5979	5289	6714	5470	6742	5261	6056	5319	6183	
669	34	6017655
7304	7133	6885	6076	5222	6255	5885	7273	6056	
670	58	6003917
6164	5446	6611	7018	5880	6581	6187	5647	
671	101	6023495
7027	6438	6265	
672	39	6021279
6755	5812	6278	6043	5848	6963	6995	6917	5143	5437	
673	68	5930318
6563	
674	5	6086450
5115	7238	5113	6954	7057	5072	5292	5458	7107	5301	6092	5214	6050	
675	67	6095290
5005	5625	5945	5071	5545	6445	4923	5302	6305	5240	
676	53	6102068
6757	6254	5503	6374	6778	
677	67	6107727
5828	4921	5225	6436	5528	6500	5470	5056	7151	5659	
678	25	6114871
6459	6226	5575	6713	5844	6709	7322	6535	4914	6138	5687	7144	
679	50	6031528
6826	6719	7179	
680	83	6167809
6332	6129	7341	6154	5209	5610	4970	5709	6175	5417	6372	6748	6138	
681	88	6173455
6031	5944	6907	7056	5699	6914	5646	
682	5	6183745
6879	6971	7319	5481	6422	6343	6530	6587	6604	7091	5119	5210	6690	
683	95	6189953
6406	5927	6208	
684	111	6197237
6286	5874	5395	5244	6782	7148	5993	7258	4906	5265	5792	5060	7284	
685	94	6126193
4944	6590	5060	
686	67	6203713
5781	6387	4924	5445	6913	5776	5865	7143	6422	6476	
687	34	6256342
6386	5583	5433	5940	5319	7006	5854	6570	5829	
688	54	6168095
5648	5446	
689	0	6186254
6860	5793	6273	5485	6931	6466	6328	6924	5356	
690	51	6192472
5039	6562	5861	6849	5276	6218	
691	85	6262859
6497	6666	7088	4944	6300	5256	6809	6517	
692	58	6197180
7245	7143	6834	6089	6620	6676	7170	7323	
693	31	6272243
6264	6545	6650	5479	5784	
694	83	6279234
5164	6154	6428	6700	6599	5303	5140	5521	6579	5294	5319	5403	6991	
695	18	6260521
6025	5541	6238	5530	6185	7321	
696	84	6286556
6973	5236	5594	6384	6467	6552	6577	6016	4974	6926	7322	
697	32	6276320
6154	6601	7162	7003	7275	5875	
698	62	6201204
6668	6301	6261	
699	104	6292506
7327	6757	7263	5293	5950	
700	59	6281927
6920	6098	6449	6312	6497	5085	5733	7201	5473	5607	
701	88	6344732
5146	5347	5853	6684	5595	7108	5426	
702	106	6349837
5819	5019	5042	6037	5716	6712	6131	6069	5105	
703	107	6344232
6765	7107	6534	6336	7142	7061	
704	17	6360028
6262	5327	6907	7232	5599	7104	4962	6591	
705	17	6364984
5851	6054	5830	5405	5756	5719	5952	4956	
706	83	6370534
6044	5102	5970	5202	5981	5740	6315	5718	4948	6655	5050	7192	5550	
707	67	6375765
6986	5796	6605	6991	6816	6203	6156	5490	5946	5231	
708	61	6428574
6010	5014	5836	6009	
709	14	6435012
5719	6704	6909	7158	5854	5310	5463	6617	5568	6438	
710	114	6443594
6086	5702	7094	6409	5827	5164	6161	6058	4932	5741	5821	6219	4982	
711	75	6449562
5439	5578	5305	6304	7282	6450	6586	5992	5968	
712	61	6456866
6968	5706	6941	7304	
713	69	6300866
5152	7034	5451	6064	
714	51	6435183
6200	6901	6609	7129	6371	4980	
715	55	6440646
6792	4919	6128	7330	6844	
716	4	6462889
6013	6213	6334	7124	6756	5706	6079	5338	6194	7238	5504	6023	
717	5	6516116
5249	6957	5878	6636	7107	5285	7224	7323	6521	5255	6768	7289	6427	
718	4	6522278
6373	5646	6317	5192	5168	6785	5355	6207	5188	6706	5681	6162	
719	68	6287292
6696	
720	41	6533101
5909	6688	7303	6872	6488	5709	5153	7040	7223	
721	116	6538085
5778	5301	5436	7088	7283	6013	7135	4984	
722	40	6385898
6216	6517	
723	57	6452202
6625	7164	6972	6596	6340	7309	6951	6397	6090	5552	
724	55	6520895
5414	5683	6179	7128	5537	
725	103	6544830
5959	5520	6697	5895	6535	6967	4961	5959	5376	6745	
726	79	6536578
5116	6124	
727	105	6454710
6866	5089	5867	6477	6092	
728	31	6550487
5195	5258	5835	5161	5657	
729	96	6544790
6081	5671	6551	7312	5935	7206	6582	5677	5857	6355	6280	
153
8326	3996
50970	24465
54778	26293
165103	79249
314785	151096
576163	276558
1029426	494124
1799896	863950
3095753	1485961
21949	10535
37503	18001
43924	21083
130588	62682
246719	118425
447477	214788
793231	380750
1375599	660287
2346170	1126161
5973	2867
28279	13573
35104	16849
101656	48794
188718	90584
336329	161437
585997	281278
998756	479402
1674086	803561
5564	2671
22543	10820
40968	19664
137422	65962
281380	135062
553094	265485
1067875	512580
2014396	966910
3734025	1792332
6287	3017
20009	9603
20089	9642
79191	38011
180571	86674
395269	189729
848869	407457
1781662	855197
3675409	1764196
11743	5636
48265	23167
74526	35772
336113	161334
838365	402415
2007485	963592
4677975	2245428
10675863	5124414
23979406	11510114
14363	6893
22853	10968
31110	14932
153535	73696
406667	195200
1034049	496343
2563569	1230513
6221320	2986233
14855037	7130417
38793	18620
50445	24213
62862	30173
306768	147248
806466	387103
2035323	976955
4994701	2397456
12006460	5763100
28409949	13636775
7635	3665
41219	19784
47505	22802
236274	113411
629066	301951
1607853	771769
4022065	1930591
9839266	4722847
23667435	11360368
7751	3720
25640	12307
34405	16514
179020	85929
491187	235769
1293785	621016
3373065	1619071
8574263	4115646
21389495	10266957
8634	4144
12642	6068
14736	7073
50215	24103
103905	49874
206397	99070
401120	192537
762419	365961
1424997	683998
6319	3033
10098	4846
18133	8703
48075	23076
84149	40391
141401	67872
231109	110932
369978	177589
582993	279836
21016	10087
90807	43587
100009	48004
475370	228177
1227974	589427
3045218	1461704
7375777	3540372
17479848	8390327
40746789	19558458
4914	2358
21388	10265
35708	17139
132212	63461
289136	138785
607021	291370
1252647	601270
2525083	1212039
5001241	2400595
96268	46208
99529	47773
112191	53851
470703	225937
1118843	537044
2553064	1225470
5693086	2732681
12419795	5961501
26648185	12791128
9507	4563
30841	14803
38523	18491
116307	55827
222002	106560
406797	195262
730286	350537
1281751	615240
2211641	1061587
20416	9799
21401	10271
29277	14052
68957	33099
111541	53539
173205	83138
263361	126413
391561	187949
572381	274742
14
14.25
12.5
13
18.125
22
19.25
19.5
16.5
13.75
13.375
19.25
22
19.25
13.75
78
46800	64800
133200	151200
219600	237600
306000	324000
392400	410400
478800	496800
565200	583200
651600	669600
738000	756000
824400	842400
910800	928800
997200	1015200
1083600	1101600
1170000	1188000
1256400	1274400
1342800	1360800
1429200	1447200
1515600	1533600
1602000	1620000
1688400	1706400
1774800	1792800
1861200	1879200
1947600	1965600
2034000	2052000
2120400	2138400
2206800	2224800
2293200	2311200
2379600	2397600
2466000	2484000
2552400	2570400
2638800	2656800
2725200	2743200
2811600	2829600
2898000	2916000
2984400	3002400
3070800	3088800
3157200	3175200
3243600	3261600
3330000	3348000
3416400	3434400
3502800	3520800
3589200	3607200
3661200	3672000
3747600	3758400
3834000	3844800
3920400	3931200
4006800	4017600
4093200	4104000
4179600	4190400
4280400	4298400
4366800	4384800
4453200	4471200
4539600	4557600
4626000	4644000
4712400	4730400
4798800	4816800
4885200	4903200
4971600	4989600
5058000	5076000
5144400	5162400
5230800	5248800
5317200	5335200
5403600	5421600
5490000	5508000
5576400	5594400
5662800	5680800
5749200	5767200
5835600	5853600
5922000	5940000
6008400	6026400
6094800	6112800
6181200	6199200
6267600	6285600
6354000	6372000
6440400	6458400
6526800	6544800
6613200	6631200
1000000000	2000000000
2222222222221122222222
2222222222220022222277
4444444444224444224444
4444004466444444444444
6666666666666666226666
3333333333333333333333
3333333333333333333333
6666666666666666666666
6666667766666666666666
5555555555555555555555
4444444444444444444444
2244444455444444444444
6666666666666666666666
3333333333333333333333
3333333333333333333333
6666666666666666666666
4444444444444444444444
85
46800	64800
133200	151200
219600	237600
306000	324000
392400	410400
478800	496800
565200	583200
651600	669600
738000	756000
824400	842400
910800	928800
997200	1015200
1083600	1101600
1170000	1188000
1256400	1274400
1342800	1360800
1429200	1447200
1515600	1533600
1602000	1620000
1688400	1706400
1774800	1792800
1861200	1879200
1947600	1965600
2034000	2052000
2120400	2138400
2206800	2224800
2293200	2311200
2379600	2397600
2466000	2484000
2552400	2570400
2638800	2656800
2725200	2743200
2811600	2829600
2898000	2916000
2984400	3002400
3070800	3088800
3157200	3175200
3243600	3261600
3330000	3348000
3416400	3434400
3502800	3520800
3589200	3607200
3628800	3628800
3715200	3715200
3801600	3801600
3888000	3888000
3974400	3974400
4060800	4060800
4147200	4147200
4280400	4298400
4366800	4384800
4453200	4471200
4539600	4557600
4626000	4644000
4712400	4730400
4798800	4816800
4885200	4903200
4971600	4989600
5058000	5076000
5144400	5162400
5230800	5248800
5317200	5335200
5403600	5421600
5490000	5508000
5576400	5594400
5662800	5680800
5749200	5767200
5835600	5853600
5922000	5940000
6008400	6026400
6080400	6091200
6094800	6141600
6166800	6177600
6181200	6228000
6253200	6264000
6267600	6314400
6339600	6350400
6354000	6400800
6426000	6436800
6440400	6487200
6512400	6523200
6526800	6573600
6598800	6609600
6613200	6660000
1000000000	2000000000
2222222222221122222222
2222222222220022222277
4444444444224444224444
4444004466444444444444
6666666666666666226666
3333333333333333333333
3333333333333333333333
6666666666666666666666
6666667766666666666666
5555555555555555555555
4444444444444444444444
2244444455444444444444
6666666666666666666666
3333333333333333333333
3333333333333333333333
6666666666666666666666
4444444444444444444444
141
32400	43200
46800	72000
118800	129600
133200	158400
205200	216000
219600	244800
291600	302400
306000	331200
378000	388800
392400	417600
464400	475200
478800	504000
550800	561600
565200	590400
637200	648000
651600	676800
723600	734400
738000	763200
810000	820800
824400	849600
896400	907200
910800	936000
982800	993600
997200	1022400
1069200	1080000
1083600	1108800
1155600	1166400
1170000	1195200
1242000	1252800
1256400	1281600
1328400	1339200
1342800	1368000
1414800	1425600
1429200	1454400
1501200	1512000
1515600	1540800
1587600	1598400
1602000	1627200
1674000	1684800
1688400	1713600
1760400	1771200
1774800	1800000
1846800	1857600
1861200	1886400
1933200	1944000
1947600	1972800
2019600	2030400
2034000	2059200
2106000	2116800
2120400	2145600
2192400	2203200
2206800	2232000
2278800	2289600
2293200	2318400
2365200	2376000
2379600	2404800
2451600	2462400
2466000	2491200
2538000	2548800
2552400	2577600
2624400	2635200
2638800	2664000
2710800	2721600
2725200	2750400
2797200	2808000
2811600	2836800
2883600	2894400
2898000	2923200
2970000	2980800
2984400	3009600
3070800	3088800
3157200	3175200
3243600	3261600
3330000	3348000
3416400	3434400
3502800	3520800
3589200	3607200
3661200	3672000
3675600	3700800
3747600	3758400
3762000	3787200
3834000	3844800
3848400	3873600
3920400	3931200
3934800	3960000
4006800	4017600
4021200	4046400
4093200	4104000
4107600	4132800
4179600	4190400
4194000	4219200
4266000	4276800
4280400	4305600
4352400	4363200
4366800	4392000
4438800	4449600
4453200	4478400
4525200	4536000
4539600	4564800
4611600	4622400
4626000	4651200
4698000	4708800
4712400	4737600
4784400	4795200
4798800	4824000
4885200	4903200
4971600	4989600
5058000	5076000
5144400	5162400
5230800	5248800
5317200	5335200
5403600	5421600
5475600	5486400
5490000	5515200
5562000	5572800
5576400	5601600
5648400	5659200
5662800	5688000
5734800	5745600
5749200	5774400
5821200	5832000
5835600	5860800
5907600	5918400
5922000	5947200
5994000	6004800
6008400	6033600
6080400	6091200
6094800	6120000
6166800	6177600
6181200	6206400
6253200	6264000
6267600	6292800
6339600	6350400
6354000	6379200
6426000	6436800
6440400	6465600
6512400	6523200
6526800	6552000
6598800	6609600
6613200	6638400
1000000000	2000000000
2222222222221122222222
2222222222220022222277
4444444444224444224444
4444004466444444444444
6666666666666666226666
3333333333333333333333
3333333333333333333333
6666666666666666666666
6666667766666666666666
5555555555555555555555
4444444444444444444444
2244444455444444444444
6666666666666666666666
3333333333333333333333
3333333333333333333333
6666666666666666666666
4444444444444444444444
148
32400	43200
46800	72000
118800	129600
133200	158400
205200	216000
219600	244800
291600	302400
306000	331200
378000	388800
392400	417600
464400	475200
478800	504000
550800	561600
565200	590400
637200	648000
651600	676800
723600	734400
738000	763200
810000	820800
824400	849600
896400	907200
910800	936000
982800	993600
997200	1022400
1069200	1080000
1083600	1108800
1155600	1166400
1170000	1195200
1209600	1209600
1296000	1296000
1382400	1382400
1468800	1468800
1555200	1555200
1641600	1641600
1728000	1728000
1846800	1857600
1861200	1886400
1933200	1944000
1947600	1972800
2019600	2030400
2034000	2059200
2106000	2116800
2120400	2145600
2192400	2203200
2206800	2232000
2278800	2289600
2293200	2318400
2365200	2376000
2379600	2404800
2451600	2462400
2466000	2505600
2538000	2548800
2552400	2592000
2624400	2635200
2638800	2678400
2710800	2721600
2725200	2764800
2797200	2808000
2811600	2851200
2883600	2894400
2898000	2937600
2970000	2980800
2984400	3024000
3056400	3067200
3070800	3096000
3142800	3153600
3157200	3182400
3229200	3240000
3243600	3268800
3315600	3326400
3330000	3355200
3402000	3412800
3416400	3441600
3488400	3499200
3502800	3528000
3574800	3585600
3589200	3614400
3661200	3672000
3675600	3700800
3747600	3758400
3762000	3787200
3834000	3844800
3848400	3873600
3920400	3931200
3934800	3960000
4006800	4017600
4021200	4046400
4093200	4104000
4107600	4132800
4179600	4190400
4194000	4219200
4266000	4276800
4280400	4305600
4352400	4363200
4366800	4392000
4438800	4449600
4453200	4478400
4525200	4536000
4539600	4564800
4611600	4622400
4626000	4651200
4698000	4708800
4712400	4737600
4784400	4795200
4798800	4824000
4870800	4881600
4885200	4910400
4957200	4968000
4971600	4996800
5043600	5054400
5058000	5083200
5130000	5140800
5144400	5169600
5216400	5227200
5230800	5256000
5302800	5313600
5317200	5342400
5389200	5400000
5403600	5428800
5475600	5486400
5490000	5515200
5562000	5572800
5576400	5601600
5648400	5659200
5662800	5688000
5734800	5745600
5749200	5774400
5821200	5832000
5835600	5860800
5907600	5918400
5922000	5947200
5994000	6004800
6008400	6033600
6080400	6091200
6094800	6120000
6166800	6177600
6181200	6206400
6253200	6264000
6267600	6292800
6339600	6350400
6354000	6379200
6426000	6436800
6440400	6465600
6512400	6523200
6526800	6552000
6598800	6609600
6613200	6638400
1000000000	2000000000
2222222222221122222222
2222222222220022222277
4444444444224444224444
4444004466444444444444
6666666666666666226666
3333333333333333333333
3333333333333333333333
6666666666666666666666
6666667766666666666666
5555555555555555555555
4444444444444444444444
2244444455444444444444
6666666666666666666666
3333333333333333333333
3333333333333333333333
6666666666666666666666
4444444444444444444444
148
32400	43200
46800	86400
118800	129600
133200	172800
205200	216000
219600	259200
291600	302400
306000	345600
378000	388800
392400	432000
464400	475200
478800	518400
550800	561600
565200	604800
637200	648000
651600	691200
723600	734400
738000	777600
810000	820800
824400	864000
896400	907200
910800	950400
982800	993600
997200	1036800
1069200	1080000
1083600	1123200
1155600	1166400
1170000	1209600
1242000	1252800
1256400	1296000
1328400	1339200
1342800	1382400
1414800	1425600
1429200	1468800
1501200	1512000
1515600	1555200
1587600	1598400
1602000	1641600
1674000	1684800
1688400	1728000
1760400	1771200
1774800	1814400
1846800	1857600
1861200	1900800
1933200	1944000
1947600	1987200
2019600	2030400
2034000	2073600
2106000	2116800
2120400	2160000
2192400	2203200
2206800	2246400
2278800	2289600
2293200	2332800
2365200	2376000
2379600	2419200
2451600	2462400
2466000	2505600
2538000	2548800
2552400	2592000
2624400	2635200
2638800	2678400
2710800	2721600
2725200	2764800
2797200	2808000
2811600	2851200
2883600	2894400
2898000	2937600
2970000	2980800
2984400	3024000
3056400	3067200
3070800	3110400
3142800	3153600
3157200	3196800
3229200	3240000
3243600	3283200
3315600	3326400
3330000	3369600
3402000	3412800
3416400	3456000
3488400	3499200
3502800	3542400
3574800	3585600
3589200	3628800
3661200	3672000
3675600	3715200
3747600	3758400
3762000	3801600
3834000	3844800
3848400	3888000
3920400	3931200
3934800	3974400
4006800	4017600
4021200	4060800
4093200	4104000
4107600	4147200
4179600	4190400
4194000	4233600
4266000	4276800
4280400	4320000
4352400	4363200
4366800	4406400
4438800	4449600
4453200	4492800
4525200	4536000
4539600	4579200
4611600	4622400
4626000	4665600
4698000	4708800
4712400	4752000
4784400	4795200
4798800	4838400
4885200	4903200
4971600	4989600
5058000	5076000
5144400	5162400
5230800	5248800
5317200	5335200
5403600	5421600
5475600	5486400
5490000	5529600
5562000	5572800
5576400	5616000
5648400	5659200
5662800	5702400
5734800	5745600
5749200	5788800
5821200	5832000
5835600	5875200
5907600	5918400
5922000	5961600
5994000	6004800
6008400	6048000
6080400	6091200
6094800	6134400
6166800	6177600
6181200	6220800
6253200	6264000
6267600	6307200
6339600	6350400
6354000	6393600
6426000	6436800
6440400	6480000
6512400	6523200
6526800	6566400
6598800	6609600
6613200	6652800
1000000000	2000000000
2222222222221122222222
2222222222220022222277
4444444444224444224444
4444004466444444444444
6666666666666666226666
3333333333333333333333
3333333333333333333333
6666666666666666666666
6666667766666666666666
5555555555555555555555
4444444444444444444444
2244444455444444444444
6666666666666666666666
3333333333333333333333
3333333333333333333333
6666666666666666666666
4444444444444444444444
155
32400	43200
46800	64800
118800	129600
133200	151200
205200	216000
219600	237600
291600	302400
306000	324000
378000	388800
392400	410400
464400	475200
478800	496800
550800	561600
565200	583200
637200	648000
651600	669600
723600	734400
738000	756000
810000	820800
824400	842400
896400	907200
910800	928800
982800	993600
997200	1015200
1069200	1080000
1083600	1101600
1155600	1166400
1170000	1188000
1242000	1252800
1256400	1274400
1328400	1339200
1342800	1360800
1414800	1425600
1429200	1447200
1501200	1512000
1515600	1533600
1587600	1598400
1602000	1620000
1674000	1684800
1688400	1706400
1760400	1771200
1774800	1792800
1846800	1857600
1861200	1879200
1933200	1944000
1947600	1965600
2019600	2030400
2034000	2052000
2106000	2116800
2120400	2138400
2192400	2203200
2206800	2224800
2278800	2289600
2293200	2311200
2365200	2376000
2379600	2397600
2451600	2462400
2466000	2484000
2538000	2548800
2552400	2570400
2624400	2635200
2638800	2656800
2710800	2721600
2725200	2743200
2797200	2808000
2811600	2829600
2883600	2894400
2898000	2916000
2970000	2980800
2984400	3002400
3056400	3067200
3070800	3088800
3142800	3153600
3157200	3175200
3229200	3240000
3243600	3261600
3315600	3326400
3330000	3348000
3402000	3412800
3416400	3434400
3488400	3499200
3502800	3520800
3574800	3585600
3589200	3607200
3661200	3672000
3675600	3693600
3747600	3758400
3762000	3780000
3834000	3844800
3848400	3866400
3920400	3931200
3934800	3952800
4006800	4017600
4021200	4039200
4093200	4104000
4107600	4125600
4179600	4190400
4194000	4212000
4266000	4276800
4280400	4298400
4352400	4363200
4366800	4384800
4438800	4449600
4453200	4471200
4525200	4536000
4539600	4557600
4611600	4622400
4626000	4644000
4698000	4708800
4712400	4730400
4784400	4795200
4798800	4816800
4870800	4881600
4885200	4903200
4957200	4968000
4971600	4989600
5043600	5054400
5058000	5076000
5130000	5140800
5144400	5162400
5216400	5227200
5230800	5248800
5302800	5313600
5317200	5335200
5389200	5400000
5403600	5421600
5475600	5486400
5490000	5508000
5562000	5572800
5576400	5594400
5648400	5659200
5662800	5680800
5734800	5745600
5749200	5767200
5821200	5832000
5835600	5853600
5907600	5918400
5922000	5940000
5994000	6004800
6008400	6026400
6080400	6091200
6094800	6112800
6166800	6177600
6181200	6199200
6253200	6264000
6267600	6285600
6339600	6350400
6354000	6372000
6426000	6436800
6440400	6458400
6512400	6523200
6526800	6544800
6598800	6609600
6613200	6631200
1000000000	2000000000
2222222222221122222222
2222222222220022222277
4444444444224444224444
4444004466444444444444
6666666666666666226666
3333333333333333333333
3333333333333333333333
6666666666666666666666
6666667766666666666666
5555555555555555555555
4444444444444444444444
2244444455444444444444
6666666666666666666666
3333333333333333333333
3333333333333333333333
6666666666666666666666
4444444444444444444444
155
32400	43200
46800	64800
118800	129600
133200	151200
205200	216000
219600	237600
291600	302400
306000	324000
378000	388800
392400	410400
464400	475200
478800	496800
550800	561600
565200	583200
637200	648000
651600	669600
723600	734400
738000	756000
810000	820800
824400	842400
896400	907200
910800	928800
982800	993600
997200	1015200
1069200	1080000
1083600	1101600
1155600	1166400
1170000	1188000
1242000	1252800
1256400	1274400
1328400	1339200
1342800	1360800
1414800	1425600
1429200	1447200
1501200	1512000
1515600	1533600
1587600	1598400
1602000	1620000
1674000	1684800
1688400	1706400
1760400	1771200
1774800	1792800
1846800	1857600
1861200	1879200
1933200	1944000
1947600	1965600
2019600	2030400
2034000	2052000
2106000	2116800
2120400	2138400
2192400	2203200
2206800	2224800
2278800	2289600
2293200	2311200
2365200	2376000
2379600	2397600
2451600	2462400
2466000	2484000
2538000	2548800
2552400	2570400
2624400	2635200
2638800	2656800
2710800	2721600
2725200	2743200
2797200	2808000
2811600	2829600
2883600	2894400
2898000	2916000
2970000	2980800
2984400	3002400
3056400	3067200
3070800	3088800
3142800	3153600
3157200	3175200
3229200	3240000
3243600	3261600
3315600	3326400
3330000	3348000
3402000	3412800
3416400	3434400
3488400	3499200
3502800	3520800
3574800	3585600
3589200	3607200
3661200	3672000
3675600	3693600
3747600	3758400
3762000	3780000
3834000	3844800
3848400	3866400
3920400	3931200
3934800	3952800
4006800	4017600
4021200	4039200
4093200	4104000
4107600	4125600
4179600	4190400
4194000	4212000
4266000	4276800
4280400	4298400
4352400	4363200
4366800	4384800
4438800	4449600
4453200	4471200
4525200	4536000
4539600	4557600
4611600	4622400
4626000	4644000
4698000	4708800
4712400	4730400
4784400	4795200
4798800	4816800
4870800	4881600
4885200	4903200
4957200	4968000
4971600	4989600
5043600	5054400
5058000	5076000
5130000	5140800
5144400	5162400
5216400	5227200
5230800	5248800
5302800	5313600
5317200	5335200
5389200	5400000
5403600	5421600
5475600	5486400
5490000	5508000
5562000	5572800
5576400	5594400
5648400	5659200
5662800	5680800
5734800	5745600
5749200	5767200
5821200	5832000
5835600	5853600
5907600	5918400
5922000	5940000
5994000	6004800
6008400	6026400
6080400	6091200
6094800	6112800
6166800	6177600
6181200	6199200
6253200	6264000
6267600	6285600
6339600	6350400
6354000	6372000
6426000	6436800
6440400	6458400
6512400	6523200
6526800	6544800
6598800	6609600
6613200	6631200
1000000000	2000000000
2222222222221122222222
2222222222220022222277
4444444444224444224444
4444004466444444444444
6666666666666666226666
3333333333333333333333
3333333333333333333333
6666666666666666666666
6666667766666666666666
5555555555555555555555
4444444444444444444444
2244444455444444444444
6666666666666666666666
3333333333333333333333
3333333333333333333333
6666666666666666666666
4444444444444444444444
155
32400	43200
46800	86400
118800	129600
133200	172800
205200	216000
219600	259200
291600	302400
306000	345600
378000	388800
392400	432000
464400	475200
478800	518400
550800	561600
565200	604800
637200	648000
651600	691200
723600	734400
738000	777600
810000	820800
824400	864000
896400	907200
910800	950400
982800	993600
997200	1036800
1069200	1080000
1083600	1123200
1155600	1166400
1170000	1209600
1242000	1252800
1256400	1296000
1328400	1339200
1342800	1382400
1414800	1425600
1429200	1468800
1501200	1512000
1515600	1555200
1587600	1598400
1602000	1641600
1674000	1684800
1688400	1728000
1760400	1771200
1774800	1814400
1846800	1857600
1861200	1900800
1933200	1944000
1947600	1987200
2019600	2030400
2034000	2073600
2106000	2116800
2120400	2160000
2192400	2203200
2206800	2246400
2278800	2289600
2293200	2332800
2365200	2376000
2379600	2419200
2451600	2462400
2466000	2505600
2538000	2548800
2552400	2592000
2624400	2635200
2638800	2678400
2710800	2721600
2725200	2764800
2797200	2808000
2811600	2851200
2883600	2894400
2898000	2937600
2970000	2980800
2984400	3024000
3056400	3067200
3070800	3110400
3142800	3153600
3157200	3196800
3229200	3240000
3243600	3283200
3315600	3326400
3330000	3369600
3402000	3412800
3416400	3456000
3488400	3499200
3502800	3542400
3574800	3585600
3589200	3628800
3661200	3672000
3675600	3715200
3747600	3758400
3762000	3801600
3834000	3844800
3848400	3888000
3920400	3931200
3934800	3974400
4006800	4017600
4021200	4060800
4093200	4104000
4107600	4147200
4179600	4190400
4194000	4233600
4266000	4276800
4280400	4320000
4352400	4363200
4366800	4406400
4438800	4449600
4453200	4492800
4525200	4536000
4539600	4579200
4611600	4622400
4626000	4665600
4698000	4708800
4712400	4752000
4784400	4795200
4798800	4838400
4870800	4881600
4885200	4924800
4957200	4968000
4971600	5011200
5043600	5054400
5058000	5097600
5130000	5140800
5144400	5184000
5216400	5227200
5230800	5270400
5302800	5313600
5317200	5356800
5389200	5400000
5403600	5443200
5475600	5486400
5490000	5529600
5562000	5572800
5576400	5616000
5648400	5659200
5662800	5702400
5734800	5745600
5749200	5788800
5821200	5832000
5835600	5875200
5907600	5918400
5922000	5961600
5994000	6004800
6008400	6048000
6080400	6091200
6094800	6134400
6166800	6177600
6181200	6220800
6253200	6264000
6267600	6307200
6339600	6350400
6354000	6393600
6426000	6436800
6440400	6480000
6512400	6523200
6526800	6566400
6598800	6609600
6613200	6652800
1000000000	2000000000
2222222222221122222222
2222222222220022222277
4444444444224444224444
4444004466444444444444
6666666666666666226666
3333333333333333333333
3333333333333333333333
6666666666666666666666
6666667766666666666666
5555555555555555555555
4444444444444444444444
2244444455444444444444
6666666666666666666666
3333333333333333333333
3333333333333333333333
6666666666666666666666
4444444444444444444444
155
32400	43200
46800	86400
118800	129600
133200	172800
205200	216000
219600	259200
291600	302400
306000	345600
378000	388800
392400	432000
464400	475200
478800	518400
550800	561600
565200	604800
637200	648000
651600	691200
723600	734400
738000	777600
810000	820800
824400	864000
896400	907200
910800	950400
982800	993600
997200	1036800
1069200	1080000
1083600	1123200
1155600	1166400
1170000	1209600
1242000	1252800
1256400	1296000
1328400	1339200
1342800	1382400
1414800	1425600
1429200	1468800
1501200	1512000
1515600	1555200
1587600	1598400
1602000	1641600
1674000	1684800
1688400	1728000
1760400	1771200
1774800	1814400
1846800	1857600
1861200	1908000
1933200	1944000
1947600	1994400
2019600	2030400
2034000	2080800
2106000	2116800
2120400	2167200
2192400	2203200
2206800	2253600
2278800	2289600
2293200	2340000
2365200	2376000
2379600	2426400
2451600	2462400
2466000	2505600
2538000	2548800
2552400	2592000
2624400	2635200
2638800	2678400
2710800	2721600
2725200	2764800
2797200	2808000
2811600	2851200
2883600	2894400
2898000	2937600
2970000	2980800
2984400	3024000
3056400	3067200
3070800	3110400
3142800	3153600
3157200	3196800
3229200	3240000
3243600	3283200
3315600	3326400
3330000	3369600
3402000	3412800
3416400	3456000
3488400	3499200
3502800	3542400
3574800	3585600
3589200	3628800
3661200	3672000
3675600	3715200
3747600	3758400
3762000	3801600
3834000	3844800
3848400	3888000
3920400	3931200
3934800	3974400
4006800	4017600
4021200	4060800
4093200	4104000
4107600	4147200
4179600	4190400
4194000	4233600
4266000	4276800
4280400	4320000
4352400	4363200
4366800	4406400
4438800	4449600
4453200	4492800
4525200	4536000
4539600	4579200
4611600	4622400
4626000	4665600
4698000	4708800
4712400	4752000
4784400	4795200
4798800	4838400
4870800	4881600
4885200	4924800
4957200	4968000
4971600	5011200
5043600	5054400
5058000	5097600
5130000	5140800
5144400	5184000
5216400	5227200
5230800	5270400
5302800	5313600
5317200	5356800
5389200	5400000
5403600	5443200
5475600	5486400
5490000	5529600
5562000	5572800
5576400	5616000
5648400	5659200
5662800	5702400
5734800	5745600
5749200	5788800
5821200	5832000
5835600	5875200
5907600	5918400
5922000	5961600
5994000	6004800
6008400	6048000
6080400	6091200
6094800	6134400
6166800	6177600
6181200	6220800
6253200	6264000
6267600	6307200
6339600	6350400
6354000	6393600
6426000	6436800
6440400	6480000
6512400	6523200
6526800	6566400
6598800	6609600
6613200	6652800
1000000000	2000000000
2222222222221122222222
2222222222220022222277
4444444444224444224444
4444004466444444444444
6666666666666666226666
3333333333333333333333
3333333333333333333333
6666666666666666666666
6666667766666666666666
5555555555555555555555
4444444444444444444444
2244444455444444444444
6666666666666666666666
3333333333333333333333
3333333333333333333333
6666666666666666666666
4444444444444444444444
155
32400	43200
46800	79200
118800	129600
133200	165600
205200	216000
219600	252000
291600	302400
306000	338400
378000	388800
392400	424800
464400	475200
478800	511200
550800	561600
565200	597600
637200	648000
651600	684000
723600	734400
738000	770400
810000	820800
824400	856800
896400	907200
910800	943200
982800	993600
997200	1029600
1069200	1080000
1083600	1116000
1155600	1166400
1170000	1202400
1242000	1252800
1256400	1288800
1328400	1339200
1342800	1375200
1414800	1425600
1429200	1461600
1501200	1512000
1515600	1548000
1587600	1598400
1602000	1634400
1674000	1684800
1688400	1720800
1760400	1771200
1774800	1807200
1846800	1857600
1861200	1893600
1933200	1944000
1947600	1980000
2019600	2030400
2034000	2066400
2106000	2116800
2120400	2152800
2192400	2203200
2206800	2239200
2278800	2289600
2293200	2325600
2365200	2376000
2379600	2412000
2451600	2462400
2466000	2498400
2538000	2548800
2552400	2584800
2624400	2635200
2638800	2671200
2710800	2721600
2725200	2757600
2797200	2808000
2811600	2844000
2883600	2894400
2898000	2930400
2970000	2980800
2984400	3016800
3056400	3067200
3070800	3103200
3142800	3153600
3157200	3189600
3229200	3240000
3243600	3276000
3315600	3326400
3330000	3362400
3402000	3412800
3416400	3448800
3488400	3499200
3502800	3535200
3574800	3585600
3589200	3621600
3661200	3672000
3675600	3708000
3747600	3758400
3762000	3794400
3834000	3844800
3848400	3880800
3920400	3931200
3934800	3967200
4006800	4017600
4021200	4053600
4093200	4104000
4107600	4140000
4179600	4190400
4194000	4226400
4266000	4276800
4280400	4312800
4352400	4363200
4366800	4399200
4438800	4449600
4453200	4485600
4525200	4536000
4539600	4572000
4611600	4622400
4626000	4658400
4698000	4708800
4712400	4744800
4784400	4795200
4798800	4831200
4870800	4881600
4885200	4917600
4957200	4968000
4971600	5004000
5043600	5054400
5058000	5090400
5130000	5140800
5144400	5176800
5216400	5227200
5230800	5263200
5302800	5313600
5317200	5349600
5389200	5400000
5403600	5436000
5475600	5486400
5490000	5522400
5562000	5572800
5576400	5608800
5648400	5659200
5662800	5695200
5734800	5745600
5749200	5781600
5821200	5832000
5835600	5868000
5907600	5918400
5922000	5954400
5994000	6004800
6008400	6040800
6080400	6091200
6094800	6127200
6166800	6177600
6181200	6213600
6253200	6264000
6267600	6300000
6339600	6350400
6354000	6386400
6426000	6436800
6440400	6472800
6512400	6523200
6526800	6559200
6598800	6609600
6613200	6645600
1000000000	2000000000
2222222222221122222222
2222222222220022222277
4444444444224444224444
4444004466444444444444
6666666666666666226666
3333333333333333333333
3333333333333333333333
6666666666666666666666
6666667766666666666666
5555555555555555555555
4444444444444444444444
2244444455444444444444
6666666666666666666666
3333333333333333333333
3333333333333333333333
6666666666666666666666
4444444444444444444444
155
32400	43200
46800	72000
118800	129600
133200	158400
205200	216000
219600	244800
291600	302400
306000	331200
378000	388800
392400	417600
464400	475200
478800	504000
550800	561600
565200	590400
637200	648000
651600	676800
723600	734400
738000	763200
810000	820800
824400	849600
896400	907200
910800	936000
982800	993600
997200	1022400
1069200	1080000
1083600	1108800
1155600	1166400
1170000	1195200
1242000	1252800
1256400	1281600
1328400	1339200
1342800	1368000
1414800	1425600
1429200	1454400
1501200	1512000
1515600	1540800
1587600	1598400
1602000	1627200
1674000	1684800
1688400	1713600
1760400	1771200
1774800	1800000
1846800	1857600
1861200	1886400
1933200	1944000
1947600	1972800
2019600	2030400
2034000	2059200
2106000	2116800
2120400	2145600
2192400	2203200
2206800	2232000
2278800	2289600
2293200	2318400
2365200	2376000
2379600	2404800
2451600	2462400
2466000	2491200
2538000	2548800
2552400	2577600
2624400	2635200
2638800	2664000
2710800	2721600
2725200	2750400
2797200	2808000
2811600	2836800
2883600	2894400
2898000	2923200
2970000	2980800
2984400	3009600
3056400	3067200
3070800	3096000
3142800	3153600
3157200	3182400
3229200	3240000
3243600	3268800
3315600	3326400
3330000	3355200
3402000	3412800
3416400	3441600
3488400	3499200
3502800	3528000
3574800	3585600
3589200	3614400
3661200	3672000
3675600	3700800
3747600	3758400
3762000	3787200
3834000	3844800
3848400	3873600
3920400	3931200
3934800	3960000
4006800	4017600
4021200	4046400
4093200	4104000
4107600	4132800
4179600	4190400
4194000	4219200
4266000	4276800
4280400	4305600
4352400	4363200
4366800	4392000
4438800	4449600
4453200	4478400
4525200	4536000
4539600	4564800
4611600	4622400
4626000	4651200
4698000	4708800
4712400	4737600
4784400	4795200
4798800	4824000
4870800	4881600
4885200	4910400
4957200	4968000
4971600	4996800
5043600	5054400
5058000	5083200
5130000	5140800
5144400	5169600
5216400	5227200
5230800	5256000
5302800	5313600
5317200	5342400
5389200	5400000
5403600	5428800
5475600	5486400
5490000	5515200
5562000	5572800
5576400	5601600
5648400	5659200
5662800	5688000
5734800	5745600
5749200	5774400
5821200	5832000
5835600	5860800
5907600	5918400
5922000	5947200
5994000	6004800
6008400	6033600
6080400	6091200
6094800	6120000
6166800	6177600
6181200	6206400
6253200	6264000
6267600	6292800
6339600	6350400
6354000	6379200
6426000	6436800
6440400	6465600
6512400	6523200
6526800	6552000
6598800	6609600
6613200	6638400
1000000000	2000000000
2222222222221122222222
2222222222220022222277
4444444444224444224444
4444004466444444444444
6666666666666666226666
3333333333333333333333
3333333333333333333333
6666666666666666666666
6666667766666666666666
5555555555555555555555
4444444444444444444444
2244444455444444444444
6666666666666666666666
3333333333333333333333
3333333333333333333333
6666666666666666666666
4444444444444444444444
148
46800	64800
133200	151200
219600	237600
306000	324000
392400	410400
478800	496800
565200	583200
637200	648000
651600	676800
723600	734400
738000	763200
810000	820800
824400	849600
896400	907200
910800	936000
982800	993600
997200	1022400
1069200	1080000
1083600	1108800
1155600	1166400
1170000	1195200
1242000	1252800
1256400	1281600
1328400	1339200
1342800	1368000
1414800	1425600
1429200	1454400
1501200	1512000
1515600	1540800
1587600	1598400
1602000	1627200
1674000	1684800
1688400	1713600
1760400	1771200
1774800	1800000
1846800	1857600
1861200	1886400
1933200	1944000
1947600	1972800
2019600	2030400
2034000	2059200
2106000	2116800
2120400	2145600
2192400	2203200
2206800	2232000
2278800	2289600
2293200	2318400
2365200	2376000
2379600	2404800
2451600	2462400
2466000	2498400
2538000	2548800
2552400	2584800
2624400	2635200
2638800	2671200
2710800	2721600
2725200	2757600
2797200	2808000
2811600	2844000
2883600	2894400
2898000	2930400
2970000	2980800
2984400	3016800
3056400	3067200
3070800	3096000
3142800	3153600
3157200	3182400
3229200	3240000
3243600	3268800
3315600	3326400
3330000	3355200
3402000	3412800
3416400	3441600
3488400	3499200
3502800	3528000
3574800	3585600
3589200	3614400
3661200	3672000
3675600	3700800
3747600	3758400
3762000	3787200
3834000	3844800
3848400	3873600
3920400	3931200
3934800	3960000
4006800	4017600
4021200	4046400
4093200	4104000
4107600	4132800
4179600	4190400
4194000	4219200
4266000	4276800
4280400	4305600
4352400	4363200
4366800	4392000
4438800	4449600
4453200	4478400
4525200	4536000
4539600	4564800
4611600	4622400
4626000	4651200
4698000	4708800
4712400	4737600
4784400	4795200
4798800	4824000
4870800	4881600
4885200	4910400
4957200	4968000
4971600	4996800
5043600	5054400
5058000	5083200
5130000	5140800
5144400	5169600
5216400	5227200
5230800	5256000
5302800	5313600
5317200	5342400
5389200	5400000
5403600	5428800
5475600	5486400
5490000	5515200
5562000	5572800
5576400	5601600
5648400	5659200
5662800	5688000
5734800	5745600
5749200	5774400
5821200	5832000
5835600	5860800
5907600	5918400
5922000	5947200
5994000	6004800
6008400	6033600
6080400	6091200
6094800	6120000
6166800	6177600
6181200	6206400
6253200	6264000
6267600	6292800
6339600	6350400
6354000	6379200
6426000	6436800
6440400	6465600
6512400	6523200
6526800	6552000
6598800	6609600
6613200	6638400
1000000000	2000000000
2222222222221122222222
2222222222220022222277
4444444444224444224444
4444004466444444444444
6666666666666666226666
3333333333333333333333
3333333333333333333333
6666666666666666666666
6666667766666666666666
5555555555555555555555
4444444444444444444444
2244444455444444444444
6666666666666666666666
3333333333333333333333
3333333333333333333333
6666666666666666666666
4444444444444444444444
155
32400	43200
46800	86400
118800	129600
133200	172800
205200	216000
219600	259200
291600	302400
306000	345600
378000	388800
392400	432000
464400	475200
478800	518400
550800	561600
565200	604800
637200	648000
651600	691200
723600	734400
738000	777600
810000	820800
824400	864000
896400	907200
910800	950400
982800	993600
997200	1036800
1069200	1080000
1083600	1123200
1155600	1166400
1170000	1209600
1242000	1252800
1256400	1296000
1328400	1339200
1342800	1382400
1414800	1425600
1429200	1468800
1501200	1512000
1515600	1555200
1587600	1598400
1602000	1641600
1674000	1684800
1688400	1728000
1760400	1771200
1774800	1814400
1846800	1857600
1861200	1900800
1933200	1944000
1947600	1987200
2019600	2030400
2034000	2073600
2106000	2116800
2120400	2160000
2192400	2203200
2206800	2246400
2278800	2289600
2293200	2332800
2365200	2376000
2379600	2419200
2451600	2462400
2466000	2505600
2538000	2548800
2552400	2592000
2624400	2635200
2638800	2678400
2710800	2721600
2725200	2764800
2797200	2808000
2811600	2851200
2883600	2894400
2898000	2937600
2970000	2980800
2984400	3024000
3056400	3067200
3070800	3110400
3142800	3153600
3157200	3196800
3229200	3240000
3243600	3283200
3315600	3326400
3330000	3369600
3402000	3412800
3416400	3456000
3488400	3499200
3502800	3542400
3574800	3585600
3589200	3628800
3661200	3672000
3675600	3715200
3747600	3758400
3762000	3801600
3834000	3844800
3848400	3888000
3920400	3931200
3934800	3974400
4006800	4017600
4021200	4060800
4093200	4104000
4107600	4147200
4179600	4190400
4194000	4233600
4266000	4276800
4280400	4320000
4352400	4363200
4366800	4406400
4438800	4449600
4453200	4492800
4525200	4536000
4539600	4579200
4611600	4622400
4626000	4665600
4698000	4708800
4712400	4752000
4784400	4795200
4798800	4838400
4870800	4881600
4885200	4924800
4957200	4968000
4971600	5011200
5043600	5054400
5058000	5097600
5130000	5140800
5144400	5184000
5216400	5227200
5230800	5270400
5302800	5313600
5317200	5356800
5389200	5400000
5403600	5443200
5475600	5486400
5490000	5529600
5562000	5572800
5576400	5616000
5648400	5659200
5662800	5702400
5734800	5745600
5749200	5788800
5821200	5832000
5835600	5875200
5907600	5918400
5922000	5961600
5994000	6004800
6008400	6048000
6080400	6091200
6094800	6134400
6166800	6177600
6181200	6220800
6253200	6264000
6267600	6307200
6339600	6350400
6354000	6393600
6426000	6436800
6440400	6480000
6512400	6523200
6526800	6566400
6598800	6609600
6613200	6652800
1000000000	2000000000
2222222222221122222222
2222222222220022222277
4444444444224444224444
4444004466444444444444
6666666666666666226666
3333333333333333333333
3333333333333333333333
6666666666666666666666
6666667766666666666666
5555555555555555555555
4444444444444444444444
2244444455444444444444
6666666666666666666666
3333333333333333333333
3333333333333333333333
6666666666666666666666
4444444444444444444444
155
32400	43200
46800	64800
118800	129600
133200	151200
205200	216000
219600	237600
291600	302400
306000	324000
378000	388800
392400	410400
464400	475200
478800	496800
550800	561600
565200	583200
637200	648000
651600	669600
723600	734400
738000	756000
810000	820800
824400	842400
896400	907200
910800	928800
982800	993600
997200	1015200
1069200	1080000
1083600	1101600
1155600	1166400
1170000	1188000
1242000	1252800
1256400	1274400
1328400	1339200
1342800	1360800
1414800	1425600
1429200	1447200
1501200	1512000
1515600	1533600
1587600	1598400
1602000	1620000
1674000	1684800
1688400	1706400
1760400	1771200
1774800	1792800
1846800	1857600
1861200	1879200
1933200	1944000
1947600	1965600
2019600	2030400
2034000	2052000
2106000	2116800
2120400	2138400
2192400	2203200
2206800	2224800
2278800	2289600
2293200	2311200
2365200	2376000
2379600	2397600
2451600	2462400
2466000	2484000
2538000	2548800
2552400	2570400
2624400	2635200
2638800	2656800
2710800	2721600
2725200	2743200
2797200	2808000
2811600	2829600
2883600	2894400
2898000	2916000
2970000	2980800
2984400	3002400
3056400	3067200
3070800	3088800
3142800	3153600
3157200	3175200
3229200	3240000
3243600	3261600
3315600	3326400
3330000	3348000
3402000	3412800
3416400	3434400
3488400	3499200
3502800	3520800
3574800	3585600
3589200	3607200
3661200	3672000
3675600	3693600
3747600	3758400
3762000	3780000
3834000	3844800
3848400	3866400
3920400	3931200
3934800	3952800
4006800	4017600
4021200	4039200
4093200	4104000
4107600	4125600
4179600	4190400
4194000	4212000
4266000	4276800
4280400	4298400
4352400	4363200
4366800	4384800
4438800	4449600
4453200	4471200
4525200	4536000
4539600	4557600
4611600	4622400
4626000	4644000
4698000	4708800
4712400	4730400
4784400	4795200
4798800	4816800
4870800	4881600
4885200	4903200
4957200	4968000
4971600	4989600
5043600	5054400
5058000	5076000
5130000	5140800
5144400	5162400
5216400	5227200
5230800	5248800
5302800	5313600
5317200	5335200
5389200	5400000
5403600	5421600
5475600	5486400
5490000	5508000
5562000	5572800
5576400	5594400
5648400	5659200
5662800	5680800
5734800	5745600
5749200	5767200
5821200	5832000
5835600	5853600
5907600	5918400
5922000	5940000
5994000	6004800
6008400	6026400
6080400	6091200
6094800	6112800
6166800	6177600
6181200	6199200
6253200	6264000
6267600	6285600
6339600	6350400
6354000	6372000
6426000	6436800
6440400	6458400
6512400	6523200
6526800	6544800
6598800	6609600
6613200	6631200
1000000000	2000000000
2222222222221122222222
2222222222220022222277
4444444444224444224444
4444004466444444444444
6666666666666666226666
3333333333333333333333
3333333333333333333333
6666666666666666666666
6666667766666666666666
5555555555555555555555
4444444444444444444444
2244444455444444444444
6666666666666666666666
3333333333333333333333
3333333333333333333333
6666666666666666666666
4444444444444444444444
155
32400	43200
46800	64800
118800	129600
133200	151200
205200	216000
219600	237600
291600	302400
306000	324000
378000	388800
392400	410400
464400	475200
478800	496800
550800	561600
565200	583200
637200	648000
651600	669600
723600	734400
738000	756000
810000	820800
824400	842400
896400	907200
910800	928800
982800	993600
997200	1015200
1069200	1080000
1083600	1101600
1155600	1166400
1170000	1188000
1242000	1252800
1256400	1274400
1328400	1339200
1342800	1360800
1414800	1425600
1429200	1447200
1501200	1512000
1515600	1533600
1587600	1598400
1602000	1620000
1674000	1684800
1688400	1706400
1760400	1771200
1774800	1792800
1846800	1857600
1861200	1879200
1933200	1944000
1947600	1965600
2019600	2030400
2034000	2052000
2106000	2116800
2120400	2138400
2192400	2203200
2206800	2224800
2278800	2289600
2293200	2311200
2365200	2376000
2379600	2397600
2451600	2462400
2466000	2484000
2538000	2548800
2552400	2570400
2624400	2635200
2638800	2656800
2710800	2721600
2725200	2743200
2797200	2808000
2811600	2829600
2883600	2894400
2898000	2916000
2970000	2980800
2984400	3002400
3056400	3067200
3070800	3088800
3142800	3153600
3157200	3175200
3229200	3240000
3243600	3261600
3315600	3326400
3330000	3348000
3402000	3412800
3416400	3434400
3488400	3499200
3502800	3520800
3574800	3585600
3589200	3607200
3661200	3672000
3675600	3693600
3747600	3758400
3762000	3780000
3834000	3844800
3848400	3866400
3920400	3931200
3934800	3952800
4006800	4017600
4021200	4039200
4093200	4104000
4107600	4125600
4179600	4190400
4194000	4212000
4266000	4276800
4280400	4298400
4352400	4363200
4366800	4384800
4438800	4449600
4453200	4471200
4525200	4536000
4539600	4557600
4611600	4622400
4626000	4644000
4698000	4708800
4712400	4730400
4784400	4795200
4798800	4816800
4870800	4881600
4885200	4903200
4957200	4968000
4971600	4989600
5043600	5054400
5058000	5076000
5130000	5140800
5144400	5162400
5216400	5227200
5230800	5248800
5302800	5313600
5317200	5335200
5389200	5400000
5403600	5421600
5475600	5486400
5490000	5508000
5562000	5572800
5576400	5594400
5648400	5659200
5662800	5680800
5734800	5745600
5749200	5767200
5821200	5832000
5835600	5853600
5907600	5918400
5922000	5940000
5994000	6004800
6008400	6026400
6080400	6091200
6094800	6112800
6166800	6177600
6181200	6199200
6253200	6264000
6267600	6285600
6339600	6350400
6354000	6372000
6426000	6436800
6440400	6458400
6512400	6523200
6526800	6544800
6598800	6609600
6613200	6631200
1000000000	2000000000
2222222222221122222222
2222222222220022222277
4444444444224444224444
4444004466444444444444
6666666666666666226666
3333333333333333333333
3333333333333333333333
6666666666666666666666
6666667766666666666666
5555555555555555555555
4444444444444444444444
2244444455444444444444
6666666666666666666666
3333333333333333333333
3333333333333333333333
6666666666666666666666
4444444444444444444444
155
32400	43200
46800	86400
118800	129600
133200	172800
205200	216000
219600	259200
291600	302400
306000	345600
378000	388800
392400	432000
464400	475200
478800	518400
550800	561600
565200	604800
637200	648000
651600	691200
723600	734400
738000	777600
810000	820800
824400	864000
896400	907200
910800	950400
982800	993600
997200	1036800
1069200	1080000
1083600	1123200
1155600	1166400
1170000	1209600
1242000	1252800
1256400	1296000
1328400	1339200
1342800	1382400
1414800	1425600
1429200	1468800
1501200	1512000
1515600	1555200
1587600	1598400
1602000	1641600
1674000	1684800
1688400	1728000
1760400	1771200
1774800	1814400
1846800	1857600
1861200	1900800
1933200	1944000
1947600	1987200
2019600	2030400
2034000	2073600
2106000	2116800
2120400	2160000
2192400	2203200
2206800	2246400
2278800	2289600
2293200	2332800
2365200	2376000
2379600	2419200
2451600	2462400
2466000	2505600
2538000	2548800
2552400	2592000
2624400	2635200
2638800	2678400
2710800	2721600
2725200	2764800
2797200	2808000
2811600	2851200
2883600	2894400
2898000	2937600
2970000	2980800
2984400	3024000
3056400	3067200
3070800	3110400
3142800	3153600
3157200	3196800
3229200	3240000
3243600	3283200
3315600	3326400
3330000	3369600
3402000	3412800
3416400	3456000
3488400	3499200
3502800	3542400
3574800	3585600
3589200	3628800
3661200	3672000
3675600	3715200
3747600	3758400
3762000	3801600
3834000	3844800
3848400	3888000
3920400	3931200
3934800	3974400
4006800	4017600
4021200	4060800
4093200	4104000
4107600	4147200
4179600	4190400
4194000	4233600
4266000	4276800
4280400	4320000
4352400	4363200
4366800	4406400
4438800	4449600
4453200	4492800
4525200	4536000
4539600	4579200
4611600	4622400
4626000	4665600
4698000	4708800
4712400	4752000
4784400	4795200
4798800	4838400
4870800	4881600
4885200	4924800
4957200	4968000
4971600	5011200
5043600	5054400
5058000	5097600
5130000	5140800
5144400	5184000
5216400	5227200
5230800	5270400
5302800	5313600
5317200	5356800
5389200	5400000
5403600	5443200
5475600	5486400
5490000	5529600
5562000	5572800
5576400	5616000
5648400	5659200
5662800	5702400
5734800	5745600
5749200	5788800
5821200	5832000
5835600	5875200
5907600	5918400
5922000	5961600
5994000	6004800
6008400	6048000
6080400	6091200
6094800	6134400
6166800	6177600
6181200	6220800
6253200	6264000
6267600	6307200
6339600	6350400
6354000	6393600
6426000	6436800
6440400	6480000
6512400	6523200
6526800	6566400
6598800	6609600
6613200	6652800
1000000000	2000000000
2222222222221122222222
2222222222220022222277
4444444444224444224444
4444004466444444444444
6666666666666666226666
3333333333333333333333
3333333333333333333333
6666666666666666666666
6666667766666666666666
5555555555555555555555
4444444444444444444444
2244444455444444444444
6666666666666666666666
3333333333333333333333
3333333333333333333333
6666666666666666666666
4444444444444444444444
155
32400	43200
46800	72000
118800	129600
133200	158400
205200	216000
219600	244800
291600	302400
306000	331200
378000	388800
392400	417600
464400	475200
478800	504000
550800	561600
565200	590400
637200	648000
651600	676800
723600	734400
738000	763200
810000	820800
824400	849600
896400	907200
910800	936000
982800	993600
997200	1022400
1069200	1080000
1083600	1108800
1155600	1166400
1170000	1195200
1242000	1252800
1256400	1281600
1328400	1339200
1342800	1368000
1414800	1425600
1429200	1454400
1501200	1512000
1515600	1540800
1587600	1598400
1602000	1627200
1674000	1684800
1688400	1713600
1760400	1771200
1774800	1800000
1846800	1857600
1861200	1886400
1933200	1944000
1947600	1972800
2019600	2030400
2034000	2059200
2106000	2116800
2120400	2145600
2192400	2203200
2206800	2232000
2278800	2289600
2293200	2318400
2365200	2376000
2379600	2404800
2451600	2462400
2466000	2491200
2538000	2548800
2552400	2577600
2624400	2635200
2638800	2664000
2710800	2721600
2725200	2750400
2797200	2808000
2811600	2836800
2883600	2894400
2898000	2923200
2970000	2980800
2984400	3009600
3056400	3067200
3070800	3096000
3142800	3153600
3157200	3182400
3229200	3240000
3243600	3268800
3315600	3326400
3330000	3355200
3402000	3412800
3416400	3441600
3488400	3499200
3502800	3528000
3574800	3585600
3589200	3614400
3661200	3672000
3675600	3700800
3747600	3758400
3762000	3787200
3834000	3844800
3848400	3873600
3920400	3931200
3934800	3960000
4006800	4017600
4021200	4046400
4093200	4104000
4107600	4132800
4179600	4190400
4194000	4219200
4266000	4276800
4280400	4305600
4352400	4363200
4366800	4392000
4438800	4449600
4453200	4478400
4525200	4536000
4539600	4564800
4611600	4622400
4626000	4651200
4698000	4708800
4712400	4737600
4784400	4795200
4798800	4824000
4870800	4881600
4885200	4910400
4957200	4968000
4971600	4996800
5043600	5054400
5058000	5083200
5130000	5140800
5144400	5169600
5216400	5227200
5230800	5256000
5302800	5313600
5317200	5342400
5389200	5400000
5403600	5428800
5475600	5486400
5490000	5515200
5562000	5572800
5576400	5601600
5648400	5659200
5662800	5688000
5734800	5745600
5749200	5774400
5821200	5832000
5835600	5860800
5907600	5918400
5922000	5947200
5994000	6004800
6008400	6033600
6080400	6091200
6094800	6120000
6166800	6177600
6181200	6206400
6253200	6264000
6267600	6292800
6339600	6350400
6354000	6379200
6426000	6436800
6440400	6465600
6512400	6523200
6526800	6552000
6598800	6609600
6613200	6638400
1000000000	2000000000
2222222222221122222222
2222222222220022222277
4444444444224444224444
4444004466444444444444
6666666666666666226666
3333333333333333333333
3333333333333333333333
6666666666666666666666
6666667766666666666666
5555555555555555555555
4444444444444444444444
2244444455444444444444
6666666666666666666666
3333333333333333333333
3333333333333333333333
6666666666666666666666
4444444444444444444444
0.48
