12
3
100
81
0	3
2880	4320
2	3	8	
1	3
2880	4320
6	7	8	
2	3
2880	4320
6	7	9	
3	9
2880	4320
0	1	3	4	5	6	7	8	9	
4	8
2880	4320
0	1	2	3	4	6	7	9	
5	2
2880	4320
3	6	
6	9
2880	4320
1	2	3	4	5	6	7	8	9	
7	5
2880	4320
0	3	4	6	7	
8	7
2880	4320
1	3	4	6	7	8	9	
9	2
2880	4320
8	9	
10	7
2880	4320
0	1	2	4	6	7	9	
11	8
2880	4320
1	2	3	4	5	6	7	9	
12	8
2880	4320
1	2	3	4	6	7	8	9	
13	7
2880	4320
2	3	4	5	7	8	9	
14	7
2880	4320
0	2	3	4	6	7	8	
15	8
2880	4320
0	2	4	5	6	7	8	9	
16	8
2880	4320
0	1	2	4	5	6	7	9	
17	6
2880	4320
0	2	5	6	7	9	
18	7
2880	4320
0	1	4	5	6	7	8	
19	2
2880	4320
1	5	
20	9
2880	4320
0	1	2	4	5	6	7	8	9	
21	8
2880	4320
0	1	2	3	6	7	8	9	
22	4
2880	4320
0	3	4	7	
23	1
2880	4320
2	
24	4
2880	4320
2	3	8	9	
25	6
2880	4320
0	1	3	4	8	9	
26	2
2880	4320
8	9	
27	9
2880	4320
0	1	2	3	5	6	7	8	9	
28	2
2880	4320
1	4	
29	9
2880	4320
0	1	2	3	4	5	6	8	9	
30	6
2880	4320
1	3	4	5	6	8	
31	7
2880	4320
1	2	3	4	5	6	8	
32	4
2880	4320
5	7	8	9	
33	6
2880	4320
3	4	5	6	8	9	
34	4
2880	4320
0	2	6	8	
35	1
2880	4320
9	
36	2
2880	4320
5	9	
37	7
2880	4320
0	2	4	5	6	7	9	
38	4
2880	4320
2	3	6	7	
39	7
2880	4320
0	1	2	5	6	8	9	
40	9
2880	4320
0	1	3	4	5	6	7	8	9	
41	7
2880	4320
0	2	3	4	6	7	8	
42	1
2880	4320
7	
43	9
2880	4320
0	1	3	4	5	6	7	8	9	
44	2
2880	4320
5	7	
45	6
2880	4320
2	4	6	7	8	9	
46	7
2880	4320
1	4	5	6	7	8	9	
47	7
2880	4320
0	1	3	4	5	6	8	
48	9
2880	4320
1	2	3	4	5	6	7	8	9	
49	5
2880	4320
1	2	3	7	9	
50	8
2880	4320
0	2	3	4	6	7	8	9	
51	3
2880	4320
0	4	9	
52	6
2880	4320
3	5	6	7	8	9	
53	2
2880	4320
0	5	
54	4
2880	4320
3	6	7	8	
55	2
2880	4320
5	6	
56	9
2880	4320
0	1	3	4	5	6	7	8	9	
57	5
2880	4320
1	2	3	5	7	
58	9
2880	4320
1	2	3	4	5	6	7	8	9	
59	2
2880	4320
2	3	
60	9
2880	4320
1	2	3	4	5	6	7	8	9	
61	9
2880	4320
0	1	2	3	4	5	6	7	9	
62	4
2880	4320
2	5	8	9	
63	9
2880	4320
0	1	2	3	4	5	6	8	9	
64	7
2880	4320
0	1	2	3	4	6	9	
65	3
2880	4320
6	8	9	
66	5
2880	4320
1	3	4	5	9	
67	4
2880	4320
1	4	5	9	
68	1
2880	4320
4	
69	7
2880	4320
2	3	4	5	6	8	9	
70	3
2880	4320
6	7	9	
71	3
2880	4320
5	7	8	
72	2
2880	4320
4	6	
73	2
2880	4320
3	6	
74	5
2880	4320
1	3	4	8	9	
75	2
2880	4320
4	6	
76	8
2880	4320
0	1	3	4	5	7	8	9	
77	4
2880	4320
3	5	6	9	
78	1
2880	4320
0	
79	1
2880	4320
6	
80	1
2880	4320
8	
10
0
0	1	1	987	990
1.28393	0.478493	0.776876
0.475839	0.0469639	0.721582	0.700864	0.806954	0.0558468	0.114493	0.123721	0.475862	
1
1	1	2	1161	1181
1.10564	0.533926	0.597826
0.764825	0.1367	0.777747	0.162319	0.430138	0.782129	0.298239	0.209296	0.996145	
2
2	1	1	1675	1700
1.28239	0.196983	0.652712
0.0470072	0.865181	0.197871	0.148109	0.704435	0.489047	0.818908	0.400933	0.535155	
3
3	1	4	1807	1822
1.4861	0.476801	0.65518
0.321782	0.473643	0.115476	0.429651	0.695648	0.0725186	0.9091	0.239124	0.546897	
4
4	1	1	1203	1252
1.32388	0.135628	0.524595
0.970966	0.873839	0.386841	0.112299	0.742643	0.950843	0.427305	0.545732	0.30156	
5
5	1	3	1275	1353
1.48553	0.547528	0.573845
0.397636	0.837727	0.180551	0.194193	0.14796	0.776782	0.0513132	0.749865	0.771549	
6
6	1	1	1638	1660
1.10935	0.339496	0.551083
0.994372	0.00422803	0.797165	0.760159	0.738412	0.204637	0.266485	0.535982	0.474119	
7
7	1	2	1192	1213
1.29024	0.0783914	0.779319
0.790642	0.955049	0.0366029	0.533423	0.857833	0.844361	0.432849	0.934919	0.816804	
8
8	1	1	1249	1297
1.18562	0.542294	0.641909
0.212644	0.473019	0.158163	0.827904	0.498166	0.844748	0.549917	0.895097	0.853127	
9
9	1	5	1085	1123
1.23184	0.406142	0.638096
0.533534	0.014403	0.391894	0.594191	0.100332	0.498895	0.436764	0.999107	0.982364	
1071
0	74	37060
4074	3489	4075	3148	2888	
1	48	42117
3923	3690	3850	2979	3573	3054	3364	4020	3417	
2	60	49724
3605	3422	4206	3079	3707	3163	3431	3869	3339	
3	42	52793
3508	
4	21	56879
3136	3689	2881	3325	3368	3542	3966	4086	
5	48	60335
3236	3644	3507	3392	3976	3063	4000	3534	3409	
6	19	59075
4249	3249	
7	8	64434
4184	3389	3608	4093	3011	3320	3781	
8	48	123549
3907	3430	3070	3636	3350	2937	3756	3080	3660	
9	20	127914
3072	3701	3478	4024	3665	3763	3982	3098	4061	
10	35	135698
4184	
11	70	139689
3876	3018	3991	
12	0	133558
4077	3436	3007	
13	16	142868
4065	4185	4012	4198	3554	3459	3551	3179	
14	3	146968
3284	3146	3687	3841	3867	3009	3868	4287	4100	
15	48	150350
4019	3355	3752	4273	3124	3847	4066	4074	3382	
16	74	153829
3709	2939	3060	4287	3479	
17	47	153698
4193	3969	3149	3000	2929	3012	3748	
18	38	154664
3395	3179	3230	3964	
19	71	209472
4103	3311	4062	
20	31	212500
3622	4172	3617	4065	3564	3419	3028	
21	18	215794
3424	3108	3139	3089	3510	3423	3273	
22	14	223659
3462	3225	3745	3538	3734	4264	3238	
23	17	227595
4076	3162	3450	2899	3937	2939	
24	25	231435
3699	3761	4228	3695	3896	3840	
25	29	234331
3314	4063	4134	3307	2992	3767	3209	4222	2896	
26	26	238526
3291	4195	
27	24	241638
3562	3642	3529	3112	
28	31	242868
3205	3421	3077	3469	3105	4175	4271	
29	14	293189
3764	3329	3438	3945	3128	4044	3521	
30	59	236741
4065	3712	
31	8	296543
3968	3570	3722	3997	3103	2988	3354	
32	28	297923
3302	3496	
33	53	233522
3048	3539	
34	33	302041
4214	3794	3855	4118	3543	3177	
35	69	309632
3034	3175	3471	3318	3217	3241	3991	
36	2	313707
4290	3701	4075	
37	0	312063
3315	3276	3181	
38	42	316828
3680	
39	2	320894
3310	4066	3092	
40	72	319360
3315	2902	
41	6	325135
3335	3428	3810	3299	3835	3973	3955	4241	4234	
42	8	328693
3765	2962	3248	3703	3844	3379	3332	
43	48	379408
3708	3878	3270	3285	4269	3393	3885	2942	3002	
44	60	383664
3279	2887	3208	2998	3562	3448	3676	3988	4256	
45	67	387888
4214	3676	2946	4224	
46	49	395046
3557	3029	3020	3157	3558	
47	74	398835
3352	3486	2912	4230	3789	
48	18	395368
3688	2906	3879	3305	3766	2987	4171	
49	23	315309
4272	
50	52	402559
3929	3888	4310	2969	3825	3724	
51	19	398469
3979	4249	
52	42	399428
3661	
53	43	406261
3376	2939	2937	3342	3788	3863	3027	3028	3702	
54	29	409410
3881	3532	3761	3291	3825	3436	3184	3505	3149	
55	28	400568
3936	3540	
56	63	413642
3978	4197	3333	3382	3436	3543	3336	3030	4232	
57	17	468379
2896	3494	3832	3238	3979	2909	
58	16	472163
4032	3373	4216	4042	3621	2975	3313	3784	
59	6	479394
3326	3898	3026	4228	3999	3660	4100	3908	3578	
60	34	483658
3965	3719	3146	4265	
61	69	487085
3370	3831	3981	4299	3371	3427	2962	
62	30	490094
3360	3617	3840	4228	4251	3009	
63	56	493704
3671	3196	3775	3408	3369	4120	4082	3610	3314	
64	38	496966
4091	3728	3332	3790	
65	47	500697
3318	3775	4141	3171	3897	4189	3222	
66	18	554166
3356	4250	3858	3611	3443	3366	3185	
67	14	558130
3028	3918	3707	3124	3722	3964	3018	
68	10	565755
4033	3312	3161	3876	3613	4024	2900	
69	61	569415
3197	3500	3688	4003	3324	3309	2948	3661	3215	
70	78	298215
4059	
71	40	572944
2930	3050	3355	3787	2903	4067	3119	3086	3496	
72	39	577164
4294	4156	3499	3395	2915	3385	4220	
73	61	581202
3039	3434	3123	4099	3423	4297	4037	3212	4038	
74	52	584105
4267	4085	4089	4297	3303	2903	
75	37	587234
2915	3393	3792	3233	3888	3315	3129	
76	80	584347
3455	
77	10	590207
3687	3154	3024	4214	3288	3827	2973	
78	29	638902
3797	4086	2972	3226	3640	2904	3958	3417	4100	
79	63	642356
3736	3297	4219	3993	3437	3781	3393	3331	3454	
80	78	383531
3318	
81	77	645302
3712	3741	3549	2946	
82	34	644951
2970	3156	3859	3002	
83	66	653031
3470	3452	4262	3218	4129	
84	54	651987
3860	3376	3489	3436	
85	51	656015
4208	3863	2984	
86	23	567501
3636	
87	77	660324
3398	3876	3806	4309	
88	71	655749
3456	3137	3762	
89	50	664579
4310	4194	2917	2882	2907	3126	4198	4255	
90	21	668522
4191	4297	2980	4018	4188	3095	3920	3943	
91	57	666493
3951	3318	3953	3242	3816	
92	72	666258
3958	3581	
93	8	671839
4215	3911	3769	3588	3550	3637	3317	
94	3	674838
2965	3781	3901	4078	2888	3112	3311	3179	2999	
95	72	676920
3489	3962	
96	43	727582
2889	2939	3841	3004	4100	3933	3982	3912	3823	
97	24	731033
3076	4026	3451	3149	
98	8	738731
4124	4225	3693	3185	3169	4097	3883	
99	28	728516
4132	3708	
100	18	741953
3880	3570	3415	3635	2970	3581	3223	
101	58	745888
3643	4009	2964	3166	3933	4219	3394	3935	3776	
102	52	750171
3223	3793	3805	3679	4283	3890	
103	43	754260
2960	3933	3020	4222	3665	3978	3982	4089	3157	
104	46	758276
3835	3244	3336	3370	4147	4016	2948	
105	5	754750
3060	3627	
106	52	761853
3543	3009	2957	3317	3462	3577	
107	62	812587
3627	3003	4048	3814	
108	79	761362
3655	
109	28	750140
4093	3977	
110	28	754069
3887	3929	
111	12	816286
3370	4264	3233	3345	3916	3468	3700	3487	
112	4	819453
4024	3673	3346	3566	4299	3293	3878	3167	
113	53	814666
3636	4176	
114	68	812353
3840	
115	49	826218
3299	3502	3648	3733	3165	
116	31	819486
4072	4146	3851	3680	2921	3749	3200	
117	68	820188
4155	
118	22	827676
4104	4120	3758	3888	
119	6	832722
3304	3398	3260	3029	2956	4132	3263	4234	3941	
120	63	836833
3193	4207	3222	3239	3410	4000	3893	4111	3782	
121	29	840022
3158	3300	3370	3176	3374	3427	4114	3189	3034	
122	6	844082
4149	4182	4316	3810	3856	4259	3561	3626	3310	
123	33	900557
4176	4170	3044	2942	4157	2939	
124	37	904700
3805	3495	3344	3201	4183	3386	4143	
125	40	911589
3695	3033	3830	3215	3284	3210	3463	4225	3289	
126	42	914489
3903	
127	47	914749
3453	3582	4076	3720	4287	3328	3401	
128	56	918484
3629	4125	2916	3444	3179	3620	3995	3594	3239	
129	40	922456
3055	3842	4268	3271	2934	3679	3827	2916	3061	
130	34	925773
3031	4110	4008	3462	
131	13	929828
4013	3563	2923	3775	3028	4055	3874	
132	26	933948
4120	4085	
133	64	937870
3649	3260	3622	4061	4301	3865	3922	
134	26	984475
3726	3185	
135	7	932835
3271	4054	4027	3844	3951	
136	42	983798
4163	
137	71	987734
3432	3936	3191	
138	20	991942
3081	4046	4174	3573	2991	2988	3328	3035	3915	
139	7	998430
3482	3749	3255	3178	3768	
140	14	1002219
3229	3872	4127	3714	4274	2891	3789	
141	55	998723
3422	3648	
142	10	1005052
3036	3925	2959	3750	3900	3093	3731	
143	38	1008295
3995	2905	2982	3881	
144	2	1012081
3316	3786	3244	
145	51	1016302
2901	3512	4221	
146	66	1019483
3118	3799	3649	3056	3181	
147	77	1023095
3538	3296	3649	3612	
148	4	1026312
3381	3834	4048	3653	3768	3076	3911	3217	
149	7	1020041
4229	3899	3004	3952	3560	
150	6	1070953
3839	4215	4223	3830	3186	3631	3051	3838	4163	
151	52	1075259
4173	3681	3478	3608	3738	4306	
152	73	1072155
3718	2944	
153	64	1079256
3930	3905	4188	3920	2992	3462	3997	
154	16	1087105
3655	3131	3709	3501	3505	3252	3592	4249	
155	70	1091044
2924	4106	3939	
156	21	1094848
3682	4182	3264	2996	4158	4096	4114	3804	
157	41	1095230
3797	3327	3921	3117	4297	3292	3272	
158	7	1099505
2950	4096	3101	3345	4275	
159	2	1102567
3357	3062	3000	
160	75	1105096
2943	3619	
161	35	1106278
3711	
162	19	1087182
4172	4003	
163	10	1155935
3700	3382	3338	3229	4038	3774	3482	
164	38	1159980
3864	3286	3245	4046	
165	12	1164099
3329	3094	3137	4317	3779	3107	3667	4119	
166	24	1171835
3271	3388	3434	4136	
167	74	1175247
3809	3245	3741	4050	3412	
168	5	1161563
3296	3820	
169	63	1178982
3488	4031	4220	3530	2990	3998	4101	4251	3639	
170	48	1183289
3478	3490	4275	4059	3857	3099	3945	4111	4307	
171	0	1187097
3870	3199	4004	
172	7	1179359
3795	2985	3166	3716	3592	
173	2	1186370
3017	2990	3081	
174	29	1190805
4292	3785	3160	3600	4020	3510	3805	3708	3063	
175	30	1193825
3309	3710	3695	3053	3019	3020	
176	58	1245758
4102	2996	3047	3025	3668	3481	3571	3494	3167	
177	23	1071784
3089	
178	45	1250240
3286	4023	3741	3907	3352	3927	
179	22	1257110
2941	3632	3998	3845	
180	54	1261223
3809	4103	4113	3232	
181	76	1265427
3637	4315	3156	4318	3055	3089	3954	4204	
182	48	1268947
4013	4034	3902	3990	3690	3750	3398	3128	3520	
183	47	1272343
3389	3033	4202	4224	4133	3941	4038	
184	68	1270313
3174	
185	3	1276129
3354	2955	3934	3945	4030	3263	3739	3758	3786	
186	80	1279954
3853	
187	11	1332590
3516	3323	3372	4126	4099	4193	3246	3300	
188	57	1336067
3953	3817	4312	3612	3531	
189	29	1344794
3253	3084	4089	3212	3733	4060	3189	3395	4268	
190	56	1348033
3975	3198	3737	4187	3000	3605	3967	3620	3239	
191	54	1351565
3396	3077	3883	2983	
192	76	1356563
3345	4003	3338	4287	3331	4275	3329	4052	
193	60	1360067
3355	2908	3722	3541	3318	3172	4227	3520	3454	
194	69	1364116
3408	4094	3975	3642	3094	3430	4049	
195	11	1368024
4014	3441	3962	3018	3496	4058	3845	3908	
196	29	1419784
4164	3226	3734	3461	4148	4226	3270	4028	3311	
197	19	1421949
4030	2923	
198	74	1423355
4015	3223	3857	3571	3468	
199	74	1430295
3763	4232	3327	3268	3340	
200	21	1433981
3538	3014	3269	3316	3914	4147	3758	3598	
201	4	1437062
2910	3201	3416	2953	3522	3834	3811	3081	
202	1	1439980
2927	3541	3260	
203	76	1443519
3636	3639	3382	3070	2938	2949	3460	3539	
204	60	1447567
4114	4009	3657	3257	4115	3801	3357	3643	4048	
205	32	1450869
3242	3740	3008	3302	
206	11	1504974
4253	3221	3203	4106	3240	4311	3774	3234	
207	63	1507868
3647	3841	4118	3972	4169	3178	4041	3332	2894	
208	67	1511714
4161	3332	3461	3846	
209	65	1518536
3254	3392	3222	
210	19	1516674
4287	3306	
211	71	1522082
4120	2897	4185	
212	29	1526201
3899	3265	3532	3182	4107	2894	3558	3445	4119	
213	29	1529105
2890	3257	3563	4272	3439	3783	3876	3553	2904	
214	6	1532950
3542	3090	4252	3847	3045	3569	3937	3870	3122	
215	34	1536341
3455	3311	4090	3391	
216	31	1590560
2939	3016	3956	4085	3255	3655	2960	
217	52	1594385
3780	3283	3079	3003	3485	3825	
218	10	1597700
4261	3789	3773	4001	2985	3151	3315	
219	42	1597514
3309	
220	40	1605208
3836	3161	4033	3744	3535	4288	3191	4093	2977	
221	21	1608625
3132	3450	3713	3805	3195	3735	3418	3008	
222	46	1612608
3974	4106	3273	4093	3124	3303	3983	
223	9	1616626
3850	4018	
224	73	1612168
3767	2953	
225	21	1619798
3872	3364	3369	3201	4294	3089	3152	3172	
226	11	1623037
3493	3574	3613	3166	4264	3338	2998	3239	
227	26	1625947
3263	2910	
228	33	1629515
3548	3594	3231	3447	3579	3568	
229	67	1632403
3695	3559	3345	2888	
230	68	1612621
3442	
231	23	1415341
2982	
232	26	1676734
4161	3803	
233	17	1680327
4079	3498	3534	3057	3744	3593	
234	7	1677652
3602	4194	4024	3227	3861	
235	45	1684591
3954	3124	3245	3026	3672	4264	
236	17	1691601
3787	3752	4057	4032	3569	3410	
237	12	1695017
3684	3937	3259	4310	4127	3617	3105	3416	
238	43	1698013
3931	3528	3604	3956	3132	2955	3521	2962	2996	
239	47	1698483
2961	3381	3145	3874	3864	3863	3498	
240	4	1701087
3861	3274	3536	3757	4205	3390	3557	3074	
241	73	1698390
4221	4047	
242	79	1702239
3849	
243	0	1702469
4065	3036	3986	
244	64	1706350
4083	3558	2989	2919	3094	3188	4111	
245	55	1708464
3984	3037	
246	45	1713256
3233	4245	3710	3731	2996	4057	
247	21	1764062
4023	4204	3180	4196	3950	2985	3660	4189	
248	24	1767570
3709	4061	3971	3400	
249	39	1775351
3526	3289	4077	3900	3133	4180	3315	
250	10	1779040
4048	3583	3497	3355	4201	3242	3689	
251	17	1783013
4140	3023	3682	3514	2896	3973	
252	9	1786297
3990	3284	
253	73	1770640
3529	4068	
254	54	1782894
3838	4079	3196	3554	
255	13	1789752
3649	3748	4262	3854	3323	3409	3455	
256	48	1793684
2923	3054	3046	3235	3235	3398	3891	4070	3932	
257	28	1775474
3742	3445	
258	76	1797897
3980	3255	4100	3002	4100	3101	3587	4213	
259	12	1801794
3182	3958	3976	3960	2936	4225	3772	3897	
260	69	1848376
3418	3037	3664	3194	3927	3631	4198	
261	78	1095480
3690	
262	7	1796249
3332	3907	4140	3466	3389	
263	51	1852509
3829	3191	4133	
264	57	1799137
3921	2926	3404	3960	2888	
265	5	1847689
3938	3854	
266	55	1850929
3697	3240	
267	75	1854069
4277	3140	
268	28	1848280
3186	3772	
269	34	1861338
3230	3915	3398	3669	
270	76	1864833
4183	3629	3789	3601	4273	2926	3495	3045	
271	22	1856175
4202	3678	4294	3592	
272	5	1864644
3187	3577	
273	20	1869702
4077	3721	3299	3540	2939	4311	3040	3085	3787	
274	39	1873280
3423	3978	2937	4124	3897	4280	3331	
275	51	1876475
3840	2989	3195	
276	26	1880283
4151	3808	
277	67	1884307
4075	3823	3122	4024	
278	78	1187246
4050	
279	42	1873060
4105	
280	41	1880985
3496	4133	4240	3233	4007	3201	3554	
281	21	1888113
3500	3196	2989	2944	3206	3384	3633	3806	
282	22	1884054
4100	4020	4207	3811	
283	23	1618900
4031	
284	15	1937949
3037	3458	3550	3426	3229	4165	3120	3704	
285	12	1941642
3724	3220	4017	3419	3828	4277	3480	2967	
286	65	1949480
3593	4203	4238	
287	27	1953584
3976	4050	3944	3299	3635	3484	3657	4139	3737	
288	69	1956583
3606	2909	3460	3328	3351	2999	2948	
289	45	1960315
3809	4065	3780	3676	3732	3078	
290	24	1963802
3423	3815	3487	3089	
291	65	1967667
4213	3776	3865	
292	33	1971748
3403	4289	3955	3410	3053	4081	
293	27	2020447
3722	4024	3617	2885	3050	3130	3718	2926	3271	
294	36	2023562
4113	3115	
295	44	1972313
4141	4218	
296	20	2026906
3242	3639	3862	3980	3785	3679	3500	3437	3344	
297	44	2026667
3747	4054	
298	71	2034494
3447	3786	4227	
299	60	2038483
3658	3327	2917	3510	2909	3600	3055	3194	3989	
300	61	2042423
3860	3224	3537	4083	3745	3275	4252	3519	3940	
301	54	2043771
4192	4122	3102	3144	
302	53	2038955
3914	3253	
303	75	2044727
3227	3235	
304	76	2047860
4041	3685	4095	4254	3825	3691	4089	3802	
305	9	2051426
3058	3566	
306	52	2055588
3470	4236	3271	3090	3851	4162	
307	54	2057797
3655	2990	3463	3028	
308	70	2059578
3429	3800	3990	
309	13	2109530
4281	3022	3725	4069	4020	2952	4017	
310	72	2057824
3048	3407	
311	31	2112446
3629	4056	3876	3773	4052	3234	3852	
312	12	2115464
3053	3005	3577	3256	4202	4098	3018	2958	
313	38	2120832
3064	3151	2906	3892	
314	4	2124654
3878	3565	3898	3625	3966	3367	3822	3217	
315	23	1792042
3835	
316	37	2128342
2948	3798	3599	3623	3505	3501	3688	
317	59	1957939
3431	3202	
318	51	2132101
4035	3083	3759	
319	10	2136111
2903	3376	3828	3064	3711	2890	4010	
320	11	2139127
4005	4053	3774	4180	4107	3572	3069	3016	
321	19	2123429
3245	2962	
322	4	2143369
4177	3595	3425	3753	2880	3482	3371	4242	
323	4	2146887
3868	3677	3202	3113	3829	3274	3999	3518	
324	78	1418065
2922	
325	79	2144832
4075	
326	53	2126498
3493	3069	
327	8	2196183
3917	2888	4194	4083	3459	3926	3262	
328	47	2200083
4011	3001	3397	3842	3496	3995	3901	
329	27	2207044
3985	4177	2934	4247	4096	4029	3238	2981	3361	
330	46	2210496
3980	3494	3666	3496	4136	3831	3115	
331	57	2210848
3835	3062	2910	3190	4159	
332	57	2215146
4216	3275	3321	3909	4298	
333	80	2214332
3837	
334	31	2218537
3045	3226	3194	3186	3383	3368	4205	
335	71	2222190
3683	3629	3653	
336	1	2226051
4230	3772	3861	
337	59	1991557
2963	3021	
338	79	2214972
3739	
339	14	2229733
2901	4062	3768	3816	4094	3585	3682	
340	21	2280501
4056	4027	4214	3787	3817	3927	3967	3325	
341	38	2280012
3452	3613	3078	3153	
342	52	2284499
4032	3940	3371	3261	3145	3998	
343	13	2287972
4255	4002	3393	4010	4056	3988	3473	
344	60	2295514
4219	4087	4266	3816	4195	3037	3716	4280	3438	
345	41	2299306
3790	3332	3892	3070	3918	4120	3793	
346	14	2303410
3662	2924	2954	4074	3717	3599	4104	
347	76	2307581
3801	3720	3856	4145	3868	4301	4171	3305	
348	36	2310739
3535	3158	
349	23	1934529
3364	
350	79	2283370
3766	
351	43	2314351
3725	3508	3591	4060	2888	4079	4158	3947	3612	
352	17	2318029
4229	3959	3673	3701	3360	3678	
353	33	2320932
3315	3978	3374	3041	3909	2903	
354	26	2365652
3348	3923	
355	5	2301114
2975	3323	
356	19	2300840
4311	4236	
357	3	2369749
4018	3051	3165	3335	4182	2991	3300	4164	3316	
358	72	2309309
3613	4287	
359	69	2373144
3135	2973	3591	4121	3407	3395	2979	
360	48	2380879
4011	3706	3519	3488	3359	3428	3386	3208	4135	
361	52	2383786
3381	3604	3804	4105	3834	2888	
362	2	2387654
3426	3369	3868	
363	51	2391889
3311	3708	4235	
364	79	2381301
3942	
365	25	2395326
3184	3183	3757	4041	3516	3437	
366	59	2077368
3300	3365	
367	40	2398566
4093	3050	3409	3722	3477	2938	4078	3094	3240	
368	25	2402748
3285	3220	3403	4008	4309	4182	
369	23	1955896
3667	
370	63	2405674
3727	4055	3546	4309	3987	4134	3838	4301	2926	
371	74	2409469
2969	2985	4245	3745	3795	
372	20	2453329
4230	3167	3152	4137	3349	3370	4184	3777	3562	
373	30	2456266
3449	3194	3861	3977	3770	2938	
374	61	2456768
3956	4138	3772	3729	2991	3460	3513	3054	3439	
375	26	2460621
4035	3853	
376	44	2402931
3899	4201	
377	21	2467902
3433	3565	3085	4092	4243	4258	4000	3344	
378	68	2302431
3167	
379	76	2471489
4270	3565	3821	3893	3741	3667	3412	3587	
380	5	2406494
4083	3521	
381	71	2474478
4153	3851	3165	
382	18	2478517
3957	4231	3016	2968	3901	3868	4039	
383	50	2482564
3420	3656	4021	3693	3007	4302	3215	4047	
384	7	2476301
4074	3085	4093	3759	3024	
385	16	2485758
3378	3224	3904	3162	3477	3563	3962	3194	
386	65	2489208
3486	3593	3450	
387	6	2492102
3620	3578	4007	3222	4014	4230	3870	3706	2894	
388	32	2495328
3278	3587	3375	3226	
389	58	2541210
3490	3730	3847	3779	3836	3544	3992	3978	3210	
390	3	2545451
3974	3710	3283	4114	3383	3769	4226	3561	4241	
391	14	2546057
4193	3329	3155	3626	3804	3319	2983	
392	47	2553812
3124	3492	4311	3195	3869	4212	4155	
393	31	2557468
3983	3153	3981	3079	4034	3168	3656	
394	29	2560712
3749	3995	3046	3108	3681	4046	3686	3204	3244	
395	38	2556014
3190	3575	3184	4013	
396	30	2564759
3065	3738	3825	3118	4079	4087	
397	19	2558607
2985	3488	
398	70	2564037
3176	3296	3325	
399	17	2567255
3037	3572	4319	3484	3399	3218	
400	70	2570378
3950	3004	3123	
401	12	2574317
4201	3006	3861	3673	3996	2986	3264	3433	
402	24	2578098
3597	3513	3950	3140	
403	6	2627839
3200	3210	4252	4262	3325	3846	4098	3419	3439	
404	6	2631928
3595	3838	4215	4023	3480	3770	3503	4159	4089	
405	3	2639567
3366	3233	3963	3784	3073	3937	4308	3601	4039	
406	79	2630372
2892	
407	69	2642678
4290	3173	3325	3745	3863	3452	3111	
408	22	2639943
3509	3645	3984	3764	
409	66	2646348
3015	3886	3459	3802	3670	
410	67	2649592
3023	3137	4031	3244	
411	79	2641920
4085	
412	6	2653890
3943	3064	3407	3916	4230	4049	2921	3995	4298	
413	54	2651392
4307	4217	3169	4106	
414	68	2486272
3100	
415	73	2654324
2880	3895	
416	53	2649133
2909	2921	
417	76	2657457
3885	3196	3791	3739	4254	3226	3507	3567	
418	49	2661193
3136	3541	3089	3345	3736	
419	53	2711388
3375	4001	
420	53	2714910
3695	3522	
421	33	2718879
3742	3578	3560	3969	3474	3246	
422	42	2660028
3028	
423	29	2726588
3919	2967	4083	4065	4140	3696	3752	3716	4072	
424	39	2730628
4071	3827	3308	2990	3936	4065	4040	
425	17	2734471
2988	3491	3548	4304	4161	3054	
426	18	2738136
3108	3466	3202	3670	3665	3531	3507	
427	59	2252530
3418	3037	
428	29	2742160
3403	4184	4181	3158	3032	4286	3783	4024	3642	
429	20	2801437
3493	3799	4169	3690	3648	2964	2938	4237	3816	
430	59	2289460
3704	3304	
431	61	2805557
3751	2944	4242	3631	4279	3045	4290	4085	4120	
432	76	2812242
3592	4110	4008	4266	3190	4209	3032	3085	
433	71	2816237
2950	4205	2979	
434	7	2820064
4022	3475	3651	4139	3827	
435	31	2819798
4066	3503	3409	3237	3433	3250	3561	
436	11	2823852
3285	4008	4289	3387	4211	3419	3213	3788	
437	27	2826990
4022	3177	4167	3641	2939	3246	3259	3268	3138	
438	52	2830405
4115	3050	3968	3580	3285	3415	
439	29	2833538
3228	3175	3084	4053	3794	3190	3050	3208	3133	
440	17	2887546
3648	4265	4162	4059	3667	3946	
441	59	2327416
4137	3123	
442	34	2889658
3594	3442	3979	3723	
443	29	2893599
3973	3315	3258	2880	3119	4090	3941	3696	3482	
444	40	2901286
3884	4281	3365	3039	4089	2886	3545	4086	3621	
445	64	2904385
3761	3094	3931	3578	4105	4300	3061	
446	69	2908594
4285	3927	3469	3920	4209	2944	2922	
447	79	2911860
3266	
448	41	2916061
2988	3317	4092	3109	4201	3783	3441	
449	70	2919791
3140	3730	2952	
450	24	2923938
3904	4274	3027	4147	
451	47	2922672
3870	3548	4277	3640	3097	3471	3029	
452	12	2973839
4009	3745	4300	3537	4078	3819	3391	3679	
453	44	2976617
3962	3067	
454	40	2980732
3299	4171	4152	3688	3009	3172	3194	4115	3317	
455	65	2988637
2969	4068	4305	
456	76	2992186
3134	4289	3951	2903	4066	2931	3745	3549	
457	77	2996218
2987	3827	3633	4032	
458	53	2976782
3413	3444	
459	36	3000276
2882	4058	
460	74	3003392
3034	3478	4278	3701	3116	
461	14	2999395
3590	3448	4131	3343	2908	3655	3549	
462	76	3007055
3721	4059	4008	3575	3538	3597	3842	3663	
463	42	2997727
4133	
464	12	3010338
3979	3154	3162	3227	3380	3539	2987	3283	
465	1	3009185
3420	3839	2961	
466	64	3013874
3352	4000	2939	2981	3716	3721	3536	
467	29	3016980
3947	3065	3669	4075	4152	2890	4290	3131	3106	
468	48	3020712
4203	3787	2968	3483	4087	3911	3859	3115	3732	
469	67	3023910
3908	4198	4319	3198	
470	52	3059990
3721	3935	3783	3934	4280	3447	
471	80	3063022
3033	
472	32	3066525
3963	3012	3503	3127	
473	4	3074428
2996	3883	3520	3105	3907	3639	2920	4303	
474	10	3077318
4150	3509	3825	3430	3553	3169	2890	
475	78	2108719
4132	
476	30	3073784
3524	3853	4309	3159	3828	3659	
477	55	3071049
3258	3625	
478	58	3080958
3309	3459	2977	3765	4231	3544	3954	3874	3640	
479	77	3084730
3721	4118	2888	3772	
480	37	3088744
3673	3990	2938	3759	3712	3234	4014	
481	49	3091931
4128	3587	3917	3726	3187	
482	29	3095935
4172	3902	3872	4309	4088	3935	3389	3623	4004	
483	62	3143594
4201	3405	4084	3914	
484	6	3147752
3154	3394	3520	2950	3625	3122	3727	2894	2955	
485	70	3151460
3567	3036	3708	
486	38	3158186
4010	3469	3932	3554	
487	70	3162097
3404	3911	2958	
488	18	3166263
3935	3589	3267	3685	3666	3288	4166	
489	31	3169246
3323	3824	3692	3173	4146	3063	2983	
490	62	3173011
3249	4183	3765	3300	
491	50	3176292
3665	3047	4094	2924	3223	3832	3255	3281	
492	39	3179980
4319	2940	3066	3582	3111	3620	3688	
493	33	3230468
4191	3093	3723	3710	3781	3653	
494	23	2647149
3437	
495	57	3175809
3945	3622	3192	3969	3659	
496	42	3178775
2966	
497	59	2654743
3972	3697	
498	5	3181357
3405	2995	
499	48	3234590
2899	3843	3612	3860	3465	3924	3656	4123	3643	
500	6	3238784
3111	3575	3100	3150	4166	3701	4068	4053	4194	
501	66	3245754
3140	2903	4270	3087	3370	
502	30	3246140
4183	4215	4207	3361	3847	3701	
503	4	3251046
3851	3940	3672	3769	4169	3966	3077	4018	
504	22	3253724
3536	3558	3198	3619	
505	22	3258018
3511	3322	3480	4294	
506	62	3254989
3298	4120	3203	3943	
507	6	3262268
3803	3626	3374	4160	3842	3085	3092	4250	3597	
508	8	3265628
3800	3445	3181	3634	3811	3360	3092	
509	50	3316610
3973	2902	3924	3351	3827	3216	4181	3048	
510	19	3257864
3302	4249	
511	38	3318240
2939	3838	3974	3303	
512	20	3322091
3819	3842	3681	3614	2912	3989	3552	3851	3478	
513	26	3325878
3671	3787	
514	44	3325253
2885	3461	
515	19	3321500
4244	3839	
516	30	3332454
3263	4128	3546	3504	4110	3092	
517	75	3332337
3688	3127	
518	75	3336196
3402	3859	
519	28	2985742
3697	3374	
520	16	3339783
4117	3605	2985	3817	3259	3338	3196	3445	
521	59	2820274
4050	3738	
522	33	3343524
4233	3368	3159	3434	3990	3237	
523	77	3347009
3196	3006	3639	3485	
524	57	3342996
3761	4319	3395	3104	3462	
525	0	3346917
4245	4203	3393	
526	59	2893236
3620	3935	
527	46	3351093
3671	3243	4209	3580	3797	4060	4084	
528	58	3406233
3906	3168	3204	3294	3306	3421	3643	4106	4233	
529	43	3409886
3905	4313	3111	3659	4203	3441	3558	3659	3653	
530	11	3417386
3068	4093	2924	3081	2950	2968	4051	3900	
531	49	3420821
3820	3718	4158	3969	3040	
532	12	3425889
3482	2911	3219	3459	3242	4080	3012	4000	
533	32	3429000
4099	4099	3909	3029	
534	57	3433116
4171	3122	3101	3934	4116	
535	42	3436771
3655	
536	7	3440999
3652	3850	4148	3741	4228	
537	2	3491657
4091	3857	2936	
538	66	3495103
3328	4050	4061	3909	3446	
539	36	3498472
3453	3369	
540	52	3506076
3877	3319	4136	3453	3487	4004	
541	59	2989313
3211	3383	
542	28	3072130
3539	3858	
543	49	3509416
3924	3580	4291	4306	3340	
544	10	3512502
4028	3643	3544	4041	2990	2887	3086	
545	50	3516262
3873	3291	4278	2898	3613	3569	3348	3760	
546	75	3442827
4319	3293	
547	34	3513407
3628	3829	4125	3936	
548	78	2288759
3183	
549	49	3519569
3521	4039	3882	4000	3307	
550	0	3664335
4224	3770	3600	
551	22	3668231
3421	3418	3243	3722	
552	22	3675630
3229	3409	2889	3758	
553	44	3679539
2936	3909	
554	1	3683714
4138	3704	4175	
555	15	4270310
3927	3369	4109	4302	3046	4084	4121	4310	
556	59	3677885
3298	3124	
557	35	4273340
3030	
558	6	4276414
3067	3160	2927	3494	4251	3624	3110	3189	3074	
559	32	4283328
4313	3883	3293	3314	
560	66	4286226
3857	3802	4057	3594	2898	
561	38	3698323
4006	3802	3153	4003	
562	72	3691741
2934	3325	
563	34	3698215
3053	4040	3352	3895	
564	42	3748523
3400	
565	78	2310042
4053	
566	64	4289900
3085	3817	3333	4270	3554	4304	3674	
567	49	4293118
3532	4244	3818	3888	3218	
568	45	4296959
3673	3522	3367	3193	3212	3841	
569	10	4300020
3877	3957	3678	3073	3806	3711	3061	
570	10	4303926
3379	3286	4115	3675	3181	3171	3906	
571	7	3769668
3905	4219	3713	3540	3582	
572	22	3773629
4245	3348	3477	3961	
573	26	4307754
3504	3828	
574	4	4310665
3132	3617	3504	4108	3596	3381	2892	2911	
575	13	4313547
3042	3908	3141	3073	3208	3456	2882	
576	33	4316431
3201	4118	3862	3527	3352	2884	
577	16	4352612
4249	4098	4015	4309	3370	4120	3175	3781	
578	39	4356792
3265	3564	3050	4127	3769	4147	4180	
579	18	3841169
3154	3803	3409	3452	3076	3858	3022	
580	74	4359760
3695	2929	3256	3934	2968	
581	6	4362898
3121	3387	3020	3020	3139	2984	3032	3095	3138	
582	7	3850418
3885	4002	4127	3985	3005	
583	57	3854523
3196	3277	4241	3182	4105	
584	72	3853411
3828	2994	
585	17	4369547
4064	4004	4259	2987	3606	3049	
586	52	4373431
4296	4276	3130	4109	3572	3884	
587	3	4377059
3152	2931	3048	4264	4012	3286	3464	3352	3628	
588	46	4380294
3599	4150	3885	3754	3678	3632	3235	
589	17	4383750
3192	3762	4237	2999	3817	3456	
590	65	4386678
3019	3420	2928	
591	17	4390063
4111	2890	3562	4015	4204	3385	
592	73	3938879
4083	3961	
593	28	3861351
3504	3961	
594	61	4393652
3980	3474	3691	3767	3400	3469	2890	4006	3589	
595	35	4397966
4314	
596	57	3947175
4195	2904	3942	4118	4290	
597	71	3951389
3158	4214	3572	
598	10	4401430
3454	3602	3280	3519	2889	3922	3464	
599	2	4404904
2905	3178	3474	
600	12	4440978
4271	3738	3486	4113	2927	3989	3009	3674	
601	65	4444411
4029	4213	3433	
602	71	4016889
3627	3466	3397	
603	9	4447617
3901	3206	
604	20	4455320
3327	3801	3166	3821	3819	3038	3727	3341	4103	
605	59	3925619
2897	4317	
606	22	4023899
4094	4025	3363	3828	
607	68	3936541
3297	
608	6	4458982
2980	3572	3401	3595	4210	3811	3267	4018	3662	
609	70	4462127
3587	4089	3145	
610	55	4014390
2983	2956	
611	51	4466285
3609	3885	4158	
612	18	4035450
3257	3600	3170	4216	3092	4195	3574	
613	68	3951401
4210	
614	49	4469610
2907	3254	4160	2985	3325	
615	12	4472527
3287	3427	4045	2995	3632	4272	3073	2917	
616	9	4476500
3241	3973	
617	21	4480687
3445	3523	3172	3963	3038	4305	3387	4187	
618	38	4097292
3457	3659	3137	3480	
619	72	4034065
3639	3176	
620	77	4483641
3253	3163	3500	2954	
621	2	4487087
3712	3044	3446	
622	42	4107727
3791	
623	76	4491028
3723	3616	2906	3670	3571	2954	3745	3941	
624	76	4527702
4253	3681	3241	3356	3337	3528	2989	4274	
625	34	4118249
3868	3569	3581	3788	
626	79	4049092
4234	
627	65	4531160
3390	4062	3458	
628	65	4534100
3871	3416	2940	
629	52	4540654
3532	3965	3475	4242	3787	2954	
630	19	4035782
3762	3101	
631	2	4543806
3173	2972	3152	
632	45	4547342
3028	3948	4127	3021	3969	3536	
633	78	2627915
3368	
634	23	3322355
3002	
635	1	4184465
3380	3928	4182	
636	46	4551326
3005	3386	2974	3280	4153	4137	3984	
637	38	4182378
4120	4172	3242	3053	
638	36	4555471
4126	4145	
639	38	4185753
4141	3074	3447	3375	
640	29	4558552
3081	4023	3979	3339	3733	2892	4005	2952	3081	
641	58	4562837
2934	2893	4275	3365	4150	3659	3279	4017	4285	
642	14	4203366
2921	3133	3927	3233	3559	4264	4195	
643	59	4098790
3760	2999	
644	56	4565800
3949	3933	3320	3316	4075	4174	3427	4316	2963	
645	30	4210897
3568	3014	3314	3019	3532	3215	
646	29	4569879
3773	3142	2883	3336	3579	4161	3372	3269	4079	
647	63	4572815
3054	3908	4281	3095	3233	3782	3615	4209	2936	
648	69	4576590
3160	3491	4172	4187	3014	3342	3775	
649	79	4199893
4086	
650	38	4204059
3564	3288	4025	3736	
651	57	4208026
2996	4265	4138	4142	3967	
652	31	4272361
3975	3784	3560	3666	3370	4258	3844	
653	32	4612791
2899	3373	3994	3801	
654	54	4282905
3945	3438	4025	2950	
655	30	4286443
4020	3530	3356	3888	3213	3538	
656	12	4616878
4203	3946	3746	3768	3328	3679	4045	4087	
657	1	4293682
3484	3304	3194	
658	31	4296988
4126	3307	3455	3186	2997	3693	3306	
659	80	4299872
2884	
660	79	4268512
3580	
661	75	4271711
4263	3199	
662	45	4620866
3980	3486	3467	3112	3145	3988	
663	79	4282191
3413	
664	40	4627836
2932	2895	3706	3574	3007	3226	4047	3703	3370	
665	76	4632068
4186	4267	3730	3129	3040	3767	3208	4232	
666	27	4635896
3093	3864	2902	4159	3967	3297	3631	3166	3828	
667	49	4638945
3629	3068	3336	3071	3049	
668	10	4642141
4128	3332	3331	4118	2997	3646	3196	
669	78	2720749
4117	
670	23	3605867
4225	
671	5	4294731
3238	3020	
672	2	4646138
4198	3000	3997	
673	25	4649174
2900	2939	3468	4175	4036	3036	
674	46	4653190
4166	3834	3353	4237	3005	3729	4016	
675	23	3663959
4092	
676	27	4656368
3141	3967	3737	3205	3697	4055	3625	4317	3178	
677	64	4659339
4167	3709	3243	3261	3299	3817	2971	
678	75	4354753
3760	4115	
679	71	4379837
2956	3871	4261	
680	39	4663315
3268	4288	3287	3983	4140	3337	3976	
681	28	4296418
3251	3673	
682	69	4698636
4192	4010	3726	3244	2906	3310	2921	
683	40	4702155
4176	4140	3627	3630	3400	3764	3213	3903	3519	
684	38	4373235
3071	4276	4072	3791	
685	61	4706118
3034	3353	3594	3347	3800	4289	2927	4033	3963	
686	51	4713010
3245	4292	3292	
687	75	4380084
3718	3922	
688	3	4716249
3275	2893	3433	4037	3945	3594	3205	3428	3239	
689	34	4444899
3840	3059	3401	4284	
690	77	4719216
4089	3214	3583	2967	
691	43	4722915
2973	2880	4138	3173	3461	3705	3513	4244	3699	
692	63	4727234
4305	3255	3628	3315	3038	3110	3243	3798	4319	
693	63	4730584
3783	3564	4197	4068	2996	4088	2889	3167	3350	
694	26	4733849
3600	3265	
695	29	4736972
4168	3808	3814	4195	3624	4004	3833	3426	3123	
696	57	4445257
3341	4247	4030	3003	4090	
697	77	4740646
3410	3323	4192	3674	
698	29	4743588
2967	2897	3854	3225	3283	2948	3474	3991	2942	
699	56	4747180
3650	3990	3225	3549	3160	4000	3598	3072	3592	
700	26	4750212
2944	3032	
701	67	4785697
4308	4142	3841	3085	
702	51	4789277
3057	3619	3580	
703	42	4462476
3278	
704	78	2898907
3409	
705	17	4793156
3927	4306	3823	3073	3499	3879	
706	26	4800576
3529	3820	
707	63	4804728
4200	4178	3296	3157	4221	3054	3753	3157	4152	
708	36	4808013
3121	3285	
709	35	4812023
4010	
710	48	4815213
3824	3106	3875	3154	3718	2914	4051	4195	3190	
711	66	4818594
3894	3466	3207	4085	3381	
712	41	4540951
3225	4104	4252	3061	3396	4033	2929	
713	3	4821657
3281	2929	3364	3254	3468	3460	3071	3043	3063	
714	14	4547316
3562	3918	4281	4038	2938	4064	3322	
715	59	4534966
4059	3372	
716	75	4535158
2971	3560	
717	72	4542823
3815	4065	
718	62	4824863
3963	3026	2999	3206	
719	11	4828868
2944	3115	3840	3781	4048	3560	4030	4005	
720	22	4550627
3028	3111	3082	3774	
721	67	4832662
3841	3753	3681	3794	
722	19	4555885
3799	3289	
723	58	4836961
4124	4311	4071	3838	4120	3345	4000	3028	4299	
724	62	4873622
3232	4152	3364	4261	
725	36	4876928
3075	3306	
726	31	4615148
3287	3375	4152	3966	3312	3215	3548	
727	39	4879880
3028	4220	3013	4045	3085	3036	2952	
728	79	4617464
3275	
729	39	4886589
3201	4213	3859	3126	3071	3638	3109	
730	50	4889850
3952	2942	3710	3274	3235	4129	4129	3261	
731	63	4893173
4316	3589	4132	4156	2997	3617	3952	3738	3323	
732	62	4897345
4129	3227	3219	4172	
733	58	4900436
4060	3210	2923	2997	3777	3354	3783	4154	3091	
734	7	4638155
3695	3911	4025	3102	3050	
735	30	4643655
3319	4063	3939	3753	3631	2993	
736	16	4903632
3913	4319	3116	4223	3674	3961	3979	3196	
737	64	4907262
2987	4089	3491	3921	4260	2949	3630	
738	4	4910446
3593	3322	3801	3533	2978	3786	3289	3184	
739	54	4702479
4220	4048	3574	3463	
740	26	4913946
3834	3500	
741	8	4916964
2937	3621	3770	3177	3088	4077	3018	
742	9	4920370
3408	3406	
743	18	4720458
3036	3887	3183	2958	3706	3084	3060	
744	61	4923506
3533	3896	3265	3220	4097	2988	3309	3062	3136	
745	64	4959903
3634	3370	3279	3229	3499	4104	3997	
746	67	4963516
3657	3660	3513	3613	
747	71	4724354
2974	3262	3896	
748	57	4724453
3233	3010	3986	3984	3012	
749	51	4967120
3480	3811	3604	
750	28	4725166
3362	3860	
751	58	4974023
3489	4288	3961	3302	3234	3735	3086	2939	3303	
752	73	4732779
4117	3810	
753	39	4977389
4072	3800	3751	3913	4146	3104	3366	
754	55	4740031
3703	3106	
755	51	4980761
4109	3291	3372	
756	35	4983921
3160	
757	15	4988210
3637	4140	3104	3628	3661	2896	4262	4289	
758	43	4992490
3253	3180	4069	3035	2905	4163	4230	4063	4280	
759	10	4996217
4143	3272	3614	2986	3467	3561	3727	
760	75	4794936
3086	2906	
761	9	4999107
4160	2890	
762	29	5002285
3409	3175	3951	4230	3319	2977	3915	3158	3178	
763	11	5006391
3014	3586	3526	3975	3984	3887	4060	4106	
764	8	5010154
3876	2903	3620	4224	3020	3205	3763	
765	6	5046719
3446	2993	4002	2996	3476	3803	3635	3383	4165	
766	27	5049753
3755	3175	3985	3859	3388	2934	3466	3414	3034	
767	26	5053714
4089	3961	
768	41	4872247
3069	3627	4267	3281	3115	4137	3527	
769	79	4824671
4257	
770	12	5060883
3350	4005	4135	3023	2969	4164	4158	3569	
771	0	4879747
3617	3643	3342	
772	32	5064723
4283	2903	3321	3840	
773	61	5067628
4210	3036	3495	3386	3942	4278	3355	3121	2905	
774	49	5071041
3132	3985	3258	4165	3413	
775	0	4890643
3386	4227	3975	
776	26	5073964
3807	2923	
777	36	5078028
4304	4064	
778	42	4892595
3842	
779	43	5081749
3367	3740	3782	3479	3432	2999	4053	3856	3721	
780	37	5085594
4150	4282	3508	3475	3788	4177	3845	
781	25	5089438
3206	3098	3655	3622	3066	3844	
782	77	5092775
4099	3890	3197	3337	
783	1	4905527
3510	3941	4155	
784	18	4909315
3266	3438	4299	3008	3016	3405	3788	
785	18	4959181
3112	2982	3919	4237	4062	4209	3266	
786	52	5096252
3993	3611	3724	3294	2924	3477	
787	65	5131532
4159	3505	2880	
788	26	5134689
3295	3157	
789	10	5137971
4226	2903	2989	3953	3017	3020	3282	
790	45	5145807
3769	4006	3186	3569	3482	4236	
791	63	5149234
3869	2951	3126	3328	3018	3516	3077	3634	3427	
792	0	4983622
3251	3888	3632	
793	45	5152338
4217	4064	3104	3191	4161	3104	
794	18	4991708
3032	4278	3124	2929	3095	3256	3925	
795	15	5155625
4204	2980	4196	3242	4272	3256	2994	3287	
796	44	4990508
3245	3657	
797	16	5158520
3722	3580	3302	3756	3869	3745	3257	2895	
798	19	4985055
4042	3832	
799	15	5161844
2881	3530	3883	2990	3741	3542	4170	3324	
800	7	5047519
2924	2889	3261	3960	3412	
801	68	4989293
4285	
802	9	5165808
3695	3964	
803	75	5001699
4273	3402	
804	17	5169879
3735	2885	3838	3389	3568	4071	
805	29	5173381
4142	4283	3439	3969	3934	2914	3552	3666	3502	
806	80	5058159
3001	
807	63	5176681
3576	3556	3047	4156	4262	3072	3948	2889	3300	
808	12	5180451
2904	4029	4128	3675	4249	2984	3312	3770	
809	33	5183447
3682	3791	4104	3164	2963	2996	
810	31	5071137
3514	3556	3119	3047	2982	3770	3814	
811	69	5218937
3215	4292	3369	4184	3143	3137	3090	
812	31	5077197
4021	3790	3711	3435	2981	3784	2923	
813	77	5223005
4306	3922	3572	4068	
814	56	5226000
4188	4274	3597	3173	3498	2928	3907	3286	2995	
815	75	5135809
2926	4300	
816	7	5140089
3196	4114	3397	4280	3039	
817	14	5147899
4056	3456	4195	4190	3208	4209	3183	
818	7	5151886
4184	3152	4259	3764	3988	
819	58	5233736
3654	3027	3020	3794	4166	3194	4236	3502	4136	
820	41	5160244
3971	3958	3532	3413	3325	4122	3769	
821	4	5237062
3003	4171	3167	4182	4249	4134	4010	3326	
822	66	5239990
3374	3904	4284	3448	2928	
823	62	5244309
4124	3536	3369	4319	
824	40	5248249
3739	3357	3998	3284	3612	3929	2927	3029	3940	
825	1	5217795
3790	3754	3921	
826	78	3424488
2984	
827	7	5221694
3516	4178	4064	3815	3959	
828	44	5224974
3951	3280	
829	7	5231894
3379	3617	3039	3350	3320	
830	0	5221664
3483	3375	3869	
831	72	5218696
3854	2898	
832	64	5251161
4165	2901	2890	3958	3436	3371	2912	
833	60	5255004
4225	3828	3709	3816	2925	3552	3101	2904	3843	
834	8	5258324
3426	3783	3107	3278	2889	3217	3320	
835	67	5262182
3633	3619	4298	3858	
836	20	5266260
3455	3991	3298	3556	4036	3826	3334	3197	4078	
837	0	5245308
3722	3468	3899	
838	21	5270347
3288	4280	3387	3005	4086	3901	3627	4087	
839	70	5306179
3488	3649	3432	
840	11	5309569
3651	3560	4182	3019	3014	3253	4290	3390	
841	25	5313315
3390	3034	3942	3353	3862	3746	
842	62	5320467
3070	4108	3264	3552	
843	62	5324521
4089	3879	2949	4054	
844	17	5328835
4084	3641	3393	3043	4022	4314	
845	75	5309143
3749	3850	
846	49	5332648
3205	3058	3477	3091	3813	
847	22	5313489
3063	4071	4300	3576	
848	62	5336699
3665	3520	2983	4051	
849	57	5320338
3194	4210	3616	3564	3249	
850	34	5312462
3333	4283	3319	3065	
851	16	5340896
3571	4250	4102	3193	3401	3995	3085	4197	
852	76	5344759
3575	3466	3249	3199	3638	3685	4044	3863	
853	35	5347758
2999	
854	70	5351586
3562	3976	3828	
855	52	5354822
2890	3216	3327	3444	3340	3236	
856	33	5390946
3196	3772	3327	3001	3654	3724	
857	32	5394603
2890	3976	4297	3657	
858	43	5397823
3662	3398	3424	3791	3580	4294	2939	3449	3220	
859	51	5404320
3665	3002	2897	
860	11	5408039
3693	3643	3794	3682	3112	3263	3272	3719	
861	43	5412138
3808	3743	3703	3839	3280	4155	4253	3889	4099	
862	44	5407439
3898	4175	
863	64	5415239
4230	2929	3560	3154	3991	4023	3101	
864	26	5418872
3203	3633	
865	71	5410820
3137	3381	2972	
866	49	5422500
2984	3512	3145	3979	3628	
867	48	5426424
3269	2908	3589	2917	4081	2924	3492	4107	3924	
868	30	5422125
3584	4231	4306	3140	3578	3219	
869	44	5422171
3759	3880	
870	56	5429494
4087	3260	3887	3811	2983	3311	3268	2982	3070	
871	15	5479705
3139	3214	3545	3002	4141	3336	3410	4101	
872	42	5483096
4156	
873	56	5490173
4313	3334	4186	4072	3250	3053	3475	3275	2977	
874	59	5412439
4002	3103	
875	25	5493619
3808	3934	3291	4054	3447	3369	
876	47	5497847
3171	4084	3743	3067	4034	3392	4228	
877	31	5501394
3385	3361	3581	3841	3335	3915	3547	
878	40	5505099
4087	3366	3034	3048	2880	3741	4187	3705	3359	
879	54	5509151
3662	3358	3944	4052	
880	46	5513438
3803	3120	3378	2977	3988	4287	3905	
881	76	5516763
3258	3628	3586	3395	3620	3991	3325	3138	
882	71	5520843
3837	2957	4080	
883	72	5506471
3829	3496	
884	51	5521063
3767	3913	4300	
885	35	5524176
3113	
886	71	5563872
3916	3534	3223	
887	63	5568187
3678	4211	2953	4251	4233	3291	3611	4315	4039	
888	36	5572505
3583	4318	
889	14	5571565
3463	3459	2979	3916	3386	4084	2945	
890	31	5579023
3713	4249	3637	3660	4236	3921	3858	
891	1	5582777
3417	3713	3754	
892	44	5585926
3182	3632	
893	56	5590170
4087	3345	3326	2924	3214	3008	2895	4244	4034	
894	78	3749993
3663	
895	78	3753199
3206	
896	76	5594010
3712	4208	3843	3816	3875	3212	3243	3840	
897	68	5567149
3121	
898	77	5597353
3387	3394	3599	3343	
899	67	5649765
3219	3204	3519	2939	
900	27	5654202
3318	2969	4128	3439	4033	3844	4249	4075	3102	
901	9	5657947
3169	3745	
902	50	5664432
3740	3212	2895	3985	3771	3603	3407	2885	
903	35	5668634
4202	
904	34	5668289
3109	4159	3173	3911	
905	63	5672523
4177	3324	3903	2880	3850	3466	3114	4234	3786	
906	15	5675718
3670	3926	3054	2971	3774	3570	2987	3195	
907	70	5678683
3195	4243	2965	
908	17	5681971
2903	3620	3955	3506	3401	3288	
909	29	5685495
3705	3608	4157	3156	3995	3413	4037	3712	3524	
910	69	5688848
4280	4137	2969	3073	3717	3047	3353	
911	67	5692533
3210	3064	3623	3685	
912	40	5739102
4244	3510	3792	3425	3373	3273	3375	4302	3221	
913	35	5743090
3988	
914	31	5743091
3324	3202	4186	3253	3351	3964	3989	
915	76	5750582
3796	3995	3051	3089	3674	3812	3890	3653	
916	34	5753462
3261	3809	3248	2881	
917	71	5757628
4271	3668	4166	
918	50	5761141
3639	3836	3779	3743	3610	2892	3513	3109	
919	55	5753685
3395	3518	
920	51	5765166
3447	3162	4025	
921	38	5757290
3091	3968	3605	3248	
922	55	5760702
4267	3412	
923	30	5765389
3028	3511	3140	4259	3600	4248	
924	80	5768997
3608	
925	31	5773205
3386	4072	3730	4306	3483	4062	4208	
926	50	5776857
4191	3315	3435	3274	3717	3955	3144	3652	
927	24	5780340
3508	3539	3991	3111	
928	73	5776154
2903	4073	
929	53	5822707
3949	3136	
930	68	5678013
4080	
931	12	5825139
3809	3039	4104	3953	4110	3842	3217	3314	
932	20	5829500
3554	3349	3312	4087	4234	3750	4176	3285	3567	
933	0	5835970
3329	4263	3152	
934	12	5840155
3964	3727	3346	3816	3950	3156	4185	3440	
935	58	5843532
3793	3289	4064	3620	3300	3976	3103	3341	3377	
936	17	5846901
3265	3498	3530	3319	3303	3369	
937	41	5846380
3972	3162	3210	3147	3059	3027	2884	
938	5	5848154
3162	3309	
939	36	5850972
2926	4071	
940	22	5849382
3126	3151	3111	3975	
941	24	5854538
3629	2895	4211	3566	
942	34	5854818
3680	3090	3598	4227	
943	9	5859056
4238	4192	
944	16	5862429
4002	3543	4253	3554	3148	3953	3415	3373	
945	12	5865550
3189	3757	3993	3923	2926	3158	3667	3121	
946	56	5910965
4212	4166	3729	3504	4197	3172	3368	3080	3365	
947	70	5914353
3336	3336	3388	
948	3	5918392
4299	3067	4121	3590	4167	3444	3945	3358	4039	
949	31	5923057
4065	3878	4232	4047	3409	3629	3145	
950	33	5926533
3098	3130	3456	3432	3084	3476	
951	62	5930259
4316	3171	4118	3179	
952	6	5934349
4102	4075	3295	3602	3114	2885	4279	4090	3128	
953	40	5938419
4125	3571	3890	3291	3070	3309	4286	4029	4070	
954	49	5941305
3984	3296	4129	3181	2886	
955	20	5944389
3569	3490	3902	3675	3254	3426	4137	3637	3084	
956	39	5947271
3674	3886	3853	3423	3486	3190	2882	
957	63	5951498
3460	3796	4158	2969	3773	4308	3938	4216	4227	
958	43	5954478
4278	3540	3870	2926	3300	3395	3863	2945	2980	
959	22	5944273
4125	4106	3016	3691	
960	58	5997905
3823	3401	2961	3855	2918	3211	3259	3905	3753	
961	73	6000296
3336	3179	
962	49	6002115
2931	3464	3142	3649	4210	
963	37	6008826
3133	3466	3836	2926	3182	3198	3111	
964	75	6010569
2890	3491	
965	70	6014059
3106	3490	3421	
966	71	6017536
3923	3196	3477	
967	8	6021214
3821	3978	3084	3065	3684	3678	3196	
968	35	6024752
3538	
969	49	6028384
3252	3340	3099	4047	3632	
970	38	6028419
3739	4119	4190	3433	
971	50	6032623
3904	3356	4214	3649	4236	4204	3961	3282	
972	54	6687283
3389	3329	3059	3015	
973	47	6690575
3519	4106	4082	3458	3660	4233	3292	
974	45	6694544
3793	2924	4182	4030	3274	3969	
975	49	6702042
4229	4215	4024	3608	3898	
976	70	6705878
3980	3645	3836	
977	75	6083435
3188	2945	
978	65	6709615
3773	3355	3737	
979	6	6713510
3284	2896	3414	4127	3018	3390	4280	4065	3895	
980	0	6709498
3500	3727	3053	
981	30	6713599
3247	3561	3540	3191	2930	4101	
982	43	6717863
3654	4100	3560	4245	3662	3836	3087	4182	4264	
983	4	6721827
3565	3631	4077	4133	3372	3607	3089	3964	
984	11	6725171
3064	2981	3225	2918	3543	2939	3820	3344	
985	53	6099626
3740	3449	
986	5	6111536
3477	4026	
987	25	6728667
4095	3315	3825	3703	3997	3496	
988	70	6731931
4158	3142	3264	
989	54	6772160
3318	3281	3090	3582	
990	60	6775863
3681	3196	4223	3802	3998	3040	2939	3703	3019	
991	71	6779615
3397	3508	3752	
992	69	6787185
3908	3712	4050	4064	3716	3969	3956	
993	46	6790311
4109	3587	3528	3403	4091	3127	2985	
994	64	6794586
3060	3140	3572	2938	4009	3022	4275	
995	55	6185636
4073	3435	
996	7	6787773
3156	3042	3426	3788	4162	
997	14	6794489
3404	3394	4115	3819	3122	3176	4178	
998	42	6794365
3416	
999	27	6797672
3904	3141	4241	3110	3792	4290	3121	3183	2954	
1000	27	6801847
4303	3845	3491	3546	3277	3955	3264	3442	4175	
1001	50	6804937
3019	3404	3091	4252	3790	4187	3706	2890	
1002	28	6196383
3401	3674	
1003	11	6808979
3985	3147	3430	4141	3201	4300	4042	3916	
1004	19	6258468
3049	3944	
1005	23	5843853
4252	
1006	69	6813266
3088	3478	3018	3697	4049	3706	4287	
1007	14	6859001
2897	3414	4114	3006	3959	3171	3222	
1008	15	6862915
3212	4123	3187	3909	3121	3584	3720	3914	
1009	74	6866451
4312	2948	3168	3053	3536	
1010	17	6873146
4177	3678	3311	4118	3392	3095	
1011	70	6876254
3872	3627	3108	
1012	80	6873655
4281	
1013	55	6284990
3618	3803	
1014	54	6877305
3300	4242	2995	3650	
1015	72	6292901
3768	3669	
1016	75	6296086
3952	3185	
1017	37	6879749
4022	3884	3040	3303	3306	3341	3495	
1018	35	6883412
3663	
1019	0	6880759
2992	3405	3454	
1020	32	6887612
4243	3655	3229	4200	
1021	52	6890557
3253	3621	3896	3139	4187	2945	
1022	11	6893752
3346	3711	3363	3248	4220	3847	3384	3195	
1023	78	4271382
3617	
1024	65	6896654
3913	3706	2902	
1025	37	6899576
3957	4173	3707	3586	3236	4028	2922	
1026	66	6903412
3409	3822	4318	4052	3836	
1027	63	6907512
3424	3023	3722	4128	3411	3652	3291	3812	4100	
1028	61	6911474
4048	3559	3450	3430	3300	3596	3615	3056	3962	
1029	69	6948003
2998	3215	2912	4147	2885	4248	4129	
1030	44	6947350
3463	3799	
1031	67	6952030
4155	3531	4111	4027	
1032	60	6955155
3737	3908	3753	4096	3985	4157	4281	4015	3125	
1033	11	6961740
3306	3429	3493	4077	3058	3838	4299	2985	
1034	51	6965465
3168	3179	3725	
1035	45	6968919
3725	4138	4102	3889	3531	3454	
1036	56	6971965
3749	3594	3132	4037	4017	3356	3938	3592	3046	
1037	40	6975172
3590	3837	2987	3982	3354	2942	3046	4125	3207	
1038	23	6012764
3416	
1039	57	6973323
3961	3535	4244	3982	2920	
1040	57	6976478
3952	4089	3047	3406	3155	
1041	8	6980784
4052	3188	4237	3294	3352	4306	4062	
1042	52	7031342
4139	3045	3623	3229	3757	3564	
1043	6	7035085
3592	3628	4092	3458	3696	3079	3753	3744	3730	
1044	22	7037813
3244	4025	3819	4201	
1045	36	7039324
2938	4239	
1046	7	7041038
3332	3611	4105	3764	3225	
1047	40	7049496
2969	3692	3200	3364	3289	3994	4072	2991	3776	
1048	8	7053037
3203	3693	4284	3806	4211	3213	3329	
1049	25	7056941
3646	3757	3293	3843	4020	3300	
1050	37	7060905
3903	3532	3493	3549	3553	4230	3964	
1051	55	6539322
4122	4265	
1052	21	7064134
3467	4256	4296	3712	3371	3980	3670	3229	
1053	23	6089948
4104	
1054	72	6546606
2891	3913	
1055	28	6514866
4194	3751	
1056	6	7067332
3885	4170	3637	3734	4125	3405	3596	3806	3198	
1057	75	6553391
4018	3380	
1058	74	7071197
3332	3745	3898	4047	3865	
1059	13	7119197
3498	4227	3971	4090	3415	3412	3241	
1060	45	7123065
3583	4191	3683	2947	3869	3298	
1061	35	7126980
3915	
1062	27	7134712
3827	3075	3529	2922	3290	3440	3423	3080	4132	
1063	46	7138545
3900	3755	3133	4038	3210	3061	3833	
1064	13	7142339
3554	3734	3770	2993	3599	3722	3794	
1065	62	7145292
3681	3275	4164	2953	
1066	12	7148664
3781	3705	3108	3045	3217	3459	3690	3372	
1067	45	7152425
3639	4026	4062	3913	4101	3761	
1068	40	7156271
3024	4117	4228	3166	3626	3364	4149	3085	3846	
1069	42	7146365
3123	
1070	33	7159618
4046	3171	3046	2962	3699	3347	
90
8238	3954
13376	6420
17218	8264
58309	27988
120151	57672
237680	114086
457309	219508
861839	413682
1598715	767383
10241	4915
11466	5503
19181	9206
41480	19910
63384	30424
92979	44629
132930	63806
186054	89305
256234	122992
5721	2746
18958	9099
29045	13941
98007	47043
201468	96704
397581	190838
764426	366924
1438992	690716
2665551	1279464
124902	59952
171630	82382
261959	125740
1375632	660303
3797616	1822855
10064469	4830945
25962767	12462128
65588416	31482439
163071457	78274299
3317	1592
12832	6159
24461	11741
90811	43589
198952	95496
418434	200848
860580	413078
1731252	831000
3425047	1644022
75755	36362
79396	38110
138359	66412
725730	348350
2001931	960926
5301442	2544692
13768398	6608831
34950370	16776177
87205344	41858565
4671	2242
7582	3639
13759	6604
30056	14426
46236	22193
68280	32774
98221	47146
138342	66404
191746	92038
3341	1603
33214	15942
42620	20457
146470	70305
304789	146298
608863	292254
1185487	569033
2259668	1084640
4238091	2034283
7933	3807
9391	4507
14630	7022
39012	18725
68549	32903
115630	55502
190670	91521
307565	147631
487925	234204
31247	14998
49093	23564
76938	36930
230106	110450
436465	209503
794769	381489
1414051	678744
2461419	1181481
4214081	2022758
10
12
10.625
12.625
12.25
16
13.25
17.75
13.75
18
19.5
169
32400	43200
46800	64800
118800	129600
133200	151200
205200	216000
219600	237600
291600	302400
306000	324000
378000	388800
392400	410400
464400	475200
478800	496800
550800	561600
565200	583200
637200	648000
651600	669600
723600	734400
738000	756000
810000	820800
824400	842400
896400	907200
910800	928800
982800	993600
997200	1015200
1069200	1080000
1083600	1101600
1155600	1166400
1170000	1188000
1242000	1252800
1256400	1274400
1328400	1339200
1342800	1360800
1414800	1425600
1429200	1447200
1501200	1512000
1515600	1533600
1587600	1598400
1602000	1620000
1674000	1684800
1688400	1706400
1760400	1771200
1774800	1792800
1846800	1857600
1861200	1879200
1933200	1944000
1947600	1965600
2019600	2030400
2034000	2052000
2106000	2116800
2120400	2138400
2192400	2203200
2206800	2224800
2278800	2289600
2293200	2311200
2365200	2376000
2379600	2397600
2451600	2462400
2466000	2484000
2538000	2548800
2552400	2570400
2624400	2635200
2638800	2656800
2710800	2721600
2725200	2743200
2797200	2808000
2811600	2829600
2883600	2894400
2898000	2916000
2970000	2980800
2984400	3002400
3056400	3067200
3070800	3088800
3142800	3153600
3157200	3175200
3229200	3240000
3243600	3261600
3315600	3326400
3330000	3348000
3402000	3412800
3416400	3434400
3488400	3499200
3502800	3520800
3574800	3585600
3589200	3607200
3661200	3672000
3675600	3693600
3747600	3758400
3762000	3780000
3834000	3844800
3848400	3866400
3920400	3931200
3934800	3952800
4006800	4017600
4021200	4039200
4093200	4104000
4107600	4125600
4179600	4190400
4194000	4212000
4266000	4276800
4280400	4298400
4352400	4363200
4366800	4384800
4438800	4449600
4453200	4471200
4525200	4536000
4539600	4557600
4611600	4622400
4626000	4644000
4698000	4708800
4712400	4730400
4784400	4795200
4798800	4816800
4870800	4881600
4885200	4903200
4957200	4968000
4971600	4989600
5043600	5054400
5058000	5076000
5130000	5140800
5144400	5162400
5216400	5227200
5230800	5248800
5302800	5313600
5317200	5335200
5389200	5400000
5403600	5421600
5475600	5486400
5490000	5508000
5562000	5572800
5576400	5594400
5648400	5659200
5662800	5680800
5734800	5745600
5749200	5767200
5821200	5832000
5835600	5853600
5907600	5918400
5922000	5940000
5994000	6004800
6008400	6026400
6080400	6091200
6094800	6112800
6166800	6177600
6181200	6199200
6253200	6264000
6267600	6285600
6339600	6350400
6354000	6372000
6426000	6436800
6440400	6458400
6512400	6523200
6526800	6544800
6598800	6609600
6613200	6631200
6685200	6696000
6699600	6717600
6771600	6782400
6786000	6804000
6858000	6868800
6872400	6890400
6944400	6955200
6958800	6976800
7030800	7041600
7045200	7063200
7117200	7128000
7131600	7149600
7203600	7214400
7218000	7236000
1000000000	2000000000
333333333333333333333333
333333333322333300333333
333333883333113333333333
333333883300333333333333
444444444488444444444444
333333333333338833333333
555555555555555555555544
444444444444444444440044
444444447744444488776644
666666666666006666667766
155
32400	43200
46800	64800
118800	129600
133200	151200
205200	216000
219600	237600
291600	302400
306000	324000
378000	388800
392400	410400
464400	475200
478800	496800
550800	561600
565200	583200
637200	648000
651600	669600
723600	734400
738000	756000
810000	820800
824400	842400
896400	907200
910800	928800
982800	993600
997200	1015200
1069200	1080000
1083600	1101600
1155600	1166400
1170000	1188000
1242000	1252800
1256400	1274400
1328400	1339200
1342800	1360800
1414800	1425600
1429200	1447200
1501200	1512000
1515600	1533600
1587600	1598400
1602000	1620000
1674000	1684800
1688400	1706400
1760400	1771200
1774800	1792800
1846800	1857600
1861200	1879200
1933200	1944000
1947600	1965600
2019600	2030400
2034000	2052000
2106000	2116800
2120400	2138400
2192400	2203200
2206800	2224800
2278800	2289600
2293200	2311200
2365200	2376000
2379600	2397600
2451600	2462400
2466000	2484000
2538000	2548800
2552400	2570400
2624400	2635200
2638800	2656800
2710800	2721600
2725200	2743200
2797200	2808000
2811600	2829600
2883600	2894400
2898000	2916000
2970000	2980800
2984400	3002400
3070800	3088800
3157200	3175200
3243600	3261600
3330000	3348000
3416400	3434400
3502800	3520800
3589200	3607200
3661200	3672000
3675600	3693600
3747600	3758400
3762000	3780000
3834000	3844800
3848400	3866400
3920400	3931200
3934800	3952800
4006800	4017600
4021200	4039200
4093200	4104000
4107600	4125600
4179600	4190400
4194000	4212000
4266000	4276800
4280400	4298400
4352400	4363200
4366800	4384800
4438800	4449600
4453200	4471200
4525200	4536000
4539600	4557600
4611600	4622400
4626000	4644000
4698000	4708800
4712400	4730400
4784400	4795200
4798800	4816800
4838400	4838400
4924800	4924800
5011200	5011200
5097600	5097600
5184000	5184000
5270400	5270400
5356800	5356800
5475600	5486400
5490000	5508000
5562000	5572800
5576400	5594400
5648400	5659200
5662800	5680800
5734800	5745600
5749200	5767200
5821200	5832000
5835600	5853600
5907600	5918400
5922000	5940000
5994000	6004800
6008400	6026400
6080400	6091200
6094800	6112800
6166800	6177600
6181200	6199200
6253200	6264000
6267600	6285600
6339600	6350400
6354000	6372000
6426000	6436800
6440400	6458400
6512400	6523200
6526800	6544800
6598800	6609600
6613200	6631200
6685200	6696000
6699600	6717600
6771600	6782400
6786000	6804000
6858000	6868800
6872400	6890400
6944400	6955200
6958800	6976800
7030800	7041600
7045200	7063200
7117200	7128000
7131600	7149600
7203600	7214400
7218000	7236000
1000000000	2000000000
333333333333333333333333
333333333322333300333333
333333883333113333333333
333333883300333333333333
444444444488444444444444
333333333333338833333333
555555555555555555555544
444444444444444444440044
444444447744444488776644
666666666666006666667766
162
32400	43200
46800	64800
118800	129600
133200	151200
205200	216000
219600	237600
291600	302400
306000	324000
378000	388800
392400	410400
464400	475200
478800	496800
550800	561600
565200	583200
637200	648000
651600	669600
723600	734400
738000	756000
810000	820800
824400	842400
896400	907200
910800	928800
982800	993600
997200	1015200
1069200	1080000
1083600	1101600
1155600	1166400
1170000	1188000
1242000	1252800
1256400	1274400
1328400	1339200
1342800	1360800
1414800	1425600
1429200	1447200
1501200	1512000
1515600	1533600
1587600	1598400
1602000	1620000
1674000	1684800
1688400	1706400
1760400	1771200
1774800	1792800
1846800	1857600
1861200	1915200
1933200	1944000
1947600	2001600
2019600	2030400
2034000	2088000
2106000	2116800
2120400	2174400
2192400	2203200
2206800	2260800
2278800	2289600
2293200	2347200
2365200	2376000
2379600	2433600
2451600	2462400
2466000	2484000
2538000	2548800
2552400	2570400
2624400	2635200
2638800	2656800
2710800	2721600
2725200	2743200
2797200	2808000
2811600	2829600
2883600	2894400
2898000	2916000
2970000	2980800
2984400	3002400
3056400	3067200
3070800	3088800
3142800	3153600
3157200	3175200
3229200	3240000
3243600	3261600
3315600	3326400
3330000	3348000
3402000	3412800
3416400	3434400
3488400	3499200
3502800	3520800
3574800	3585600
3589200	3607200
3661200	3672000
3747600	3758400
3834000	3844800
3920400	3931200
4006800	4017600
4093200	4104000
4179600	4190400
4266000	4276800
4280400	4298400
4352400	4363200
4366800	4384800
4438800	4449600
4453200	4471200
4525200	4536000
4539600	4557600
4611600	4622400
4626000	4644000
4698000	4708800
4712400	4730400
4784400	4795200
4798800	4816800
4870800	4881600
4885200	4903200
4957200	4968000
4971600	4989600
5043600	5054400
5058000	5076000
5130000	5140800
5144400	5162400
5216400	5227200
5230800	5248800
5302800	5313600
5317200	5335200
5389200	5400000
5403600	5421600
5475600	5486400
5490000	5508000
5562000	5572800
5576400	5594400
5648400	5659200
5662800	5680800
5734800	5745600
5749200	5767200
5821200	5832000
5835600	5853600
5907600	5918400
5922000	5940000
5994000	6004800
6008400	6026400
6080400	6091200
6094800	6112800
6166800	6177600
6181200	6199200
6253200	6264000
6267600	6285600
6339600	6350400
6354000	6372000
6426000	6436800
6440400	6458400
6512400	6523200
6526800	6544800
6598800	6609600
6613200	6631200
6685200	6696000
6699600	6717600
6771600	6782400
6786000	6804000
6858000	6868800
6872400	6890400
6944400	6955200
6958800	6976800
7030800	7041600
7045200	7063200
7117200	7128000
7131600	7149600
7203600	7214400
7218000	7236000
1000000000	2000000000
333333333333333333333333
333333333322333300333333
333333883333113333333333
333333883300333333333333
444444444488444444444444
333333333333338833333333
555555555555555555555544
444444444444444444440044
444444447744444488776644
666666666666006666667766
162
32400	43200
46800	64800
118800	129600
133200	151200
205200	216000
219600	237600
291600	302400
306000	324000
378000	388800
392400	410400
464400	475200
478800	496800
550800	561600
565200	583200
637200	648000
651600	669600
723600	734400
738000	756000
810000	820800
824400	842400
896400	907200
910800	928800
982800	993600
997200	1015200
1069200	1080000
1083600	1101600
1155600	1166400
1170000	1188000
1242000	1252800
1256400	1274400
1328400	1339200
1342800	1360800
1414800	1425600
1429200	1447200
1501200	1512000
1515600	1533600
1587600	1598400
1602000	1620000
1674000	1684800
1688400	1706400
1760400	1771200
1774800	1792800
1846800	1857600
1861200	1915200
1933200	1944000
1947600	2001600
2019600	2030400
2034000	2088000
2106000	2116800
2120400	2174400
2192400	2203200
2206800	2260800
2278800	2289600
2293200	2347200
2365200	2376000
2379600	2433600
2451600	2462400
2466000	2484000
2538000	2548800
2552400	2570400
2624400	2635200
2638800	2656800
2710800	2721600
2725200	2743200
2797200	2808000
2811600	2829600
2883600	2894400
2898000	2916000
2970000	2980800
2984400	3002400
3024000	3024000
3110400	3110400
3196800	3196800
3283200	3283200
3369600	3369600
3456000	3456000
3542400	3542400
3661200	3672000
3675600	3693600
3747600	3758400
3762000	3780000
3834000	3844800
3848400	3866400
3920400	3931200
3934800	3952800
4006800	4017600
4021200	4039200
4093200	4104000
4107600	4125600
4179600	4190400
4194000	4212000
4266000	4276800
4280400	4298400
4352400	4363200
4366800	4384800
4438800	4449600
4453200	4471200
4525200	4536000
4539600	4557600
4611600	4622400
4626000	4644000
4698000	4708800
4712400	4730400
4784400	4795200
4798800	4816800
4870800	4881600
4885200	4903200
4957200	4968000
4971600	4989600
5043600	5054400
5058000	5076000
5130000	5140800
5144400	5162400
5216400	5227200
5230800	5248800
5302800	5313600
5317200	5335200
5389200	5400000
5403600	5421600
5475600	5486400
5490000	5508000
5562000	5572800
5576400	5594400
5648400	5659200
5662800	5680800
5734800	5745600
5749200	5767200
5821200	5832000
5835600	5853600
5907600	5918400
5922000	5940000
5994000	6004800
6008400	6026400
6080400	6091200
6094800	6112800
6166800	6177600
6181200	6199200
6253200	6264000
6267600	6285600
6339600	6350400
6354000	6372000
6426000	6436800
6440400	6458400
6512400	6523200
6526800	6544800
6598800	6609600
6613200	6631200
6685200	6696000
6699600	6717600
6771600	6782400
6786000	6804000
6858000	6868800
6872400	6890400
6944400	6955200
6958800	6976800
7030800	7041600
7045200	7063200
7117200	7128000
7131600	7149600
7203600	7214400
7218000	7236000
1000000000	2000000000
333333333333333333333333
333333333322333300333333
333333883333113333333333
333333883300333333333333
444444444488444444444444
333333333333338833333333
555555555555555555555544
444444444444444444440044
444444447744444488776644
666666666666006666667766
169
32400	43200
46800	72000
118800	129600
133200	158400
205200	216000
219600	244800
291600	302400
306000	331200
378000	388800
392400	417600
464400	475200
478800	504000
550800	561600
565200	590400
637200	648000
651600	676800
723600	734400
738000	763200
810000	820800
824400	849600
896400	907200
910800	936000
982800	993600
997200	1022400
1069200	1080000
1083600	1108800
1155600	1166400
1170000	1195200
1242000	1252800
1256400	1281600
1328400	1339200
1342800	1368000
1414800	1425600
1429200	1454400
1501200	1512000
1515600	1540800
1587600	1598400
1602000	1627200
1674000	1684800
1688400	1713600
1760400	1771200
1774800	1800000
1846800	1857600
1861200	1886400
1933200	1944000
1947600	1972800
2019600	2030400
2034000	2059200
2106000	2116800
2120400	2145600
2192400	2203200
2206800	2232000
2278800	2289600
2293200	2318400
2365200	2376000
2379600	2404800
2451600	2462400
2466000	2491200
2538000	2548800
2552400	2577600
2624400	2635200
2638800	2664000
2710800	2721600
2725200	2750400
2797200	2808000
2811600	2836800
2883600	2894400
2898000	2923200
2970000	2980800
2984400	3009600
3056400	3067200
3070800	3124800
3142800	3153600
3157200	3211200
3229200	3240000
3243600	3297600
3315600	3326400
3330000	3384000
3402000	3412800
3416400	3470400
3488400	3499200
3502800	3556800
3574800	3585600
3589200	3643200
3661200	3672000
3675600	3700800
3747600	3758400
3762000	3787200
3834000	3844800
3848400	3873600
3920400	3931200
3934800	3960000
4006800	4017600
4021200	4046400
4093200	4104000
4107600	4132800
4179600	4190400
4194000	4219200
4266000	4276800
4280400	4305600
4352400	4363200
4366800	4392000
4438800	4449600
4453200	4478400
4525200	4536000
4539600	4564800
4611600	4622400
4626000	4651200
4698000	4708800
4712400	4737600
4784400	4795200
4798800	4824000
4870800	4881600
4885200	4910400
4957200	4968000
4971600	4996800
5043600	5054400
5058000	5083200
5130000	5140800
5144400	5169600
5216400	5227200
5230800	5256000
5302800	5313600
5317200	5342400
5389200	5400000
5403600	5428800
5475600	5486400
5490000	5515200
5562000	5572800
5576400	5601600
5648400	5659200
5662800	5688000
5734800	5745600
5749200	5774400
5821200	5832000
5835600	5860800
5907600	5918400
5922000	5947200
5994000	6004800
6008400	6033600
6080400	6091200
6094800	6120000
6166800	6177600
6181200	6206400
6253200	6264000
6267600	6292800
6339600	6350400
6354000	6379200
6426000	6436800
6440400	6465600
6512400	6523200
6526800	6552000
6598800	6609600
6613200	6638400
6685200	6696000
6699600	6724800
6771600	6782400
6786000	6811200
6858000	6868800
6872400	6897600
6944400	6955200
6958800	6984000
7030800	7041600
7045200	7070400
7117200	7128000
7131600	7156800
7203600	7214400
7218000	7243200
1000000000	2000000000
333333333333333333333333
333333333322333300333333
333333883333113333333333
333333883300333333333333
444444444488444444444444
333333333333338833333333
555555555555555555555544
444444444444444444440044
444444447744444488776644
666666666666006666667766
169
32400	43200
46800	64800
118800	129600
133200	151200
205200	216000
219600	237600
291600	302400
306000	324000
378000	388800
392400	410400
464400	475200
478800	496800
550800	561600
565200	583200
637200	648000
651600	669600
723600	734400
738000	756000
810000	820800
824400	842400
896400	907200
910800	928800
982800	993600
997200	1015200
1069200	1080000
1083600	1101600
1155600	1166400
1170000	1188000
1242000	1252800
1256400	1274400
1328400	1339200
1342800	1360800
1414800	1425600
1429200	1447200
1501200	1512000
1515600	1533600
1587600	1598400
1602000	1620000
1674000	1684800
1688400	1706400
1760400	1771200
1774800	1792800
1846800	1857600
1861200	1879200
1933200	1944000
1947600	1965600
2019600	2030400
2034000	2052000
2106000	2116800
2120400	2138400
2192400	2203200
2206800	2224800
2278800	2289600
2293200	2311200
2365200	2376000
2379600	2397600
2451600	2462400
2466000	2484000
2538000	2548800
2552400	2570400
2624400	2635200
2638800	2656800
2710800	2721600
2725200	2743200
2797200	2808000
2811600	2829600
2883600	2894400
2898000	2916000
2970000	2980800
2984400	3002400
3056400	3067200
3070800	3088800
3142800	3153600
3157200	3175200
3229200	3240000
3243600	3261600
3315600	3326400
3330000	3348000
3402000	3412800
3416400	3434400
3488400	3499200
3502800	3520800
3574800	3585600
3589200	3607200
3661200	3672000
3675600	3693600
3747600	3758400
3762000	3780000
3834000	3844800
3848400	3866400
3920400	3931200
3934800	3952800
4006800	4017600
4021200	4039200
4093200	4104000
4107600	4125600
4179600	4190400
4194000	4212000
4266000	4276800
4280400	4334400
4352400	4363200
4366800	4420800
4438800	4449600
4453200	4507200
4525200	4536000
4539600	4593600
4611600	4622400
4626000	4680000
4698000	4708800
4712400	4766400
4784400	4795200
4798800	4852800
4870800	4881600
4885200	4903200
4957200	4968000
4971600	4989600
5043600	5054400
5058000	5076000
5130000	5140800
5144400	5162400
5216400	5227200
5230800	5248800
5302800	5313600
5317200	5335200
5389200	5400000
5403600	5421600
5475600	5486400
5490000	5508000
5562000	5572800
5576400	5594400
5648400	5659200
5662800	5680800
5734800	5745600
5749200	5767200
5821200	5832000
5835600	5853600
5907600	5918400
5922000	5940000
5994000	6004800
6008400	6026400
6080400	6091200
6094800	6112800
6166800	6177600
6181200	6199200
6253200	6264000
6267600	6285600
6339600	6350400
6354000	6372000
6426000	6436800
6440400	6458400
6512400	6523200
6526800	6544800
6598800	6609600
6613200	6631200
6685200	6696000
6699600	6717600
6771600	6782400
6786000	6804000
6858000	6868800
6872400	6890400
6944400	6955200
6958800	6976800
7030800	7041600
7045200	7063200
7117200	7128000
7131600	7149600
7203600	7214400
7218000	7236000
1000000000	2000000000
333333333333333333333333
333333333322333300333333
333333883333113333333333
333333883300333333333333
444444444488444444444444
333333333333338833333333
555555555555555555555544
444444444444444444440044
444444447744444488776644
666666666666006666667766
169
32400	43200
46800	79200
118800	129600
133200	165600
205200	216000
219600	252000
291600	302400
306000	338400
378000	388800
392400	424800
464400	475200
478800	511200
550800	561600
565200	597600
637200	648000
651600	684000
723600	734400
738000	770400
810000	820800
824400	856800
896400	907200
910800	943200
982800	993600
997200	1029600
1069200	1080000
1083600	1116000
1155600	1166400
1170000	1202400
1242000	1252800
1256400	1288800
1328400	1339200
1342800	1375200
1414800	1425600
1429200	1461600
1501200	1512000
1515600	1548000
1587600	1598400
1602000	1634400
1674000	1684800
1688400	1720800
1760400	1771200
1774800	1807200
1846800	1857600
1861200	1893600
1933200	1944000
1947600	1980000
2019600	2030400
2034000	2066400
2106000	2116800
2120400	2152800
2192400	2203200
2206800	2239200
2278800	2289600
2293200	2325600
2365200	2376000
2379600	2412000
2451600	2462400
2466000	2498400
2538000	2548800
2552400	2584800
2624400	2635200
2638800	2671200
2710800	2721600
2725200	2757600
2797200	2808000
2811600	2844000
2883600	2894400
2898000	2930400
2970000	2980800
2984400	3016800
3056400	3067200
3070800	3103200
3142800	3153600
3157200	3189600
3229200	3240000
3243600	3276000
3315600	3326400
3330000	3362400
3402000	3412800
3416400	3448800
3488400	3499200
3502800	3535200
3574800	3585600
3589200	3621600
3661200	3672000
3675600	3708000
3747600	3758400
3762000	3794400
3834000	3844800
3848400	3880800
3920400	3931200
3934800	3967200
4006800	4017600
4021200	4053600
4093200	4104000
4107600	4140000
4179600	4190400
4194000	4226400
4266000	4276800
4280400	4312800
4352400	4363200
4366800	4399200
4438800	4449600
4453200	4485600
4525200	4536000
4539600	4572000
4611600	4622400
4626000	4658400
4698000	4708800
4712400	4744800
4784400	4795200
4798800	4831200
4870800	4881600
4885200	4917600
4957200	4968000
4971600	5004000
5043600	5054400
5058000	5090400
5130000	5140800
5144400	5176800
5216400	5227200
5230800	5263200
5302800	5313600
5317200	5349600
5389200	5400000
5403600	5436000
5475600	5486400
5490000	5522400
5562000	5572800
5576400	5608800
5648400	5659200
5662800	5695200
5734800	5745600
5749200	5781600
5821200	5832000
5835600	5868000
5907600	5918400
5922000	5954400
5994000	6004800
6008400	6040800
6080400	6091200
6094800	6127200
6166800	6177600
6181200	6213600
6253200	6264000
6267600	6300000
6339600	6350400
6354000	6386400
6426000	6436800
6440400	6472800
6512400	6523200
6526800	6559200
6598800	6609600
6613200	6645600
6685200	6696000
6699600	6724800
6771600	6782400
6786000	6811200
6858000	6868800
6872400	6897600
6944400	6955200
6958800	6984000
7030800	7041600
7045200	7070400
7117200	7128000
7131600	7156800
7203600	7214400
7218000	7243200
1000000000	2000000000
333333333333333333333333
333333333322333300333333
333333883333113333333333
333333883300333333333333
444444444488444444444444
333333333333338833333333
555555555555555555555544
444444444444444444440044
444444447744444488776644
666666666666006666667766
162
32400	43200
46800	72000
118800	129600
133200	158400
205200	216000
219600	244800
291600	302400
306000	331200
378000	388800
392400	417600
464400	475200
478800	504000
550800	561600
565200	590400
637200	648000
651600	676800
723600	734400
738000	763200
810000	820800
824400	849600
896400	907200
910800	936000
982800	993600
997200	1022400
1069200	1080000
1083600	1108800
1155600	1166400
1170000	1195200
1242000	1252800
1256400	1281600
1328400	1339200
1342800	1368000
1414800	1425600
1429200	1454400
1501200	1512000
1515600	1540800
1587600	1598400
1602000	1627200
1674000	1684800
1688400	1713600
1760400	1771200
1774800	1800000
1846800	1857600
1861200	1886400
1933200	1944000
1947600	1972800
2019600	2030400
2034000	2059200
2106000	2116800
2120400	2145600
2192400	2203200
2206800	2232000
2278800	2289600
2293200	2318400
2365200	2376000
2379600	2404800
2451600	2462400
2466000	2491200
2538000	2548800
2552400	2577600
2624400	2635200
2638800	2664000
2710800	2721600
2725200	2750400
2797200	2808000
2811600	2836800
2883600	2894400
2898000	2923200
2970000	2980800
2984400	3009600
3056400	3067200
3070800	3096000
3142800	3153600
3157200	3182400
3229200	3240000
3243600	3268800
3315600	3326400
3330000	3355200
3402000	3412800
3416400	3441600
3488400	3499200
3502800	3528000
3574800	3585600
3589200	3614400
3661200	3672000
3675600	3700800
3747600	3758400
3762000	3787200
3834000	3844800
3848400	3873600
3920400	3931200
3934800	3960000
4006800	4017600
4021200	4046400
4093200	4104000
4107600	4132800
4179600	4190400
4194000	4219200
4266000	4276800
4280400	4305600
4352400	4363200
4366800	4392000
4438800	4449600
4453200	4478400
4525200	4536000
4539600	4564800
4611600	4622400
4626000	4651200
4698000	4708800
4712400	4737600
4784400	4795200
4798800	4824000
4870800	4881600
4885200	4910400
4957200	4968000
4971600	4996800
5043600	5054400
5058000	5083200
5130000	5140800
5144400	5169600
5216400	5227200
5230800	5256000
5302800	5313600
5317200	5342400
5389200	5400000
5403600	5428800
5475600	5486400
5490000	5515200
5562000	5572800
5576400	5601600
5648400	5659200
5662800	5688000
5734800	5745600
5749200	5774400
5821200	5832000
5835600	5860800
5907600	5918400
5922000	5947200
5994000	6004800
6008400	6033600
6048000	6048000
6134400	6134400
6220800	6220800
6307200	6307200
6393600	6393600
6480000	6480000
6566400	6566400
6685200	6696000
6699600	6724800
6771600	6782400
6786000	6811200
6858000	6868800
6872400	6897600
6944400	6955200
6958800	6984000
7030800	7041600
7045200	7070400
7117200	7128000
7131600	7156800
7203600	7214400
7218000	7243200
1000000000	2000000000
333333333333333333333333
333333333322333300333333
333333883333113333333333
333333883300333333333333
444444444488444444444444
333333333333338833333333
555555555555555555555544
444444444444444444440044
444444447744444488776644
666666666666006666667766
169
32400	43200
46800	72000
118800	129600
133200	158400
205200	216000
219600	244800
291600	302400
306000	331200
378000	388800
392400	417600
464400	475200
478800	504000
550800	561600
565200	590400
637200	648000
651600	676800
723600	734400
738000	763200
810000	820800
824400	849600
896400	907200
910800	936000
982800	993600
997200	1022400
1069200	1080000
1083600	1108800
1155600	1166400
1170000	1195200
1242000	1252800
1256400	1281600
1328400	1339200
1342800	1368000
1414800	1425600
1429200	1454400
1501200	1512000
1515600	1540800
1587600	1598400
1602000	1627200
1674000	1684800
1688400	1713600
1760400	1771200
1774800	1800000
1846800	1857600
1861200	1886400
1933200	1944000
1947600	1972800
2019600	2030400
2034000	2059200
2106000	2116800
2120400	2145600
2192400	2203200
2206800	2232000
2278800	2289600
2293200	2318400
2365200	2376000
2379600	2404800
2451600	2462400
2466000	2512800
2538000	2548800
2552400	2599200
2624400	2635200
2638800	2685600
2710800	2721600
2725200	2772000
2797200	2808000
2811600	2858400
2883600	2894400
2898000	2944800
2970000	2980800
2984400	3031200
3056400	3067200
3070800	3096000
3142800	3153600
3157200	3182400
3229200	3240000
3243600	3268800
3315600	3326400
3330000	3355200
3402000	3412800
3416400	3441600
3488400	3499200
3502800	3528000
3574800	3585600
3589200	3614400
3661200	3672000
3675600	3700800
3747600	3758400
3762000	3787200
3834000	3844800
3848400	3873600
3920400	3931200
3934800	3960000
4006800	4017600
4021200	4046400
4093200	4104000
4107600	4132800
4179600	4190400
4194000	4219200
4266000	4276800
4280400	4305600
4352400	4363200
4366800	4392000
4438800	4449600
4453200	4478400
4525200	4536000
4539600	4564800
4611600	4622400
4626000	4651200
4698000	4708800
4712400	4737600
4784400	4795200
4798800	4824000
4870800	4881600
4885200	4939200
4957200	4968000
4971600	5025600
5043600	5054400
5058000	5112000
5130000	5140800
5144400	5198400
5216400	5227200
5230800	5284800
5302800	5313600
5317200	5371200
5389200	5400000
5403600	5457600
5475600	5486400
5490000	5536800
5562000	5572800
5576400	5623200
5648400	5659200
5662800	5709600
5734800	5745600
5749200	5796000
5821200	5832000
5835600	5882400
5907600	5918400
5922000	5968800
5994000	6004800
6008400	6055200
6080400	6091200
6094800	6134400
6166800	6177600
6181200	6220800
6253200	6264000
6267600	6307200
6339600	6350400
6354000	6393600
6426000	6436800
6440400	6480000
6512400	6523200
6526800	6566400
6598800	6609600
6613200	6652800
6685200	6696000
6699600	6724800
6771600	6782400
6786000	6811200
6858000	6868800
6872400	6897600
6944400	6955200
6958800	6984000
7030800	7041600
7045200	7070400
7117200	7128000
7131600	7156800
7203600	7214400
7218000	7243200
1000000000	2000000000
333333333333333333333333
333333333322333300333333
333333883333113333333333
333333883300333333333333
444444444488444444444444
333333333333338833333333
555555555555555555555544
444444444444444444440044
444444447744444488776644
666666666666006666667766
162
32400	43200
46800	86400
118800	129600
133200	172800
205200	216000
219600	259200
291600	302400
306000	345600
378000	388800
392400	432000
464400	475200
478800	518400
550800	561600
565200	604800
637200	648000
651600	691200
723600	734400
738000	777600
810000	820800
824400	864000
896400	907200
910800	950400
982800	993600
997200	1036800
1069200	1080000
1083600	1123200
1155600	1166400
1170000	1209600
1242000	1252800
1256400	1296000
1328400	1339200
1342800	1382400
1414800	1425600
1429200	1468800
1501200	1512000
1515600	1555200
1587600	1598400
1602000	1641600
1674000	1684800
1688400	1728000
1760400	1771200
1774800	1814400
1846800	1857600
1861200	1900800
1933200	1944000
1947600	1987200
2019600	2030400
2034000	2073600
2106000	2116800
2120400	2160000
2192400	2203200
2206800	2246400
2278800	2289600
2293200	2332800
2365200	2376000
2379600	2419200
2451600	2462400
2466000	2505600
2538000	2548800
2552400	2592000
2624400	2635200
2638800	2678400
2710800	2721600
2725200	2764800
2797200	2808000
2811600	2851200
2883600	2894400
2898000	2937600
2970000	2980800
2984400	3024000
3056400	3067200
3070800	3110400
3142800	3153600
3157200	3196800
3229200	3240000
3243600	3283200
3315600	3326400
3330000	3369600
3402000	3412800
3416400	3456000
3488400	3499200
3502800	3542400
3574800	3585600
3589200	3628800
3628800	3628800
3715200	3715200
3801600	3801600
3888000	3888000
3974400	3974400
4060800	4060800
4147200	4147200
4266000	4276800
4280400	4320000
4352400	4363200
4366800	4406400
4438800	4449600
4453200	4492800
4525200	4536000
4539600	4579200
4611600	4622400
4626000	4665600
4698000	4708800
4712400	4752000
4784400	4795200
4798800	4838400
4870800	4881600
4885200	4924800
4957200	4968000
4971600	5011200
5043600	5054400
5058000	5097600
5130000	5140800
5144400	5184000
5216400	5227200
5230800	5270400
5302800	5313600
5317200	5356800
5389200	5400000
5403600	5443200
5475600	5486400
5490000	5529600
5562000	5572800
5576400	5616000
5648400	5659200
5662800	5702400
5734800	5745600
5749200	5788800
5821200	5832000
5835600	5875200
5907600	5918400
5922000	5961600
5994000	6004800
6008400	6048000
6080400	6091200
6094800	6141600
6166800	6177600
6181200	6228000
6253200	6264000
6267600	6314400
6339600	6350400
6354000	6400800
6426000	6436800
6440400	6487200
6512400	6523200
6526800	6573600
6598800	6609600
6613200	6660000
6685200	6696000
6699600	6739200
6771600	6782400
6786000	6825600
6858000	6868800
6872400	6912000
6944400	6955200
6958800	6998400
7030800	7041600
7045200	7084800
7117200	7128000
7131600	7171200
7203600	7214400
7218000	7257600
1000000000	2000000000
333333333333333333333333
333333333322333300333333
333333883333113333333333
333333883300333333333333
444444444488444444444444
333333333333338833333333
555555555555555555555544
444444444444444444440044
444444447744444488776644
666666666666006666667766
0.48
