10	0	90	0	11111111.000	10
10	1	90	0	11111111.000	10
10	2	90	0	11111111.000	10
10	3	90	0	11111111.000	10
10	4	90	0	11111111.000	10
10	5	90	0	11111111.000	10
10	6	90	0	11111111.000	10
10	7	90	0	11111111.000	10
10	8	90	0	11111111.000	10
10	9	90	0	11111111.000	10
10	10	90	0	11111111.000	10
10	11	90	0	11111111.000	10
10	12	90	0	11111111.000	10
10	13	90	0	11111111.000	10
10	14	90	0	11111111.000	10
10	15	90	0	11111111.000	10
10	16	90	0	11111111.000	10
10	17	90	0	11111111.000	10
10	18	90	0	11111111.000	10
10	19	90	0	11111111.000	10
10	20	90	0	11111111.000	10
10	21	90	0	11111111.000	10
10	22	90	0	11111111.000	10
10	23	90	0	11111111.000	10
10	24	90	0	11111111.000	10
10	25	90	0	11111111.000	10
10	26	90	0	11111111.000	10
10	27	90	0	11111111.000	10
10	28	90	0	11111111.000	10
10	29	90	0	11111111.000	10
10	30	90	1	10000000.000	10
10	31	90	1	10000000.000	10
10	32	90	3	8100000.000	10
10	33	90	11	3486784.000	10
10	34	90	15	2287679.000	10
10	35	90	23	984771.000	10
10	36	90	39	182480.000	10
10	37	90	42	133028.000	10
10	38	90	52	46384.000	8
10	39	90	29	523348.000	2
10	40	90	18	1667718.000	0
11	0	90	0	11111111.000	11
11	1	90	0	11111111.000	11
11	2	90	0	11111111.000	11
11	3	90	0	11111111.000	11
11	4	90	0	11111111.000	11
11	5	90	0	11111111.000	11
11	6	90	0	11111111.000	11
11	7	90	0	11111111.000	11
11	8	90	0	11111111.000	11
11	9	90	0	11111111.000	11
11	10	90	0	11111111.000	11
11	11	90	0	11111111.000	11
11	12	90	0	11111111.000	11
11	13	90	0	11111111.000	11
11	14	90	0	11111111.000	11
11	15	90	0	11111111.000	11
11	16	90	0	11111111.000	11
11	17	90	0	11111111.000	11
11	18	90	0	11111111.000	11
11	19	90	0	11111111.000	11
11	20	90	0	11111111.000	11
11	21	90	0	11111111.000	11
11	22	90	0	11111111.000	11
11	23	90	0	11111111.000	11
11	24	90	0	11111111.000	11
11	25	90	0	11111111.000	11
11	26	90	0	11111111.000	11
11	27	90	0	11111111.000	11
11	28	90	0	11111111.000	11
11	29	90	0	11111111.000	11
11	30	90	0	11111111.000	11
11	31	90	2	9000000.000	11
11	32	90	1	10000000.000	11
11	33	90	8	4782969.000	11
11	34	90	10	3874205.000	11
11	35	90	28	581497.000	11
11	36	90	37	225284.000	11
11	37	90	56	30433.000	11
11	38	90	57	27389.000	9
11	39	90	29	523348.000	2
11	40	90	21	1215767.000	0
12	0	90	0	11111111.000	12
12	1	90	0	11111111.000	12
12	2	90	0	11111111.000	12
12	3	90	0	11111111.000	12
12	4	90	0	11111111.000	12
12	5	90	0	11111111.000	12
12	6	90	0	11111111.000	12
12	7	90	0	11111111.000	12
12	8	90	0	11111111.000	12
12	9	90	0	11111111.000	12
12	10	90	0	11111111.000	12
12	11	90	0	11111111.000	12
12	12	90	0	11111111.000	12
12	13	90	0	11111111.000	12
12	14	90	0	11111111.000	12
12	15	90	0	11111111.000	12
12	16	90	0	11111111.000	12
12	17	90	0	11111111.000	12
12	18	90	0	11111111.000	12
12	19	90	0	11111111.000	12
12	20	90	0	11111111.000	12
12	21	90	0	11111111.000	12
12	22	90	0	11111111.000	12
12	23	90	0	11111111.000	12
12	24	90	0	11111111.000	12
12	25	90	0	11111111.000	12
12	26	90	0	11111111.000	12
12	27	90	0	11111111.000	12
12	28	90	0	11111111.000	12
12	29	90	1	10000000.000	12
12	30	90	1	10000000.000	12
12	31	90	2	9000000.000	12
12	32	90	5	6561000.000	12
12	33	90	4	7290000.000	12
12	34	90	18	1667718.000	12
12	35	90	26	717898.000	12
12	36	90	36	250316.000	12
12	37	90	48	70697.000	12
12	38	90	59	22185.000	9
12	39	90	28	581497.000	2
12	40	90	23	984771.000	0
13	0	90	0	11111111.000	13
13	1	90	0	11111111.000	13
13	2	90	0	11111111.000	13
13	3	90	0	11111111.000	13
13	4	90	0	11111111.000	13
13	5	90	0	11111111.000	13
13	6	90	0	11111111.000	13
13	7	90	0	11111111.000	13
13	8	90	0	11111111.000	13
13	9	90	0	11111111.000	13
13	10	90	0	11111111.000	13
13	11	90	0	11111111.000	13
13	12	90	0	11111111.000	13
13	13	90	0	11111111.000	13
13	14	90	0	11111111.000	13
13	15	90	0	11111111.000	13
13	16	90	0	11111111.000	13
13	17	90	0	11111111.000	13
13	18	90	0	11111111.000	13
13	19	90	0	11111111.000	13
13	20	90	0	11111111.000	13
13	21	90	0	11111111.000	13
13	22	90	0	11111111.000	13
13	23	90	0	11111111.000	13
13	24	90	0	11111111.000	13
13	25	90	0	11111111.000	13
13	26	90	0	11111111.000	13
13	27	90	0	11111111.000	13
13	28	90	0	11111111.000	13
13	29	90	2	9000000.000	13
13	30	90	1	10000000.000	13
13	31	90	1	10000000.000	13
13	32	90	1	10000000.000	13
13	33	90	4	7290000.000	13
13	34	90	19	1500946.000	13
13	35	90	22	1094190.000	13
13	36	90	40	164232.000	13
13	37	90	55	33814.000	13
13	38	90	49	63627.000	9
13	39	90	35	278128.000	2
13	40	90	22	1094190.000	0
14	0	90	0	11111111.000	14
14	1	90	0	11111111.000	14
14	2	90	0	11111111.000	14
14	3	90	0	11111111.000	14
14	4	90	0	11111111.000	14
14	5	90	0	11111111.000	14
14	6	90	0	11111111.000	14
14	7	90	0	11111111.000	14
14	8	90	0	11111111.000	14
14	9	90	0	11111111.000	14
14	10	90	0	11111111.000	14
14	11	90	0	11111111.000	14
14	12	90	0	11111111.000	14
14	13	90	0	11111111.000	14
14	14	90	0	11111111.000	14
14	15	90	0	11111111.000	14
14	16	90	0	11111111.000	14
14	17	90	0	11111111.000	14
14	18	90	0	11111111.000	14
14	19	90	0	11111111.000	14
14	20	90	0	11111111.000	14
14	21	90	0	11111111.000	14
14	22	90	0	11111111.000	14
14	23	90	0	11111111.000	14
14	24	90	0	11111111.000	14
14	25	90	0	11111111.000	14
14	26	90	0	11111111.000	14
14	27	90	0	11111111.000	14
14	28	90	0	11111111.000	14
14	29	90	1	10000000.000	14
14	30	90	0	11111111.000	14
14	31	90	2	9000000.000	14
14	32	90	8	4782969.000	14
14	33	90	8	4782969.000	14
14	34	90	20	1350852.000	14
14	35	90	23	984771.000	14
14	36	90	35	278128.000	14
14	37	90	55	33814.000	14
14	38	90	48	70697.000	9
14	39	90	36	250316.000	2
14	40	90	31	423912.000	0
15	0	90	0	11111111.000	15
15	1	90	0	11111111.000	15
15	2	90	0	11111111.000	15
15	3	90	0	11111111.000	15
15	4	90	0	11111111.000	15
15	5	90	0	11111111.000	15
15	6	90	0	11111111.000	15
15	7	90	0	11111111.000	15
15	8	90	0	11111111.000	15
15	9	90	0	11111111.000	15
15	10	90	0	11111111.000	15
15	11	90	0	11111111.000	15
15	12	90	0	11111111.000	15
15	13	90	0	11111111.000	15
15	14	90	0	11111111.000	15
15	15	90	0	11111111.000	15
15	16	90	0	11111111.000	15
15	17	90	0	11111111.000	15
15	18	90	0	11111111.000	15
15	19	90	0	11111111.000	15
15	20	90	0	11111111.000	15
15	21	90	0	11111111.000	15
15	22	90	0	11111111.000	15
15	23	90	0	11111111.000	15
15	24	90	0	11111111.000	15
15	25	90	0	11111111.000	15
15	26	90	0	11111111.000	15
15	27	90	0	11111111.000	15
15	28	90	0	11111111.000	15
15	29	90	1	10000000.000	15
15	30	90	4	7290000.000	15
15	31	90	3	8100000.000	15
15	32	90	6	5904900.000	15
15	33	90	13	2824295.000	15
15	34	90	12	3138106.000	15
15	35	90	33	343368.000	15
15	36	90	39	182480.000	15
15	37	90	54	37571.000	15
15	38	90	41	147809.000	9
15	39	90	37	225284.000	2
15	40	90	36	250316.000	0
16	0	90	0	11111111.000	16
16	1	90	0	11111111.000	16
16	2	90	0	11111111.000	16
16	3	90	0	11111111.000	16
16	4	90	0	11111111.000	16
16	5	90	0	11111111.000	16
16	6	90	0	11111111.000	16
16	7	90	0	11111111.000	16
16	8	90	0	11111111.000	16
16	9	90	0	11111111.000	16
16	10	90	0	11111111.000	16
16	11	90	0	11111111.000	16
16	12	90	0	11111111.000	16
16	13	90	0	11111111.000	16
16	14	90	0	11111111.000	16
16	15	90	0	11111111.000	16
16	16	90	0	11111111.000	16
16	17	90	0	11111111.000	16
16	18	90	0	11111111.000	16
16	19	90	0	11111111.000	16
16	20	90	0	11111111.000	16
16	21	90	0	11111111.000	16
16	22	90	0	11111111.000	16
16	23	90	0	11111111.000	16
16	24	90	0	11111111.000	16
16	25	90	0	11111111.000	16
16	26	90	0	11111111.000	16
16	27	90	0	11111111.000	16
16	28	90	1	10000000.000	16
16	29	90	4	7290000.000	16
16	30	90	1	10000000.000	16
16	31	90	2	9000000.000	16
16	32	90	3	8100000.000	16
16	33	90	7	5314410.000	16
16	34	90	20	1350852.000	16
16	35	90	32	381520.000	16
16	36	90	37	225284.000	16
16	37	90	51	51538.000	16
16	38	90	51	51538.000	9
16	39	90	44	107753.000	2
16	40	90	35	278128.000	0
17	0	90	0	11111111.000	17
17	1	90	0	11111111.000	17
17	2	90	0	11111111.000	17
17	3	90	0	11111111.000	17
17	4	90	0	11111111.000	17
17	5	90	0	11111111.000	17
17	6	90	0	11111111.000	17
17	7	90	0	11111111.000	17
17	8	90	0	11111111.000	17
17	9	90	0	11111111.000	17
17	10	90	0	11111111.000	17
17	11	90	0	11111111.000	17
17	12	90	0	11111111.000	17
17	13	90	0	11111111.000	17
17	14	90	0	11111111.000	17
17	15	90	0	11111111.000	17
17	16	90	0	11111111.000	17
17	17	90	0	11111111.000	17
17	18	90	0	11111111.000	17
17	19	90	0	11111111.000	17
17	20	90	0	11111111.000	17
17	21	90	0	11111111.000	17
17	22	90	0	11111111.000	17
17	23	90	0	11111111.000	17
17	24	90	0	11111111.000	17
17	25	90	0	11111111.000	17
17	26	90	0	11111111.000	17
17	27	90	0	11111111.000	17
17	28	90	0	11111111.000	17
17	29	90	1	10000000.000	17
17	30	90	1	10000000.000	17
17	31	90	7	5314410.000	17
17	32	90	3	8100000.000	17
17	33	90	13	2824295.000	17
17	34	90	19	1500946.000	17
17	35	90	30	471013.000	17
17	36	90	37	225284.000	17
17	37	90	60	19967.000	17
17	38	90	47	78552.000	9
17	39	90	37	225284.000	2
17	40	90	44	107753.000	0
18	0	90	0	11111111.000	18
18	1	90	0	11111111.000	18
18	2	90	0	11111111.000	18
18	3	90	0	11111111.000	18
18	4	90	0	11111111.000	18
18	5	90	0	11111111.000	18
18	6	90	0	11111111.000	18
18	7	90	0	11111111.000	18
18	8	90	0	11111111.000	18
18	9	90	0	11111111.000	18
18	10	90	0	11111111.000	18
18	11	90	0	11111111.000	18
18	12	90	0	11111111.000	18
18	13	90	0	11111111.000	18
18	14	90	0	11111111.000	18
18	15	90	0	11111111.000	18
18	16	90	0	11111111.000	18
18	17	90	0	11111111.000	18
18	18	90	0	11111111.000	18
18	19	90	0	11111111.000	18
18	20	90	0	11111111.000	18
18	21	90	0	11111111.000	18
18	22	90	0	11111111.000	18
18	23	90	0	11111111.000	18
18	24	90	0	11111111.000	18
18	25	90	0	11111111.000	18
18	26	90	0	11111111.000	18
18	27	90	0	11111111.000	18
18	28	90	0	11111111.000	18
18	29	90	1	10000000.000	18
18	30	90	3	8100000.000	18
18	31	90	3	8100000.000	18
18	32	90	11	3486784.000	18
18	33	90	13	2824295.000	18
18	34	90	19	1500946.000	18
18	35	90	36	250316.000	18
18	36	90	44	107753.000	18
18	37	90	61	17970.000	18
18	38	90	49	63627.000	9
18	39	90	35	278128.000	2
18	40	90	40	164232.000	0
19	0	90	0	11111111.000	19
19	1	90	0	11111111.000	19
19	2	90	0	11111111.000	19
19	3	90	0	11111111.000	19
19	4	90	0	11111111.000	19
19	5	90	0	11111111.000	19
19	6	90	0	11111111.000	19
19	7	90	0	11111111.000	19
19	8	90	0	11111111.000	19
19	9	90	0	11111111.000	19
19	10	90	0	11111111.000	19
19	11	90	0	11111111.000	19
19	12	90	0	11111111.000	19
19	13	90	0	11111111.000	19
19	14	90	0	11111111.000	19
19	15	90	0	11111111.000	19
19	16	90	0	11111111.000	19
19	17	90	0	11111111.000	19
19	18	90	0	11111111.000	19
19	19	90	0	11111111.000	19
19	20	90	0	11111111.000	19
19	21	90	0	11111111.000	19
19	22	90	0	11111111.000	19
19	23	90	0	11111111.000	19
19	24	90	0	11111111.000	19
19	25	90	0	11111111.000	19
19	26	90	0	11111111.000	19
19	27	90	0	11111111.000	19
19	28	90	0	11111111.000	19
19	29	90	0	11111111.000	19
19	30	90	1	10000000.000	19
19	31	90	1	10000000.000	19
19	32	90	9	4304672.000	19
19	33	90	18	1667718.000	19
19	34	90	23	984771.000	19
19	35	90	30	471013.000	19
19	36	90	42	133028.000	19
19	37	90	60	19967.000	19
19	38	90	43	119725.000	9
19	39	90	53	41746.000	2
19	40	90	42	133028.000	0
20	0	90	0	11111111.000	20
20	1	90	0	11111111.000	20
20	2	90	0	11111111.000	20
20	3	90	0	11111111.000	20
20	4	90	0	11111111.000	20
20	5	90	0	11111111.000	20
20	6	90	0	11111111.000	20
20	7	90	0	11111111.000	20
20	8	90	0	11111111.000	20
20	9	90	0	11111111.000	20
20	10	90	0	11111111.000	20
20	11	90	0	11111111.000	20
20	12	90	0	11111111.000	20
20	13	90	0	11111111.000	20
20	14	90	0	11111111.000	20
20	15	90	0	11111111.000	20
20	16	90	0	11111111.000	20
20	17	90	0	11111111.000	20
20	18	90	0	11111111.000	20
20	19	90	0	11111111.000	20
20	20	90	0	11111111.000	20
20	21	90	0	11111111.000	20
20	22	90	0	11111111.000	20
20	23	90	0	11111111.000	20
20	24	90	0	11111111.000	20
20	25	90	0	11111111.000	20
20	26	90	0	11111111.000	20
20	27	90	0	11111111.000	20
20	28	90	2	9000000.000	20
20	29	90	1	10000000.000	20
20	30	90	5	6561000.000	20
20	31	90	1	10000000.000	20
20	32	90	7	5314410.000	20
20	33	90	8	4782969.000	20
20	34	90	32	381520.000	20
20	35	90	33	343368.000	20
20	36	90	46	87280.000	20
20	37	90	53	41746.000	18
20	38	90	40	164232.000	9
20	39	90	43	119725.000	2
20	40	90	53	41746.000	0
21	0	90	0	11111111.000	21
21	1	90	0	11111111.000	21
21	2	90	0	11111111.000	21
21	3	90	0	11111111.000	21
21	4	90	0	11111111.000	21
21	5	90	0	11111111.000	21
21	6	90	0	11111111.000	21
21	7	90	0	11111111.000	21
21	8	90	0	11111111.000	21
21	9	90	0	11111111.000	21
21	10	90	0	11111111.000	21
21	11	90	0	11111111.000	21
21	12	90	0	11111111.000	21
21	13	90	0	11111111.000	21
21	14	90	0	11111111.000	21
21	15	90	0	11111111.000	21
21	16	90	0	11111111.000	21
21	17	90	0	11111111.000	21
21	18	90	0	11111111.000	21
21	19	90	0	11111111.000	21
21	20	90	0	11111111.000	21
21	21	90	0	11111111.000	21
21	22	90	0	11111111.000	21
21	23	90	0	11111111.000	21
21	24	90	0	11111111.000	21
21	25	90	0	11111111.000	21
21	26	90	0	11111111.000	21
21	27	90	0	11111111.000	21
21	28	90	0	11111111.000	21
21	29	90	1	10000000.000	21
21	30	90	2	9000000.000	21
21	31	90	4	7290000.000	21
21	32	90	11	3486784.000	21
21	33	90	15	2287679.000	21
21	34	90	25	797664.000	21
21	35	90	35	278128.000	21
21	36	90	47	78552.000	21
21	37	90	48	70697.000	19
21	38	90	41	147809.000	9
21	39	90	56	30433.000	2
21	40	90	57	27389.000	0
22	0	90	0	11111111.000	22
22	1	90	0	11111111.000	22
22	2	90	0	11111111.000	22
22	3	90	0	11111111.000	22
22	4	90	0	11111111.000	22
22	5	90	0	11111111.000	22
22	6	90	0	11111111.000	22
22	7	90	0	11111111.000	22
22	8	90	0	11111111.000	22
22	9	90	0	11111111.000	22
22	10	90	0	11111111.000	22
22	11	90	0	11111111.000	22
22	12	90	0	11111111.000	22
22	13	90	0	11111111.000	22
22	14	90	0	11111111.000	22
22	15	90	0	11111111.000	22
22	16	90	0	11111111.000	22
22	17	90	0	11111111.000	22
22	18	90	0	11111111.000	22
22	19	90	0	11111111.000	22
22	20	90	0	11111111.000	22
22	21	90	0	11111111.000	22
22	22	90	0	11111111.000	22
22	23	90	0	11111111.000	22
22	24	90	0	11111111.000	22
22	25	90	0	11111111.000	22
22	26	90	0	11111111.000	22
22	27	90	0	11111111.000	22
22	28	90	0	11111111.000	22
22	29	90	0	11111111.000	22
22	30	90	2	9000000.000	22
22	31	90	4	7290000.000	22
22	32	90	8	4782969.000	22
22	33	90	17	1853020.000	22
22	34	90	20	1350852.000	22
22	35	90	36	250316.000	22
22	36	90	51	51538.000	22
22	37	90	53	41746.000	19
22	38	90	40	164232.000	9
22	39	90	46	87280.000	2
22	40	90	52	46384.000	0
23	0	90	0	11111111.000	23
23	1	90	0	11111111.000	23
23	2	90	0	11111111.000	23
23	3	90	0	11111111.000	23
23	4	90	0	11111111.000	23
23	5	90	0	11111111.000	23
23	6	90	0	11111111.000	23
23	7	90	0	11111111.000	23
23	8	90	0	11111111.000	23
23	9	90	0	11111111.000	23
23	10	90	0	11111111.000	23
23	11	90	0	11111111.000	23
23	12	90	0	11111111.000	23
23	13	90	0	11111111.000	23
23	14	90	0	11111111.000	23
23	15	90	0	11111111.000	23
23	16	90	0	11111111.000	23
23	17	90	0	11111111.000	23
23	18	90	0	11111111.000	23
23	19	90	0	11111111.000	23
23	20	90	0	11111111.000	23
23	21	90	0	11111111.000	23
23	22	90	0	11111111.000	23
23	23	90	0	11111111.000	23
23	24	90	0	11111111.000	23
23	25	90	0	11111111.000	23
23	26	90	0	11111111.000	23
23	27	90	2	9000000.000	23
23	28	90	3	8100000.000	23
23	29	90	0	11111111.000	23
23	30	90	6	5904900.000	23
23	31	90	4	7290000.000	23
23	32	90	10	3874205.000	23
23	33	90	19	1500946.000	23
23	34	90	22	1094190.000	23
23	35	90	34	309032.000	23
23	36	90	45	96977.000	23
23	37	90	50	57264.000	19
23	38	90	47	78552.000	9
23	39	90	57	27389.000	2
23	40	90	52	46384.000	0
24	0	90	0	11111111.000	24
24	1	90	0	11111111.000	24
24	2	90	0	11111111.000	24
24	3	90	0	11111111.000	24
24	4	90	0	11111111.000	24
24	5	90	0	11111111.000	24
24	6	90	0	11111111.000	24
24	7	90	0	11111111.000	24
24	8	90	0	11111111.000	24
24	9	90	0	11111111.000	24
24	10	90	0	11111111.000	24
24	11	90	0	11111111.000	24
24	12	90	0	11111111.000	24
24	13	90	0	11111111.000	24
24	14	90	0	11111111.000	24
24	15	90	0	11111111.000	24
24	16	90	0	11111111.000	24
24	17	90	0	11111111.000	24
24	18	90	0	11111111.000	24
24	19	90	0	11111111.000	24
24	20	90	0	11111111.000	24
24	21	90	0	11111111.000	24
24	22	90	0	11111111.000	24
24	23	90	0	11111111.000	24
24	24	90	0	11111111.000	24
24	25	90	0	11111111.000	24
24	26	90	0	11111111.000	24
24	27	90	0	11111111.000	24
24	28	90	0	11111111.000	24
24	29	90	2	9000000.000	24
24	30	90	4	7290000.000	24
24	31	90	8	4782969.000	24
24	32	90	13	2824295.000	24
24	33	90	20	1350852.000	24
24	34	90	35	278128.000	24
24	35	90	38	202756.000	24
24	36	90	49	63627.000	24
24	37	90	48	70697.000	19
24	38	90	49	63627.000	9
24	39	90	55	33814.000	2
24	40	90	53	41746.000	0
25	0	90	0	11111111.000	25
25	1	90	0	11111111.000	25
25	2	90	0	11111111.000	25
25	3	90	0	11111111.000	25
25	4	90	0	11111111.000	25
25	5	90	0	11111111.000	25
25	6	90	0	11111111.000	25
25	7	90	0	11111111.000	25
25	8	90	0	11111111.000	25
25	9	90	0	11111111.000	25
25	10	90	0	11111111.000	25
25	11	90	0	11111111.000	25
25	12	90	0	11111111.000	25
25	13	90	0	11111111.000	25
25	14	90	0	11111111.000	25
25	15	90	0	11111111.000	25
25	16	90	0	11111111.000	25
25	17	90	0	11111111.000	25
25	18	90	0	11111111.000	25
25	19	90	0	11111111.000	25
25	20	90	0	11111111.000	25
25	21	90	0	11111111.000	25
25	22	90	0	11111111.000	25
25	23	90	0	11111111.000	25
25	24	90	0	11111111.000	25
25	25	90	0	11111111.000	25
25	26	90	0	11111111.000	25
25	27	90	1	10000000.000	25
25	28	90	1	10000000.000	25
25	29	90	2	9000000.000	25
25	30	90	6	5904900.000	25
25	31	90	7	5314410.000	25
25	32	90	13	2824295.000	25
25	33	90	18	1667718.000	25
25	34	90	34	309032.000	25
25	35	90	43	119725.000	25
25	36	90	44	107753.000	23
25	37	90	52	46384.000	19
25	38	90	39	182480.000	9
25	39	90	44	107753.000	2
25	40	90	62	16173.000	0
26	0	90	0	11111111.000	26
26	1	90	0	11111111.000	26
26	2	90	0	11111111.000	26
26	3	90	0	11111111.000	26
26	4	90	0	11111111.000	26
26	5	90	0	11111111.000	26
26	6	90	0	11111111.000	26
26	7	90	0	11111111.000	26
26	8	90	0	11111111.000	26
26	9	90	0	11111111.000	26
26	10	90	0	11111111.000	26
26	11	90	0	11111111.000	26
26	12	90	0	11111111.000	26
26	13	90	0	11111111.000	26
26	14	90	0	11111111.000	26
26	15	90	0	11111111.000	26
26	16	90	0	11111111.000	26
26	17	90	0	11111111.000	26
26	18	90	0	11111111.000	26
26	19	90	0	11111111.000	26
26	20	90	0	11111111.000	26
26	21	90	0	11111111.000	26
26	22	90	0	11111111.000	26
26	23	90	0	11111111.000	26
26	24	90	0	11111111.000	26
26	25	90	0	11111111.000	26
26	26	90	1	10000000.000	26
26	27	90	0	11111111.000	26
26	28	90	3	8100000.000	26
26	29	90	1	10000000.000	26
26	30	90	5	6561000.000	26
26	31	90	6	5904900.000	26
26	32	90	15	2287679.000	26
26	33	90	15	2287679.000	26
26	34	90	29	523348.000	26
26	35	90	46	87280.000	26
26	36	90	40	164232.000	24
26	37	90	41	147809.000	19
26	38	90	52	46384.000	9
26	39	90	50	57264.000	2
26	40	90	52	46384.000	0
27	0	90	0	11111111.000	27
27	1	90	0	11111111.000	27
27	2	90	0	11111111.000	27
27	3	90	0	11111111.000	27
27	4	90	0	11111111.000	27
27	5	90	0	11111111.000	27
27	6	90	0	11111111.000	27
27	7	90	0	11111111.000	27
27	8	90	0	11111111.000	27
27	9	90	0	11111111.000	27
27	10	90	0	11111111.000	27
27	11	90	0	11111111.000	27
27	12	90	0	11111111.000	27
27	13	90	0	11111111.000	27
27	14	90	0	11111111.000	27
27	15	90	0	11111111.000	27
27	16	90	0	11111111.000	27
27	17	90	0	11111111.000	27
27	18	90	0	11111111.000	27
27	19	90	0	11111111.000	27
27	20	90	0	11111111.000	27
27	21	90	0	11111111.000	27
27	22	90	0	11111111.000	27
27	23	90	0	11111111.000	27
27	24	90	0	11111111.000	27
27	25	90	0	11111111.000	27
27	26	90	0	11111111.000	27
27	27	90	0	11111111.000	27
27	28	90	1	10000000.000	27
27	29	90	0	11111111.000	27
27	30	90	3	8100000.000	27
27	31	90	10	3874205.000	27
27	32	90	12	3138106.000	27
27	33	90	22	1094190.000	27
27	34	90	26	717898.000	27
27	35	90	37	225284.000	27
27	36	90	43	119725.000	24
27	37	90	44	107753.000	19
27	38	90	53	41746.000	9
27	39	90	60	19967.000	2
27	40	90	55	33814.000	0
28	0	90	0	11111111.000	28
28	1	90	0	11111111.000	28
28	2	90	0	11111111.000	28
28	3	90	0	11111111.000	28
28	4	90	0	11111111.000	28
28	5	90	0	11111111.000	28
28	6	90	0	11111111.000	28
28	7	90	0	11111111.000	28
28	8	90	0	11111111.000	28
28	9	90	0	11111111.000	28
28	10	90	0	11111111.000	28
28	11	90	0	11111111.000	28
28	12	90	0	11111111.000	28
28	13	90	0	11111111.000	28
28	14	90	0	11111111.000	28
28	15	90	0	11111111.000	28
28	16	90	0	11111111.000	28
28	17	90	0	11111111.000	28
28	18	90	0	11111111.000	28
28	19	90	0	11111111.000	28
28	20	90	0	11111111.000	28
28	21	90	0	11111111.000	28
28	22	90	0	11111111.000	28
28	23	90	0	11111111.000	28
28	24	90	0	11111111.000	28
28	25	90	0	11111111.000	28
28	26	90	0	11111111.000	28
28	27	90	2	9000000.000	28
28	28	90	2	9000000.000	28
28	29	90	1	10000000.000	28
28	30	90	4	7290000.000	28
28	31	90	8	4782969.000	28
28	32	90	10	3874205.000	28
28	33	90	20	1350852.000	28
28	34	90	28	581497.000	28
28	35	90	41	147809.000	28
28	36	90	45	96977.000	24
28	37	90	50	57264.000	19
28	38	90	54	37571.000	9
28	39	90	66	10611.000	2
28	40	90	60	19967.000	0
29	0	90	0	11111111.000	29
29	1	90	0	11111111.000	29
29	2	90	0	11111111.000	29
29	3	90	0	11111111.000	29
29	4	90	0	11111111.000	29
29	5	90	0	11111111.000	29
29	6	90	0	11111111.000	29
29	7	90	0	11111111.000	29
29	8	90	0	11111111.000	29
29	9	90	0	11111111.000	29
29	10	90	0	11111111.000	29
29	11	90	0	11111111.000	29
29	12	90	0	11111111.000	29
29	13	90	0	11111111.000	29
29	14	90	0	11111111.000	29
29	15	90	0	11111111.000	29
29	16	90	0	11111111.000	29
29	17	90	0	11111111.000	29
29	18	90	0	11111111.000	29
29	19	90	0	11111111.000	29
29	20	90	0	11111111.000	29
29	21	90	0	11111111.000	29
29	22	90	0	11111111.000	29
29	23	90	0	11111111.000	29
29	24	90	0	11111111.000	29
29	25	90	0	11111111.000	29
29	26	90	1	10000000.000	29
29	27	90	0	11111111.000	29
29	28	90	3	8100000.000	29
29	29	90	2	9000000.000	29
29	30	90	6	5904900.000	29
29	31	90	8	4782969.000	29
29	32	90	13	2824295.000	29
29	33	90	17	1853020.000	29
29	34	90	31	423912.000	29
29	35	90	45	96977.000	29
29	36	90	42	133028.000	24
29	37	90	39	182480.000	19
29	38	90	50	57264.000	9
29	39	90	64	13100.000	2
29	40	90	61	17970.000	0
30	0	90	0	11111111.000	30
30	1	90	0	11111111.000	30
30	2	90	0	11111111.000	30
30	3	90	0	11111111.000	30
30	4	90	0	11111111.000	30
30	5	90	0	11111111.000	30
30	6	90	0	11111111.000	30
30	7	90	0	11111111.000	30
30	8	90	0	11111111.000	30
30	9	90	0	11111111.000	30
30	10	90	0	11111111.000	30
30	11	90	0	11111111.000	30
30	12	90	0	11111111.000	30
30	13	90	0	11111111.000	30
30	14	90	0	11111111.000	30
30	15	90	0	11111111.000	30
30	16	90	0	11111111.000	30
30	17	90	0	11111111.000	30
30	18	90	0	11111111.000	30
30	19	90	0	11111111.000	30
30	20	90	0	11111111.000	30
30	21	90	0	11111111.000	30
30	22	90	0	11111111.000	30
30	23	90	0	11111111.000	30
30	24	90	0	11111111.000	30
30	25	90	0	11111111.000	30
30	26	90	0	11111111.000	30
30	27	90	3	8100000.000	30
30	28	90	1	10000000.000	30
30	29	90	2	9000000.000	30
30	30	90	4	7290000.000	30
30	31	90	8	4782969.000	30
30	32	90	11	3486784.000	30
30	33	90	21	1215767.000	30
30	34	90	28	581497.000	30
30	35	90	43	119725.000	30
30	36	90	39	182480.000	24
30	37	90	45	96977.000	19
30	38	90	59	22185.000	9
30	39	90	61	17970.000	2
30	40	90	63	14556.000	0
31	0	90	0	11111111.000	31
31	1	90	0	11111111.000	31
31	2	90	0	11111111.000	31
31	3	90	0	11111111.000	31
31	4	90	0	11111111.000	31
31	5	90	0	11111111.000	31
31	6	90	0	11111111.000	31
31	7	90	0	11111111.000	31
31	8	90	0	11111111.000	31
31	9	90	0	11111111.000	31
31	10	90	0	11111111.000	31
31	11	90	0	11111111.000	31
31	12	90	0	11111111.000	31
31	13	90	0	11111111.000	31
31	14	90	0	11111111.000	31
31	15	90	0	11111111.000	31
31	16	90	0	11111111.000	31
31	17	90	0	11111111.000	31
31	18	90	0	11111111.000	31
31	19	90	0	11111111.000	31
31	20	90	0	11111111.000	31
31	21	90	0	11111111.000	31
31	22	90	0	11111111.000	31
31	23	90	0	11111111.000	31
31	24	90	0	11111111.000	31
31	25	90	1	10000000.000	31
31	26	90	0	11111111.000	31
31	27	90	1	10000000.000	31
31	28	90	3	8100000.000	31
31	29	90	5	6561000.000	31
31	30	90	5	6561000.000	31
31	31	90	12	3138106.000	31
31	32	90	16	2058911.000	31
31	33	90	17	1853020.000	31
31	34	90	31	423912.000	31
31	35	90	45	96977.000	31
31	36	90	36	250316.000	24
31	37	90	40	164232.000	19
31	38	90	60	19967.000	9
31	39	90	62	16173.000	2
31	40	90	63	14556.000	0
32	0	90	0	11111111.000	32
32	1	90	0	11111111.000	32
32	2	90	0	11111111.000	32
32	3	90	0	11111111.000	32
32	4	90	0	11111111.000	32
32	5	90	0	11111111.000	32
32	6	90	0	11111111.000	32
32	7	90	0	11111111.000	32
32	8	90	0	11111111.000	32
32	9	90	0	11111111.000	32
32	10	90	0	11111111.000	32
32	11	90	0	11111111.000	32
32	12	90	0	11111111.000	32
32	13	90	0	11111111.000	32
32	14	90	0	11111111.000	32
32	15	90	0	11111111.000	32
32	16	90	0	11111111.000	32
32	17	90	0	11111111.000	32
32	18	90	0	11111111.000	32
32	19	90	0	11111111.000	32
32	20	90	0	11111111.000	32
32	21	90	0	11111111.000	32
32	22	90	0	11111111.000	32
32	23	90	0	11111111.000	32
32	24	90	0	11111111.000	32
32	25	90	0	11111111.000	32
32	26	90	0	11111111.000	32
32	27	90	1	10000000.000	32
32	28	90	3	8100000.000	32
32	29	90	3	8100000.000	32
32	30	90	4	7290000.000	32
32	31	90	7	5314410.000	32
32	32	90	21	1215767.000	32
32	33	90	30	471013.000	32
32	34	90	32	381520.000	32
32	35	90	44	107753.000	32
32	36	90	34	309032.000	24
32	37	90	45	96977.000	19
32	38	90	57	27389.000	9
32	39	90	66	10611.000	2
32	40	90	66	10611.000	0
33	0	90	0	11111111.000	33
33	1	90	0	11111111.000	33
33	2	90	0	11111111.000	33
33	3	90	0	11111111.000	33
33	4	90	0	11111111.000	33
33	5	90	0	11111111.000	33
33	6	90	0	11111111.000	33
33	7	90	0	11111111.000	33
33	8	90	0	11111111.000	33
33	9	90	0	11111111.000	33
33	10	90	0	11111111.000	33
33	11	90	0	11111111.000	33
33	12	90	0	11111111.000	33
33	13	90	0	11111111.000	33
33	14	90	0	11111111.000	33
33	15	90	0	11111111.000	33
33	16	90	0	11111111.000	33
33	17	90	0	11111111.000	33
33	18	90	0	11111111.000	33
33	19	90	0	11111111.000	33
33	20	90	0	11111111.000	33
33	21	90	0	11111111.000	33
33	22	90	0	11111111.000	33
33	23	90	1	10000000.000	33
33	24	90	0	11111111.000	33
33	25	90	0	11111111.000	33
33	26	90	0	11111111.000	33
33	27	90	1	10000000.000	33
33	28	90	3	8100000.000	33
33	29	90	5	6561000.000	33
33	30	90	8	4782969.000	33
33	31	90	15	2287679.000	33
33	32	90	13	2824295.000	33
33	33	90	28	581497.000	33
33	34	90	43	119725.000	33
33	35	90	45	96977.000	31
33	36	90	38	202756.000	24
33	37	90	41	147809.000	19
33	38	90	49	63627.000	9
33	39	90	62	16173.000	2
33	40	90	60	19967.000	0
34	0	90	0	11111111.000	34
34	1	90	0	11111111.000	34
34	2	90	0	11111111.000	34
34	3	90	0	11111111.000	34
34	4	90	0	11111111.000	34
34	5	90	0	11111111.000	34
34	6	90	0	11111111.000	34
34	7	90	0	11111111.000	34
34	8	90	0	11111111.000	34
34	9	90	0	11111111.000	34
34	10	90	0	11111111.000	34
34	11	90	0	11111111.000	34
34	12	90	0	11111111.000	34
34	13	90	0	11111111.000	34
34	14	90	0	11111111.000	34
34	15	90	0	11111111.000	34
34	16	90	0	11111111.000	34
34	17	90	0	11111111.000	34
34	18	90	0	11111111.000	34
34	19	90	0	11111111.000	34
34	20	90	0	11111111.000	34
34	21	90	0	11111111.000	34
34	22	90	0	11111111.000	34
34	23	90	1	10000000.000	34
34	24	90	0	11111111.000	34
34	25	90	1	10000000.000	34
34	26	90	4	7290000.000	34
34	27	90	1	10000000.000	34
34	28	90	4	7290000.000	34
34	29	90	2	9000000.000	34
34	30	90	10	3874205.000	34
34	31	90	18	1667718.000	34
34	32	90	21	1215767.000	34
34	33	90	31	423912.000	34
34	34	90	33	343368.000	34
34	35	90	39	182480.000	32
34	36	90	42	133028.000	24
34	37	90	51	51538.000	19
34	38	90	60	19967.000	9
34	39	90	67	9550.000	2
34	40	90	73	5075.000	0
35	0	90	0	11111111.000	35
35	1	90	0	11111111.000	35
35	2	90	0	11111111.000	35
35	3	90	0	11111111.000	35
35	4	90	0	11111111.000	35
35	5	90	0	11111111.000	35
35	6	90	0	11111111.000	35
35	7	90	0	11111111.000	35
35	8	90	0	11111111.000	35
35	9	90	0	11111111.000	35
35	10	90	0	11111111.000	35
35	11	90	0	11111111.000	35
35	12	90	0	11111111.000	35
35	13	90	0	11111111.000	35
35	14	90	0	11111111.000	35
35	15	90	0	11111111.000	35
35	16	90	0	11111111.000	35
35	17	90	0	11111111.000	35
35	18	90	0	11111111.000	35
35	19	90	0	11111111.000	35
35	20	90	0	11111111.000	35
35	21	90	0	11111111.000	35
35	22	90	0	11111111.000	35
35	23	90	0	11111111.000	35
35	24	90	0	11111111.000	35
35	25	90	2	9000000.000	35
35	26	90	2	9000000.000	35
35	27	90	2	9000000.000	35
35	28	90	3	8100000.000	35
35	29	90	4	7290000.000	35
35	30	90	10	3874205.000	35
35	31	90	14	2541866.000	35
35	32	90	18	1667718.000	35
35	33	90	24	886294.000	35
35	34	90	37	225284.000	35
35	35	90	41	147809.000	32
35	36	90	37	225284.000	24
35	37	90	49	63627.000	19
35	38	90	56	30433.000	9
35	39	90	63	14556.000	2
35	40	90	71	6266.000	0
36	0	90	0	11111111.000	36
36	1	90	0	11111111.000	36
36	2	90	0	11111111.000	36
36	3	90	0	11111111.000	36
36	4	90	0	11111111.000	36
36	5	90	0	11111111.000	36
36	6	90	0	11111111.000	36
36	7	90	0	11111111.000	36
36	8	90	0	11111111.000	36
36	9	90	0	11111111.000	36
36	10	90	0	11111111.000	36
36	11	90	0	11111111.000	36
36	12	90	0	11111111.000	36
36	13	90	0	11111111.000	36
36	14	90	0	11111111.000	36
36	15	90	0	11111111.000	36
36	16	90	0	11111111.000	36
36	17	90	0	11111111.000	36
36	18	90	0	11111111.000	36
36	19	90	0	11111111.000	36
36	20	90	0	11111111.000	36
36	21	90	0	11111111.000	36
36	22	90	0	11111111.000	36
36	23	90	0	11111111.000	36
36	24	90	0	11111111.000	36
36	25	90	3	8100000.000	36
36	26	90	0	11111111.000	36
36	27	90	1	10000000.000	36
36	28	90	3	8100000.000	36
36	29	90	7	5314410.000	36
36	30	90	10	3874205.000	36
36	31	90	18	1667718.000	36
36	32	90	22	1094190.000	36
36	33	90	30	471013.000	36
36	34	90	29	523348.000	34
36	35	90	42	133028.000	32
36	36	90	37	225284.000	24
36	37	90	47	78552.000	19
36	38	90	68	8595.000	9
36	39	90	68	8595.000	2
36	40	90	70	6962.000	0
37	0	90	0	11111111.000	37
37	1	90	0	11111111.000	37
37	2	90	0	11111111.000	37
37	3	90	0	11111111.000	37
37	4	90	0	11111111.000	37
37	5	90	0	11111111.000	37
37	6	90	0	11111111.000	37
37	7	90	0	11111111.000	37
37	8	90	0	11111111.000	37
37	9	90	0	11111111.000	37
37	10	90	0	11111111.000	37
37	11	90	0	11111111.000	37
37	12	90	0	11111111.000	37
37	13	90	0	11111111.000	37
37	14	90	0	11111111.000	37
37	15	90	0	11111111.000	37
37	16	90	0	11111111.000	37
37	17	90	0	11111111.000	37
37	18	90	0	11111111.000	37
37	19	90	0	11111111.000	37
37	20	90	0	11111111.000	37
37	21	90	0	11111111.000	37
37	22	90	0	11111111.000	37
37	23	90	0	11111111.000	37
37	24	90	0	11111111.000	37
37	25	90	0	11111111.000	37
37	26	90	0	11111111.000	37
37	27	90	2	9000000.000	37
37	28	90	1	10000000.000	37
37	29	90	5	6561000.000	37
37	30	90	13	2824295.000	37
37	31	90	10	3874205.000	37
37	32	90	16	2058911.000	37
37	33	90	27	646108.000	37
37	34	90	28	581497.000	35
37	35	90	43	119725.000	32
37	36	90	32	381520.000	24
37	37	90	54	37571.000	19
37	38	90	63	14556.000	9
37	39	90	71	6266.000	2
37	40	90	65	11790.000	0
38	0	90	0	11111111.000	38
38	1	90	0	11111111.000	38
38	2	90	0	11111111.000	38
38	3	90	0	11111111.000	38
38	4	90	0	11111111.000	38
38	5	90	0	11111111.000	38
38	6	90	0	11111111.000	38
38	7	90	0	11111111.000	38
38	8	90	0	11111111.000	38
38	9	90	0	11111111.000	38
38	10	90	0	11111111.000	38
38	11	90	0	11111111.000	38
38	12	90	0	11111111.000	38
38	13	90	0	11111111.000	38
38	14	90	0	11111111.000	38
38	15	90	0	11111111.000	38
38	16	90	0	11111111.000	38
38	17	90	0	11111111.000	38
38	18	90	0	11111111.000	38
38	19	90	0	11111111.000	38
38	20	90	0	11111111.000	38
38	21	90	0	11111111.000	38
38	22	90	1	10000000.000	38
38	23	90	0	11111111.000	38
38	24	90	0	11111111.000	38
38	25	90	0	11111111.000	38
38	26	90	2	9000000.000	38
38	27	90	2	9000000.000	38
38	28	90	5	6561000.000	38
38	29	90	5	6561000.000	38
38	30	90	10	3874205.000	38
38	31	90	24	886294.000	38
38	32	90	20	1350852.000	38
38	33	90	25	797664.000	38
38	34	90	30	471013.000	35
38	35	90	44	107753.000	32
38	36	90	44	107753.000	24
38	37	90	52	46384.000	19
38	38	90	65	11790.000	9
38	39	90	68	8595.000	2
38	40	90	72	5639.000	0
39	0	90	0	11111111.000	39
39	1	90	0	11111111.000	39
39	2	90	0	11111111.000	39
39	3	90	0	11111111.000	39
39	4	90	0	11111111.000	39
39	5	90	0	11111111.000	39
39	6	90	0	11111111.000	39
39	7	90	0	11111111.000	39
39	8	90	0	11111111.000	39
39	9	90	0	11111111.000	39
39	10	90	0	11111111.000	39
39	11	90	0	11111111.000	39
39	12	90	0	11111111.000	39
39	13	90	0	11111111.000	39
39	14	90	0	11111111.000	39
39	15	90	0	11111111.000	39
39	16	90	0	11111111.000	39
39	17	90	0	11111111.000	39
39	18	90	0	11111111.000	39
39	19	90	0	11111111.000	39
39	20	90	0	11111111.000	39
39	21	90	0	11111111.000	39
39	22	90	0	11111111.000	39
39	23	90	0	11111111.000	39
39	24	90	1	10000000.000	39
39	25	90	0	11111111.000	39
39	26	90	1	10000000.000	39
39	27	90	3	8100000.000	39
39	28	90	7	5314410.000	39
39	29	90	5	6561000.000	39
39	30	90	11	3486784.000	39
39	31	90	10	3874205.000	39
39	32	90	23	984771.000	39
39	33	90	32	381520.000	39
39	34	90	30	471013.000	35
39	35	90	41	147809.000	32
39	36	90	44	107753.000	24
39	37	90	52	46384.000	19
39	38	90	63	14556.000	9
39	39	90	66	10611.000	2
39	40	90	75	4111.000	0
40	0	90	0	11111111.000	40
40	1	90	0	11111111.000	40
40	2	90	0	11111111.000	40
40	3	90	0	11111111.000	40
40	4	90	0	11111111.000	40
40	5	90	0	11111111.000	40
40	6	90	0	11111111.000	40
40	7	90	0	11111111.000	40
40	8	90	0	11111111.000	40
40	9	90	0	11111111.000	40
40	10	90	0	11111111.000	40
40	11	90	0	11111111.000	40
40	12	90	0	11111111.000	40
40	13	90	0	11111111.000	40
40	14	90	0	11111111.000	40
40	15	90	0	11111111.000	40
40	16	90	0	11111111.000	40
40	17	90	0	11111111.000	40
40	18	90	1	10000000.000	40
40	19	90	0	11111111.000	40
40	20	90	0	11111111.000	40
40	21	90	0	11111111.000	40
40	22	90	0	11111111.000	40
40	23	90	1	10000000.000	40
40	24	90	0	11111111.000	40
40	25	90	0	11111111.000	40
40	26	90	3	8100000.000	40
40	27	90	3	8100000.000	40
40	28	90	9	4304672.000	40
40	29	90	11	3486784.000	40
40	30	90	16	2058911.000	40
40	31	90	12	3138106.000	40
40	32	90	26	717898.000	40
40	33	90	34	309032.000	40
40	34	90	35	278128.000	35
40	35	90	33	343368.000	32
40	36	90	46	87280.000	24
40	37	90	61	17970.000	19
40	38	90	60	19967.000	9
40	39	90	70	6962.000	2
40	40	90	70	6962.000	0
41	0	90	0	11111111.000	41
41	1	90	0	11111111.000	41
41	2	90	0	11111111.000	41
41	3	90	0	11111111.000	41
41	4	90	0	11111111.000	41
41	5	90	0	11111111.000	41
41	6	90	0	11111111.000	41
41	7	90	0	11111111.000	41
41	8	90	0	11111111.000	41
41	9	90	0	11111111.000	41
41	10	90	0	11111111.000	41
41	11	90	0	11111111.000	41
41	12	90	0	11111111.000	41
41	13	90	0	11111111.000	41
41	14	90	0	11111111.000	41
41	15	90	0	11111111.000	41
41	16	90	0	11111111.000	41
41	17	90	0	11111111.000	41
41	18	90	0	11111111.000	41
41	19	90	0	11111111.000	41
41	20	90	0	11111111.000	41
41	21	90	0	11111111.000	41
41	22	90	0	11111111.000	41
41	23	90	1	10000000.000	41
41	24	90	1	10000000.000	41
41	25	90	0	11111111.000	41
41	26	90	2	9000000.000	41
41	27	90	9	4304672.000	41
41	28	90	8	4782969.000	41
41	29	90	9	4304672.000	41
41	30	90	8	4782969.000	41
41	31	90	19	1500946.000	41
41	32	90	24	886294.000	41
41	33	90	41	147809.000	41
41	34	90	33	343368.000	35
41	35	90	43	119725.000	32
41	36	90	39	182480.000	24
41	37	90	52	46384.000	19
41	38	90	70	6962.000	9
41	39	90	68	8595.000	2
41	40	90	68	8595.000	0
42	0	90	0	11111111.000	42
42	1	90	0	11111111.000	42
42	2	90	0	11111111.000	42
42	3	90	0	11111111.000	42
42	4	90	0	11111111.000	42
42	5	90	0	11111111.000	42
42	6	90	0	11111111.000	42
42	7	90	0	11111111.000	42
42	8	90	0	11111111.000	42
42	9	90	0	11111111.000	42
42	10	90	0	11111111.000	42
42	11	90	0	11111111.000	42
42	12	90	0	11111111.000	42
42	13	90	0	11111111.000	42
42	14	90	0	11111111.000	42
42	15	90	0	11111111.000	42
42	16	90	0	11111111.000	42
42	17	90	0	11111111.000	42
42	18	90	0	11111111.000	42
42	19	90	0	11111111.000	42
42	20	90	0	11111111.000	42
42	21	90	0	11111111.000	42
42	22	90	0	11111111.000	42
42	23	90	1	10000000.000	42
42	24	90	1	10000000.000	42
42	25	90	2	9000000.000	42
42	26	90	3	8100000.000	42
42	27	90	4	7290000.000	42
42	28	90	7	5314410.000	42
42	29	90	11	3486784.000	42
42	30	90	18	1667718.000	42
42	31	90	23	984771.000	42
42	32	90	18	1667718.000	42
42	33	90	24	886294.000	40
42	34	90	39	182480.000	35
42	35	90	39	182480.000	32
42	36	90	45	96977.000	24
42	37	90	60	19967.000	19
42	38	90	65	11790.000	9
42	39	90	73	5075.000	2
42	40	90	71	6266.000	0
43	0	90	0	11111111.000	43
43	1	90	0	11111111.000	43
43	2	90	0	11111111.000	43
43	3	90	0	11111111.000	43
43	4	90	0	11111111.000	43
43	5	90	0	11111111.000	43
43	6	90	0	11111111.000	43
43	7	90	0	11111111.000	43
43	8	90	0	11111111.000	43
43	9	90	0	11111111.000	43
43	10	90	0	11111111.000	43
43	11	90	0	11111111.000	43
43	12	90	0	11111111.000	43
43	13	90	0	11111111.000	43
43	14	90	0	11111111.000	43
43	15	90	0	11111111.000	43
43	16	90	0	11111111.000	43
43	17	90	0	11111111.000	43
43	18	90	0	11111111.000	43
43	19	90	0	11111111.000	43
43	20	90	0	11111111.000	43
43	21	90	0	11111111.000	43
43	22	90	0	11111111.000	43
43	23	90	0	11111111.000	43
43	24	90	0	11111111.000	43
43	25	90	3	8100000.000	43
43	26	90	4	7290000.000	43
43	27	90	6	5904900.000	43
43	28	90	9	4304672.000	43
43	29	90	15	2287679.000	43
43	30	90	16	2058911.000	43
43	31	90	21	1215767.000	43
43	32	90	23	984771.000	43
43	33	90	30	471013.000	41
43	34	90	35	278128.000	35
43	35	90	37	225284.000	32
43	36	90	44	107753.000	24
43	37	90	60	19967.000	19
43	38	90	69	7736.000	9
43	39	90	74	4568.000	2
43	40	90	73	5075.000	0
44	0	90	0	11111111.000	44
44	1	90	0	11111111.000	44
44	2	90	0	11111111.000	44
44	3	90	0	11111111.000	44
44	4	90	0	11111111.000	44
44	5	90	0	11111111.000	44
44	6	90	0	11111111.000	44
44	7	90	0	11111111.000	44
44	8	90	0	11111111.000	44
44	9	90	0	11111111.000	44
44	10	90	0	11111111.000	44
44	11	90	0	11111111.000	44
44	12	90	0	11111111.000	44
44	13	90	0	11111111.000	44
44	14	90	0	11111111.000	44
44	15	90	0	11111111.000	44
44	16	90	0	11111111.000	44
44	17	90	0	11111111.000	44
44	18	90	0	11111111.000	44
44	19	90	0	11111111.000	44
44	20	90	0	11111111.000	44
44	21	90	0	11111111.000	44
44	22	90	1	10000000.000	44
44	23	90	1	10000000.000	44
44	24	90	0	11111111.000	44
44	25	90	8	4782969.000	44
44	26	90	3	8100000.000	44
44	27	90	11	3486784.000	44
44	28	90	6	5904900.000	44
44	29	90	10	3874205.000	44
44	30	90	14	2541866.000	44
44	31	90	23	984771.000	44
44	32	90	28	581497.000	44
44	33	90	35	278128.000	41
44	34	90	27	646108.000	35
44	35	90	37	225284.000	32
44	36	90	51	51538.000	24
44	37	90	58	24650.000	19
44	38	90	64	13100.000	9
44	39	90	77	3330.000	2
44	40	90	83	1770.000	0
45	0	90	0	11111111.000	45
45	1	90	0	11111111.000	45
45	2	90	0	11111111.000	45
45	3	90	0	11111111.000	45
45	4	90	0	11111111.000	45
45	5	90	0	11111111.000	45
45	6	90	0	11111111.000	45
45	7	90	0	11111111.000	45
45	8	90	0	11111111.000	45
45	9	90	0	11111111.000	45
45	10	90	0	11111111.000	45
45	11	90	0	11111111.000	45
45	12	90	0	11111111.000	45
45	13	90	0	11111111.000	45
45	14	90	0	11111111.000	45
45	15	90	0	11111111.000	45
45	16	90	0	11111111.000	45
45	17	90	0	11111111.000	45
45	18	90	0	11111111.000	45
45	19	90	0	11111111.000	45
45	20	90	0	11111111.000	45
45	21	90	0	11111111.000	45
45	22	90	0	11111111.000	45
45	23	90	1	10000000.000	45
45	24	90	2	9000000.000	45
45	25	90	3	8100000.000	45
45	26	90	7	5314410.000	45
45	27	90	9	4304672.000	45
45	28	90	9	4304672.000	45
45	29	90	13	2824295.000	45
45	30	90	15	2287679.000	45
45	31	90	23	984771.000	45
45	32	90	24	886294.000	43
45	33	90	27	646108.000	41
45	34	90	38	202756.000	35
45	35	90	30	471013.000	32
45	36	90	53	41746.000	24
45	37	90	49	63627.000	19
45	38	90	67	9550.000	9
45	39	90	71	6266.000	2
45	40	90	74	4568.000	0
46	0	90	0	11111111.000	46
46	1	90	0	11111111.000	46
46	2	90	0	11111111.000	46
46	3	90	0	11111111.000	46
46	4	90	0	11111111.000	46
46	5	90	0	11111111.000	46
46	6	90	0	11111111.000	46
46	7	90	0	11111111.000	46
46	8	90	0	11111111.000	46
46	9	90	0	11111111.000	46
46	10	90	0	11111111.000	46
46	11	90	0	11111111.000	46
46	12	90	0	11111111.000	46
46	13	90	0	11111111.000	46
46	14	90	0	11111111.000	46
46	15	90	0	11111111.000	46
46	16	90	0	11111111.000	46
46	17	90	0	11111111.000	46
46	18	90	0	11111111.000	46
46	19	90	0	11111111.000	46
46	20	90	0	11111111.000	46
46	21	90	0	11111111.000	46
46	22	90	0	11111111.000	46
46	23	90	3	8100000.000	46
46	24	90	4	7290000.000	46
46	25	90	3	8100000.000	46
46	26	90	5	6561000.000	46
46	27	90	10	3874205.000	46
46	28	90	12	3138106.000	46
46	29	90	15	2287679.000	46
46	30	90	22	1094190.000	46
46	31	90	25	797664.000	46
46	32	90	24	886294.000	44
46	33	90	28	581497.000	41
46	34	90	32	381520.000	35
46	35	90	34	309032.000	32
46	36	90	50	57264.000	24
46	37	90	54	37571.000	19
46	38	90	69	7736.000	9
46	39	90	73	5075.000	2
46	40	90	79	2697.000	0
47	0	90	0	11111111.000	47
47	1	90	0	11111111.000	47
47	2	90	0	11111111.000	47
47	3	90	0	11111111.000	47
47	4	90	0	11111111.000	47
47	5	90	0	11111111.000	47
47	6	90	0	11111111.000	47
47	7	90	0	11111111.000	47
47	8	90	0	11111111.000	47
47	9	90	0	11111111.000	47
47	10	90	0	11111111.000	47
47	11	90	0	11111111.000	47
47	12	90	0	11111111.000	47
47	13	90	0	11111111.000	47
47	14	90	0	11111111.000	47
47	15	90	0	11111111.000	47
47	16	90	1	10000000.000	47
47	17	90	0	11111111.000	47
47	18	90	0	11111111.000	47
47	19	90	0	11111111.000	47
47	20	90	0	11111111.000	47
47	21	90	2	9000000.000	47
47	22	90	2	9000000.000	47
47	23	90	0	11111111.000	47
47	24	90	3	8100000.000	47
47	25	90	8	4782969.000	47
47	26	90	7	5314410.000	47
47	27	90	9	4304672.000	47
47	28	90	9	4304672.000	47
47	29	90	16	2058911.000	47
47	30	90	16	2058911.000	47
47	31	90	21	1215767.000	47
47	32	90	20	1350852.000	44
47	33	90	36	250316.000	41
47	34	90	32	381520.000	35
47	35	90	39	182480.000	32
47	36	90	44	107753.000	24
47	37	90	60	19967.000	19
47	38	90	68	8595.000	9
47	39	90	72	5639.000	2
47	40	90	79	2697.000	0
48	0	90	0	11111111.000	48
48	1	90	0	11111111.000	48
48	2	90	0	11111111.000	48
48	3	90	0	11111111.000	48
48	4	90	0	11111111.000	48
48	5	90	0	11111111.000	48
48	6	90	0	11111111.000	48
48	7	90	0	11111111.000	48
48	8	90	0	11111111.000	48
48	9	90	0	11111111.000	48
48	10	90	0	11111111.000	48
48	11	90	0	11111111.000	48
48	12	90	0	11111111.000	48
48	13	90	0	11111111.000	48
48	14	90	0	11111111.000	48
48	15	90	0	11111111.000	48
48	16	90	0	11111111.000	48
48	17	90	0	11111111.000	48
48	18	90	1	10000000.000	48
48	19	90	1	10000000.000	48
48	20	90	0	11111111.000	48
48	21	90	1	10000000.000	48
48	22	90	0	11111111.000	48
48	23	90	1	10000000.000	48
48	24	90	2	9000000.000	48
48	25	90	5	6561000.000	48
48	26	90	7	5314410.000	48
48	27	90	10	3874205.000	48
48	28	90	11	3486784.000	48
48	29	90	19	1500946.000	48
48	30	90	24	886294.000	48
48	31	90	26	717898.000	48
48	32	90	20	1350852.000	44
48	33	90	27	646108.000	41
48	34	90	36	250316.000	35
48	35	90	39	182480.000	32
48	36	90	49	63627.000	24
48	37	90	51	51538.000	19
48	38	90	71	6266.000	9
48	39	90	65	11790.000	2
48	40	90	81	2185.000	0
49	0	90	0	11111111.000	49
49	1	90	0	11111111.000	49
49	2	90	0	11111111.000	49
49	3	90	0	11111111.000	49
49	4	90	0	11111111.000	49
49	5	90	0	11111111.000	49
49	6	90	0	11111111.000	49
49	7	90	0	11111111.000	49
49	8	90	0	11111111.000	49
49	9	90	0	11111111.000	49
49	10	90	0	11111111.000	49
49	11	90	0	11111111.000	49
49	12	90	0	11111111.000	49
49	13	90	0	11111111.000	49
49	14	90	0	11111111.000	49
49	15	90	0	11111111.000	49
49	16	90	0	11111111.000	49
49	17	90	0	11111111.000	49
49	18	90	0	11111111.000	49
49	19	90	0	11111111.000	49
49	20	90	0	11111111.000	49
49	21	90	1	10000000.000	49
49	22	90	1	10000000.000	49
49	23	90	2	9000000.000	49
49	24	90	4	7290000.000	49
49	25	90	6	5904900.000	49
49	26	90	11	3486784.000	49
49	27	90	7	5314410.000	49
49	28	90	14	2541866.000	49
49	29	90	17	1853020.000	49
49	30	90	22	1094190.000	49
49	31	90	30	471013.000	49
49	32	90	28	581497.000	44
49	33	90	35	278128.000	41
49	34	90	36	250316.000	35
49	35	90	42	133028.000	32
49	36	90	60	19967.000	24
49	37	90	62	16173.000	19
49	38	90	78	2997.000	9
49	39	90	73	5075.000	2
49	40	90	73	5075.000	0
50	0	90	0	11111111.000	50
50	1	90	0	11111111.000	50
50	2	90	0	11111111.000	50
50	3	90	0	11111111.000	50
50	4	90	0	11111111.000	50
50	5	90	0	11111111.000	50
50	6	90	0	11111111.000	50
50	7	90	0	11111111.000	50
50	8	90	0	11111111.000	50
50	9	90	0	11111111.000	50
50	10	90	0	11111111.000	50
50	11	90	0	11111111.000	50
50	12	90	0	11111111.000	50
50	13	90	0	11111111.000	50
50	14	90	0	11111111.000	50
50	15	90	0	11111111.000	50
50	16	90	0	11111111.000	50
50	17	90	1	10000000.000	50
50	18	90	0	11111111.000	50
50	19	90	0	11111111.000	50
50	20	90	2	9000000.000	50
50	21	90	1	10000000.000	50
50	22	90	2	9000000.000	50
50	23	90	2	9000000.000	50
50	24	90	4	7290000.000	50
50	25	90	9	4304672.000	50
50	26	90	17	1853020.000	50
50	27	90	12	3138106.000	50
50	28	90	13	2824295.000	50
50	29	90	29	523348.000	50
50	30	90	29	523348.000	50
50	31	90	24	886294.000	48
50	32	90	21	1215767.000	44
50	33	90	22	1094190.000	41
50	34	90	39	182480.000	35
50	35	90	45	96977.000	32
50	36	90	52	46384.000	24
50	37	90	64	13100.000	19
50	38	90	70	6962.000	9
50	39	90	75	4111.000	2
50	40	90	74	4568.000	0
51	0	90	0	11111111.000	51
51	1	90	0	11111111.000	51
51	2	90	0	11111111.000	51
51	3	90	0	11111111.000	51
51	4	90	0	11111111.000	51
51	5	90	0	11111111.000	51
51	6	90	0	11111111.000	51
51	7	90	0	11111111.000	51
51	8	90	0	11111111.000	51
51	9	90	0	11111111.000	51
51	10	90	0	11111111.000	51
51	11	90	0	11111111.000	51
51	12	90	0	11111111.000	51
51	13	90	0	11111111.000	51
51	14	90	0	11111111.000	51
51	15	90	0	11111111.000	51
51	16	90	0	11111111.000	51
51	17	90	0	11111111.000	51
51	18	90	1	10000000.000	51
51	19	90	0	11111111.000	51
51	20	90	3	8100000.000	51
51	21	90	1	10000000.000	51
51	22	90	4	7290000.000	51
51	23	90	2	9000000.000	51
51	24	90	9	4304672.000	51
51	25	90	6	5904900.000	51
51	26	90	14	2541866.000	51
51	27	90	15	2287679.000	51
51	28	90	17	1853020.000	51
51	29	90	22	1094190.000	51
51	30	90	26	717898.000	51
51	31	90	29	523348.000	49
51	32	90	25	797664.000	44
51	33	90	31	423912.000	41
51	34	90	35	278128.000	35
51	35	90	38	202756.000	32
51	36	90	47	78552.000	24
51	37	90	58	24650.000	19
51	38	90	74	4568.000	9
51	39	90	76	3700.000	2
51	40	90	83	1770.000	0
52	0	90	0	11111111.000	52
52	1	90	0	11111111.000	52
52	2	90	0	11111111.000	52
52	3	90	0	11111111.000	52
52	4	90	0	11111111.000	52
52	5	90	0	11111111.000	52
52	6	90	0	11111111.000	52
52	7	90	0	11111111.000	52
52	8	90	0	11111111.000	52
52	9	90	0	11111111.000	52
52	10	90	0	11111111.000	52
52	11	90	0	11111111.000	52
52	12	90	0	11111111.000	52
52	13	90	0	11111111.000	52
52	14	90	0	11111111.000	52
52	15	90	0	11111111.000	52
52	16	90	0	11111111.000	52
52	17	90	1	10000000.000	52
52	18	90	0	11111111.000	52
52	19	90	1	10000000.000	52
52	20	90	3	8100000.000	52
52	21	90	2	9000000.000	52
52	22	90	3	8100000.000	52
52	23	90	7	5314410.000	52
52	24	90	9	4304672.000	52
52	25	90	4	7290000.000	52
52	26	90	7	5314410.000	52
52	27	90	13	2824295.000	52
52	28	90	15	2287679.000	52
52	29	90	19	1500946.000	52
52	30	90	30	471013.000	50
52	31	90	34	309032.000	49
52	32	90	27	646108.000	44
52	33	90	29	523348.000	41
52	34	90	32	381520.000	35
52	35	90	37	225284.000	32
52	36	90	48	70697.000	24
52	37	90	54	37571.000	19
52	38	90	77	3330.000	9
52	39	90	79	2697.000	2
52	40	90	80	2427.000	0
53	0	90	0	11111111.000	53
53	1	90	0	11111111.000	53
53	2	90	0	11111111.000	53
53	3	90	0	11111111.000	53
53	4	90	0	11111111.000	53
53	5	90	0	11111111.000	53
53	6	90	0	11111111.000	53
53	7	90	0	11111111.000	53
53	8	90	0	11111111.000	53
53	9	90	0	11111111.000	53
53	10	90	0	11111111.000	53
53	11	90	0	11111111.000	53
53	12	90	0	11111111.000	53
53	13	90	0	11111111.000	53
53	14	90	0	11111111.000	53
53	15	90	0	11111111.000	53
53	16	90	0	11111111.000	53
53	17	90	0	11111111.000	53
53	18	90	0	11111111.000	53
53	19	90	2	9000000.000	53
53	20	90	1	10000000.000	53
53	21	90	2	9000000.000	53
53	22	90	1	10000000.000	53
53	23	90	4	7290000.000	53
53	24	90	7	5314410.000	53
53	25	90	6	5904900.000	53
53	26	90	6	5904900.000	53
53	27	90	12	3138106.000	53
53	28	90	17	1853020.000	53
53	29	90	23	984771.000	53
53	30	90	24	886294.000	51
53	31	90	28	581497.000	49
53	32	90	25	797664.000	44
53	33	90	39	182480.000	41
53	34	90	34	309032.000	35
53	35	90	39	182480.000	32
53	36	90	54	37571.000	24
53	37	90	67	9550.000	19
53	38	90	73	5075.000	9
53	39	90	73	5075.000	2
53	40	90	80	2427.000	0
54	0	90	0	11111111.000	54
54	1	90	0	11111111.000	54
54	2	90	0	11111111.000	54
54	3	90	0	11111111.000	54
54	4	90	0	11111111.000	54
54	5	90	0	11111111.000	54
54	6	90	0	11111111.000	54
54	7	90	0	11111111.000	54
54	8	90	0	11111111.000	54
54	9	90	0	11111111.000	54
54	10	90	0	11111111.000	54
54	11	90	0	11111111.000	54
54	12	90	0	11111111.000	54
54	13	90	0	11111111.000	54
54	14	90	0	11111111.000	54
54	15	90	0	11111111.000	54
54	16	90	0	11111111.000	54
54	17	90	2	9000000.000	54
54	18	90	1	10000000.000	54
54	19	90	1	10000000.000	54
54	20	90	0	11111111.000	54
54	21	90	1	10000000.000	54
54	22	90	3	8100000.000	54
54	23	90	5	6561000.000	54
54	24	90	10	3874205.000	54
54	25	90	14	2541866.000	54
54	26	90	13	2824295.000	54
54	27	90	12	3138106.000	54
54	28	90	17	1853020.000	54
54	29	90	16	2058911.000	54
54	30	90	22	1094190.000	51
54	31	90	24	886294.000	49
54	32	90	28	581497.000	44
54	33	90	31	423912.000	41
54	34	90	31	423912.000	35
54	35	90	47	78552.000	32
54	36	90	55	33814.000	24
54	37	90	64	13100.000	19
54	38	90	72	5639.000	9
54	39	90	85	1433.000	2
54	40	90	74	4568.000	0
55	0	90	0	11111111.000	55
55	1	90	0	11111111.000	55
55	2	90	0	11111111.000	55
55	3	90	0	11111111.000	55
55	4	90	0	11111111.000	55
55	5	90	0	11111111.000	55
55	6	90	0	11111111.000	55
55	7	90	0	11111111.000	55
55	8	90	0	11111111.000	55
55	9	90	0	11111111.000	55
55	10	90	0	11111111.000	55
55	11	90	0	11111111.000	55
55	12	90	0	11111111.000	55
55	13	90	0	11111111.000	55
55	14	90	0	11111111.000	55
55	15	90	0	11111111.000	55
55	16	90	0	11111111.000	55
55	17	90	3	8100000.000	55
55	18	90	0	11111111.000	55
55	19	90	1	10000000.000	55
55	20	90	1	10000000.000	55
55	21	90	3	8100000.000	55
55	22	90	3	8100000.000	55
55	23	90	6	5904900.000	55
55	24	90	9	4304672.000	55
55	25	90	6	5904900.000	55
55	26	90	7	5314410.000	55
55	27	90	12	3138106.000	55
55	28	90	18	1667718.000	55
55	29	90	20	1350852.000	55
55	30	90	23	984771.000	51
55	31	90	22	1094190.000	49
55	32	90	27	646108.000	44
55	33	90	33	343368.000	41
55	34	90	30	471013.000	35
55	35	90	44	107753.000	32
55	36	90	55	33814.000	24
55	37	90	63	14556.000	19
55	38	90	77	3330.000	9
55	39	90	80	2427.000	2
55	40	90	82	1966.000	0
56	0	90	0	11111111.000	56
56	1	90	0	11111111.000	56
56	2	90	0	11111111.000	56
56	3	90	0	11111111.000	56
56	4	90	0	11111111.000	56
56	5	90	0	11111111.000	56
56	6	90	0	11111111.000	56
56	7	90	0	11111111.000	56
56	8	90	0	11111111.000	56
56	9	90	0	11111111.000	56
56	10	90	0	11111111.000	56
56	11	90	0	11111111.000	56
56	12	90	0	11111111.000	56
56	13	90	0	11111111.000	56
56	14	90	0	11111111.000	56
56	15	90	0	11111111.000	56
56	16	90	0	11111111.000	56
56	17	90	0	11111111.000	56
56	18	90	2	9000000.000	56
56	19	90	2	9000000.000	56
56	20	90	2	9000000.000	56
56	21	90	2	9000000.000	56
56	22	90	6	5904900.000	56
56	23	90	5	6561000.000	56
56	24	90	4	7290000.000	56
56	25	90	10	3874205.000	56
56	26	90	10	3874205.000	56
56	27	90	20	1350852.000	56
56	28	90	16	2058911.000	56
56	29	90	16	2058911.000	54
56	30	90	18	1667718.000	51
56	31	90	23	984771.000	49
56	32	90	28	581497.000	44
56	33	90	37	225284.000	41
56	34	90	43	119725.000	35
56	35	90	42	133028.000	32
56	36	90	55	33814.000	24
56	37	90	64	13100.000	19
56	38	90	74	4568.000	9
56	39	90	81	2185.000	2
56	40	90	74	4568.000	0
57	0	90	0	11111111.000	57
57	1	90	0	11111111.000	57
57	2	90	0	11111111.000	57
57	3	90	0	11111111.000	57
57	4	90	0	11111111.000	57
57	5	90	0	11111111.000	57
57	6	90	0	11111111.000	57
57	7	90	0	11111111.000	57
57	8	90	0	11111111.000	57
57	9	90	0	11111111.000	57
57	10	90	0	11111111.000	57
57	11	90	0	11111111.000	57
57	12	90	0	11111111.000	57
57	13	90	0	11111111.000	57
57	14	90	0	11111111.000	57
57	15	90	2	9000000.000	57
57	16	90	2	9000000.000	57
57	17	90	2	9000000.000	57
57	18	90	1	10000000.000	57
57	19	90	2	9000000.000	57
57	20	90	1	10000000.000	57
57	21	90	3	8100000.000	57
57	22	90	5	6561000.000	57
57	23	90	5	6561000.000	57
57	24	90	10	3874205.000	57
57	25	90	15	2287679.000	57
57	26	90	13	2824295.000	57
57	27	90	14	2541866.000	57
57	28	90	14	2541866.000	57
57	29	90	21	1215767.000	55
57	30	90	26	717898.000	51
57	31	90	29	523348.000	49
57	32	90	29	523348.000	44
57	33	90	35	278128.000	41
57	34	90	49	63627.000	35
57	35	90	43	119725.000	32
57	36	90	51	51538.000	24
57	37	90	66	10611.000	19
57	38	90	71	6266.000	9
57	39	90	76	3700.000	2
57	40	90	88	1045.000	0
58	0	90	0	11111111.000	58
58	1	90	0	11111111.000	58
58	2	90	0	11111111.000	58
58	3	90	0	11111111.000	58
58	4	90	0	11111111.000	58
58	5	90	0	11111111.000	58
58	6	90	0	11111111.000	58
58	7	90	0	11111111.000	58
58	8	90	0	11111111.000	58
58	9	90	0	11111111.000	58
58	10	90	0	11111111.000	58
58	11	90	0	11111111.000	58
58	12	90	0	11111111.000	58
58	13	90	0	11111111.000	58
58	14	90	0	11111111.000	58
58	15	90	0	11111111.000	58
58	16	90	0	11111111.000	58
58	17	90	1	10000000.000	58
58	18	90	1	10000000.000	58
58	19	90	2	9000000.000	58
58	20	90	3	8100000.000	58
58	21	90	4	7290000.000	58
58	22	90	2	9000000.000	58
58	23	90	4	7290000.000	58
58	24	90	6	5904900.000	58
58	25	90	14	2541866.000	58
58	26	90	12	3138106.000	58
58	27	90	14	2541866.000	58
58	28	90	21	1215767.000	56
58	29	90	18	1667718.000	55
58	30	90	17	1853020.000	51
58	31	90	22	1094190.000	49
58	32	90	31	423912.000	44
58	33	90	33	343368.000	41
58	34	90	40	164232.000	35
58	35	90	46	87280.000	32
58	36	90	63	14556.000	24
58	37	90	58	24650.000	19
58	38	90	78	2997.000	9
58	39	90	80	2427.000	2
58	40	90	85	1433.000	0
59	0	90	0	11111111.000	59
59	1	90	0	11111111.000	59
59	2	90	0	11111111.000	59
59	3	90	0	11111111.000	59
59	4	90	0	11111111.000	59
59	5	90	0	11111111.000	59
59	6	90	0	11111111.000	59
59	7	90	0	11111111.000	59
59	8	90	0	11111111.000	59
59	9	90	0	11111111.000	59
59	10	90	0	11111111.000	59
59	11	90	0	11111111.000	59
59	12	90	0	11111111.000	59
59	13	90	0	11111111.000	59
59	14	90	1	10000000.000	59
59	15	90	0	11111111.000	59
59	16	90	0	11111111.000	59
59	17	90	3	8100000.000	59
59	18	90	3	8100000.000	59
59	19	90	1	10000000.000	59
59	20	90	2	9000000.000	59
59	21	90	5	6561000.000	59
59	22	90	5	6561000.000	59
59	23	90	7	5314410.000	59
59	24	90	11	3486784.000	59
59	25	90	10	3874205.000	59
59	26	90	12	3138106.000	59
59	27	90	13	2824295.000	59
59	28	90	13	2824295.000	57
59	29	90	21	1215767.000	55
59	30	90	22	1094190.000	51
59	31	90	25	797664.000	49
59	32	90	24	886294.000	44
59	33	90	34	309032.000	41
59	34	90	34	309032.000	35
59	35	90	47	78552.000	32
59	36	90	53	41746.000	24
59	37	90	74	4568.000	19
59	38	90	83	1770.000	9
59	39	90	79	2697.000	2
59	40	90	82	1966.000	0
60	0	90	0	11111111.000	60
60	1	90	0	11111111.000	60
60	2	90	0	11111111.000	60
60	3	90	0	11111111.000	60
60	4	90	0	11111111.000	60
60	5	90	0	11111111.000	60
60	6	90	0	11111111.000	60
60	7	90	0	11111111.000	60
60	8	90	0	11111111.000	60
60	9	90	0	11111111.000	60
60	10	90	0	11111111.000	60
60	11	90	0	11111111.000	60
60	12	90	0	11111111.000	60
60	13	90	0	11111111.000	60
60	14	90	1	10000000.000	60
60	15	90	3	8100000.000	60
60	16	90	1	10000000.000	60
60	17	90	0	11111111.000	60
60	18	90	3	8100000.000	60
60	19	90	3	8100000.000	60
60	20	90	3	8100000.000	60
60	21	90	5	6561000.000	60
60	22	90	4	7290000.000	60
60	23	90	7	5314410.000	60
60	24	90	10	3874205.000	60
60	25	90	10	3874205.000	60
60	26	90	14	2541866.000	60
60	27	90	19	1500946.000	60
60	28	90	18	1667718.000	57
60	29	90	20	1350852.000	55
60	30	90	19	1500946.000	51
60	31	90	27	646108.000	49
60	32	90	26	717898.000	44
60	33	90	38	202756.000	41
60	34	90	34	309032.000	35
60	35	90	45	96977.000	32
60	36	90	56	30433.000	24
60	37	90	63	14556.000	19
60	38	90	79	2697.000	9
60	39	90	86	1290.000	2
60	40	90	84	1593.000	0
61	0	90	0	11111111.000	61
61	1	90	0	11111111.000	61
61	2	90	0	11111111.000	61
61	3	90	0	11111111.000	61
61	4	90	0	11111111.000	61
61	5	90	0	11111111.000	61
61	6	90	0	11111111.000	61
61	7	90	0	11111111.000	61
61	8	90	0	11111111.000	61
61	9	90	0	11111111.000	61
61	10	90	0	11111111.000	61
61	11	90	0	11111111.000	61
61	12	90	0	11111111.000	61
61	13	90	1	10000000.000	61
61	14	90	0	11111111.000	61
61	15	90	1	10000000.000	61
61	16	90	1	10000000.000	61
61	17	90	2	9000000.000	61
61	18	90	2	9000000.000	61
61	19	90	3	8100000.000	61
61	20	90	2	9000000.000	61
61	21	90	6	5904900.000	61
61	22	90	8	4782969.000	61
61	23	90	6	5904900.000	61
61	24	90	12	3138106.000	61
61	25	90	13	2824295.000	61
61	26	90	16	2058911.000	61
61	27	90	16	2058911.000	59
61	28	90	16	2058911.000	57
61	29	90	24	886294.000	55
61	30	90	17	1853020.000	51
61	31	90	24	886294.000	49
61	32	90	25	797664.000	44
61	33	90	28	581497.000	41
61	34	90	39	182480.000	35
61	35	90	52	46384.000	32
61	36	90	51	51538.000	24
61	37	90	66	10611.000	19
61	38	90	75	4111.000	9
61	39	90	76	3700.000	2
61	40	90	80	2427.000	0
62	0	90	0	11111111.000	62
62	1	90	0	11111111.000	62
62	2	90	0	11111111.000	62
62	3	90	0	11111111.000	62
62	4	90	0	11111111.000	62
62	5	90	0	11111111.000	62
62	6	90	0	11111111.000	62
62	7	90	0	11111111.000	62
62	8	90	0	11111111.000	62
62	9	90	0	11111111.000	62
62	10	90	0	11111111.000	62
62	11	90	0	11111111.000	62
62	12	90	0	11111111.000	62
62	13	90	0	11111111.000	62
62	14	90	1	10000000.000	62
62	15	90	0	11111111.000	62
62	16	90	1	10000000.000	62
62	17	90	2	9000000.000	62
62	18	90	2	9000000.000	62
62	19	90	6	5904900.000	62
62	20	90	3	8100000.000	62
62	21	90	7	5314410.000	62
62	22	90	6	5904900.000	62
62	23	90	8	4782969.000	62
62	24	90	11	3486784.000	62
62	25	90	16	2058911.000	62
62	26	90	10	3874205.000	60
62	27	90	12	3138106.000	60
62	28	90	14	2541866.000	57
62	29	90	19	1500946.000	55
62	30	90	17	1853020.000	51
62	31	90	25	797664.000	49
62	32	90	22	1094190.000	44
62	33	90	29	523348.000	41
62	34	90	35	278128.000	35
62	35	90	42	133028.000	32
62	36	90	60	19967.000	24
62	37	90	65	11790.000	19
62	38	90	68	8595.000	9
62	39	90	83	1770.000	2
62	40	90	87	1161.000	0
63	0	90	0	11111111.000	63
63	1	90	0	11111111.000	63
63	2	90	0	11111111.000	63
63	3	90	0	11111111.000	63
63	4	90	0	11111111.000	63
63	5	90	0	11111111.000	63
63	6	90	0	11111111.000	63
63	7	90	0	11111111.000	63
63	8	90	0	11111111.000	63
63	9	90	0	11111111.000	63
63	10	90	0	11111111.000	63
63	11	90	0	11111111.000	63
63	12	90	0	11111111.000	63
63	13	90	0	11111111.000	63
63	14	90	0	11111111.000	63
63	15	90	0	11111111.000	63
63	16	90	2	9000000.000	63
63	17	90	4	7290000.000	63
63	18	90	4	7290000.000	63
63	19	90	6	5904900.000	63
63	20	90	5	6561000.000	63
63	21	90	4	7290000.000	63
63	22	90	9	4304672.000	63
63	23	90	8	4782969.000	63
63	24	90	8	4782969.000	63
63	25	90	9	4304672.000	63
63	26	90	9	4304672.000	61
63	27	90	15	2287679.000	60
63	28	90	14	2541866.000	57
63	29	90	22	1094190.000	55
63	30	90	14	2541866.000	51
63	31	90	24	886294.000	49
63	32	90	27	646108.000	44
63	33	90	27	646108.000	41
63	34	90	37	225284.000	35
63	35	90	59	22185.000	32
63	36	90	60	19967.000	24
63	37	90	60	19967.000	19
63	38	90	76	3700.000	9
63	39	90	81	2185.000	2
63	40	90	76	3700.000	0
64	0	90	0	11111111.000	64
64	1	90	0	11111111.000	64
64	2	90	0	11111111.000	64
64	3	90	0	11111111.000	64
64	4	90	0	11111111.000	64
64	5	90	0	11111111.000	64
64	6	90	0	11111111.000	64
64	7	90	0	11111111.000	64
64	8	90	0	11111111.000	64
64	9	90	0	11111111.000	64
64	10	90	0	11111111.000	64
64	11	90	0	11111111.000	64
64	12	90	0	11111111.000	64
64	13	90	1	10000000.000	64
64	14	90	2	9000000.000	64
64	15	90	1	10000000.000	64
64	16	90	1	10000000.000	64
64	17	90	4	7290000.000	64
64	18	90	3	8100000.000	64
64	19	90	4	7290000.000	64
64	20	90	4	7290000.000	64
64	21	90	7	5314410.000	64
64	22	90	7	5314410.000	64
64	23	90	6	5904900.000	64
64	24	90	13	2824295.000	64
64	25	90	12	3138106.000	64
64	26	90	13	2824295.000	61
64	27	90	14	2541866.000	60
64	28	90	17	1853020.000	57
64	29	90	16	2058911.000	55
64	30	90	21	1215767.000	51
64	31	90	27	646108.000	49
64	32	90	22	1094190.000	44
64	33	90	39	182480.000	41
64	34	90	39	182480.000	35
64	35	90	53	41746.000	32
64	36	90	63	14556.000	24
64	37	90	60	19967.000	19
64	38	90	79	2697.000	9
64	39	90	81	2185.000	2
64	40	90	89	940.000	0
65	0	90	0	11111111.000	65
65	1	90	0	11111111.000	65
65	2	90	0	11111111.000	65
65	3	90	0	11111111.000	65
65	4	90	0	11111111.000	65
65	5	90	0	11111111.000	65
65	6	90	0	11111111.000	65
65	7	90	0	11111111.000	65
65	8	90	0	11111111.000	65
65	9	90	0	11111111.000	65
65	10	90	0	11111111.000	65
65	11	90	0	11111111.000	65
65	12	90	0	11111111.000	65
65	13	90	0	11111111.000	65
65	14	90	2	9000000.000	65
65	15	90	2	9000000.000	65
65	16	90	2	9000000.000	65
65	17	90	3	8100000.000	65
65	18	90	6	5904900.000	65
65	19	90	9	4304672.000	65
65	20	90	7	5314410.000	65
65	21	90	6	5904900.000	65
65	22	90	10	3874205.000	65
65	23	90	15	2287679.000	65
65	24	90	14	2541866.000	65
65	25	90	11	3486784.000	65
65	26	90	8	4782969.000	61
65	27	90	13	2824295.000	60
65	28	90	12	3138106.000	57
65	29	90	18	1667718.000	55
65	30	90	22	1094190.000	51
65	31	90	24	886294.000	49
65	32	90	31	423912.000	44
65	33	90	34	309032.000	41
65	34	90	35	278128.000	35
65	35	90	55	33814.000	32
65	36	90	63	14556.000	24
65	37	90	68	8595.000	19
65	38	90	73	5075.000	9
65	39	90	79	2697.000	2
65	40	90	84	1593.000	0
66	0	90	0	11111111.000	66
66	1	90	0	11111111.000	66
66	2	90	0	11111111.000	66
66	3	90	0	11111111.000	66
66	4	90	0	11111111.000	66
66	5	90	0	11111111.000	66
66	6	90	0	11111111.000	66
66	7	90	0	11111111.000	66
66	8	90	0	11111111.000	66
66	9	90	0	11111111.000	66
66	10	90	0	11111111.000	66
66	11	90	0	11111111.000	66
66	12	90	1	10000000.000	66
66	13	90	0	11111111.000	66
66	14	90	3	8100000.000	66
66	15	90	4	7290000.000	66
66	16	90	5	6561000.000	66
66	17	90	6	5904900.000	66
66	18	90	8	4782969.000	66
66	19	90	5	6561000.000	66
66	20	90	8	4782969.000	66
66	21	90	10	3874205.000	66
66	22	90	11	3486784.000	66
66	23	90	12	3138106.000	66
66	24	90	10	3874205.000	64
66	25	90	14	2541866.000	64
66	26	90	16	2058911.000	61
66	27	90	17	1853020.000	60
66	28	90	18	1667718.000	57
66	29	90	13	2824295.000	55
66	30	90	17	1853020.000	51
66	31	90	23	984771.000	49
66	32	90	30	471013.000	44
66	33	90	31	423912.000	41
66	34	90	48	70697.000	35
66	35	90	48	70697.000	32
66	36	90	52	46384.000	24
66	37	90	71	6266.000	19
66	38	90	86	1290.000	9
66	39	90	83	1770.000	2
66	40	90	89	940.000	0
67	0	90	0	11111111.000	67
67	1	90	0	11111111.000	67
67	2	90	0	11111111.000	67
67	3	90	0	11111111.000	67
67	4	90	0	11111111.000	67
67	5	90	0	11111111.000	67
67	6	90	0	11111111.000	67
67	7	90	0	11111111.000	67
67	8	90	0	11111111.000	67
67	9	90	0	11111111.000	67
67	10	90	0	11111111.000	67
67	11	90	1	10000000.000	67
67	12	90	0	11111111.000	67
67	13	90	0	11111111.000	67
67	14	90	5	6561000.000	67
67	15	90	5	6561000.000	67
67	16	90	4	7290000.000	67
67	17	90	4	7290000.000	67
67	18	90	3	8100000.000	67
67	19	90	9	4304672.000	67
67	20	90	12	3138106.000	67
67	21	90	10	3874205.000	67
67	22	90	14	2541866.000	67
67	23	90	13	2824295.000	67
67	24	90	9	4304672.000	65
67	25	90	9	4304672.000	65
67	26	90	11	3486784.000	61
67	27	90	13	2824295.000	60
67	28	90	15	2287679.000	57
67	29	90	11	3486784.000	55
67	30	90	21	1215767.000	51
67	31	90	21	1215767.000	49
67	32	90	32	381520.000	44
67	33	90	27	646108.000	41
67	34	90	36	250316.000	35
67	35	90	45	96977.000	32
67	36	90	62	16173.000	24
67	37	90	77	3330.000	19
67	38	90	81	2185.000	9
67	39	90	78	2997.000	2
67	40	90	88	1045.000	0
68	0	90	0	11111111.000	68
68	1	90	0	11111111.000	68
68	2	90	0	11111111.000	68
68	3	90	0	11111111.000	68
68	4	90	0	11111111.000	68
68	5	90	0	11111111.000	68
68	6	90	0	11111111.000	68
68	7	90	0	11111111.000	68
68	8	90	0	11111111.000	68
68	9	90	1	10000000.000	68
68	10	90	1	10000000.000	68
68	11	90	1	10000000.000	68
68	12	90	0	11111111.000	68
68	13	90	3	8100000.000	68
68	14	90	2	9000000.000	68
68	15	90	5	6561000.000	68
68	16	90	4	7290000.000	68
68	17	90	4	7290000.000	68
68	18	90	5	6561000.000	68
68	19	90	6	5904900.000	68
68	20	90	7	5314410.000	68
68	21	90	11	3486784.000	68
68	22	90	12	3138106.000	68
68	23	90	15	2287679.000	68
68	24	90	13	2824295.000	65
68	25	90	14	2541866.000	65
68	26	90	14	2541866.000	61
68	27	90	14	2541866.000	60
68	28	90	15	2287679.000	57
68	29	90	19	1500946.000	55
68	30	90	17	1853020.000	51
68	31	90	21	1215767.000	49
68	32	90	29	523348.000	44
68	33	90	30	471013.000	41
68	34	90	50	57264.000	35
68	35	90	50	57264.000	32
68	36	90	56	30433.000	24
68	37	90	72	5639.000	19
68	38	90	78	2997.000	9
68	39	90	84	1593.000	2
68	40	90	88	1045.000	0
69	0	90	0	11111111.000	69
69	1	90	0	11111111.000	69
69	2	90	0	11111111.000	69
69	3	90	0	11111111.000	69
69	4	90	0	11111111.000	69
69	5	90	0	11111111.000	69
69	6	90	0	11111111.000	69
69	7	90	0	11111111.000	69
69	8	90	0	11111111.000	69
69	9	90	1	10000000.000	69
69	10	90	0	11111111.000	69
69	11	90	1	10000000.000	69
69	12	90	1	10000000.000	69
69	13	90	4	7290000.000	69
69	14	90	2	9000000.000	69
69	15	90	3	8100000.000	69
69	16	90	8	4782969.000	69
69	17	90	6	5904900.000	69
69	18	90	8	4782969.000	69
69	19	90	11	3486784.000	69
69	20	90	12	3138106.000	69
69	21	90	8	4782969.000	69
69	22	90	11	3486784.000	69
69	23	90	14	2541866.000	67
69	24	90	11	3486784.000	65
69	25	90	12	3138106.000	65
69	26	90	11	3486784.000	61
69	27	90	14	2541866.000	60
69	28	90	15	2287679.000	57
69	29	90	18	1667718.000	55
69	30	90	17	1853020.000	51
69	31	90	24	886294.000	49
69	32	90	25	797664.000	44
69	33	90	32	381520.000	41
69	34	90	46	87280.000	35
69	35	90	52	46384.000	32
69	36	90	66	10611.000	24
69	37	90	68	8595.000	19
69	38	90	84	1593.000	9
69	39	90	82	1966.000	2
69	40	90	79	2697.000	0
70	0	90	0	11111111.000	70
70	1	90	0	11111111.000	70
70	2	90	0	11111111.000	70
70	3	90	0	11111111.000	70
70	4	90	0	11111111.000	70
70	5	90	0	11111111.000	70
70	6	90	0	11111111.000	70
70	7	90	0	11111111.000	70
70	8	90	0	11111111.000	70
70	9	90	2	9000000.000	70
70	10	90	1	10000000.000	70
70	11	90	1	10000000.000	70
70	12	90	3	8100000.000	70
70	13	90	2	9000000.000	70
70	14	90	3	8100000.000	70
70	15	90	5	6561000.000	70
70	16	90	9	4304672.000	70
70	17	90	10	3874205.000	70
70	18	90	6	5904900.000	70
70	19	90	10	3874205.000	70
70	20	90	9	4304672.000	70
70	21	90	11	3486784.000	70
70	22	90	15	2287679.000	68
70	23	90	15	2287679.000	68
70	24	90	14	2541866.000	65
70	25	90	17	1853020.000	65
70	26	90	14	2541866.000	61
70	27	90	11	3486784.000	60
70	28	90	17	1853020.000	57
70	29	90	15	2287679.000	55
70	30	90	23	984771.000	51
70	31	90	19	1500946.000	49
70	32	90	33	343368.000	44
70	33	90	40	164232.000	41
70	34	90	43	119725.000	35
70	35	90	54	37571.000	32
70	36	90	57	27389.000	24
70	37	90	70	6962.000	19
70	38	90	83	1770.000	9
70	39	90	83	1770.000	2
70	40	90	88	1045.000	0
71	0	90	0	11111111.000	71
71	1	90	0	11111111.000	71
71	2	90	0	11111111.000	71
71	3	90	0	11111111.000	71
71	4	90	0	11111111.000	71
71	5	90	0	11111111.000	71
71	6	90	0	11111111.000	71
71	7	90	0	11111111.000	71
71	8	90	3	8100000.000	71
71	9	90	2	9000000.000	71
71	10	90	1	10000000.000	71
71	11	90	2	9000000.000	71
71	12	90	2	9000000.000	71
71	13	90	2	9000000.000	71
71	14	90	5	6561000.000	71
71	15	90	4	7290000.000	71
71	16	90	5	6561000.000	71
71	17	90	6	5904900.000	71
71	18	90	7	5314410.000	71
71	19	90	8	4782969.000	71
71	20	90	9	4304672.000	71
71	21	90	14	2541866.000	71
71	22	90	13	2824295.000	69
71	23	90	12	3138106.000	68
71	24	90	12	3138106.000	65
71	25	90	20	1350852.000	65
71	26	90	11	3486784.000	61
71	27	90	18	1667718.000	60
71	28	90	15	2287679.000	57
71	29	90	16	2058911.000	55
71	30	90	23	984771.000	51
71	31	90	18	1667718.000	49
71	32	90	25	797664.000	44
71	33	90	27	646108.000	41
71	34	90	39	182480.000	35
71	35	90	52	46384.000	32
71	36	90	63	14556.000	24
71	37	90	78	2997.000	19
71	38	90	79	2697.000	9
71	39	90	80	2427.000	2
71	40	90	78	2997.000	0
72	0	90	0	11111111.000	72
72	1	90	0	11111111.000	72
72	2	90	0	11111111.000	72
72	3	90	0	11111111.000	72
72	4	90	0	11111111.000	72
72	5	90	0	11111111.000	72
72	6	90	1	10000000.000	72
72	7	90	2	9000000.000	72
72	8	90	0	11111111.000	72
72	9	90	1	10000000.000	72
72	10	90	3	8100000.000	72
72	11	90	2	9000000.000	72
72	12	90	5	6561000.000	72
72	13	90	4	7290000.000	72
72	14	90	6	5904900.000	72
72	15	90	10	3874205.000	72
72	16	90	7	5314410.000	72
72	17	90	12	3138106.000	72
72	18	90	11	3486784.000	72
72	19	90	11	3486784.000	72
72	20	90	13	2824295.000	72
72	21	90	10	3874205.000	70
72	22	90	16	2058911.000	69
72	23	90	9	4304672.000	68
72	24	90	14	2541866.000	65
72	25	90	16	2058911.000	65
72	26	90	11	3486784.000	61
72	27	90	16	2058911.000	60
72	28	90	16	2058911.000	57
72	29	90	17	1853020.000	55
72	30	90	25	797664.000	51
72	31	90	19	1500946.000	49
72	32	90	32	381520.000	44
72	33	90	37	225284.000	41
72	34	90	44	107753.000	35
72	35	90	49	63627.000	32
72	36	90	52	46384.000	24
72	37	90	63	14556.000	19
72	38	90	75	4111.000	9
72	39	90	89	940.000	2
72	40	90	91	762.000	0
73	0	90	0	11111111.000	73
73	1	90	0	11111111.000	73
73	2	90	0	11111111.000	73
73	3	90	0	11111111.000	73
73	4	90	0	11111111.000	73
73	5	90	0	11111111.000	73
73	6	90	0	11111111.000	73
73	7	90	0	11111111.000	73
73	8	90	2	9000000.000	73
73	9	90	2	9000000.000	73
73	10	90	6	5904900.000	73
73	11	90	4	7290000.000	73
73	12	90	5	6561000.000	73
73	13	90	6	5904900.000	73
73	14	90	7	5314410.000	73
73	15	90	8	4782969.000	73
73	16	90	10	3874205.000	73
73	17	90	9	4304672.000	73
73	18	90	12	3138106.000	73
73	19	90	10	3874205.000	73
73	20	90	9	4304672.000	71
73	21	90	14	2541866.000	71
73	22	90	17	1853020.000	69
73	23	90	13	2824295.000	68
73	24	90	15	2287679.000	65
73	25	90	19	1500946.000	65
73	26	90	15	2287679.000	61
73	27	90	13	2824295.000	60
73	28	90	16	2058911.000	57
73	29	90	14	2541866.000	55
73	30	90	20	1350852.000	51
73	31	90	31	423912.000	49
73	32	90	35	278128.000	44
73	33	90	40	164232.000	41
73	34	90	44	107753.000	35
73	35	90	48	70697.000	32
73	36	90	65	11790.000	24
73	37	90	69	7736.000	19
73	38	90	77	3330.000	9
73	39	90	82	1966.000	2
73	40	90	84	1593.000	0
74	0	90	0	11111111.000	74
74	1	90	0	11111111.000	74
74	2	90	0	11111111.000	74
74	3	90	0	11111111.000	74
74	4	90	0	11111111.000	74
74	5	90	1	10000000.000	74
74	6	90	2	9000000.000	74
74	7	90	1	10000000.000	74
74	8	90	3	8100000.000	74
74	9	90	2	9000000.000	74
74	10	90	2	9000000.000	74
74	11	90	0	11111111.000	74
74	12	90	5	6561000.000	74
74	13	90	8	4782969.000	74
74	14	90	8	4782969.000	74
74	15	90	10	3874205.000	74
74	16	90	11	3486784.000	74
74	17	90	10	3874205.000	74
74	18	90	9	4304672.000	74
74	19	90	15	2287679.000	74
74	20	90	16	2058911.000	72
74	21	90	15	2287679.000	71
74	22	90	10	3874205.000	69
74	23	90	13	2824295.000	68
74	24	90	17	1853020.000	65
74	25	90	18	1667718.000	65
74	26	90	17	1853020.000	61
74	27	90	13	2824295.000	60
74	28	90	15	2287679.000	57
74	29	90	18	1667718.000	55
74	30	90	21	1215767.000	51
74	31	90	24	886294.000	49
74	32	90	37	225284.000	44
74	33	90	42	133028.000	41
74	34	90	47	78552.000	35
74	35	90	49	63627.000	32
74	36	90	59	22185.000	24
74	37	90	68	8595.000	19
74	38	90	80	2427.000	9
74	39	90	82	1966.000	2
74	40	90	83	1770.000	0
75	0	90	0	11111111.000	75
75	1	90	0	11111111.000	75
75	2	90	0	11111111.000	75
75	3	90	0	11111111.000	75
75	4	90	0	11111111.000	75
75	5	90	1	10000000.000	75
75	6	90	3	8100000.000	75
75	7	90	1	10000000.000	75
75	8	90	2	9000000.000	75
75	9	90	4	7290000.000	75
75	10	90	5	6561000.000	75
75	11	90	5	6561000.000	75
75	12	90	7	5314410.000	75
75	13	90	8	4782969.000	75
75	14	90	8	4782969.000	75
75	15	90	7	5314410.000	75
75	16	90	11	3486784.000	75
75	17	90	11	3486784.000	75
75	18	90	10	3874205.000	73
75	19	90	13	2824295.000	73
75	20	90	11	3486784.000	72
75	21	90	19	1500946.000	71
75	22	90	13	2824295.000	69
75	23	90	15	2287679.000	68
75	24	90	16	2058911.000	65
75	25	90	15	2287679.000	65
75	26	90	16	2058911.000	61
75	27	90	21	1215767.000	60
75	28	90	19	1500946.000	57
75	29	90	19	1500946.000	55
75	30	90	21	1215767.000	51
75	31	90	22	1094190.000	49
75	32	90	30	471013.000	44
75	33	90	34	309032.000	41
75	34	90	44	107753.000	35
75	35	90	54	37571.000	32
75	36	90	60	19967.000	24
75	37	90	62	16173.000	19
75	38	90	77	3330.000	9
75	39	90	79	2697.000	2
75	40	90	85	1433.000	0
76	0	90	0	11111111.000	76
76	1	90	0	11111111.000	76
76	2	90	0	11111111.000	76
76	3	90	1	10000000.000	76
76	4	90	0	11111111.000	76
76	5	90	0	11111111.000	76
76	6	90	3	8100000.000	76
76	7	90	1	10000000.000	76
76	8	90	1	10000000.000	76
76	9	90	5	6561000.000	76
76	10	90	2	9000000.000	76
76	11	90	8	4782969.000	76
76	12	90	4	7290000.000	76
76	13	90	5	6561000.000	76
76	14	90	9	4304672.000	76
76	15	90	8	4782969.000	76
76	16	90	11	3486784.000	76
76	17	90	11	3486784.000	76
76	18	90	14	2541866.000	74
76	19	90	15	2287679.000	74
76	20	90	13	2824295.000	72
76	21	90	14	2541866.000	71
76	22	90	16	2058911.000	69
76	23	90	15	2287679.000	68
76	24	90	9	4304672.000	65
76	25	90	15	2287679.000	65
76	26	90	14	2541866.000	61
76	27	90	19	1500946.000	60
76	28	90	19	1500946.000	57
76	29	90	23	984771.000	55
76	30	90	21	1215767.000	51
76	31	90	21	1215767.000	49
76	32	90	38	202756.000	44
76	33	90	33	343368.000	41
76	34	90	46	87280.000	35
76	35	90	43	119725.000	32
76	36	90	63	14556.000	24
76	37	90	69	7736.000	19
76	38	90	75	4111.000	9
76	39	90	84	1593.000	2
76	40	90	89	940.000	0
77	0	90	1	10000000.000	77
77	1	90	1	10000000.000	77
77	2	90	1	10000000.000	77
77	3	90	1	10000000.000	77
77	4	90	2	9000000.000	77
77	5	90	2	9000000.000	77
77	6	90	2	9000000.000	77
77	7	90	4	7290000.000	77
77	8	90	3	8100000.000	77
77	9	90	5	6561000.000	77
77	10	90	7	5314410.000	77
77	11	90	6	5904900.000	77
77	12	90	10	3874205.000	77
77	13	90	11	3486784.000	77
77	14	90	10	3874205.000	77
77	15	90	9	4304672.000	77
77	16	90	12	3138106.000	77
77	17	90	14	2541866.000	75
77	18	90	13	2824295.000	74
77	19	90	13	2824295.000	74
77	20	90	13	2824295.000	72
77	21	90	12	3138106.000	71
77	22	90	12	3138106.000	69
77	23	90	13	2824295.000	68
77	24	90	14	2541866.000	65
77	25	90	15	2287679.000	65
77	26	90	17	1853020.000	61
77	27	90	13	2824295.000	60
77	28	90	19	1500946.000	57
77	29	90	20	1350852.000	55
77	30	90	25	797664.000	51
77	31	90	26	717898.000	49
77	32	90	38	202756.000	44
77	33	90	36	250316.000	41
77	34	90	38	202756.000	35
77	35	90	49	63627.000	32
77	36	90	66	10611.000	24
77	37	90	82	1966.000	19
77	38	90	81	2185.000	9
77	39	90	85	1433.000	2
77	40	90	80	2427.000	0
78	0	90	2	9000000.000	78
78	1	90	2	9000000.000	78
78	2	90	2	9000000.000	78
78	3	90	1	10000000.000	78
78	4	90	2	9000000.000	78
78	5	90	2	9000000.000	78
78	6	90	2	9000000.000	78
78	7	90	6	5904900.000	78
78	8	90	5	6561000.000	78
78	9	90	7	5314410.000	78
78	10	90	6	5904900.000	78
78	11	90	8	4782969.000	78
78	12	90	11	3486784.000	78
78	13	90	13	2824295.000	78
78	14	90	11	3486784.000	78
78	15	90	11	3486784.000	78
78	16	90	11	3486784.000	76
78	17	90	14	2541866.000	76
78	18	90	12	3138106.000	74
78	19	90	15	2287679.000	74
78	20	90	12	3138106.000	72
78	21	90	14	2541866.000	71
78	22	90	13	2824295.000	69
78	23	90	11	3486784.000	68
78	24	90	13	2824295.000	65
78	25	90	19	1500946.000	65
78	26	90	18	1667718.000	61
78	27	90	12	3138106.000	60
78	28	90	15	2287679.000	57
78	29	90	19	1500946.000	55
78	30	90	20	1350852.000	51
78	31	90	30	471013.000	49
78	32	90	32	381520.000	44
78	33	90	35	278128.000	41
78	34	90	53	41746.000	35
78	35	90	55	33814.000	32
78	36	90	57	27389.000	24
78	37	90	65	11790.000	19
78	38	90	77	3330.000	9
78	39	90	82	1966.000	2
78	40	90	84	1593.000	0
79	0	90	3	8100000.000	79
79	1	90	4	7290000.000	79
79	2	90	3	8100000.000	79
79	3	90	3	8100000.000	79
79	4	90	3	8100000.000	79
79	5	90	4	7290000.000	79
79	6	90	4	7290000.000	79
79	7	90	5	6561000.000	79
79	8	90	6	5904900.000	79
79	9	90	7	5314410.000	79
79	10	90	9	4304672.000	79
79	11	90	7	5314410.000	79
79	12	90	12	3138106.000	79
79	13	90	13	2824295.000	79
79	14	90	11	3486784.000	79
79	15	90	12	3138106.000	79
79	16	90	12	3138106.000	77
79	17	90	13	2824295.000	76
79	18	90	13	2824295.000	74
79	19	90	15	2287679.000	74
79	20	90	13	2824295.000	72
79	21	90	12	3138106.000	71
79	22	90	16	2058911.000	69
79	23	90	12	3138106.000	68
79	24	90	15	2287679.000	65
79	25	90	13	2824295.000	65
79	26	90	16	2058911.000	61
79	27	90	23	984771.000	60
79	28	90	15	2287679.000	57
79	29	90	20	1350852.000	55
79	30	90	26	717898.000	51
79	31	90	27	646108.000	49
79	32	90	39	182480.000	44
79	33	90	32	381520.000	41
79	34	90	46	87280.000	35
79	35	90	48	70697.000	32
79	36	90	59	22185.000	24
79	37	90	71	6266.000	19
79	38	90	70	6962.000	9
79	39	90	82	1966.000	2
79	40	90	86	1290.000	0
80	0	90	4	7290000.000	80
80	1	90	4	7290000.000	80
80	2	90	4	7290000.000	80
80	3	90	4	7290000.000	80
80	4	90	4	7290000.000	80
80	5	90	6	5904900.000	80
80	6	90	5	6561000.000	80
80	7	90	6	5904900.000	80
80	8	90	9	4304672.000	80
80	9	90	8	4782969.000	80
80	10	90	8	4782969.000	80
80	11	90	11	3486784.000	80
80	12	90	13	2824295.000	80
80	13	90	12	3138106.000	80
80	14	90	12	3138106.000	78
80	15	90	13	2824295.000	78
80	16	90	7	5314410.000	77
80	17	90	16	2058911.000	76
80	18	90	15	2287679.000	74
80	19	90	11	3486784.000	74
80	20	90	14	2541866.000	72
80	21	90	14	2541866.000	71
80	22	90	16	2058911.000	69
80	23	90	16	2058911.000	68
80	24	90	9	4304672.000	65
80	25	90	16	2058911.000	65
80	26	90	16	2058911.000	61
80	27	90	16	2058911.000	60
80	28	90	18	1667718.000	57
80	29	90	18	1667718.000	55
80	30	90	23	984771.000	51
80	31	90	26	717898.000	49
80	32	90	32	381520.000	44
80	33	90	38	202756.000	41
80	34	90	52	46384.000	35
80	35	90	54	37571.000	32
80	36	90	67	9550.000	24
80	37	90	75	4111.000	19
80	38	90	83	1770.000	9
80	39	90	84	1593.000	2
80	40	90	89	940.000	0
81	0	90	5	6561000.000	81
81	1	90	5	6561000.000	81
81	2	90	5	6561000.000	81
81	3	90	5	6561000.000	81
81	4	90	7	5314410.000	81
81	5	90	5	6561000.000	81
81	6	90	7	5314410.000	81
81	7	90	7	5314410.000	81
81	8	90	7	5314410.000	81
81	9	90	12	3138106.000	81
81	10	90	7	5314410.000	81
81	11	90	10	3874205.000	81
81	12	90	13	2824295.000	81
81	13	90	12	3138106.000	79
81	14	90	16	2058911.000	79
81	15	90	12	3138106.000	79
81	16	90	13	2824295.000	77
81	17	90	10	3874205.000	76
81	18	90	13	2824295.000	74
81	19	90	16	2058911.000	74
81	20	90	13	2824295.000	72
81	21	90	13	2824295.000	71
81	22	90	15	2287679.000	69
81	23	90	8	4782969.000	68
81	24	90	12	3138106.000	65
81	25	90	13	2824295.000	65
81	26	90	11	3486784.000	61
81	27	90	17	1853020.000	60
81	28	90	18	1667718.000	57
81	29	90	23	984771.000	55
81	30	90	22	1094190.000	51
81	31	90	25	797664.000	49
81	32	90	37	225284.000	44
81	33	90	35	278128.000	41
81	34	90	48	70697.000	35
81	35	90	63	14556.000	32
81	36	90	73	5075.000	24
81	37	90	75	4111.000	19
81	38	90	83	1770.000	9
81	39	90	85	1433.000	2
81	40	90	87	1161.000	0
82	0	90	6	5904900.000	82
82	1	90	6	5904900.000	82
82	2	90	6	5904900.000	82
82	3	90	7	5314410.000	82
82	4	90	6	5904900.000	82
82	5	90	8	4782969.000	82
82	6	90	7	5314410.000	82
82	7	90	10	3874205.000	82
82	8	90	9	4304672.000	82
82	9	90	12	3138106.000	82
82	10	90	13	2824295.000	82
82	11	90	14	2541866.000	82
82	12	90	11	3486784.000	80
82	13	90	15	2287679.000	80
82	14	90	17	1853020.000	79
82	15	90	12	3138106.000	79
82	16	90	9	4304672.000	77
82	17	90	11	3486784.000	76
82	18	90	13	2824295.000	74
82	19	90	12	3138106.000	74
82	20	90	8	4782969.000	72
82	21	90	14	2541866.000	71
82	22	90	15	2287679.000	69
82	23	90	13	2824295.000	68
82	24	90	13	2824295.000	65
82	25	90	13	2824295.000	65
82	26	90	15	2287679.000	61
82	27	90	18	1667718.000	60
82	28	90	20	1350852.000	57
82	29	90	24	886294.000	55
82	30	90	28	581497.000	51
82	31	90	34	309032.000	49
82	32	90	28	581497.000	44
82	33	90	35	278128.000	41
82	34	90	49	63627.000	35
82	35	90	63	14556.000	32
82	36	90	66	10611.000	24
82	37	90	75	4111.000	19
82	38	90	76	3700.000	9
82	39	90	83	1770.000	2
82	40	90	83	1770.000	0
83	0	90	7	5314410.000	83
83	1	90	7	5314410.000	83
83	2	90	7	5314410.000	83
83	3	90	7	5314410.000	83
83	4	90	7	5314410.000	83
83	5	90	8	4782969.000	83
83	6	90	9	4304672.000	83
83	7	90	10	3874205.000	83
83	8	90	8	4782969.000	83
83	9	90	9	4304672.000	83
83	10	90	10	3874205.000	81
83	11	90	10	3874205.000	81
83	12	90	13	2824295.000	81
83	13	90	12	3138106.000	80
83	14	90	15	2287679.000	79
83	15	90	14	2541866.000	79
83	16	90	13	2824295.000	77
83	17	90	11	3486784.000	76
83	18	90	17	1853020.000	74
83	19	90	15	2287679.000	74
83	20	90	12	3138106.000	72
83	21	90	15	2287679.000	71
83	22	90	12	3138106.000	69
83	23	90	19	1500946.000	68
83	24	90	12	3138106.000	65
83	25	90	16	2058911.000	65
83	26	90	17	1853020.000	61
83	27	90	15	2287679.000	60
83	28	90	24	886294.000	57
83	29	90	23	984771.000	55
83	30	90	24	886294.000	51
83	31	90	34	309032.000	49
83	32	90	33	343368.000	44
83	33	90	42	133028.000	41
83	34	90	50	57264.000	35
83	35	90	52	46384.000	32
83	36	90	73	5075.000	24
83	37	90	73	5075.000	19
83	38	90	77	3330.000	9
83	39	90	81	2185.000	2
83	40	90	88	1045.000	0
84	0	90	8	4782969.000	84
84	1	90	8	4782969.000	84
84	2	90	8	4782969.000	84
84	3	90	8	4782969.000	84
84	4	90	8	4782969.000	84
84	5	90	9	4304672.000	84
84	6	90	9	4304672.000	84
84	7	90	9	4304672.000	84
84	8	90	12	3138106.000	84
84	9	90	12	3138106.000	84
84	10	90	11	3486784.000	82
84	11	90	12	3138106.000	82
84	12	90	13	2824295.000	81
84	13	90	10	3874205.000	80
84	14	90	13	2824295.000	79
84	15	90	14	2541866.000	79
84	16	90	12	3138106.000	77
84	17	90	13	2824295.000	76
84	18	90	15	2287679.000	74
84	19	90	17	1853020.000	74
84	20	90	13	2824295.000	72
84	21	90	17	1853020.000	71
84	22	90	12	3138106.000	69
84	23	90	14	2541866.000	68
84	24	90	12	3138106.000	65
84	25	90	20	1350852.000	65
84	26	90	17	1853020.000	61
84	27	90	26	717898.000	60
84	28	90	23	984771.000	57
84	29	90	18	1667718.000	55
84	30	90	25	797664.000	51
84	31	90	26	717898.000	49
84	32	90	33	343368.000	44
84	33	90	42	133028.000	41
84	34	90	48	70697.000	35
84	35	90	60	19967.000	32
84	36	90	60	19967.000	24
84	37	90	77	3330.000	19
84	38	90	82	1966.000	9
84	39	90	83	1770.000	2
84	40	90	80	2427.000	0
85	0	90	9	4304672.000	85
85	1	90	9	4304672.000	85
85	2	90	9	4304672.000	85
85	3	90	9	4304672.000	85
85	4	90	10	3874205.000	85
85	5	90	9	4304672.000	85
85	6	90	10	3874205.000	85
85	7	90	12	3138106.000	85
85	8	90	11	3486784.000	83
85	9	90	11	3486784.000	83
85	10	90	13	2824295.000	82
85	11	90	14	2541866.000	82
85	12	90	11	3486784.000	81
85	13	90	14	2541866.000	80
85	14	90	11	3486784.000	79
85	15	90	11	3486784.000	79
85	16	90	10	3874205.000	77
85	17	90	17	1853020.000	76
85	18	90	10	3874205.000	74
85	19	90	13	2824295.000	74
85	20	90	12	3138106.000	72
85	21	90	18	1667718.000	71
85	22	90	14	2541866.000	69
85	23	90	17	1853020.000	68
85	24	90	12	3138106.000	65
85	25	90	20	1350852.000	65
85	26	90	14	2541866.000	61
85	27	90	22	1094190.000	60
85	28	90	22	1094190.000	57
85	29	90	21	1215767.000	55
85	30	90	32	381520.000	51
85	31	90	28	581497.000	49
85	32	90	36	250316.000	44
85	33	90	46	87280.000	41
85	34	90	45	96977.000	35
85	35	90	60	19967.000	32
85	36	90	62	16173.000	24
85	37	90	74	4568.000	19
85	38	90	83	1770.000	9
85	39	90	80	2427.000	2
85	40	90	82	1966.000	0
86	0	90	10	3874205.000	86
86	1	90	10	3874205.000	86
86	2	90	10	3874205.000	86
86	3	90	10	3874205.000	86
86	4	90	10	3874205.000	86
86	5	90	10	3874205.000	86
86	6	90	10	3874205.000	84
86	7	90	11	3486784.000	84
86	8	90	11	3486784.000	84
86	9	90	14	2541866.000	84
86	10	90	12	3138106.000	82
86	11	90	13	2824295.000	82
86	12	90	16	2058911.000	81
86	13	90	12	3138106.000	80
86	14	90	14	2541866.000	79
86	15	90	13	2824295.000	79
86	16	90	13	2824295.000	77
86	17	90	14	2541866.000	76
86	18	90	11	3486784.000	74
86	19	90	13	2824295.000	74
86	20	90	11	3486784.000	72
86	21	90	13	2824295.000	71
86	22	90	16	2058911.000	69
86	23	90	17	1853020.000	68
86	24	90	17	1853020.000	65
86	25	90	20	1350852.000	65
86	26	90	20	1350852.000	61
86	27	90	21	1215767.000	60
86	28	90	20	1350852.000	57
86	29	90	27	646108.000	55
86	30	90	28	581497.000	51
86	31	90	42	133028.000	49
86	32	90	40	164232.000	44
86	33	90	41	147809.000	41
86	34	90	54	37571.000	35
86	35	90	60	19967.000	32
86	36	90	68	8595.000	24
86	37	90	69	7736.000	19
86	38	90	71	6266.000	9
86	39	90	86	1290.000	2
86	40	90	85	1433.000	0
87	0	90	11	3486784.000	87
87	1	90	11	3486784.000	87
87	2	90	11	3486784.000	87
87	3	90	12	3138106.000	87
87	4	90	10	3874205.000	85
87	5	90	11	3486784.000	85
87	6	90	12	3138106.000	85
87	7	90	12	3138106.000	85
87	8	90	11	3486784.000	84
87	9	90	10	3874205.000	84
87	10	90	11	3486784.000	82
87	11	90	13	2824295.000	82
87	12	90	13	2824295.000	81
87	13	90	15	2287679.000	80
87	14	90	13	2824295.000	79
87	15	90	15	2287679.000	79
87	16	90	11	3486784.000	77
87	17	90	13	2824295.000	76
87	18	90	16	2058911.000	74
87	19	90	15	2287679.000	74
87	20	90	11	3486784.000	72
87	21	90	13	2824295.000	71
87	22	90	13	2824295.000	69
87	23	90	19	1500946.000	68
87	24	90	17	1853020.000	65
87	25	90	20	1350852.000	65
87	26	90	17	1853020.000	61
87	27	90	21	1215767.000	60
87	28	90	23	984771.000	57
87	29	90	24	886294.000	55
87	30	90	28	581497.000	51
87	31	90	34	309032.000	49
87	32	90	36	250316.000	44
87	33	90	47	78552.000	41
87	34	90	51	51538.000	35
87	35	90	58	24650.000	32
87	36	90	69	7736.000	24
87	37	90	73	5075.000	19
87	38	90	82	1966.000	9
87	39	90	87	1161.000	2
87	40	90	92	686.000	0
88	0	90	12	3138106.000	88
88	1	90	12	3138106.000	88
88	2	90	11	3486784.000	86
88	3	90	11	3486784.000	86
88	4	90	11	3486784.000	86
88	5	90	11	3486784.000	86
88	6	90	13	2824295.000	85
88	7	90	12	3138106.000	85
88	8	90	13	2824295.000	84
88	9	90	15	2287679.000	84
88	10	90	11	3486784.000	82
88	11	90	13	2824295.000	82
88	12	90	11	3486784.000	81
88	13	90	13	2824295.000	80
88	14	90	13	2824295.000	79
88	15	90	13	2824295.000	79
88	16	90	15	2287679.000	77
88	17	90	11	3486784.000	76
88	18	90	12	3138106.000	74
88	19	90	15	2287679.000	74
88	20	90	12	3138106.000	72
88	21	90	14	2541866.000	71
88	22	90	9	4304672.000	69
88	23	90	15	2287679.000	68
88	24	90	20	1350852.000	65
88	25	90	21	1215767.000	65
88	26	90	15	2287679.000	61
88	27	90	20	1350852.000	60
88	28	90	21	1215767.000	57
88	29	90	18	1667718.000	55
88	30	90	31	423912.000	51
88	31	90	27	646108.000	49
88	32	90	48	70697.000	44
88	33	90	50	57264.000	41
88	34	90	58	24650.000	35
88	35	90	59	22185.000	32
88	36	90	73	5075.000	24
88	37	90	78	2997.000	19
88	38	90	85	1433.000	9
88	39	90	90	846.000	2
88	40	90	86	1290.000	0
89	0	90	13	2824295.000	89
89	1	90	13	2824295.000	89
89	2	90	13	2824295.000	87
89	3	90	12	3138106.000	87
89	4	90	13	2824295.000	86
89	5	90	12	3138106.000	86
89	6	90	12	3138106.000	85
89	7	90	11	3486784.000	85
89	8	90	12	3138106.000	84
89	9	90	14	2541866.000	84
89	10	90	13	2824295.000	82
89	11	90	16	2058911.000	82
89	12	90	13	2824295.000	81
89	13	90	12	3138106.000	80
89	14	90	12	3138106.000	79
89	15	90	13	2824295.000	79
89	16	90	13	2824295.000	77
89	17	90	9	4304672.000	76
89	18	90	12	3138106.000	74
89	19	90	17	1853020.000	74
89	20	90	16	2058911.000	72
89	21	90	13	2824295.000	71
89	22	90	16	2058911.000	69
89	23	90	13	2824295.000	68
89	24	90	14	2541866.000	65
89	25	90	13	2824295.000	65
89	26	90	21	1215767.000	61
89	27	90	21	1215767.000	60
89	28	90	22	1094190.000	57
89	29	90	19	1500946.000	55
89	30	90	30	471013.000	51
89	31	90	37	225284.000	49
89	32	90	43	119725.000	44
89	33	90	47	78552.000	41
89	34	90	57	27389.000	35
89	35	90	61	17970.000	32
89	36	90	59	22185.000	24
89	37	90	79	2697.000	19
89	38	90	81	2185.000	9
89	39	90	83	1770.000	2
89	40	90	85	1433.000	0
90	0	90	13	2824295.000	88
90	1	90	13	2824295.000	88
90	2	90	12	3138106.000	87
90	3	90	13	2824295.000	87
90	4	90	12	3138106.000	86
90	5	90	11	3486784.000	86
90	6	90	11	3486784.000	85
90	7	90	12	3138106.000	85
90	8	90	11	3486784.000	84
90	9	90	11	3486784.000	84
90	10	90	12	3138106.000	82
90	11	90	12	3138106.000	82
90	12	90	14	2541866.000	81
90	13	90	12	3138106.000	80
90	14	90	13	2824295.000	79
90	15	90	14	2541866.000	79
90	16	90	13	2824295.000	77
90	17	90	13	2824295.000	76
90	18	90	15	2287679.000	74
90	19	90	14	2541866.000	74
90	20	90	12	3138106.000	72
90	21	90	14	2541866.000	71
90	22	90	13	2824295.000	69
90	23	90	17	1853020.000	68
90	24	90	17	1853020.000	65
90	25	90	22	1094190.000	65
90	26	90	25	797664.000	61
90	27	90	21	1215767.000	60
90	28	90	27	646108.000	57
90	29	90	35	278128.000	55
90	30	90	37	225284.000	51
90	31	90	34	309032.000	49
90	32	90	43	119725.000	44
90	33	90	45	96977.000	41
90	34	90	57	27389.000	35
90	35	90	71	6266.000	32
90	36	90	67	9550.000	24
90	37	90	78	2997.000	19
90	38	90	82	1966.000	9
90	39	90	87	1161.000	2
90	40	90	89	940.000	0
91	0	90	14	2541866.000	89
91	1	90	14	2541866.000	89
91	2	90	12	3138106.000	87
91	3	90	12	3138106.000	87
91	4	90	11	3486784.000	86
91	5	90	12	3138106.000	86
91	6	90	12	3138106.000	85
91	7	90	13	2824295.000	85
91	8	90	13	2824295.000	84
91	9	90	12	3138106.000	84
91	10	90	12	3138106.000	82
91	11	90	13	2824295.000	82
91	12	90	14	2541866.000	81
91	13	90	15	2287679.000	80
91	14	90	15	2287679.000	79
91	15	90	17	1853020.000	79
91	16	90	13	2824295.000	77
91	17	90	14	2541866.000	76
91	18	90	15	2287679.000	74
91	19	90	12	3138106.000	74
91	20	90	12	3138106.000	72
91	21	90	17	1853020.000	71
91	22	90	14	2541866.000	69
91	23	90	10	3874205.000	68
91	24	90	16	2058911.000	65
91	25	90	20	1350852.000	65
91	26	90	22	1094190.000	61
91	27	90	23	984771.000	60
91	28	90	26	717898.000	57
91	29	90	28	581497.000	55
91	30	90	32	381520.000	51
91	31	90	35	278128.000	49
91	32	90	40	164232.000	44
91	33	90	46	87280.000	41
91	34	90	49	63627.000	35
91	35	90	64	13100.000	32
91	36	90	68	8595.000	24
91	37	90	72	5639.000	19
91	38	90	81	2185.000	9
91	39	90	88	1045.000	2
91	40	90	89	940.000	0
92	0	90	14	2541866.000	89
92	1	90	15	2287679.000	89
92	2	90	12	3138106.000	87
92	3	90	12	3138106.000	87
92	4	90	11	3486784.000	86
92	5	90	13	2824295.000	86
92	6	90	14	2541866.000	85
92	7	90	12	3138106.000	85
92	8	90	13	2824295.000	84
92	9	90	14	2541866.000	84
92	10	90	12	3138106.000	82
92	11	90	14	2541866.000	82
92	12	90	9	4304672.000	81
92	13	90	12	3138106.000	80
92	14	90	13	2824295.000	79
92	15	90	11	3486784.000	79
92	16	90	11	3486784.000	77
92	17	90	17	1853020.000	76
92	18	90	13	2824295.000	74
92	19	90	14	2541866.000	74
92	20	90	15	2287679.000	72
92	21	90	16	2058911.000	71
92	22	90	11	3486784.000	69
92	23	90	16	2058911.000	68
92	24	90	18	1667718.000	65
92	25	90	16	2058911.000	65
92	26	90	19	1500946.000	61
92	27	90	20	1350852.000	60
92	28	90	29	523348.000	57
92	29	90	29	523348.000	55
92	30	90	28	581497.000	51
92	31	90	45	96977.000	49
92	32	90	42	133028.000	44
92	33	90	49	63627.000	41
92	34	90	60	19967.000	35
92	35	90	59	22185.000	32
92	36	90	59	22185.000	24
92	37	90	75	4111.000	19
92	38	90	81	2185.000	9
92	39	90	89	940.000	2
92	40	90	86	1290.000	0
93	0	90	15	2287679.000	89
93	1	90	14	2541866.000	89
93	2	90	12	3138106.000	87
93	3	90	13	2824295.000	87
93	4	90	11	3486784.000	86
93	5	90	11	3486784.000	86
93	6	90	10	3874205.000	85
93	7	90	13	2824295.000	85
93	8	90	15	2287679.000	84
93	9	90	14	2541866.000	84
93	10	90	13	2824295.000	82
93	11	90	15	2287679.000	82
93	12	90	15	2287679.000	81
93	13	90	16	2058911.000	80
93	14	90	12	3138106.000	79
93	15	90	16	2058911.000	79
93	16	90	11	3486784.000	77
93	17	90	14	2541866.000	76
93	18	90	18	1667718.000	74
93	19	90	16	2058911.000	74
93	20	90	15	2287679.000	72
93	21	90	16	2058911.000	71
93	22	90	15	2287679.000	69
93	23	90	19	1500946.000	68
93	24	90	22	1094190.000	65
93	25	90	20	1350852.000	65
93	26	90	23	984771.000	61
93	27	90	26	717898.000	60
93	28	90	25	797664.000	57
93	29	90	29	523348.000	55
93	30	90	34	309032.000	51
93	31	90	42	133028.000	49
93	32	90	45	96977.000	44
93	33	90	47	78552.000	41
93	34	90	57	27389.000	35
93	35	90	68	8595.000	32
93	36	90	69	7736.000	24
93	37	90	72	5639.000	19
93	38	90	87	1161.000	9
93	39	90	90	846.000	2
93	40	90	91	762.000	0
94	0	90	14	2541866.000	89
94	1	90	14	2541866.000	89
94	2	90	12	3138106.000	87
94	3	90	12	3138106.000	87
94	4	90	13	2824295.000	86
94	5	90	13	2824295.000	86
94	6	90	14	2541866.000	85
94	7	90	13	2824295.000	85
94	8	90	14	2541866.000	84
94	9	90	14	2541866.000	84
94	10	90	12	3138106.000	82
94	11	90	13	2824295.000	82
94	12	90	15	2287679.000	81
94	13	90	14	2541866.000	80
94	14	90	13	2824295.000	79
94	15	90	15	2287679.000	79
94	16	90	12	3138106.000	77
94	17	90	13	2824295.000	76
94	18	90	14	2541866.000	74
94	19	90	16	2058911.000	74
94	20	90	13	2824295.000	72
94	21	90	16	2058911.000	71
94	22	90	20	1350852.000	69
94	23	90	20	1350852.000	68
94	24	90	16	2058911.000	65
94	25	90	25	797664.000	65
94	26	90	25	797664.000	61
94	27	90	29	523348.000	60
94	28	90	31	423912.000	57
94	29	90	32	381520.000	55
94	30	90	33	343368.000	51
94	31	90	39	182480.000	49
94	32	90	39	182480.000	44
94	33	90	48	70697.000	41
94	34	90	46	87280.000	35
94	35	90	71	6266.000	32
94	36	90	70	6962.000	24
94	37	90	77	3330.000	19
94	38	90	84	1593.000	9
94	39	90	87	1161.000	2
94	40	90	89	940.000	0
95	0	90	15	2287679.000	89
95	1	90	14	2541866.000	89
95	2	90	12	3138106.000	87
95	3	90	14	2541866.000	87
95	4	90	12	3138106.000	86
95	5	90	13	2824295.000	86
95	6	90	15	2287679.000	85
95	7	90	13	2824295.000	85
95	8	90	15	2287679.000	84
95	9	90	11	3486784.000	84
95	10	90	12	3138106.000	82
95	11	90	14	2541866.000	82
95	12	90	14	2541866.000	81
95	13	90	16	2058911.000	80
95	14	90	11	3486784.000	79
95	15	90	15	2287679.000	79
95	16	90	13	2824295.000	77
95	17	90	17	1853020.000	76
95	18	90	12	3138106.000	74
95	19	90	14	2541866.000	74
95	20	90	16	2058911.000	72
95	21	90	14	2541866.000	71
95	22	90	19	1500946.000	69
95	23	90	17	1853020.000	68
95	24	90	21	1215767.000	65
95	25	90	22	1094190.000	65
95	26	90	24	886294.000	61
95	27	90	29	523348.000	60
95	28	90	26	717898.000	57
95	29	90	37	225284.000	55
95	30	90	36	250316.000	51
95	31	90	45	96977.000	49
95	32	90	51	51538.000	44
95	33	90	59	22185.000	41
95	34	90	62	16173.000	35
95	35	90	68	8595.000	32
95	36	90	71	6266.000	24
95	37	90	77	3330.000	19
95	38	90	84	1593.000	9
95	39	90	87	1161.000	2
95	40	90	92	686.000	0
96	0	90	14	2541866.000	89
96	1	90	14	2541866.000	89
96	2	90	12	3138106.000	87
96	3	90	12	3138106.000	87
96	4	90	12	3138106.000	86
96	5	90	11	3486784.000	86
96	6	90	11	3486784.000	85
96	7	90	11	3486784.000	85
96	8	90	13	2824295.000	84
96	9	90	13	2824295.000	84
96	10	90	12	3138106.000	82
96	11	90	16	2058911.000	82
96	12	90	15	2287679.000	81
96	13	90	13	2824295.000	80
96	14	90	14	2541866.000	79
96	15	90	15	2287679.000	79
96	16	90	14	2541866.000	77
96	17	90	14	2541866.000	76
96	18	90	15	2287679.000	74
96	19	90	20	1350852.000	74
96	20	90	16	2058911.000	72
96	21	90	21	1215767.000	71
96	22	90	22	1094190.000	69
96	23	90	19	1500946.000	68
96	24	90	17	1853020.000	65
96	25	90	22	1094190.000	65
96	26	90	23	984771.000	61
96	27	90	25	797664.000	60
96	28	90	23	984771.000	57
96	29	90	31	423912.000	55
96	30	90	36	250316.000	51
96	31	90	43	119725.000	49
96	32	90	50	57264.000	44
96	33	90	53	41746.000	41
96	34	90	59	22185.000	35
96	35	90	61	17970.000	32
96	36	90	73	5075.000	24
96	37	90	76	3700.000	19
96	38	90	87	1161.000	9
96	39	90	85	1433.000	2
96	40	90	82	1966.000	0
97	0	90	15	2287679.000	89
97	1	90	16	2058911.000	89
97	2	90	13	2824295.000	87
97	3	90	12	3138106.000	87
97	4	90	11	3486784.000	86
97	5	90	11	3486784.000	86
97	6	90	12	3138106.000	85
97	7	90	12	3138106.000	85
97	8	90	12	3138106.000	84
97	9	90	14	2541866.000	84
97	10	90	13	2824295.000	82
97	11	90	14	2541866.000	82
97	12	90	13	2824295.000	81
97	13	90	12	3138106.000	80
97	14	90	11	3486784.000	79
97	15	90	18	1667718.000	79
97	16	90	15	2287679.000	77
97	17	90	17	1853020.000	76
97	18	90	16	2058911.000	74
97	19	90	13	2824295.000	74
97	20	90	17	1853020.000	72
97	21	90	15	2287679.000	71
97	22	90	14	2541866.000	69
97	23	90	22	1094190.000	68
97	24	90	21	1215767.000	65
97	25	90	20	1350852.000	65
97	26	90	24	886294.000	61
97	27	90	39	182480.000	60
97	28	90	31	423912.000	57
97	29	90	30	471013.000	55
97	30	90	40	164232.000	51
97	31	90	52	46384.000	49
97	32	90	48	70697.000	44
97	33	90	54	37571.000	41
97	34	90	54	37571.000	35
97	35	90	66	10611.000	32
97	36	90	77	3330.000	24
97	37	90	74	4568.000	19
97	38	90	85	1433.000	9
97	39	90	86	1290.000	2
97	40	90	91	762.000	0
98	0	90	14	2541866.000	89
98	1	90	14	2541866.000	89
98	2	90	12	3138106.000	87
98	3	90	12	3138106.000	87
98	4	90	12	3138106.000	86
98	5	90	14	2541866.000	86
98	6	90	12	3138106.000	85
98	7	90	11	3486784.000	85
98	8	90	13	2824295.000	84
98	9	90	15	2287679.000	84
98	10	90	10	3874205.000	82
98	11	90	13	2824295.000	82
98	12	90	15	2287679.000	81
98	13	90	13	2824295.000	80
98	14	90	14	2541866.000	79
98	15	90	16	2058911.000	79
98	16	90	16	2058911.000	77
98	17	90	15	2287679.000	76
98	18	90	14	2541866.000	74
98	19	90	18	1667718.000	74
98	20	90	18	1667718.000	72
98	21	90	20	1350852.000	71
98	22	90	16	2058911.000	69
98	23	90	15	2287679.000	68
98	24	90	14	2541866.000	65
98	25	90	27	646108.000	65
98	26	90	20	1350852.000	61
98	27	90	30	471013.000	60
98	28	90	27	646108.000	57
98	29	90	41	147809.000	55
98	30	90	45	96977.000	51
98	31	90	42	133028.000	49
98	32	90	51	51538.000	44
98	33	90	55	33814.000	41
98	34	90	53	41746.000	35
98	35	90	52	46384.000	32
98	36	90	77	3330.000	24
98	37	90	82	1966.000	19
98	38	90	87	1161.000	9
98	39	90	87	1161.000	2
98	40	90	91	762.000	0
99	0	90	14	2541866.000	89
99	1	90	14	2541866.000	89
99	2	90	14	2541866.000	87
99	3	90	12	3138106.000	87
99	4	90	11	3486784.000	86
99	5	90	13	2824295.000	86
99	6	90	12	3138106.000	85
99	7	90	12	3138106.000	85
99	8	90	15	2287679.000	84
99	9	90	13	2824295.000	84
99	10	90	11	3486784.000	82
99	11	90	11	3486784.000	82
99	12	90	13	2824295.000	81
99	13	90	12	3138106.000	80
99	14	90	15	2287679.000	79
99	15	90	16	2058911.000	79
99	16	90	11	3486784.000	77
99	17	90	16	2058911.000	76
99	18	90	17	1853020.000	74
99	19	90	18	1667718.000	74
99	20	90	15	2287679.000	72
99	21	90	20	1350852.000	71
99	22	90	26	717898.000	69
99	23	90	20	1350852.000	68
99	24	90	24	886294.000	65
99	25	90	25	797664.000	65
99	26	90	23	984771.000	61
99	27	90	25	797664.000	60
99	28	90	35	278128.000	57
99	29	90	40	164232.000	55
99	30	90	41	147809.000	51
99	31	90	49	63627.000	49
99	32	90	49	63627.000	44
99	33	90	60	19967.000	41
99	34	90	67	9550.000	35
99	35	90	68	8595.000	32
99	36	90	82	1966.000	24
99	37	90	75	4111.000	19
99	38	90	83	1770.000	9
99	39	90	90	846.000	2
99	40	90	92	686.000	0
100	0	90	15	2287679.000	89
100	1	90	15	2287679.000	89
100	2	90	14	2541866.000	87
100	3	90	14	2541866.000	87
100	4	90	12	3138106.000	86
100	5	90	12	3138106.000	86
100	6	90	11	3486784.000	85
100	7	90	12	3138106.000	85
100	8	90	14	2541866.000	84
100	9	90	12	3138106.000	84
100	10	90	12	3138106.000	82
100	11	90	14	2541866.000	82
100	12	90	12	3138106.000	81
100	13	90	12	3138106.000	80
100	14	90	14	2541866.000	79
100	15	90	17	1853020.000	79
100	16	90	18	1667718.000	77
100	17	90	16	2058911.000	76
100	18	90	21	1215767.000	74
100	19	90	18	1667718.000	74
100	20	90	19	1500946.000	72
100	21	90	20	1350852.000	71
100	22	90	18	1667718.000	69
100	23	90	18	1667718.000	68
100	24	90	24	886294.000	65
100	25	90	30	471013.000	65
100	26	90	29	523348.000	61
100	27	90	32	381520.000	60
100	28	90	43	119725.000	57
100	29	90	29	523348.000	55
100	30	90	40	164232.000	51
100	31	90	46	87280.000	49
100	32	90	55	33814.000	44
100	33	90	61	17970.000	41
100	34	90	71	6266.000	35
100	35	90	68	8595.000	32
100	36	90	69	7736.000	24
100	37	90	78	2997.000	19
100	38	90	83	1770.000	9
100	39	90	87	1161.000	2
100	40	90	88	1045.000	0
987847 ms
