10	0	4	0	250000000.000
10	1	4	6	132860250.000
10	2	4	13	63546646.000
10	3	4	15	51472783.000
10	4	4	29	11775322.000
10	5	4	32	8584210.000
10	6	4	33	7725789.000
10	7	4	39	4105801.000
10	8	4	43	2693816.000
10	9	4	41	3325699.000
10	10	4	39	4105801.000
10	11	4	54	845348.000
10	12	4	55	760813.000
10	13	4	61	404327.000
10	14	4	52	1043639.000
10	15	4	57	616259.000
10	16	4	65	265279.000
10	17	4	68	193389.000
10	18	4	65	265279.000
10	19	4	78	67430.000
10	20	4	69	174050.000
10	21	4	64	294755.000
10	22	4	78	67430.000
10	23	4	70	156645.000
10	24	4	82	44241.000
10	25	4	71	140980.000
10	26	4	76	83247.000
10	27	4	81	49157.000
10	28	4	79	60687.000
10	29	4	83	39817.000
10	30	4	78	67430.000
10	31	4	77	74923.000
10	32	4	85	32252.000
10	33	4	75	92497.000
10	34	4	83	39817.000
10	35	4	86	29027.000
10	36	4	83	39817.000
10	37	4	92	15426.000
10	38	4	82	44241.000
10	39	4	91	17140.000
10	40	4	87	26124.000
11	0	4	0	250000000.000
11	1	4	8	107616803.000
11	2	4	7	119574225.000
11	3	4	15	51472783.000
11	4	4	20	30394164.000
11	5	4	26	16152705.000
11	6	4	32	8584210.000
11	7	4	37	5068890.000
11	8	4	40	3695221.000
11	9	4	40	3695221.000
11	10	4	43	2693816.000
11	11	4	45	2181991.000
11	12	4	43	2693816.000
11	13	4	61	404327.000
11	14	4	63	327505.000
11	15	4	63	327505.000
11	16	4	58	554633.000
11	17	4	61	404327.000
11	18	4	69	174050.000
11	19	4	67	214876.000
11	20	4	69	174050.000
11	21	4	65	265279.000
11	22	4	72	126882.000
11	23	4	75	92497.000
11	24	4	76	83247.000
11	25	4	68	193389.000
11	26	4	71	140980.000
11	27	4	83	39817.000
11	28	4	83	39817.000
11	29	4	78	67430.000
11	30	4	81	49157.000
11	31	4	81	49157.000
11	32	4	76	83247.000
11	33	4	91	17140.000
11	34	4	89	21160.000
11	35	4	88	23512.000
11	36	4	86	29027.000
11	37	4	91	17140.000
11	38	4	86	29027.000
11	39	4	88	23512.000
11	40	4	89	21160.000
12	0	5	0	200000000.000
12	1	5	4	131220000.000
12	2	5	17	33354363.000
12	3	5	24	15953289.000
12	4	5	36	4505680.000
12	5	5	38	3649601.000
12	6	5	49	1145283.000
12	7	5	51	927680.000
12	8	5	47	1413930.000
12	9	5	53	751420.000
12	10	5	49	1145283.000
12	11	5	61	323462.000
12	12	5	63	262004.000
12	13	5	62	291116.000
12	14	5	71	112784.000
12	15	5	80	43695.000
12	16	5	73	91355.000
12	17	5	75	73998.000
12	18	5	78	53944.000
12	19	5	82	35393.000
12	20	5	75	73998.000
12	21	5	84	28668.000
12	22	5	82	35393.000
12	23	5	85	25801.000
12	24	5	87	20899.000
12	25	5	76	66598.000
12	26	5	91	13712.000
12	27	5	86	23221.000
12	28	5	90	15235.000
12	29	5	86	23221.000
12	30	5	88	18809.000
12	31	5	86	23221.000
12	32	5	88	18809.000
12	33	5	91	13712.000
12	34	5	88	18809.000
12	35	5	89	16928.000
12	36	5	91	13712.000
12	37	5	84	28668.000
12	38	5	94	9996.000
12	39	5	95	8996.000
12	40	5	89	16928.000
13	0	5	0	200000000.000
13	1	5	9	77484098.000
13	2	5	16	37060404.000
13	3	5	23	17725876.000
13	4	5	43	2155053.000
13	5	5	42	2394503.000
13	6	5	50	1030755.000
13	7	5	51	927680.000
13	8	5	49	1145283.000
13	9	5	51	927680.000
13	10	5	56	547785.000
13	11	5	58	443706.000
13	12	5	74	82220.000
13	13	5	67	171901.000
13	14	5	64	235804.000
13	15	5	81	39325.000
13	16	5	83	31854.000
13	17	5	79	48550.000
13	18	5	81	39325.000
13	19	5	80	43695.000
13	20	5	81	39325.000
13	21	5	81	39325.000
13	22	5	77	59938.000
13	23	5	85	25801.000
13	24	5	88	18809.000
13	25	5	89	16928.000
13	26	5	88	18809.000
13	27	5	89	16928.000
13	28	5	85	25801.000
13	29	5	93	11107.000
13	30	5	88	18809.000
13	31	5	90	15235.000
13	32	5	94	9996.000
13	33	5	89	16928.000
13	34	5	84	28668.000
13	35	5	92	12341.000
13	36	5	88	18809.000
13	37	5	91	13712.000
13	38	5	91	13712.000
13	39	5	96	8097.000
13	40	5	92	12341.000
14	0	5	0	200000000.000
14	1	5	8	86093442.000
14	2	5	8	86093442.000
14	3	5	28	10466953.000
14	4	5	25	14357960.000
14	5	5	45	1745593.000
14	6	5	44	1939547.000
14	7	5	40	2956177.000
14	8	5	60	359402.000
14	9	5	52	834912.000
14	10	5	66	191001.000
14	11	5	61	323462.000
14	12	5	64	235804.000
14	13	5	68	154711.000
14	14	5	72	101506.000
14	15	5	74	82220.000
14	16	5	71	112784.000
14	17	5	78	53944.000
14	18	5	78	53944.000
14	19	5	79	48550.000
14	20	5	78	53944.000
14	21	5	85	25801.000
14	22	5	81	39325.000
14	23	5	91	13712.000
14	24	5	86	23221.000
14	25	5	78	53944.000
14	26	5	82	35393.000
14	27	5	89	16928.000
14	28	5	90	15235.000
14	29	5	92	12341.000
14	30	5	89	16928.000
14	31	5	88	18809.000
14	32	5	91	13712.000
14	33	5	86	23221.000
14	34	5	95	8996.000
14	35	5	91	13712.000
14	36	5	95	8996.000
14	37	5	90	15235.000
14	38	5	94	9996.000
14	39	5	94	9996.000
14	40	5	90	15235.000
15	0	5	0	200000000.000
15	1	5	6	106288200.000
15	2	5	13	50837317.000
15	3	5	30	8478232.000
15	4	5	33	6180631.000
15	5	5	37	4055112.000
15	6	5	43	2155053.000
15	7	5	56	547785.000
15	8	5	54	676278.000
15	9	5	54	676278.000
15	10	5	58	443706.000
15	11	5	62	291116.000
15	12	5	79	48550.000
15	13	5	71	112784.000
15	14	5	78	53944.000
15	15	5	72	101506.000
15	16	5	77	59938.000
15	17	5	78	53944.000
15	18	5	89	16928.000
15	19	5	86	23221.000
15	20	5	72	101506.000
15	21	5	83	31854.000
15	22	5	80	43695.000
15	23	5	82	35393.000
15	24	5	92	12341.000
15	25	5	90	15235.000
15	26	5	87	20899.000
15	27	5	91	13712.000
15	28	5	86	23221.000
15	29	5	89	16928.000
15	30	5	90	15235.000
15	31	5	91	13712.000
15	32	5	90	15235.000
15	33	5	92	12341.000
15	34	5	89	16928.000
15	35	5	95	8996.000
15	36	5	96	8097.000
15	37	5	94	9996.000
15	38	5	94	9996.000
15	39	5	97	7287.000
15	40	5	97	7287.000
16	0	5	0	200000000.000
16	1	5	7	95659380.000
16	2	5	13	50837317.000
16	3	5	27	11629947.000
16	4	5	34	5562568.000
16	5	5	42	2394503.000
16	6	5	47	1413930.000
16	7	5	46	1571033.000
16	8	5	54	676278.000
16	9	5	60	359402.000
16	10	5	60	359402.000
16	11	5	58	443706.000
16	12	5	60	359402.000
16	13	5	76	66598.000
16	14	5	74	82220.000
16	15	5	77	59938.000
16	16	5	74	82220.000
16	17	5	76	66598.000
16	18	5	81	39325.000
16	19	5	80	43695.000
16	20	5	79	48550.000
16	21	5	87	20899.000
16	22	5	86	23221.000
16	23	5	87	20899.000
16	24	5	84	28668.000
16	25	5	85	25801.000
16	26	5	92	12341.000
16	27	5	88	18809.000
16	28	5	90	15235.000
16	29	5	89	16928.000
16	30	5	91	13712.000
16	31	5	90	15235.000
16	32	5	83	31854.000
16	33	5	91	13712.000
16	34	5	91	13712.000
16	35	5	88	18809.000
16	36	5	92	12341.000
16	37	5	95	8996.000
16	38	5	91	13712.000
16	39	5	90	15235.000
16	40	5	96	8097.000
17	0	5	0	200000000.000
17	1	5	4	131220000.000
17	2	5	11	62762119.000
17	3	5	26	12922164.000
17	4	5	41	2660559.000
17	5	5	38	3649601.000
17	6	5	47	1413930.000
17	7	5	58	443706.000
17	8	5	58	443706.000
17	9	5	57	493007.000
17	10	5	49	1145283.000
17	11	5	58	443706.000
17	12	5	65	212223.000
17	13	5	70	125316.000
17	14	5	73	91355.000
17	15	5	79	48550.000
17	16	5	78	53944.000
17	17	5	80	43695.000
17	18	5	81	39325.000
17	19	5	85	25801.000
17	20	5	77	59938.000
17	21	5	88	18809.000
17	22	5	90	15235.000
17	23	5	86	23221.000
17	24	5	88	18809.000
17	25	5	82	35393.000
17	26	5	85	25801.000
17	27	5	88	18809.000
17	28	5	88	18809.000
17	29	5	94	9996.000
17	30	5	94	9996.000
17	31	5	94	9996.000
17	32	5	94	9996.000
17	33	5	95	8996.000
17	34	5	93	11107.000
17	35	5	92	12341.000
17	36	5	96	8097.000
17	37	5	92	12341.000
17	38	5	93	11107.000
17	39	5	89	16928.000
17	40	5	94	9996.000
18	0	5	0	200000000.000
18	1	5	14	45753585.000
18	2	5	15	41178226.000
18	3	5	27	11629947.000
18	4	5	30	8478232.000
18	5	5	41	2660559.000
18	6	5	49	1145283.000
18	7	5	45	1745593.000
18	8	5	48	1272537.000
18	9	5	55	608651.000
18	10	5	55	608651.000
18	11	5	57	493007.000
18	12	5	74	82220.000
18	13	5	79	48550.000
18	14	5	75	73998.000
18	15	5	77	59938.000
18	16	5	67	171901.000
18	17	5	74	82220.000
18	18	5	84	28668.000
18	19	5	80	43695.000
18	20	5	79	48550.000
18	21	5	82	35393.000
18	22	5	90	15235.000
18	23	5	88	18809.000
18	24	5	91	13712.000
18	25	5	87	20899.000
18	26	5	91	13712.000
18	27	5	90	15235.000
18	28	5	87	20899.000
18	29	5	87	20899.000
18	30	5	92	12341.000
18	31	5	85	25801.000
18	32	5	92	12341.000
18	33	5	93	11107.000
18	34	5	85	25801.000
18	35	5	94	9996.000
18	36	5	94	9996.000
18	37	5	94	9996.000
18	38	5	95	8996.000
18	39	5	97	7287.000
18	40	5	95	8996.000
19	0	5	0	200000000.000
19	1	5	7	95659380.000
19	2	5	17	33354363.000
19	3	5	28	10466953.000
19	4	5	29	9420257.000
19	5	5	33	6180631.000
19	6	5	50	1030755.000
19	7	5	48	1272537.000
19	8	5	57	493007.000
19	9	5	61	323462.000
19	10	5	63	262004.000
19	11	5	70	125316.000
19	12	5	63	262004.000
19	13	5	69	139240.000
19	14	5	72	101506.000
19	15	5	75	73998.000
19	16	5	85	25801.000
19	17	5	75	73998.000
19	18	5	81	39325.000
19	19	5	90	15235.000
19	20	5	88	18809.000
19	21	5	89	16928.000
19	22	5	87	20899.000
19	23	5	83	31854.000
19	24	5	88	18809.000
19	25	5	87	20899.000
19	26	5	91	13712.000
19	27	5	91	13712.000
19	28	5	91	13712.000
19	29	5	95	8996.000
19	30	5	92	12341.000
19	31	5	93	11107.000
19	32	5	96	8097.000
19	33	5	90	15235.000
19	34	5	94	9996.000
19	35	5	96	8097.000
19	36	5	94	9996.000
19	37	5	93	11107.000
19	38	5	95	8996.000
19	39	5	93	11107.000
19	40	5	95	8996.000
20	0	5	0	200000000.000
20	1	5	7	95659380.000
20	2	5	13	50837317.000
20	3	5	20	24315331.000
20	4	5	39	3284641.000
20	5	5	37	4055112.000
20	6	5	47	1413930.000
20	7	5	54	676278.000
20	8	5	50	1030755.000
20	9	5	59	399336.000
20	10	5	57	493007.000
20	11	5	70	125316.000
20	12	5	63	262004.000
20	13	5	71	112784.000
20	14	5	74	82220.000
20	15	5	79	48550.000
20	16	5	78	53944.000
20	17	5	86	23221.000
20	18	5	81	39325.000
20	19	5	83	31854.000
20	20	5	90	15235.000
20	21	5	85	25801.000
20	22	5	86	23221.000
20	23	5	84	28668.000
20	24	5	84	28668.000
20	25	5	89	16928.000
20	26	5	91	13712.000
20	27	5	93	11107.000
20	28	5	95	8996.000
20	29	5	92	12341.000
20	30	5	91	13712.000
20	31	5	94	9996.000
20	32	5	90	15235.000
20	33	5	93	11107.000
20	34	5	91	13712.000
20	35	5	95	8996.000
20	36	5	96	8097.000
20	37	5	93	11107.000
20	38	5	96	8097.000
20	39	5	97	7287.000
20	40	5	96	8097.000
21	0	5	0	200000000.000
21	1	5	13	50837317.000
21	2	5	14	45753585.000
21	3	5	28	10466953.000
21	4	5	32	6867368.000
21	5	5	40	2956177.000
21	6	5	43	2155053.000
21	7	5	45	1745593.000
21	8	5	59	399336.000
21	9	5	65	212223.000
21	10	5	58	443706.000
21	11	5	70	125316.000
21	12	5	74	82220.000
21	13	5	74	82220.000
21	14	5	71	112784.000
21	15	5	76	66598.000
21	16	5	76	66598.000
21	17	5	68	154711.000
21	18	5	73	91355.000
21	19	5	85	25801.000
21	20	5	86	23221.000
21	21	5	86	23221.000
21	22	5	84	28668.000
21	23	5	86	23221.000
21	24	5	93	11107.000
21	25	5	90	15235.000
21	26	5	84	28668.000
21	27	5	92	12341.000
21	28	5	89	16928.000
21	29	5	90	15235.000
21	30	5	83	31854.000
21	31	5	90	15235.000
21	32	5	90	15235.000
21	33	5	93	11107.000
21	34	5	97	7287.000
21	35	5	89	16928.000
21	36	5	90	15235.000
21	37	5	98	6558.000
21	38	5	91	13712.000
21	39	5	96	8097.000
21	40	5	96	8097.000
22	0	5	0	200000000.000
22	1	5	13	50837317.000
22	2	5	23	17725876.000
22	3	5	21	21883798.000
22	4	5	35	5006311.000
22	5	5	39	3284641.000
22	6	5	49	1145283.000
22	7	5	41	2660559.000
22	8	5	63	262004.000
22	9	5	59	399336.000
22	10	5	64	235804.000
22	11	5	64	235804.000
22	12	5	61	323462.000
22	13	5	70	125316.000
22	14	5	79	48550.000
22	15	5	71	112784.000
22	16	5	75	73998.000
22	17	5	68	154711.000
22	18	5	84	28668.000
22	19	5	85	25801.000
22	20	5	85	25801.000
22	21	5	85	25801.000
22	22	5	85	25801.000
22	23	5	91	13712.000
22	24	5	84	28668.000
22	25	5	93	11107.000
22	26	5	90	15235.000
22	27	5	89	16928.000
22	28	5	93	11107.000
22	29	5	90	15235.000
22	30	5	94	9996.000
22	31	5	92	12341.000
22	32	5	93	11107.000
22	33	5	93	11107.000
22	34	5	94	9996.000
22	35	5	96	8097.000
22	36	5	95	8996.000
22	37	5	95	8996.000
22	38	5	93	11107.000
22	39	5	96	8097.000
22	40	5	89	16928.000
23	0	5	0	200000000.000
23	1	5	6	106288200.000
23	2	5	17	33354363.000
23	3	5	30	8478232.000
23	4	5	28	10466953.000
23	5	5	44	1939547.000
23	6	5	45	1745593.000
23	7	5	48	1272537.000
23	8	5	57	493007.000
23	9	5	59	399336.000
23	10	5	60	359402.000
23	11	5	70	125316.000
23	12	5	60	359402.000
23	13	5	71	112784.000
23	14	5	80	43695.000
23	15	5	76	66598.000
23	16	5	81	39325.000
23	17	5	80	43695.000
23	18	5	83	31854.000
23	19	5	91	13712.000
23	20	5	84	28668.000
23	21	5	83	31854.000
23	22	5	90	15235.000
23	23	5	88	18809.000
23	24	5	90	15235.000
23	25	5	87	20899.000
23	26	5	90	15235.000
23	27	5	93	11107.000
23	28	5	90	15235.000
23	29	5	93	11107.000
23	30	5	96	8097.000
23	31	5	93	11107.000
23	32	5	93	11107.000
23	33	5	93	11107.000
23	34	5	95	8996.000
23	35	5	96	8097.000
23	36	5	95	8996.000
23	37	5	93	11107.000
23	38	5	95	8996.000
23	39	5	97	7287.000
23	40	5	94	9996.000
24	0	5	0	200000000.000
24	1	5	10	69735688.000
24	2	5	24	15953289.000
24	3	5	26	12922164.000
24	4	5	39	3284641.000
24	5	5	33	6180631.000
24	6	5	40	2956177.000
24	7	5	53	751420.000
24	8	5	49	1145283.000
24	9	5	61	323462.000
24	10	5	59	399336.000
24	11	5	67	171901.000
24	12	5	68	154711.000
24	13	5	70	125316.000
24	14	5	73	91355.000
24	15	5	80	43695.000
24	16	5	80	43695.000
24	17	5	79	48550.000
24	18	5	81	39325.000
24	19	5	83	31854.000
24	20	5	78	53944.000
24	21	5	85	25801.000
24	22	5	83	31854.000
24	23	5	80	43695.000
24	24	5	85	25801.000
24	25	5	91	13712.000
24	26	5	89	16928.000
24	27	5	88	18809.000
24	28	5	86	23221.000
24	29	5	90	15235.000
24	30	5	94	9996.000
24	31	5	95	8996.000
24	32	5	91	13712.000
24	33	5	91	13712.000
24	34	5	95	8996.000
24	35	5	94	9996.000
24	36	5	94	9996.000
24	37	5	91	13712.000
24	38	5	95	8996.000
24	39	5	94	9996.000
24	40	5	95	8996.000
25	0	5	0	200000000.000
25	1	5	12	56485907.000
25	2	5	13	50837317.000
25	3	5	25	14357960.000
25	4	5	26	12922164.000
25	5	5	37	4055112.000
25	6	5	38	3649601.000
25	7	5	46	1571033.000
25	8	5	52	834912.000
25	9	5	53	751420.000
25	10	5	67	171901.000
25	11	5	63	262004.000
25	12	5	65	212223.000
25	13	5	69	139240.000
25	14	5	87	20899.000
25	15	5	71	112784.000
25	16	5	85	25801.000
25	17	5	73	91355.000
25	18	5	85	25801.000
25	19	5	90	15235.000
25	20	5	79	48550.000
25	21	5	90	15235.000
25	22	5	90	15235.000
25	23	5	90	15235.000
25	24	5	85	25801.000
25	25	5	90	15235.000
25	26	5	92	12341.000
25	27	5	90	15235.000
25	28	5	89	16928.000
25	29	5	89	16928.000
25	30	5	96	8097.000
25	31	5	95	8996.000
25	32	5	95	8996.000
25	33	5	94	9996.000
25	34	5	96	8097.000
25	35	5	95	8996.000
25	36	5	96	8097.000
25	37	5	98	6558.000
25	38	5	96	8097.000
25	39	5	98	6558.000
25	40	5	95	8996.000
26	0	5	0	200000000.000
26	1	5	8	86093442.000
26	2	5	19	27017034.000
26	3	5	26	12922164.000
26	4	5	27	11629947.000
26	5	5	48	1272537.000
26	6	5	46	1571033.000
26	7	5	41	2660559.000
26	8	5	52	834912.000
26	9	5	56	547785.000
26	10	5	62	291116.000
26	11	5	71	112784.000
26	12	5	74	82220.000
26	13	5	68	154711.000
26	14	5	70	125316.000
26	15	5	74	82220.000
26	16	5	79	48550.000
26	17	5	80	43695.000
26	18	5	87	20899.000
26	19	5	88	18809.000
26	20	5	81	39325.000
26	21	5	86	23221.000
26	22	5	84	28668.000
26	23	5	88	18809.000
26	24	5	87	20899.000
26	25	5	89	16928.000
26	26	5	91	13712.000
26	27	5	92	12341.000
26	28	5	91	13712.000
26	29	5	91	13712.000
26	30	5	94	9996.000
26	31	5	91	13712.000
26	32	5	93	11107.000
26	33	5	88	18809.000
26	34	5	91	13712.000
26	35	5	94	9996.000
26	36	5	93	11107.000
26	37	5	96	8097.000
26	38	5	93	11107.000
26	39	5	90	15235.000
26	40	5	90	15235.000
27	0	5	0	200000000.000
27	1	5	5	118098000.000
27	2	5	20	24315331.000
27	3	5	27	11629947.000
27	4	5	38	3649601.000
27	5	5	39	3284641.000
27	6	5	51	927680.000
27	7	5	55	608651.000
27	8	5	51	927680.000
27	9	5	53	751420.000
27	10	5	67	171901.000
27	11	5	59	399336.000
27	12	5	80	43695.000
27	13	5	75	73998.000
27	14	5	68	154711.000
27	15	5	77	59938.000
27	16	5	78	53944.000
27	17	5	78	53944.000
27	18	5	87	20899.000
27	19	5	86	23221.000
27	20	5	91	13712.000
27	21	5	86	23221.000
27	22	5	79	48550.000
27	23	5	88	18809.000
27	24	5	90	15235.000
27	25	5	84	28668.000
27	26	5	89	16928.000
27	27	5	92	12341.000
27	28	5	92	12341.000
27	29	5	92	12341.000
27	30	5	94	9996.000
27	31	5	91	13712.000
27	32	5	95	8996.000
27	33	5	93	11107.000
27	34	5	94	9996.000
27	35	5	97	7287.000
27	36	5	96	8097.000
27	37	5	92	12341.000
27	38	5	91	13712.000
27	39	5	94	9996.000
27	40	5	94	9996.000
28	0	5	0	200000000.000
28	1	5	2	162000000.000
28	2	5	17	33354363.000
28	3	5	23	17725876.000
28	4	5	29	9420257.000
28	5	5	37	4055112.000
28	6	5	53	751420.000
28	7	5	46	1571033.000
28	8	5	61	323462.000
28	9	5	66	191001.000
28	10	5	59	399336.000
28	11	5	71	112784.000
28	12	5	71	112784.000
28	13	5	80	43695.000
28	14	5	65	212223.000
28	15	5	71	112784.000
28	16	5	69	139240.000
28	17	5	76	66598.000
28	18	5	81	39325.000
28	19	5	84	28668.000
28	20	5	87	20899.000
28	21	5	84	28668.000
28	22	5	85	25801.000
28	23	5	88	18809.000
28	24	5	88	18809.000
28	25	5	93	11107.000
28	26	5	91	13712.000
28	27	5	90	15235.000
28	28	5	93	11107.000
28	29	5	91	13712.000
28	30	5	98	6558.000
28	31	5	94	9996.000
28	32	5	94	9996.000
28	33	5	95	8996.000
28	34	5	93	11107.000
28	35	5	93	11107.000
28	36	5	98	6558.000
28	37	5	95	8996.000
28	38	5	96	8097.000
28	39	5	94	9996.000
28	40	5	95	8996.000
29	0	5	0	200000000.000
29	1	5	7	95659380.000
29	2	5	19	27017034.000
29	3	5	25	14357960.000
29	4	5	27	11629947.000
29	5	5	36	4505680.000
29	6	5	42	2394503.000
29	7	5	57	493007.000
29	8	5	49	1145283.000
29	9	5	72	101506.000
29	10	5	66	191001.000
29	11	5	64	235804.000
29	12	5	66	191001.000
29	13	5	65	212223.000
29	14	5	74	82220.000
29	15	5	73	91355.000
29	16	5	81	39325.000
29	17	5	83	31854.000
29	18	5	78	53944.000
29	19	5	86	23221.000
29	20	5	86	23221.000
29	21	5	86	23221.000
29	22	5	89	16928.000
29	23	5	85	25801.000
29	24	5	86	23221.000
29	25	5	90	15235.000
29	26	5	97	7287.000
29	27	5	93	11107.000
29	28	5	96	8097.000
29	29	5	88	18809.000
29	30	5	97	7287.000
29	31	5	94	9996.000
29	32	5	93	11107.000
29	33	5	96	8097.000
29	34	5	93	11107.000
29	35	5	94	9996.000
29	36	5	94	9996.000
29	37	5	94	9996.000
29	38	5	96	8097.000
29	39	5	97	7287.000
29	40	5	93	11107.000
30	0	5	0	200000000.000
30	1	5	6	106288200.000
30	2	5	14	45753585.000
30	3	5	29	9420257.000
30	4	5	34	5562568.000
30	5	5	31	7630408.000
30	6	5	51	927680.000
30	7	5	50	1030755.000
30	8	5	52	834912.000
30	9	5	52	834912.000
30	10	5	66	191001.000
30	11	5	69	139240.000
30	12	5	66	191001.000
30	13	5	66	191001.000
30	14	5	71	112784.000
30	15	5	73	91355.000
30	16	5	80	43695.000
30	17	5	78	53944.000
30	18	5	86	23221.000
30	19	5	79	48550.000
30	20	5	90	15235.000
30	21	5	83	31854.000
30	22	5	87	20899.000
30	23	5	89	16928.000
30	24	5	88	18809.000
30	25	5	96	8097.000
30	26	5	94	9996.000
30	27	5	90	15235.000
30	28	5	92	12341.000
30	29	5	93	11107.000
30	30	5	88	18809.000
30	31	5	92	12341.000
30	32	5	96	8097.000
30	33	5	92	12341.000
30	34	5	92	12341.000
30	35	5	94	9996.000
30	36	5	94	9996.000
30	37	5	95	8996.000
30	38	5	95	8996.000
30	39	5	96	8097.000
30	40	5	95	8996.000
31	0	5	0	200000000.000
31	1	5	10	69735688.000
31	2	5	14	45753585.000
31	3	5	34	5562568.000
31	4	5	34	5562568.000
31	5	5	39	3284641.000
31	6	5	44	1939547.000
31	7	5	51	927680.000
31	8	5	57	493007.000
31	9	5	60	359402.000
31	10	5	64	235804.000
31	11	5	65	212223.000
31	12	5	74	82220.000
31	13	5	76	66598.000
31	14	5	78	53944.000
31	15	5	81	39325.000
31	16	5	80	43695.000
31	17	5	85	25801.000
31	18	5	85	25801.000
31	19	5	82	35393.000
31	20	5	95	8996.000
31	21	5	90	15235.000
31	22	5	92	12341.000
31	23	5	91	13712.000
31	24	5	94	9996.000
31	25	5	93	11107.000
31	26	5	90	15235.000
31	27	5	91	13712.000
31	28	5	93	11107.000
31	29	5	92	12341.000
31	30	5	97	7287.000
31	31	5	94	9996.000
31	32	5	94	9996.000
31	33	5	91	13712.000
31	34	5	97	7287.000
31	35	5	93	11107.000
31	36	5	95	8996.000
31	37	5	98	6558.000
31	38	5	97	7287.000
31	39	5	94	9996.000
31	40	5	94	9996.000
32	0	5	0	200000000.000
32	1	5	10	69735688.000
32	2	5	15	41178226.000
32	3	5	22	19695418.000
32	4	5	42	2394503.000
32	5	5	35	5006311.000
32	6	5	45	1745593.000
32	7	5	49	1145283.000
32	8	5	52	834912.000
32	9	5	58	443706.000
32	10	5	56	547785.000
32	11	5	67	171901.000
32	12	5	61	323462.000
32	13	5	69	139240.000
32	14	5	70	125316.000
32	15	5	76	66598.000
32	16	5	82	35393.000
32	17	5	83	31854.000
32	18	5	83	31854.000
32	19	5	81	39325.000
32	20	5	86	23221.000
32	21	5	90	15235.000
32	22	5	88	18809.000
32	23	5	91	13712.000
32	24	5	87	20899.000
32	25	5	85	25801.000
32	26	5	93	11107.000
32	27	5	93	11107.000
32	28	5	96	8097.000
32	29	5	88	18809.000
32	30	5	94	9996.000
32	31	5	97	7287.000
32	32	5	95	8996.000
32	33	5	97	7287.000
32	34	5	97	7287.000
32	35	5	91	13712.000
32	36	5	90	15235.000
32	37	5	95	8996.000
32	38	5	95	8996.000
32	39	5	95	8996.000
32	40	5	93	11107.000
33	0	5	0	200000000.000
33	1	5	10	69735688.000
33	2	5	15	41178226.000
33	3	5	26	12922164.000
33	4	5	44	1939547.000
33	5	5	38	3649601.000
33	6	5	48	1272537.000
33	7	5	49	1145283.000
33	8	5	57	493007.000
33	9	5	58	443706.000
33	10	5	53	751420.000
33	11	5	63	262004.000
33	12	5	66	191001.000
33	13	5	73	91355.000
33	14	5	72	101506.000
33	15	5	82	35393.000
33	16	5	76	66598.000
33	17	5	82	35393.000
33	18	5	84	28668.000
33	19	5	90	15235.000
33	20	5	84	28668.000
33	21	5	87	20899.000
33	22	5	89	16928.000
33	23	5	91	13712.000
33	24	5	87	20899.000
33	25	5	86	23221.000
33	26	5	90	15235.000
33	27	5	89	16928.000
33	28	5	92	12341.000
33	29	5	97	7287.000
33	30	5	95	8996.000
33	31	5	98	6558.000
33	32	5	94	9996.000
33	33	5	91	13712.000
33	34	5	93	11107.000
33	35	5	94	9996.000
33	36	5	99	5903.000
33	37	5	93	11107.000
33	38	5	98	6558.000
33	39	5	98	6558.000
33	40	5	96	8097.000
34	0	5	0	200000000.000
34	1	5	7	95659380.000
34	2	5	27	11629947.000
34	3	5	26	12922164.000
34	4	5	35	5006311.000
34	5	5	41	2660559.000
34	6	5	48	1272537.000
34	7	5	55	608651.000
34	8	5	62	291116.000
34	9	5	55	608651.000
34	10	5	65	212223.000
34	11	5	72	101506.000
34	12	5	78	53944.000
34	13	5	78	53944.000
34	14	5	61	323462.000
34	15	5	75	73998.000
34	16	5	81	39325.000
34	17	5	83	31854.000
34	18	5	78	53944.000
34	19	5	84	28668.000
34	20	5	89	16928.000
34	21	5	88	18809.000
34	22	5	86	23221.000
34	23	5	90	15235.000
34	24	5	89	16928.000
34	25	5	94	9996.000
34	26	5	90	15235.000
34	27	5	93	11107.000
34	28	5	94	9996.000
34	29	5	91	13712.000
34	30	5	93	11107.000
34	31	5	93	11107.000
34	32	5	97	7287.000
34	33	5	90	15235.000
34	34	5	91	13712.000
34	35	5	95	8996.000
34	36	5	96	8097.000
34	37	5	97	7287.000
34	38	5	96	8097.000
34	39	5	99	5903.000
34	40	5	95	8996.000
35	0	6	0	166666667.000
35	1	6	17	27795303.000
35	2	6	26	10768470.000
35	3	6	35	4171926.000
35	4	6	50	858963.000
35	5	6	47	1178275.000
35	6	6	56	456488.000
35	7	6	72	84588.000
35	8	6	66	159167.000
35	9	6	61	269552.000
35	10	6	77	49948.000
35	11	6	86	19351.000
35	12	6	84	23890.000
35	13	6	80	36412.000
35	14	6	84	23890.000
35	15	6	91	11427.000
35	16	6	91	11427.000
35	17	6	88	15674.000
35	18	6	93	9256.000
35	19	6	87	17416.000
35	20	6	88	15674.000
35	21	6	96	6747.000
35	22	6	96	6747.000
35	23	6	97	6073.000
35	24	6	96	6747.000
35	25	6	92	10284.000
35	26	6	96	6747.000
35	27	6	96	6747.000
35	28	6	96	6747.000
35	29	6	98	5465.000
35	30	6	94	8330.000
35	31	6	94	8330.000
35	32	6	96	6747.000
35	33	6	92	10284.000
35	34	6	98	5465.000
35	35	6	95	7497.000
35	36	6	99	4919.000
35	37	6	95	7497.000
35	38	6	96	6747.000
35	39	6	97	6073.000
35	40	6	96	6747.000
36	0	6	0	166666667.000
36	1	6	8	71744535.000
36	2	6	26	10768470.000
36	3	6	39	2737201.000
36	4	6	45	1454661.000
36	5	6	51	773066.000
36	6	6	54	563565.000
36	7	6	66	159167.000
36	8	6	66	159167.000
36	9	6	80	36412.000
36	10	6	64	196503.000
36	11	6	81	32771.000
36	12	6	82	29494.000
36	13	6	85	21501.000
36	14	6	86	19351.000
36	15	6	91	11427.000
36	16	6	90	12696.000
36	17	6	94	8330.000
36	18	6	97	6073.000
36	19	6	93	9256.000
36	20	6	91	11427.000
36	21	6	92	10284.000
36	22	6	97	6073.000
36	23	6	90	12696.000
36	24	6	92	10284.000
36	25	6	94	8330.000
36	26	6	98	5465.000
36	27	6	98	5465.000
36	28	6	96	6747.000
36	29	6	97	6073.000
36	30	6	94	8330.000
36	31	6	98	5465.000
36	32	6	95	7497.000
36	33	6	97	6073.000
36	34	6	97	6073.000
36	35	6	99	4919.000
36	36	6	97	6073.000
36	37	6	96	6747.000
36	38	6	97	6073.000
36	39	6	98	5465.000
36	40	6	98	5465.000
37	0	6	0	166666667.000
37	1	6	16	30883670.000
37	2	6	22	16412848.000
37	3	6	38	3041334.000
37	4	6	43	1795877.000
37	5	6	55	507209.000
37	6	6	59	332780.000
37	7	6	52	695760.000
37	8	6	64	196503.000
37	9	6	70	104430.000
37	10	6	73	76129.000
37	11	6	81	32771.000
37	12	6	74	68516.000
37	13	6	85	21501.000
37	14	6	87	17416.000
37	15	6	87	17416.000
37	16	6	87	17416.000
37	17	6	86	19351.000
37	18	6	88	15674.000
37	19	6	88	15674.000
37	20	6	96	6747.000
37	21	6	90	12696.000
37	22	6	91	11427.000
37	23	6	92	10284.000
37	24	6	93	9256.000
37	25	6	92	10284.000
37	26	6	93	9256.000
37	27	6	98	5465.000
37	28	6	97	6073.000
37	29	6	95	7497.000
37	30	6	96	6747.000
37	31	6	96	6747.000
37	32	6	96	6747.000
37	33	6	97	6073.000
37	34	6	95	7497.000
37	35	6	96	6747.000
37	36	6	91	11427.000
37	37	6	95	7497.000
37	38	6	95	7497.000
37	39	6	97	6073.000
37	40	6	97	6073.000
38	0	6	0	166666667.000
38	1	6	13	42364430.000
38	2	6	26	10768470.000
38	3	6	37	3379260.000
38	4	6	49	954403.000
38	5	6	56	456488.000
38	6	6	64	196503.000
38	7	6	71	93987.000
38	8	6	74	68516.000
38	9	6	75	61665.000
38	10	6	75	61665.000
38	11	6	84	23890.000
38	12	6	81	32771.000
38	13	6	84	23890.000
38	14	6	81	32771.000
38	15	6	88	15674.000
38	16	6	88	15674.000
38	17	6	87	17416.000
38	18	6	90	12696.000
38	19	6	89	14107.000
38	20	6	92	10284.000
38	21	6	91	11427.000
38	22	6	96	6747.000
38	23	6	95	7497.000
38	24	6	97	6073.000
38	25	6	95	7497.000
38	26	6	98	5465.000
38	27	6	99	4919.000
38	28	6	96	6747.000
38	29	6	93	9256.000
38	30	6	94	8330.000
38	31	6	97	6073.000
38	32	6	97	6073.000
38	33	6	97	6073.000
38	34	6	97	6073.000
38	35	6	97	6073.000
38	36	6	96	6747.000
38	37	6	95	7497.000
38	38	6	98	5465.000
38	39	6	98	5465.000
38	40	6	96	6747.000
39	0	6	0	166666667.000
39	1	6	6	88573500.000
39	2	6	30	7065193.000
39	3	6	35	4171926.000
39	4	6	46	1309195.000
39	5	6	49	954403.000
39	6	6	55	507209.000
39	7	6	68	128926.000
39	8	6	66	159167.000
39	9	6	57	410839.000
39	10	6	73	76129.000
39	11	6	79	40458.000
39	12	6	80	36412.000
39	13	6	80	36412.000
39	14	6	89	14107.000
39	15	6	88	15674.000
39	16	6	82	29494.000
39	17	6	89	14107.000
39	18	6	95	7497.000
39	19	6	87	17416.000
39	20	6	92	10284.000
39	21	6	96	6747.000
39	22	6	91	11427.000
39	23	6	95	7497.000
39	24	6	98	5465.000
39	25	6	92	10284.000
39	26	6	97	6073.000
39	27	6	96	6747.000
39	28	6	98	5465.000
39	29	6	96	6747.000
39	30	6	97	6073.000
39	31	6	100	4427.000
39	32	6	98	5465.000
39	33	6	95	7497.000
39	34	6	95	7497.000
39	35	6	96	6747.000
39	36	6	99	4919.000
39	37	6	94	8330.000
39	38	6	99	4919.000
39	39	6	97	6073.000
39	40	6	97	6073.000
40	0	6	0	166666667.000
40	1	6	14	38127987.000
40	2	6	30	7065193.000
40	3	6	32	5722806.000
40	4	6	38	3041334.000
40	5	6	43	1795877.000
40	6	6	61	269552.000
40	7	6	64	196503.000
40	8	6	69	116033.000
40	9	6	77	49948.000
40	10	6	78	44954.000
40	11	6	78	44954.000
40	12	6	74	68516.000
40	13	6	83	26545.000
40	14	6	87	17416.000
40	15	6	89	14107.000
40	16	6	90	12696.000
40	17	6	90	12696.000
40	18	6	91	11427.000
40	19	6	91	11427.000
40	20	6	88	15674.000
40	21	6	94	8330.000
40	22	6	99	4919.000
40	23	6	95	7497.000
40	24	6	98	5465.000
40	25	6	95	7497.000
40	26	6	94	8330.000
40	27	6	96	6747.000
40	28	6	96	6747.000
40	29	6	94	8330.000
40	30	6	93	9256.000
40	31	6	96	6747.000
40	32	6	97	6073.000
40	33	6	99	4919.000
40	34	6	97	6073.000
40	35	6	97	6073.000
40	36	6	95	7497.000
40	37	6	95	7497.000
40	38	6	97	6073.000
40	39	6	98	5465.000
40	40	6	98	5465.000
41	0	6	0	166666667.000
41	1	6	15	34315189.000
41	2	6	29	7850214.000
41	3	6	37	3379260.000
41	4	6	41	2217132.000
41	5	6	59	332780.000
41	6	6	61	269552.000
41	7	6	63	218337.000
41	8	6	67	143251.000
41	9	6	81	32771.000
41	10	6	80	36412.000
41	11	6	79	40458.000
41	12	6	83	26545.000
41	13	6	82	29494.000
41	14	6	82	29494.000
41	15	6	94	8330.000
41	16	6	91	11427.000
41	17	6	92	10284.000
41	18	6	88	15674.000
41	19	6	92	10284.000
41	20	6	96	6747.000
41	21	6	92	10284.000
41	22	6	93	9256.000
41	23	6	91	11427.000
41	24	6	92	10284.000
41	25	6	92	10284.000
41	26	6	99	4919.000
41	27	6	95	7497.000
41	28	6	96	6747.000
41	29	6	98	5465.000
41	30	6	95	7497.000
41	31	6	99	4919.000
41	32	6	96	6747.000
41	33	6	96	6747.000
41	34	6	95	7497.000
41	35	6	98	5465.000
41	36	6	96	6747.000
41	37	6	99	4919.000
41	38	6	96	6747.000
41	39	6	98	5465.000
41	40	6	94	8330.000
42	0	6	0	166666667.000
42	1	6	11	52301766.000
42	2	6	26	10768470.000
42	3	6	28	8722461.000
42	4	6	41	2217132.000
42	5	6	57	410839.000
42	6	6	53	626184.000
42	7	6	69	116033.000
42	8	6	71	93987.000
42	9	6	69	116033.000
42	10	6	78	44954.000
42	11	6	80	36412.000
42	12	6	80	36412.000
42	13	6	87	17416.000
42	14	6	85	21501.000
42	15	6	88	15674.000
42	16	6	92	10284.000
42	17	6	94	8330.000
42	18	6	92	10284.000
42	19	6	90	12696.000
42	20	6	91	11427.000
42	21	6	97	6073.000
42	22	6	93	9256.000
42	23	6	95	7497.000
42	24	6	98	5465.000
42	25	6	96	6747.000
42	26	6	97	6073.000
42	27	6	95	7497.000
42	28	6	97	6073.000
42	29	6	98	5465.000
42	30	6	95	7497.000
42	31	6	99	4919.000
42	32	6	97	6073.000
42	33	6	95	7497.000
42	34	6	97	6073.000
42	35	6	96	6747.000
42	36	6	95	7497.000
42	37	6	99	4919.000
42	38	6	100	4427.000
42	39	6	95	7497.000
42	40	6	99	4919.000
43	0	6	0	166666667.000
43	1	6	20	20262776.000
43	2	6	29	7850214.000
43	3	6	36	3754733.000
43	4	6	49	954403.000
43	5	6	57	410839.000
43	6	6	54	563565.000
43	7	6	61	269552.000
43	8	6	75	61665.000
43	9	6	75	61665.000
43	10	6	80	36412.000
43	11	6	85	21501.000
43	12	6	80	36412.000
43	13	6	84	23890.000
43	14	6	83	26545.000
43	15	6	87	17416.000
43	16	6	87	17416.000
43	17	6	93	9256.000
43	18	6	94	8330.000
43	19	6	83	26545.000
43	20	6	95	7497.000
43	21	6	95	7497.000
43	22	6	95	7497.000
43	23	6	93	9256.000
43	24	6	94	8330.000
43	25	6	93	9256.000
43	26	6	97	6073.000
43	27	6	96	6747.000
43	28	6	96	6747.000
43	29	6	95	7497.000
43	30	6	96	6747.000
43	31	6	99	4919.000
43	32	6	96	6747.000
43	33	6	99	4919.000
43	34	6	99	4919.000
43	35	6	100	4427.000
43	36	6	96	6747.000
43	37	6	99	4919.000
43	38	6	99	4919.000
43	39	6	96	6747.000
43	40	6	99	4919.000
44	0	6	0	166666667.000
44	1	6	13	42364430.000
44	2	6	32	5722806.000
44	3	6	36	3754733.000
44	4	6	47	1178275.000
44	5	6	48	1060448.000
44	6	6	52	695760.000
44	7	6	67	143251.000
44	8	6	56	456488.000
44	9	6	68	128926.000
44	10	6	73	76129.000
44	11	6	82	29494.000
44	12	6	77	49948.000
44	13	6	69	116033.000
44	14	6	91	11427.000
44	15	6	89	14107.000
44	16	6	89	14107.000
44	17	6	84	23890.000
44	18	6	92	10284.000
44	19	6	93	9256.000
44	20	6	91	11427.000
44	21	6	93	9256.000
44	22	6	96	6747.000
44	23	6	95	7497.000
44	24	6	96	6747.000
44	25	6	95	7497.000
44	26	6	97	6073.000
44	27	6	94	8330.000
44	28	6	98	5465.000
44	29	6	98	5465.000
44	30	6	97	6073.000
44	31	6	99	4919.000
44	32	6	99	4919.000
44	33	6	91	11427.000
44	34	6	99	4919.000
44	35	6	100	4427.000
44	36	6	97	6073.000
44	37	6	97	6073.000
44	38	6	97	6073.000
44	39	6	98	5465.000
44	40	6	98	5465.000
45	0	6	0	166666667.000
45	1	6	23	14771564.000
45	2	6	27	9691623.000
45	3	6	35	4171926.000
45	4	6	38	3041334.000
45	5	6	48	1060448.000
45	6	6	62	242596.000
45	7	6	68	128926.000
45	8	6	76	55498.000
45	9	6	73	76129.000
45	10	6	77	49948.000
45	11	6	81	32771.000
45	12	6	90	12696.000
45	13	6	75	61665.000
45	14	6	88	15674.000
45	15	6	93	9256.000
45	16	6	90	12696.000
45	17	6	91	11427.000
45	18	6	87	17416.000
45	19	6	93	9256.000
45	20	6	92	10284.000
45	21	6	96	6747.000
45	22	6	94	8330.000
45	23	6	95	7497.000
45	24	6	93	9256.000
45	25	6	96	6747.000
45	26	6	97	6073.000
45	27	6	98	5465.000
45	28	6	97	6073.000
45	29	6	97	6073.000
45	30	6	98	5465.000
45	31	6	98	5465.000
45	32	6	96	6747.000
45	33	6	97	6073.000
45	34	6	97	6073.000
45	35	6	96	6747.000
45	36	6	98	5465.000
45	37	6	98	5465.000
45	38	6	98	5465.000
45	39	6	98	5465.000
45	40	6	98	5465.000
46	0	6	0	166666667.000
46	1	6	13	42364430.000
46	2	6	38	3041334.000
46	3	6	38	3041334.000
46	4	6	39	2737201.000
46	5	6	51	773066.000
46	6	6	58	369755.000
46	7	6	61	269552.000
46	8	6	66	159167.000
46	9	6	77	49948.000
46	10	6	76	55498.000
46	11	6	81	32771.000
46	12	6	86	19351.000
46	13	6	79	40458.000
46	14	6	92	10284.000
46	15	6	89	14107.000
46	16	6	93	9256.000
46	17	6	86	19351.000
46	18	6	92	10284.000
46	19	6	93	9256.000
46	20	6	92	10284.000
46	21	6	95	7497.000
46	22	6	96	6747.000
46	23	6	95	7497.000
46	24	6	96	6747.000
46	25	6	96	6747.000
46	26	6	95	7497.000
46	27	6	96	6747.000
46	28	6	95	7497.000
46	29	6	96	6747.000
46	30	6	97	6073.000
46	31	6	96	6747.000
46	32	6	99	4919.000
46	33	6	98	5465.000
46	34	6	96	6747.000
46	35	6	97	6073.000
46	36	6	98	5465.000
46	37	6	97	6073.000
46	38	6	97	6073.000
46	39	6	99	4919.000
46	40	6	94	8330.000
47	0	6	0	166666667.000
47	1	6	13	42364430.000
47	2	6	18	25015773.000
47	3	6	30	7065193.000
47	4	6	47	1178275.000
47	5	6	56	456488.000
47	6	6	57	410839.000
47	7	6	59	332780.000
47	8	6	75	61665.000
47	9	6	65	176853.000
47	10	6	80	36412.000
47	11	6	77	49948.000
47	12	6	79	40458.000
47	13	6	91	11427.000
47	14	6	87	17416.000
47	15	6	88	15674.000
47	16	6	87	17416.000
47	17	6	90	12696.000
47	18	6	95	7497.000
47	19	6	94	8330.000
47	20	6	94	8330.000
47	21	6	94	8330.000
47	22	6	97	6073.000
47	23	6	93	9256.000
47	24	6	89	14107.000
47	25	6	96	6747.000
47	26	6	92	10284.000
47	27	6	97	6073.000
47	28	6	97	6073.000
47	29	6	96	6747.000
47	30	6	94	8330.000
47	31	6	97	6073.000
47	32	6	99	4919.000
47	33	6	98	5465.000
47	34	6	96	6747.000
47	35	6	99	4919.000
47	36	6	99	4919.000
47	37	6	99	4919.000
47	38	6	99	4919.000
47	39	6	99	4919.000
47	40	6	98	5465.000
48	0	6	0	166666667.000
48	1	6	15	34315189.000
48	2	6	21	18236498.000
48	3	6	35	4171926.000
48	4	6	48	1060448.000
48	5	6	53	626184.000
48	6	6	56	456488.000
48	7	6	57	410839.000
48	8	6	74	68516.000
48	9	6	64	196503.000
48	10	6	81	32771.000
48	11	6	75	61665.000
48	12	6	80	36412.000
48	13	6	77	49948.000
48	14	6	82	29494.000
48	15	6	94	8330.000
48	16	6	82	29494.000
48	17	6	88	15674.000
48	18	6	91	11427.000
48	19	6	91	11427.000
48	20	6	94	8330.000
48	21	6	97	6073.000
48	22	6	92	10284.000
48	23	6	97	6073.000
48	24	6	98	5465.000
48	25	6	92	10284.000
48	26	6	98	5465.000
48	27	6	92	10284.000
48	28	6	94	8330.000
48	29	6	97	6073.000
48	30	6	95	7497.000
48	31	6	97	6073.000
48	32	6	97	6073.000
48	33	6	96	6747.000
48	34	6	96	6747.000
48	35	6	99	4919.000
48	36	6	97	6073.000
48	37	6	96	6747.000
48	38	6	98	5465.000
48	39	6	98	5465.000
48	40	6	99	4919.000
49	0	6	0	166666667.000
49	1	6	18	25015773.000
49	2	6	35	4171926.000
49	3	6	35	4171926.000
49	4	6	46	1309195.000
49	5	6	53	626184.000
49	6	6	56	456488.000
49	7	6	59	332780.000
49	8	6	81	32771.000
49	9	6	73	76129.000
49	10	6	81	32771.000
49	11	6	73	76129.000
49	12	6	78	44954.000
49	13	6	84	23890.000
49	14	6	89	14107.000
49	15	6	86	19351.000
49	16	6	90	12696.000
49	17	6	85	21501.000
49	18	6	90	12696.000
49	19	6	93	9256.000
49	20	6	87	17416.000
49	21	6	90	12696.000
49	22	6	93	9256.000
49	23	6	98	5465.000
49	24	6	98	5465.000
49	25	6	96	6747.000
49	26	6	93	9256.000
49	27	6	94	8330.000
49	28	6	98	5465.000
49	29	6	92	10284.000
49	30	6	97	6073.000
49	31	6	97	6073.000
49	32	6	97	6073.000
49	33	6	96	6747.000
49	34	6	97	6073.000
49	35	6	95	7497.000
49	36	6	96	6747.000
49	37	6	98	5465.000
49	38	6	97	6073.000
49	39	6	97	6073.000
49	40	6	97	6073.000
50	0	6	0	166666667.000
50	1	6	20	20262776.000
50	2	6	23	14771564.000
50	3	6	32	5722806.000
50	4	6	42	1995419.000
50	5	6	61	269552.000
50	6	6	61	269552.000
50	7	6	65	176853.000
50	8	6	65	176853.000
50	9	6	73	76129.000
50	10	6	75	61665.000
50	11	6	83	26545.000
50	12	6	80	36412.000
50	13	6	85	21501.000
50	14	6	86	19351.000
50	15	6	86	19351.000
50	16	6	88	15674.000
50	17	6	96	6747.000
50	18	6	92	10284.000
50	19	6	94	8330.000
50	20	6	94	8330.000
50	21	6	94	8330.000
50	22	6	97	6073.000
50	23	6	95	7497.000
50	24	6	96	6747.000
50	25	6	93	9256.000
50	26	6	98	5465.000
50	27	6	97	6073.000
50	28	6	99	4919.000
50	29	6	100	4427.000
50	30	6	96	6747.000
50	31	6	98	5465.000
50	32	6	95	7497.000
50	33	6	98	5465.000
50	34	6	97	6073.000
50	35	6	99	4919.000
50	36	6	97	6073.000
50	37	6	100	4427.000
50	38	6	98	5465.000
50	39	6	98	5465.000
50	40	6	98	5465.000
51	0	6	0	166666667.000
51	1	6	22	16412848.000
51	2	6	23	14771564.000
51	3	6	40	2463480.000
51	4	6	50	858963.000
51	5	6	60	299502.000
51	6	6	55	507209.000
51	7	6	57	410839.000
51	8	6	63	218337.000
51	9	6	78	44954.000
51	10	6	75	61665.000
51	11	6	71	93987.000
51	12	6	77	49948.000
51	13	6	88	15674.000
51	14	6	91	11427.000
51	15	6	90	12696.000
51	16	6	86	19351.000
51	17	6	90	12696.000
51	18	6	89	14107.000
51	19	6	94	8330.000
51	20	6	94	8330.000
51	21	6	93	9256.000
51	22	6	92	10284.000
51	23	6	97	6073.000
51	24	6	93	9256.000
51	25	6	95	7497.000
51	26	6	93	9256.000
51	27	6	97	6073.000
51	28	6	100	4427.000
51	29	6	99	4919.000
51	30	6	98	5465.000
51	31	6	95	7497.000
51	32	6	100	4427.000
51	33	6	96	6747.000
51	34	6	92	10284.000
51	35	6	99	4919.000
51	36	6	98	5465.000
51	37	6	98	5465.000
51	38	6	98	5465.000
51	39	6	98	5465.000
51	40	6	97	6073.000
52	0	6	0	166666667.000
52	1	6	13	42364430.000
52	2	6	29	7850214.000
52	3	6	39	2737201.000
52	4	6	44	1616290.000
52	5	6	44	1616290.000
52	6	6	69	116033.000
52	7	6	56	456488.000
52	8	6	66	159167.000
52	9	6	66	159167.000
52	10	6	73	76129.000
52	11	6	78	44954.000
52	12	6	86	19351.000
52	13	6	83	26545.000
52	14	6	88	15674.000
52	15	6	92	10284.000
52	16	6	83	26545.000
52	17	6	86	19351.000
52	18	6	92	10284.000
52	19	6	90	12696.000
52	20	6	96	6747.000
52	21	6	98	5465.000
52	22	6	93	9256.000
52	23	6	94	8330.000
52	24	6	93	9256.000
52	25	6	95	7497.000
52	26	6	97	6073.000
52	27	6	99	4919.000
52	28	6	98	5465.000
52	29	6	95	7497.000
52	30	6	96	6747.000
52	31	6	99	4919.000
52	32	6	99	4919.000
52	33	6	96	6747.000
52	34	6	98	5465.000
52	35	6	97	6073.000
52	36	6	98	5465.000
52	37	6	96	6747.000
52	38	6	99	4919.000
52	39	6	97	6073.000
52	40	6	95	7497.000
53	0	6	0	166666667.000
53	1	6	16	30883670.000
53	2	6	25	11964966.000
53	3	6	43	1795877.000
53	4	6	49	954403.000
53	5	6	63	218337.000
53	6	6	62	242596.000
53	7	6	61	269552.000
53	8	6	73	76129.000
53	9	6	63	218337.000
53	10	6	73	76129.000
53	11	6	75	61665.000
53	12	6	87	17416.000
53	13	6	84	23890.000
53	14	6	83	26545.000
53	15	6	90	12696.000
53	16	6	87	17416.000
53	17	6	91	11427.000
53	18	6	93	9256.000
53	19	6	98	5465.000
53	20	6	91	11427.000
53	21	6	93	9256.000
53	22	6	95	7497.000
53	23	6	95	7497.000
53	24	6	96	6747.000
53	25	6	98	5465.000
53	26	6	96	6747.000
53	27	6	100	4427.000
53	28	6	97	6073.000
53	29	6	99	4919.000
53	30	6	99	4919.000
53	31	6	94	8330.000
53	32	6	99	4919.000
53	33	6	99	4919.000
53	34	6	97	6073.000
53	35	6	98	5465.000
53	36	6	96	6747.000
53	37	6	98	5465.000
53	38	6	99	4919.000
53	39	6	97	6073.000
53	40	6	99	4919.000
54	0	6	0	166666667.000
54	1	6	17	27795303.000
54	2	6	21	18236498.000
54	3	6	29	7850214.000
54	4	6	40	2463480.000
54	5	6	47	1178275.000
54	6	6	59	332780.000
54	7	6	62	242596.000
54	8	6	69	116033.000
54	9	6	79	40458.000
54	10	6	73	76129.000
54	11	6	82	29494.000
54	12	6	79	40458.000
54	13	6	79	40458.000
54	14	6	77	49948.000
54	15	6	86	19351.000
54	16	6	91	11427.000
54	17	6	86	19351.000
54	18	6	93	9256.000
54	19	6	90	12696.000
54	20	6	99	4919.000
54	21	6	95	7497.000
54	22	6	96	6747.000
54	23	6	92	10284.000
54	24	6	97	6073.000
54	25	6	95	7497.000
54	26	6	98	5465.000
54	27	6	99	4919.000
54	28	6	97	6073.000
54	29	6	99	4919.000
54	30	6	98	5465.000
54	31	6	97	6073.000
54	32	6	98	5465.000
54	33	6	97	6073.000
54	34	6	99	4919.000
54	35	6	97	6073.000
54	36	6	98	5465.000
54	37	6	99	4919.000
54	38	6	98	5465.000
54	39	6	98	5465.000
54	40	6	95	7497.000
55	0	6	0	166666667.000
55	1	6	15	34315189.000
55	2	6	36	3754733.000
55	3	6	30	7065193.000
55	4	6	48	1060448.000
55	5	6	55	507209.000
55	6	6	53	626184.000
55	7	6	67	143251.000
55	8	6	69	116033.000
55	9	6	79	40458.000
55	10	6	78	44954.000
55	11	6	78	44954.000
55	12	6	83	26545.000
55	13	6	91	11427.000
55	14	6	90	12696.000
55	15	6	90	12696.000
55	16	6	94	8330.000
55	17	6	91	11427.000
55	18	6	91	11427.000
55	19	6	97	6073.000
55	20	6	95	7497.000
55	21	6	91	11427.000
55	22	6	95	7497.000
55	23	6	92	10284.000
55	24	6	97	6073.000
55	25	6	93	9256.000
55	26	6	99	4919.000
55	27	6	95	7497.000
55	28	6	96	6747.000
55	29	6	100	4427.000
55	30	6	97	6073.000
55	31	6	98	5465.000
55	32	6	97	6073.000
55	33	6	98	5465.000
55	34	6	98	5465.000
55	35	6	96	6747.000
55	36	6	99	4919.000
55	37	6	99	4919.000
55	38	6	97	6073.000
55	39	6	98	5465.000
55	40	6	98	5465.000
56	0	6	0	166666667.000
56	1	6	9	64570082.000
56	2	6	18	25015773.000
56	3	6	34	4635473.000
56	4	6	45	1454661.000
56	5	6	52	695760.000
56	6	6	64	196503.000
56	7	6	63	218337.000
56	8	6	66	159167.000
56	9	6	72	84588.000
56	10	6	84	23890.000
56	11	6	80	36412.000
56	12	6	85	21501.000
56	13	6	90	12696.000
56	14	6	89	14107.000
56	15	6	90	12696.000
56	16	6	84	23890.000
56	17	6	91	11427.000
56	18	6	88	15674.000
56	19	6	91	11427.000
56	20	6	96	6747.000
56	21	6	97	6073.000
56	22	6	92	10284.000
56	23	6	97	6073.000
56	24	6	96	6747.000
56	25	6	98	5465.000
56	26	6	95	7497.000
56	27	6	97	6073.000
56	28	6	93	9256.000
56	29	6	100	4427.000
56	30	6	98	5465.000
56	31	6	97	6073.000
56	32	6	98	5465.000
56	33	6	98	5465.000
56	34	6	99	4919.000
56	35	6	100	4427.000
56	36	6	99	4919.000
56	37	6	98	5465.000
56	38	6	96	6747.000
56	39	6	98	5465.000
56	40	6	98	5465.000
57	0	6	0	166666667.000
57	1	6	17	27795303.000
57	2	6	28	8722461.000
57	3	6	41	2217132.000
57	4	6	42	1995419.000
57	5	6	41	2217132.000
57	6	6	66	159167.000
57	7	6	76	55498.000
57	8	6	63	218337.000
57	9	6	73	76129.000
57	10	6	79	40458.000
57	11	6	83	26545.000
57	12	6	89	14107.000
57	13	6	85	21501.000
57	14	6	83	26545.000
57	15	6	84	23890.000
57	16	6	91	11427.000
57	17	6	90	12696.000
57	18	6	96	6747.000
57	19	6	96	6747.000
57	20	6	92	10284.000
57	21	6	95	7497.000
57	22	6	94	8330.000
57	23	6	93	9256.000
57	24	6	95	7497.000
57	25	6	96	6747.000
57	26	6	93	9256.000
57	27	6	98	5465.000
57	28	6	94	8330.000
57	29	6	96	6747.000
57	30	6	96	6747.000
57	31	6	96	6747.000
57	32	6	100	4427.000
57	33	6	99	4919.000
57	34	6	98	5465.000
57	35	6	97	6073.000
57	36	6	98	5465.000
57	37	6	99	4919.000
57	38	6	98	5465.000
57	39	6	97	6073.000
57	40	6	99	4919.000
58	0	6	0	166666667.000
58	1	6	13	42364430.000
58	2	6	25	11964966.000
58	3	6	37	3379260.000
58	4	6	51	773066.000
58	5	6	56	456488.000
58	6	6	58	369755.000
58	7	6	68	128926.000
58	8	6	72	84588.000
58	9	6	73	76129.000
58	10	6	77	49948.000
58	11	6	88	15674.000
58	12	6	73	76129.000
58	13	6	84	23890.000
58	14	6	87	17416.000
58	15	6	88	15674.000
58	16	6	90	12696.000
58	17	6	92	10284.000
58	18	6	87	17416.000
58	19	6	96	6747.000
58	20	6	95	7497.000
58	21	6	91	11427.000
58	22	6	96	6747.000
58	23	6	96	6747.000
58	24	6	96	6747.000
58	25	6	96	6747.000
58	26	6	94	8330.000
58	27	6	96	6747.000
58	28	6	98	5465.000
58	29	6	97	6073.000
58	30	6	98	5465.000
58	31	6	97	6073.000
58	32	6	97	6073.000
58	33	6	99	4919.000
58	34	6	96	6747.000
58	35	6	97	6073.000
58	36	6	97	6073.000
58	37	6	98	5465.000
58	38	6	99	4919.000
58	39	6	99	4919.000
58	40	6	99	4919.000
59	0	6	0	166666667.000
59	1	6	12	47071589.000
59	2	6	28	8722461.000
59	3	6	36	3754733.000
59	4	6	47	1178275.000
59	5	6	52	695760.000
59	6	6	56	456488.000
59	7	6	69	116033.000
59	8	6	71	93987.000
59	9	6	73	76129.000
59	10	6	78	44954.000
59	11	6	79	40458.000
59	12	6	84	23890.000
59	13	6	87	17416.000
59	14	6	91	11427.000
59	15	6	91	11427.000
59	16	6	86	19351.000
59	17	6	87	17416.000
59	18	6	94	8330.000
59	19	6	94	8330.000
59	20	6	89	14107.000
59	21	6	94	8330.000
59	22	6	93	9256.000
59	23	6	92	10284.000
59	24	6	99	4919.000
59	25	6	99	4919.000
59	26	6	94	8330.000
59	27	6	98	5465.000
59	28	6	99	4919.000
59	29	6	97	6073.000
59	30	6	99	4919.000
59	31	6	97	6073.000
59	32	6	99	4919.000
59	33	6	99	4919.000
59	34	6	99	4919.000
59	35	6	98	5465.000
59	36	6	99	4919.000
59	37	6	99	4919.000
59	38	6	99	4919.000
59	39	6	97	6073.000
59	40	6	99	4919.000
60	0	6	0	166666667.000
60	1	6	11	52301766.000
60	2	6	30	7065193.000
60	3	6	37	3379260.000
60	4	6	47	1178275.000
60	5	6	50	858963.000
60	6	6	55	507209.000
60	7	6	71	93987.000
60	8	6	61	269552.000
60	9	6	70	104430.000
60	10	6	79	40458.000
60	11	6	78	44954.000
60	12	6	89	14107.000
60	13	6	89	14107.000
60	14	6	84	23890.000
60	15	6	88	15674.000
60	16	6	89	14107.000
60	17	6	90	12696.000
60	18	6	90	12696.000
60	19	6	95	7497.000
60	20	6	93	9256.000
60	21	6	100	4427.000
60	22	6	94	8330.000
60	23	6	98	5465.000
60	24	6	99	4919.000
60	25	6	96	6747.000
60	26	6	96	6747.000
60	27	6	94	8330.000
60	28	6	96	6747.000
60	29	6	96	6747.000
60	30	6	93	9256.000
60	31	6	93	9256.000
60	32	6	97	6073.000
60	33	6	99	4919.000
60	34	6	99	4919.000
60	35	6	98	5465.000
60	36	6	96	6747.000
60	37	6	99	4919.000
60	38	6	98	5465.000
60	39	6	98	5465.000
60	40	6	96	6747.000
61	0	6	0	166666667.000
61	1	6	17	27795303.000
61	2	6	26	10768470.000
61	3	6	26	10768470.000
61	4	6	45	1454661.000
61	5	6	48	1060448.000
61	6	6	47	1178275.000
61	7	6	68	128926.000
61	8	6	68	128926.000
61	9	6	69	116033.000
61	10	6	78	44954.000
61	11	6	81	32771.000
61	12	6	82	29494.000
61	13	6	93	9256.000
61	14	6	85	21501.000
61	15	6	88	15674.000
61	16	6	87	17416.000
61	17	6	89	14107.000
61	18	6	90	12696.000
61	19	6	92	10284.000
61	20	6	94	8330.000
61	21	6	92	10284.000
61	22	6	93	9256.000
61	23	6	97	6073.000
61	24	6	94	8330.000
61	25	6	97	6073.000
61	26	6	94	8330.000
61	27	6	93	9256.000
61	28	6	96	6747.000
61	29	6	98	5465.000
61	30	6	95	7497.000
61	31	6	99	4919.000
61	32	6	97	6073.000
61	33	6	97	6073.000
61	34	6	97	6073.000
61	35	6	98	5465.000
61	36	6	100	4427.000
61	37	6	98	5465.000
61	38	6	94	8330.000
61	39	6	99	4919.000
61	40	6	100	4427.000
62	0	6	0	166666667.000
62	1	6	9	64570082.000
62	2	6	23	14771564.000
62	3	6	35	4171926.000
62	4	6	39	2737201.000
62	5	6	54	563565.000
62	6	6	58	369755.000
62	7	6	60	299502.000
62	8	6	71	93987.000
62	9	6	63	218337.000
62	10	6	82	29494.000
62	11	6	79	40458.000
62	12	6	81	32771.000
62	13	6	87	17416.000
62	14	6	83	26545.000
62	15	6	85	21501.000
62	16	6	90	12696.000
62	17	6	92	10284.000
62	18	6	93	9256.000
62	19	6	97	6073.000
62	20	6	95	7497.000
62	21	6	94	8330.000
62	22	6	97	6073.000
62	23	6	96	6747.000
62	24	6	98	5465.000
62	25	6	93	9256.000
62	26	6	95	7497.000
62	27	6	100	4427.000
62	28	6	98	5465.000
62	29	6	96	6747.000
62	30	6	96	6747.000
62	31	6	98	5465.000
62	32	6	98	5465.000
62	33	6	98	5465.000
62	34	6	96	6747.000
62	35	6	98	5465.000
62	36	6	96	6747.000
62	37	6	95	7497.000
62	38	6	96	6747.000
62	39	6	99	4919.000
62	40	6	98	5465.000
63	0	6	0	166666667.000
63	1	6	15	34315189.000
63	2	6	21	18236498.000
63	3	6	34	4635473.000
63	4	6	37	3379260.000
63	5	6	58	369755.000
63	6	6	51	773066.000
63	7	6	68	128926.000
63	8	6	68	128926.000
63	9	6	75	61665.000
63	10	6	74	68516.000
63	11	6	76	55498.000
63	12	6	85	21501.000
63	13	6	85	21501.000
63	14	6	88	15674.000
63	15	6	90	12696.000
63	16	6	89	14107.000
63	17	6	89	14107.000
63	18	6	94	8330.000
63	19	6	94	8330.000
63	20	6	90	12696.000
63	21	6	89	14107.000
63	22	6	93	9256.000
63	23	6	95	7497.000
63	24	6	96	6747.000
63	25	6	100	4427.000
63	26	6	95	7497.000
63	27	6	98	5465.000
63	28	6	100	4427.000
63	29	6	96	6747.000
63	30	6	93	9256.000
63	31	6	96	6747.000
63	32	6	97	6073.000
63	33	6	99	4919.000
63	34	6	96	6747.000
63	35	6	97	6073.000
63	36	6	97	6073.000
63	37	6	99	4919.000
63	38	6	99	4919.000
63	39	6	98	5465.000
63	40	6	95	7497.000
64	0	6	0	166666667.000
64	1	6	12	47071589.000
64	2	6	31	6358674.000
64	3	6	31	6358674.000
64	4	6	42	1995419.000
64	5	6	59	332780.000
64	6	6	64	196503.000
64	7	6	63	218337.000
64	8	6	69	116033.000
64	9	6	79	40458.000
64	10	6	78	44954.000
64	11	6	81	32771.000
64	12	6	76	55498.000
64	13	6	82	29494.000
64	14	6	81	32771.000
64	15	6	93	9256.000
64	16	6	92	10284.000
64	17	6	91	11427.000
64	18	6	95	7497.000
64	19	6	91	11427.000
64	20	6	97	6073.000
64	21	6	95	7497.000
64	22	6	95	7497.000
64	23	6	96	6747.000
64	24	6	99	4919.000
64	25	6	95	7497.000
64	26	6	94	8330.000
64	27	6	96	6747.000
64	28	6	97	6073.000
64	29	6	95	7497.000
64	30	6	95	7497.000
64	31	6	98	5465.000
64	32	6	98	5465.000
64	33	6	100	4427.000
64	34	6	99	4919.000
64	35	6	99	4919.000
64	36	6	99	4919.000
64	37	6	98	5465.000
64	38	6	95	7497.000
64	39	6	98	5465.000
64	40	6	97	6073.000
65	0	6	0	166666667.000
65	1	6	19	22514195.000
65	2	6	22	16412848.000
65	3	6	40	2463480.000
65	4	6	46	1309195.000
65	5	6	46	1309195.000
65	6	6	59	332780.000
65	7	6	84	23890.000
65	8	6	73	76129.000
65	9	6	71	93987.000
65	10	6	83	26545.000
65	11	6	85	21501.000
65	12	6	85	21501.000
65	13	6	82	29494.000
65	14	6	87	17416.000
65	15	6	77	49948.000
65	16	6	88	15674.000
65	17	6	92	10284.000
65	18	6	91	11427.000
65	19	6	94	8330.000
65	20	6	93	9256.000
65	21	6	95	7497.000
65	22	6	96	6747.000
65	23	6	98	5465.000
65	24	6	96	6747.000
65	25	6	98	5465.000
65	26	6	97	6073.000
65	27	6	95	7497.000
65	28	6	98	5465.000
65	29	6	96	6747.000
65	30	6	98	5465.000
65	31	6	98	5465.000
65	32	6	96	6747.000
65	33	6	99	4919.000
65	34	6	99	4919.000
65	35	6	97	6073.000
65	36	6	98	5465.000
65	37	6	96	6747.000
65	38	6	98	5465.000
65	39	6	100	4427.000
65	40	6	97	6073.000
66	0	6	0	166666667.000
66	1	6	18	25015773.000
66	2	6	21	18236498.000
66	3	6	37	3379260.000
66	4	6	46	1309195.000
66	5	6	54	563565.000
66	6	6	58	369755.000
66	7	6	61	269552.000
66	8	6	75	61665.000
66	9	6	74	68516.000
66	10	6	78	44954.000
66	11	6	76	55498.000
66	12	6	90	12696.000
66	13	6	87	17416.000
66	14	6	84	23890.000
66	15	6	89	14107.000
66	16	6	88	15674.000
66	17	6	88	15674.000
66	18	6	94	8330.000
66	19	6	94	8330.000
66	20	6	95	7497.000
66	21	6	95	7497.000
66	22	6	91	11427.000
66	23	6	95	7497.000
66	24	6	93	9256.000
66	25	6	97	6073.000
66	26	6	98	5465.000
66	27	6	98	5465.000
66	28	6	99	4919.000
66	29	6	98	5465.000
66	30	6	98	5465.000
66	31	6	95	7497.000
66	32	6	95	7497.000
66	33	6	95	7497.000
66	34	6	96	6747.000
66	35	6	97	6073.000
66	36	6	98	5465.000
66	37	6	99	4919.000
66	38	6	99	4919.000
66	39	6	99	4919.000
66	40	6	100	4427.000
67	0	6	0	166666667.000
67	1	6	8	71744535.000
67	2	6	28	8722461.000
67	3	6	36	3754733.000
67	4	6	47	1178275.000
67	5	6	51	773066.000
67	6	6	62	242596.000
67	7	6	62	242596.000
67	8	6	75	61665.000
67	9	6	81	32771.000
67	10	6	78	44954.000
67	11	6	85	21501.000
67	12	6	79	40458.000
67	13	6	92	10284.000
67	14	6	87	17416.000
67	15	6	91	11427.000
67	16	6	95	7497.000
67	17	6	94	8330.000
67	18	6	89	14107.000
67	19	6	93	9256.000
67	20	6	98	5465.000
67	21	6	94	8330.000
67	22	6	97	6073.000
67	23	6	98	5465.000
67	24	6	99	4919.000
67	25	6	97	6073.000
67	26	6	97	6073.000
67	27	6	97	6073.000
67	28	6	98	5465.000
67	29	6	96	6747.000
67	30	6	99	4919.000
67	31	6	96	6747.000
67	32	6	99	4919.000
67	33	6	99	4919.000
67	34	6	99	4919.000
67	35	6	98	5465.000
67	36	6	99	4919.000
67	37	6	98	5465.000
67	38	6	97	6073.000
67	39	6	99	4919.000
67	40	6	96	6747.000
68	0	6	0	166666667.000
68	1	6	14	38127987.000
68	2	6	27	9691623.000
68	3	6	38	3041334.000
68	4	6	46	1309195.000
68	5	6	55	507209.000
68	6	6	60	299502.000
68	7	6	71	93987.000
68	8	6	66	159167.000
68	9	6	80	36412.000
68	10	6	74	68516.000
68	11	6	82	29494.000
68	12	6	77	49948.000
68	13	6	79	40458.000
68	14	6	84	23890.000
68	15	6	88	15674.000
68	16	6	86	19351.000
68	17	6	92	10284.000
68	18	6	94	8330.000
68	19	6	94	8330.000
68	20	6	94	8330.000
68	21	6	95	7497.000
68	22	6	97	6073.000
68	23	6	91	11427.000
68	24	6	96	6747.000
68	25	6	95	7497.000
68	26	6	95	7497.000
68	27	6	96	6747.000
68	28	6	100	4427.000
68	29	6	98	5465.000
68	30	6	95	7497.000
68	31	6	97	6073.000
68	32	6	100	4427.000
68	33	6	95	7497.000
68	34	6	97	6073.000
68	35	6	99	4919.000
68	36	6	98	5465.000
68	37	6	98	5465.000
68	38	6	99	4919.000
68	39	6	97	6073.000
68	40	6	99	4919.000
69	0	6	0	166666667.000
69	1	6	15	34315189.000
69	2	6	22	16412848.000
69	3	6	43	1795877.000
69	4	6	40	2463480.000
69	5	6	53	626184.000
69	6	6	55	507209.000
69	7	6	63	218337.000
69	8	6	72	84588.000
69	9	6	66	159167.000
69	10	6	74	68516.000
69	11	6	77	49948.000
69	12	6	88	15674.000
69	13	6	87	17416.000
69	14	6	79	40458.000
69	15	6	88	15674.000
69	16	6	89	14107.000
69	17	6	86	19351.000
69	18	6	93	9256.000
69	19	6	98	5465.000
69	20	6	96	6747.000
69	21	6	94	8330.000
69	22	6	99	4919.000
69	23	6	98	5465.000
69	24	6	98	5465.000
69	25	6	96	6747.000
69	26	6	96	6747.000
69	27	6	98	5465.000
69	28	6	98	5465.000
69	29	6	97	6073.000
69	30	6	98	5465.000
69	31	6	97	6073.000
69	32	6	97	6073.000
69	33	6	97	6073.000
69	34	6	97	6073.000
69	35	6	97	6073.000
69	36	6	97	6073.000
69	37	6	98	5465.000
69	38	6	100	4427.000
69	39	6	100	4427.000
69	40	6	98	5465.000
70	0	6	0	166666667.000
70	1	6	20	20262776.000
70	2	6	22	16412848.000
70	3	6	33	5150526.000
70	4	6	47	1178275.000
70	5	6	54	563565.000
70	6	6	59	332780.000
70	7	6	67	143251.000
70	8	6	66	159167.000
70	9	6	72	84588.000
70	10	6	78	44954.000
70	11	6	79	40458.000
70	12	6	81	32771.000
70	13	6	90	12696.000
70	14	6	87	17416.000
70	15	6	94	8330.000
70	16	6	90	12696.000
70	17	6	93	9256.000
70	18	6	93	9256.000
70	19	6	88	15674.000
70	20	6	94	8330.000
70	21	6	95	7497.000
70	22	6	93	9256.000
70	23	6	95	7497.000
70	24	6	94	8330.000
70	25	6	97	6073.000
70	26	6	92	10284.000
70	27	6	99	4919.000
70	28	6	99	4919.000
70	29	6	97	6073.000
70	30	6	97	6073.000
70	31	6	98	5465.000
70	32	6	95	7497.000
70	33	6	97	6073.000
70	34	6	98	5465.000
70	35	6	96	6747.000
70	36	6	98	5465.000
70	37	6	96	6747.000
70	38	6	99	4919.000
70	39	6	98	5465.000
70	40	6	98	5465.000
71	0	6	0	166666667.000
71	1	6	9	64570082.000
71	2	6	34	4635473.000
71	3	6	39	2737201.000
71	4	6	39	2737201.000
71	5	6	48	1060448.000
71	6	6	57	410839.000
71	7	6	57	410839.000
71	8	6	71	93987.000
71	9	6	74	68516.000
71	10	6	84	23890.000
71	11	6	81	32771.000
71	12	6	79	40458.000
71	13	6	87	17416.000
71	14	6	86	19351.000
71	15	6	91	11427.000
71	16	6	85	21501.000
71	17	6	91	11427.000
71	18	6	89	14107.000
71	19	6	96	6747.000
71	20	6	95	7497.000
71	21	6	92	10284.000
71	22	6	95	7497.000
71	23	6	97	6073.000
71	24	6	97	6073.000
71	25	6	95	7497.000
71	26	6	97	6073.000
71	27	6	97	6073.000
71	28	6	95	7497.000
71	29	6	99	4919.000
71	30	6	98	5465.000
71	31	6	95	7497.000
71	32	6	98	5465.000
71	33	6	98	5465.000
71	34	6	98	5465.000
71	35	6	96	6747.000
71	36	6	99	4919.000
71	37	6	95	7497.000
71	38	6	99	4919.000
71	39	6	97	6073.000
71	40	6	100	4427.000
72	0	6	0	166666667.000
72	1	6	17	27795303.000
72	2	6	35	4171926.000
72	3	6	38	3041334.000
72	4	6	42	1995419.000
72	5	6	48	1060448.000
72	6	6	54	563565.000
72	7	6	59	332780.000
72	8	6	74	68516.000
72	9	6	71	93987.000
72	10	6	78	44954.000
72	11	6	79	40458.000
72	12	6	86	19351.000
72	13	6	88	15674.000
72	14	6	90	12696.000
72	15	6	88	15674.000
72	16	6	89	14107.000
72	17	6	91	11427.000
72	18	6	94	8330.000
72	19	6	93	9256.000
72	20	6	91	11427.000
72	21	6	93	9256.000
72	22	6	96	6747.000
72	23	6	94	8330.000
72	24	6	97	6073.000
72	25	6	97	6073.000
72	26	6	99	4919.000
72	27	6	96	6747.000
72	28	6	100	4427.000
72	29	6	98	5465.000
72	30	6	98	5465.000
72	31	6	97	6073.000
72	32	6	98	5465.000
72	33	6	96	6747.000
72	34	6	98	5465.000
72	35	6	99	4919.000
72	36	6	99	4919.000
72	37	6	98	5465.000
72	38	6	99	4919.000
72	39	6	99	4919.000
72	40	6	99	4919.000
73	0	6	0	166666667.000
73	1	6	13	42364430.000
73	2	6	29	7850214.000
73	3	6	40	2463480.000
73	4	6	44	1616290.000
73	5	6	43	1795877.000
73	6	6	57	410839.000
73	7	6	57	410839.000
73	8	6	73	76129.000
73	9	6	74	68516.000
73	10	6	72	84588.000
73	11	6	82	29494.000
73	12	6	79	40458.000
73	13	6	86	19351.000
73	14	6	86	19351.000
73	15	6	90	12696.000
73	16	6	88	15674.000
73	17	6	92	10284.000
73	18	6	92	10284.000
73	19	6	95	7497.000
73	20	6	93	9256.000
73	21	6	94	8330.000
73	22	6	97	6073.000
73	23	6	95	7497.000
73	24	6	98	5465.000
73	25	6	97	6073.000
73	26	6	98	5465.000
73	27	6	97	6073.000
73	28	6	97	6073.000
73	29	6	95	7497.000
73	30	6	96	6747.000
73	31	6	96	6747.000
73	32	6	98	5465.000
73	33	6	96	6747.000
73	34	6	99	4919.000
73	35	6	98	5465.000
73	36	6	96	6747.000
73	37	6	96	6747.000
73	38	6	99	4919.000
73	39	6	97	6073.000
73	40	6	98	5465.000
74	0	6	0	166666667.000
74	1	6	14	38127987.000
74	2	6	23	14771564.000
74	3	6	35	4171926.000
74	4	6	47	1178275.000
74	5	6	56	456488.000
74	6	6	58	369755.000
74	7	6	72	84588.000
74	8	6	66	159167.000
74	9	6	69	116033.000
74	10	6	76	55498.000
74	11	6	76	55498.000
74	12	6	83	26545.000
74	13	6	82	29494.000
74	14	6	79	40458.000
74	15	6	88	15674.000
74	16	6	91	11427.000
74	17	6	89	14107.000
74	18	6	90	12696.000
74	19	6	92	10284.000
74	20	6	98	5465.000
74	21	6	93	9256.000
74	22	6	97	6073.000
74	23	6	97	6073.000
74	24	6	96	6747.000
74	25	6	98	5465.000
74	26	6	98	5465.000
74	27	6	96	6747.000
74	28	6	97	6073.000
74	29	6	99	4919.000
74	30	6	96	6747.000
74	31	6	96	6747.000
74	32	6	98	5465.000
74	33	6	100	4427.000
74	34	6	100	4427.000
74	35	6	100	4427.000
74	36	6	99	4919.000
74	37	6	100	4427.000
74	38	6	97	6073.000
74	39	6	97	6073.000
74	40	6	99	4919.000
75	0	6	0	166666667.000
75	1	6	8	71744535.000
75	2	6	24	13294407.000
75	3	6	27	9691623.000
75	4	6	46	1309195.000
75	5	6	55	507209.000
75	6	6	58	369755.000
75	7	6	58	369755.000
75	8	6	60	299502.000
75	9	6	80	36412.000
75	10	6	78	44954.000
75	11	6	84	23890.000
75	12	6	90	12696.000
75	13	6	86	19351.000
75	14	6	87	17416.000
75	15	6	93	9256.000
75	16	6	88	15674.000
75	17	6	92	10284.000
75	18	6	97	6073.000
75	19	6	88	15674.000
75	20	6	97	6073.000
75	21	6	92	10284.000
75	22	6	96	6747.000
75	23	6	98	5465.000
75	24	6	94	8330.000
75	25	6	98	5465.000
75	26	6	94	8330.000
75	27	6	97	6073.000
75	28	6	97	6073.000
75	29	6	99	4919.000
75	30	6	97	6073.000
75	31	6	98	5465.000
75	32	6	99	4919.000
75	33	6	99	4919.000
75	34	6	96	6747.000
75	35	6	98	5465.000
75	36	6	99	4919.000
75	37	6	100	4427.000
75	38	6	99	4919.000
75	39	6	99	4919.000
75	40	6	97	6073.000
76	0	6	0	166666667.000
76	1	6	13	42364430.000
76	2	6	24	13294407.000
76	3	6	39	2737201.000
76	4	6	42	1995419.000
76	5	6	59	332780.000
76	6	6	56	456488.000
76	7	6	62	242596.000
76	8	6	71	93987.000
76	9	6	65	176853.000
76	10	6	80	36412.000
76	11	6	89	14107.000
76	12	6	82	29494.000
76	13	6	88	15674.000
76	14	6	83	26545.000
76	15	6	88	15674.000
76	16	6	93	9256.000
76	17	6	91	11427.000
76	18	6	90	12696.000
76	19	6	93	9256.000
76	20	6	95	7497.000
76	21	6	95	7497.000
76	22	6	92	10284.000
76	23	6	94	8330.000
76	24	6	94	8330.000
76	25	6	95	7497.000
76	26	6	95	7497.000
76	27	6	98	5465.000
76	28	6	99	4919.000
76	29	6	98	5465.000
76	30	6	96	6747.000
76	31	6	96	6747.000
76	32	6	96	6747.000
76	33	6	99	4919.000
76	34	6	100	4427.000
76	35	6	97	6073.000
76	36	6	98	5465.000
76	37	6	98	5465.000
76	38	6	100	4427.000
76	39	6	97	6073.000
76	40	6	98	5465.000
77	0	6	0	166666667.000
77	1	6	16	30883670.000
77	2	6	28	8722461.000
77	3	6	42	1995419.000
77	4	6	42	1995419.000
77	5	6	62	242596.000
77	6	6	53	626184.000
77	7	6	61	269552.000
77	8	6	66	159167.000
77	9	6	70	104430.000
77	10	6	81	32771.000
77	11	6	83	26545.000
77	12	6	81	32771.000
77	13	6	86	19351.000
77	14	6	88	15674.000
77	15	6	86	19351.000
77	16	6	94	8330.000
77	17	6	91	11427.000
77	18	6	93	9256.000
77	19	6	96	6747.000
77	20	6	94	8330.000
77	21	6	96	6747.000
77	22	6	91	11427.000
77	23	6	96	6747.000
77	24	6	97	6073.000
77	25	6	99	4919.000
77	26	6	95	7497.000
77	27	6	98	5465.000
77	28	6	96	6747.000
77	29	6	99	4919.000
77	30	6	97	6073.000
77	31	6	96	6747.000
77	32	6	98	5465.000
77	33	6	97	6073.000
77	34	6	97	6073.000
77	35	6	98	5465.000
77	36	6	99	4919.000
77	37	6	97	6073.000
77	38	6	99	4919.000
77	39	6	98	5465.000
77	40	6	99	4919.000
78	0	6	0	166666667.000
78	1	6	16	30883670.000
78	2	6	25	11964966.000
78	3	6	37	3379260.000
78	4	6	35	4171926.000
78	5	6	62	242596.000
78	6	6	61	269552.000
78	7	6	64	196503.000
78	8	6	70	104430.000
78	9	6	72	84588.000
78	10	6	74	68516.000
78	11	6	81	32771.000
78	12	6	84	23890.000
78	13	6	90	12696.000
78	14	6	85	21501.000
78	15	6	85	21501.000
78	16	6	86	19351.000
78	17	6	89	14107.000
78	18	6	95	7497.000
78	19	6	88	15674.000
78	20	6	96	6747.000
78	21	6	97	6073.000
78	22	6	93	9256.000
78	23	6	96	6747.000
78	24	6	95	7497.000
78	25	6	96	6747.000
78	26	6	94	8330.000
78	27	6	96	6747.000
78	28	6	98	5465.000
78	29	6	98	5465.000
78	30	6	99	4919.000
78	31	6	99	4919.000
78	32	6	100	4427.000
78	33	6	98	5465.000
78	34	6	100	4427.000
78	35	6	99	4919.000
78	36	6	98	5465.000
78	37	6	99	4919.000
78	38	6	98	5465.000
78	39	6	98	5465.000
78	40	6	95	7497.000
79	0	6	0	166666667.000
79	1	6	14	38127987.000
79	2	6	30	7065193.000
79	3	6	41	2217132.000
79	4	6	41	2217132.000
79	5	6	56	456488.000
79	6	6	61	269552.000
79	7	6	56	456488.000
79	8	6	73	76129.000
79	9	6	69	116033.000
79	10	6	75	61665.000
79	11	6	80	36412.000
79	12	6	78	44954.000
79	13	6	86	19351.000
79	14	6	84	23890.000
79	15	6	89	14107.000
79	16	6	89	14107.000
79	17	6	94	8330.000
79	18	6	93	9256.000
79	19	6	95	7497.000
79	20	6	92	10284.000
79	21	6	95	7497.000
79	22	6	95	7497.000
79	23	6	96	6747.000
79	24	6	97	6073.000
79	25	6	98	5465.000
79	26	6	100	4427.000
79	27	6	98	5465.000
79	28	6	97	6073.000
79	29	6	98	5465.000
79	30	6	95	7497.000
79	31	6	99	4919.000
79	32	6	98	5465.000
79	33	6	98	5465.000
79	34	6	98	5465.000
79	35	6	99	4919.000
79	36	6	99	4919.000
79	37	6	99	4919.000
79	38	6	98	5465.000
79	39	6	99	4919.000
79	40	6	99	4919.000
80	0	6	0	166666667.000
80	1	6	12	47071589.000
80	2	6	28	8722461.000
80	3	6	35	4171926.000
80	4	6	51	773066.000
80	5	6	55	507209.000
80	6	6	65	176853.000
80	7	6	68	128926.000
80	8	6	69	116033.000
80	9	6	82	29494.000
80	10	6	87	17416.000
80	11	6	79	40458.000
80	12	6	82	29494.000
80	13	6	83	26545.000
80	14	6	90	12696.000
80	15	6	89	14107.000
80	16	6	91	11427.000
80	17	6	91	11427.000
80	18	6	95	7497.000
80	19	6	98	5465.000
80	20	6	97	6073.000
80	21	6	100	4427.000
80	22	6	97	6073.000
80	23	6	97	6073.000
80	24	6	97	6073.000
80	25	6	99	4919.000
80	26	6	99	4919.000
80	27	6	97	6073.000
80	28	6	97	6073.000
80	29	6	97	6073.000
80	30	6	96	6747.000
80	31	6	95	7497.000
80	32	6	97	6073.000
80	33	6	97	6073.000
80	34	6	99	4919.000
80	35	6	97	6073.000
80	36	6	100	4427.000
80	37	6	98	5465.000
80	38	6	98	5465.000
80	39	6	100	4427.000
80	40	6	97	6073.000
81	0	6	0	166666667.000
81	1	6	14	38127987.000
81	2	6	27	9691623.000
81	3	6	41	2217132.000
81	4	6	42	1995419.000
81	5	6	55	507209.000
81	6	6	55	507209.000
81	7	6	63	218337.000
81	8	6	64	196503.000
81	9	6	65	176853.000
81	10	6	71	93987.000
81	11	6	81	32771.000
81	12	6	84	23890.000
81	13	6	84	23890.000
81	14	6	87	17416.000
81	15	6	93	9256.000
81	16	6	91	11427.000
81	17	6	92	10284.000
81	18	6	89	14107.000
81	19	6	96	6747.000
81	20	6	94	8330.000
81	21	6	92	10284.000
81	22	6	96	6747.000
81	23	6	94	8330.000
81	24	6	98	5465.000
81	25	6	96	6747.000
81	26	6	98	5465.000
81	27	6	96	6747.000
81	28	6	99	4919.000
81	29	6	98	5465.000
81	30	6	96	6747.000
81	31	6	95	7497.000
81	32	6	100	4427.000
81	33	6	99	4919.000
81	34	6	98	5465.000
81	35	6	98	5465.000
81	36	6	97	6073.000
81	37	6	98	5465.000
81	38	6	98	5465.000
81	39	6	98	5465.000
81	40	6	100	4427.000
82	0	6	0	166666667.000
82	1	6	12	47071589.000
82	2	6	20	20262776.000
82	3	6	31	6358674.000
82	4	6	47	1178275.000
82	5	6	59	332780.000
82	6	6	57	410839.000
82	7	6	58	369755.000
82	8	6	72	84588.000
82	9	6	71	93987.000
82	10	6	72	84588.000
82	11	6	75	61665.000
82	12	6	76	55498.000
82	13	6	81	32771.000
82	14	6	86	19351.000
82	15	6	85	21501.000
82	16	6	94	8330.000
82	17	6	93	9256.000
82	18	6	90	12696.000
82	19	6	91	11427.000
82	20	6	95	7497.000
82	21	6	95	7497.000
82	22	6	92	10284.000
82	23	6	97	6073.000
82	24	6	95	7497.000
82	25	6	99	4919.000
82	26	6	98	5465.000
82	27	6	97	6073.000
82	28	6	98	5465.000
82	29	6	99	4919.000
82	30	6	98	5465.000
82	31	6	98	5465.000
82	32	6	99	4919.000
82	33	6	98	5465.000
82	34	6	98	5465.000
82	35	6	99	4919.000
82	36	6	96	6747.000
82	37	6	100	4427.000
82	38	6	97	6073.000
82	39	6	99	4919.000
82	40	6	98	5465.000
83	0	6	0	166666667.000
83	1	6	17	27795303.000
83	2	6	39	2737201.000
83	3	6	29	7850214.000
83	4	6	45	1454661.000
83	5	6	53	626184.000
83	6	6	57	410839.000
83	7	6	68	128926.000
83	8	6	72	84588.000
83	9	6	81	32771.000
83	10	6	84	23890.000
83	11	6	77	49948.000
83	12	6	89	14107.000
83	13	6	87	17416.000
83	14	6	89	14107.000
83	15	6	89	14107.000
83	16	6	82	29494.000
83	17	6	87	17416.000
83	18	6	96	6747.000
83	19	6	95	7497.000
83	20	6	90	12696.000
83	21	6	99	4919.000
83	22	6	92	10284.000
83	23	6	97	6073.000
83	24	6	96	6747.000
83	25	6	98	5465.000
83	26	6	96	6747.000
83	27	6	97	6073.000
83	28	6	97	6073.000
83	29	6	97	6073.000
83	30	6	99	4919.000
83	31	6	96	6747.000
83	32	6	100	4427.000
83	33	6	100	4427.000
83	34	6	98	5465.000
83	35	6	100	4427.000
83	36	6	99	4919.000
83	37	6	100	4427.000
83	38	6	96	6747.000
83	39	6	100	4427.000
83	40	6	100	4427.000
84	0	6	0	166666667.000
84	1	6	13	42364430.000
84	2	6	26	10768470.000
84	3	6	40	2463480.000
84	4	6	52	695760.000
84	5	6	53	626184.000
84	6	6	61	269552.000
84	7	6	60	299502.000
84	8	6	73	76129.000
84	9	6	72	84588.000
84	10	6	84	23890.000
84	11	6	75	61665.000
84	12	6	88	15674.000
84	13	6	87	17416.000
84	14	6	89	14107.000
84	15	6	91	11427.000
84	16	6	90	12696.000
84	17	6	94	8330.000
84	18	6	97	6073.000
84	19	6	93	9256.000
84	20	6	93	9256.000
84	21	6	97	6073.000
84	22	6	95	7497.000
84	23	6	93	9256.000
84	24	6	97	6073.000
84	25	6	98	5465.000
84	26	6	97	6073.000
84	27	6	96	6747.000
84	28	6	97	6073.000
84	29	6	98	5465.000
84	30	6	98	5465.000
84	31	6	98	5465.000
84	32	6	99	4919.000
84	33	6	98	5465.000
84	34	6	97	6073.000
84	35	6	99	4919.000
84	36	6	98	5465.000
84	37	6	97	6073.000
84	38	6	98	5465.000
84	39	6	98	5465.000
84	40	6	100	4427.000
85	0	6	0	166666667.000
85	1	6	15	34315189.000
85	2	6	26	10768470.000
85	3	6	34	4635473.000
85	4	6	36	3754733.000
85	5	6	50	858963.000
85	6	6	56	456488.000
85	7	6	62	242596.000
85	8	6	75	61665.000
85	9	6	76	55498.000
85	10	6	84	23890.000
85	11	6	74	68516.000
85	12	6	80	36412.000
85	13	6	85	21501.000
85	14	6	84	23890.000
85	15	6	91	11427.000
85	16	6	91	11427.000
85	17	6	89	14107.000
85	18	6	93	9256.000
85	19	6	94	8330.000
85	20	6	96	6747.000
85	21	6	93	9256.000
85	22	6	96	6747.000
85	23	6	97	6073.000
85	24	6	95	7497.000
85	25	6	95	7497.000
85	26	6	98	5465.000
85	27	6	95	7497.000
85	28	6	95	7497.000
85	29	6	99	4919.000
85	30	6	99	4919.000
85	31	6	99	4919.000
85	32	6	98	5465.000
85	33	6	97	6073.000
85	34	6	98	5465.000
85	35	6	99	4919.000
85	36	6	98	5465.000
85	37	6	100	4427.000
85	38	6	100	4427.000
85	39	6	97	6073.000
85	40	6	100	4427.000
86	0	6	0	166666667.000
86	1	6	14	38127987.000
86	2	6	27	9691623.000
86	3	6	44	1616290.000
86	4	6	41	2217132.000
86	5	6	51	773066.000
86	6	6	60	299502.000
86	7	6	60	299502.000
86	8	6	71	93987.000
86	9	6	75	61665.000
86	10	6	85	21501.000
86	11	6	79	40458.000
86	12	6	77	49948.000
86	13	6	80	36412.000
86	14	6	90	12696.000
86	15	6	88	15674.000
86	16	6	86	19351.000
86	17	6	92	10284.000
86	18	6	91	11427.000
86	19	6	91	11427.000
86	20	6	95	7497.000
86	21	6	97	6073.000
86	22	6	95	7497.000
86	23	6	95	7497.000
86	24	6	97	6073.000
86	25	6	96	6747.000
86	26	6	98	5465.000
86	27	6	96	6747.000
86	28	6	99	4919.000
86	29	6	99	4919.000
86	30	6	98	5465.000
86	31	6	98	5465.000
86	32	6	96	6747.000
86	33	6	99	4919.000
86	34	6	100	4427.000
86	35	6	98	5465.000
86	36	6	99	4919.000
86	37	6	98	5465.000
86	38	6	98	5465.000
86	39	6	100	4427.000
86	40	6	99	4919.000
87	0	6	0	166666667.000
87	1	6	14	38127987.000
87	2	6	31	6358674.000
87	3	6	33	5150526.000
87	4	6	52	695760.000
87	5	6	46	1309195.000
87	6	6	53	626184.000
87	7	6	68	128926.000
87	8	6	76	55498.000
87	9	6	70	104430.000
87	10	6	72	84588.000
87	11	6	84	23890.000
87	12	6	88	15674.000
87	13	6	86	19351.000
87	14	6	92	10284.000
87	15	6	91	11427.000
87	16	6	91	11427.000
87	17	6	89	14107.000
87	18	6	91	11427.000
87	19	6	93	9256.000
87	20	6	90	12696.000
87	21	6	94	8330.000
87	22	6	97	6073.000
87	23	6	97	6073.000
87	24	6	97	6073.000
87	25	6	96	6747.000
87	26	6	98	5465.000
87	27	6	96	6747.000
87	28	6	96	6747.000
87	29	6	100	4427.000
87	30	6	96	6747.000
87	31	6	98	5465.000
87	32	6	97	6073.000
87	33	6	98	5465.000
87	34	6	98	5465.000
87	35	6	99	4919.000
87	36	6	96	6747.000
87	37	6	99	4919.000
87	38	6	98	5465.000
87	39	6	97	6073.000
87	40	6	97	6073.000
88	0	6	0	166666667.000
88	1	6	13	42364430.000
88	2	6	25	11964966.000
88	3	6	35	4171926.000
88	4	6	45	1454661.000
88	5	6	54	563565.000
88	6	6	60	299502.000
88	7	6	69	116033.000
88	8	6	73	76129.000
88	9	6	68	128926.000
88	10	6	78	44954.000
88	11	6	76	55498.000
88	12	6	86	19351.000
88	13	6	84	23890.000
88	14	6	91	11427.000
88	15	6	94	8330.000
88	16	6	93	9256.000
88	17	6	90	12696.000
88	18	6	90	12696.000
88	19	6	92	10284.000
88	20	6	95	7497.000
88	21	6	94	8330.000
88	22	6	98	5465.000
88	23	6	93	9256.000
88	24	6	97	6073.000
88	25	6	97	6073.000
88	26	6	96	6747.000
88	27	6	98	5465.000
88	28	6	95	7497.000
88	29	6	99	4919.000
88	30	6	99	4919.000
88	31	6	97	6073.000
88	32	6	99	4919.000
88	33	6	99	4919.000
88	34	6	98	5465.000
88	35	6	100	4427.000
88	36	6	99	4919.000
88	37	6	97	6073.000
88	38	6	95	7497.000
88	39	6	99	4919.000
88	40	6	98	5465.000
89	0	6	0	166666667.000
89	1	6	13	42364430.000
89	2	6	31	6358674.000
89	3	6	31	6358674.000
89	4	6	48	1060448.000
89	5	6	47	1178275.000
89	6	6	59	332780.000
89	7	6	65	176853.000
89	8	6	64	196503.000
89	9	6	75	61665.000
89	10	6	77	49948.000
89	11	6	70	104430.000
89	12	6	82	29494.000
89	13	6	88	15674.000
89	14	6	90	12696.000
89	15	6	90	12696.000
89	16	6	93	9256.000
89	17	6	93	9256.000
89	18	6	89	14107.000
89	19	6	96	6747.000
89	20	6	95	7497.000
89	21	6	95	7497.000
89	22	6	93	9256.000
89	23	6	90	12696.000
89	24	6	97	6073.000
89	25	6	97	6073.000
89	26	6	100	4427.000
89	27	6	95	7497.000
89	28	6	93	9256.000
89	29	6	98	5465.000
89	30	6	97	6073.000
89	31	6	96	6747.000
89	32	6	99	4919.000
89	33	6	94	8330.000
89	34	6	99	4919.000
89	35	6	100	4427.000
89	36	6	98	5465.000
89	37	6	100	4427.000
89	38	6	96	6747.000
89	39	6	98	5465.000
89	40	6	98	5465.000
90	0	6	0	166666667.000
90	1	6	22	16412848.000
90	2	6	20	20262776.000
90	3	6	45	1454661.000
90	4	6	52	695760.000
90	5	6	58	369755.000
90	6	6	54	563565.000
90	7	6	68	128926.000
90	8	6	77	49948.000
90	9	6	70	104430.000
90	10	6	77	49948.000
90	11	6	79	40458.000
90	12	6	83	26545.000
90	13	6	85	21501.000
90	14	6	91	11427.000
90	15	6	88	15674.000
90	16	6	85	21501.000
90	17	6	99	4919.000
90	18	6	90	12696.000
90	19	6	93	9256.000
90	20	6	98	5465.000
90	21	6	94	8330.000
90	22	6	97	6073.000
90	23	6	96	6747.000
90	24	6	98	5465.000
90	25	6	94	8330.000
90	26	6	98	5465.000
90	27	6	93	9256.000
90	28	6	98	5465.000
90	29	6	97	6073.000
90	30	6	98	5465.000
90	31	6	100	4427.000
90	32	6	98	5465.000
90	33	6	100	4427.000
90	34	6	98	5465.000
90	35	6	99	4919.000
90	36	6	95	7497.000
90	37	6	97	6073.000
90	38	6	99	4919.000
90	39	6	100	4427.000
90	40	6	99	4919.000
91	0	6	0	166666667.000
91	1	6	13	42364430.000
91	2	6	30	7065193.000
91	3	6	38	3041334.000
91	4	6	34	4635473.000
91	5	6	44	1616290.000
91	6	6	51	773066.000
91	7	6	65	176853.000
91	8	6	79	40458.000
91	9	6	77	49948.000
91	10	6	83	26545.000
91	11	6	79	40458.000
91	12	6	84	23890.000
91	13	6	82	29494.000
91	14	6	87	17416.000
91	15	6	91	11427.000
91	16	6	91	11427.000
91	17	6	90	12696.000
91	18	6	93	9256.000
91	19	6	98	5465.000
91	20	6	93	9256.000
91	21	6	96	6747.000
91	22	6	96	6747.000
91	23	6	98	5465.000
91	24	6	98	5465.000
91	25	6	96	6747.000
91	26	6	98	5465.000
91	27	6	99	4919.000
91	28	6	100	4427.000
91	29	6	95	7497.000
91	30	6	97	6073.000
91	31	6	97	6073.000
91	32	6	100	4427.000
91	33	6	99	4919.000
91	34	6	100	4427.000
91	35	6	98	5465.000
91	36	6	100	4427.000
91	37	6	99	4919.000
91	38	6	99	4919.000
91	39	6	100	4427.000
91	40	6	98	5465.000
92	0	6	0	166666667.000
92	1	6	15	34315189.000
92	2	6	26	10768470.000
92	3	6	43	1795877.000
92	4	6	48	1060448.000
92	5	6	47	1178275.000
92	6	6	61	269552.000
92	7	6	64	196503.000
92	8	6	72	84588.000
92	9	6	76	55498.000
92	10	6	86	19351.000
92	11	6	74	68516.000
92	12	6	83	26545.000
92	13	6	86	19351.000
92	14	6	90	12696.000
92	15	6	89	14107.000
92	16	6	95	7497.000
92	17	6	92	10284.000
92	18	6	93	9256.000
92	19	6	91	11427.000
92	20	6	91	11427.000
92	21	6	96	6747.000
92	22	6	99	4919.000
92	23	6	96	6747.000
92	24	6	91	11427.000
92	25	6	97	6073.000
92	26	6	97	6073.000
92	27	6	96	6747.000
92	28	6	98	5465.000
92	29	6	97	6073.000
92	30	6	97	6073.000
92	31	6	96	6747.000
92	32	6	98	5465.000
92	33	6	99	4919.000
92	34	6	98	5465.000
92	35	6	100	4427.000
92	36	6	98	5465.000
92	37	6	98	5465.000
92	38	6	99	4919.000
92	39	6	99	4919.000
92	40	6	96	6747.000
93	0	6	0	166666667.000
93	1	6	13	42364430.000
93	2	6	22	16412848.000
93	3	6	35	4171926.000
93	4	6	40	2463480.000
93	5	6	56	456488.000
93	6	6	57	410839.000
93	7	6	68	128926.000
93	8	6	65	176853.000
93	9	6	68	128926.000
93	10	6	74	68516.000
93	11	6	79	40458.000
93	12	6	81	32771.000
93	13	6	88	15674.000
93	14	6	91	11427.000
93	15	6	82	29494.000
93	16	6	88	15674.000
93	17	6	87	17416.000
93	18	6	93	9256.000
93	19	6	98	5465.000
93	20	6	92	10284.000
93	21	6	96	6747.000
93	22	6	97	6073.000
93	23	6	94	8330.000
93	24	6	98	5465.000
93	25	6	99	4919.000
93	26	6	95	7497.000
93	27	6	95	7497.000
93	28	6	97	6073.000
93	29	6	98	5465.000
93	30	6	99	4919.000
93	31	6	95	7497.000
93	32	6	98	5465.000
93	33	6	96	6747.000
93	34	6	99	4919.000
93	35	6	98	5465.000
93	36	6	93	9256.000
93	37	6	100	4427.000
93	38	6	99	4919.000
93	39	6	100	4427.000
93	40	6	100	4427.000
94	0	6	0	166666667.000
94	1	6	14	38127987.000
94	2	6	26	10768470.000
94	3	6	30	7065193.000
94	4	6	49	954403.000
94	5	6	48	1060448.000
94	6	6	46	1309195.000
94	7	6	65	176853.000
94	8	6	67	143251.000
94	9	6	82	29494.000
94	10	6	79	40458.000
94	11	6	83	26545.000
94	12	6	90	12696.000
94	13	6	83	26545.000
94	14	6	85	21501.000
94	15	6	85	21501.000
94	16	6	92	10284.000
94	17	6	85	21501.000
94	18	6	93	9256.000
94	19	6	96	6747.000
94	20	6	94	8330.000
94	21	6	94	8330.000
94	22	6	90	12696.000
94	23	6	99	4919.000
94	24	6	98	5465.000
94	25	6	96	6747.000
94	26	6	95	7497.000
94	27	6	98	5465.000
94	28	6	96	6747.000
94	29	6	97	6073.000
94	30	6	97	6073.000
94	31	6	99	4919.000
94	32	6	95	7497.000
94	33	6	99	4919.000
94	34	6	99	4919.000
94	35	6	97	6073.000
94	36	6	97	6073.000
94	37	6	100	4427.000
94	38	6	99	4919.000
94	39	6	100	4427.000
94	40	6	98	5465.000
95	0	6	0	166666667.000
95	1	6	13	42364430.000
95	2	6	28	8722461.000
95	3	6	35	4171926.000
95	4	6	42	1995419.000
95	5	6	50	858963.000
95	6	6	61	269552.000
95	7	6	71	93987.000
95	8	6	73	76129.000
95	9	6	69	116033.000
95	10	6	76	55498.000
95	11	6	82	29494.000
95	12	6	81	32771.000
95	13	6	88	15674.000
95	14	6	83	26545.000
95	15	6	90	12696.000
95	16	6	93	9256.000
95	17	6	90	12696.000
95	18	6	93	9256.000
95	19	6	93	9256.000
95	20	6	91	11427.000
95	21	6	94	8330.000
95	22	6	91	11427.000
95	23	6	95	7497.000
95	24	6	95	7497.000
95	25	6	98	5465.000
95	26	6	97	6073.000
95	27	6	99	4919.000
95	28	6	99	4919.000
95	29	6	98	5465.000
95	30	6	99	4919.000
95	31	6	96	6747.000
95	32	6	99	4919.000
95	33	6	100	4427.000
95	34	6	100	4427.000
95	35	6	100	4427.000
95	36	6	100	4427.000
95	37	6	100	4427.000
95	38	6	100	4427.000
95	39	6	98	5465.000
95	40	6	98	5465.000
96	0	6	0	166666667.000
96	1	6	17	27795303.000
96	2	6	27	9691623.000
96	3	6	38	3041334.000
96	4	6	43	1795877.000
96	5	6	59	332780.000
96	6	6	74	68516.000
96	7	6	71	93987.000
96	8	6	73	76129.000
96	9	6	74	68516.000
96	10	6	79	40458.000
96	11	6	78	44954.000
96	12	6	83	26545.000
96	13	6	82	29494.000
96	14	6	87	17416.000
96	15	6	90	12696.000
96	16	6	95	7497.000
96	17	6	87	17416.000
96	18	6	96	6747.000
96	19	6	94	8330.000
96	20	6	97	6073.000
96	21	6	97	6073.000
96	22	6	97	6073.000
96	23	6	96	6747.000
96	24	6	98	5465.000
96	25	6	97	6073.000
96	26	6	96	6747.000
96	27	6	97	6073.000
96	28	6	97	6073.000
96	29	6	99	4919.000
96	30	6	96	6747.000
96	31	6	99	4919.000
96	32	6	98	5465.000
96	33	6	98	5465.000
96	34	6	99	4919.000
96	35	6	99	4919.000
96	36	6	99	4919.000
96	37	6	98	5465.000
96	38	6	97	6073.000
96	39	6	99	4919.000
96	40	6	100	4427.000
97	0	6	0	166666667.000
97	1	6	16	30883670.000
97	2	6	19	22514195.000
97	3	6	38	3041334.000
97	4	6	41	2217132.000
97	5	6	48	1060448.000
97	6	6	65	176853.000
97	7	6	74	68516.000
97	8	6	72	84588.000
97	9	6	71	93987.000
97	10	6	89	14107.000
97	11	6	74	68516.000
97	12	6	75	61665.000
97	13	6	87	17416.000
97	14	6	92	10284.000
97	15	6	84	23890.000
97	16	6	95	7497.000
97	17	6	96	6747.000
97	18	6	91	11427.000
97	19	6	92	10284.000
97	20	6	90	12696.000
97	21	6	94	8330.000
97	22	6	94	8330.000
97	23	6	93	9256.000
97	24	6	97	6073.000
97	25	6	94	8330.000
97	26	6	93	9256.000
97	27	6	99	4919.000
97	28	6	96	6747.000
97	29	6	98	5465.000
97	30	6	98	5465.000
97	31	6	99	4919.000
97	32	6	98	5465.000
97	33	6	98	5465.000
97	34	6	100	4427.000
97	35	6	98	5465.000
97	36	6	100	4427.000
97	37	6	100	4427.000
97	38	6	100	4427.000
97	39	6	98	5465.000
97	40	6	99	4919.000
98	0	6	0	166666667.000
98	1	6	11	52301766.000
98	2	6	25	11964966.000
98	3	6	33	5150526.000
98	4	6	47	1178275.000
98	5	6	56	456488.000
98	6	6	60	299502.000
98	7	6	72	84588.000
98	8	6	70	104430.000
98	9	6	77	49948.000
98	10	6	77	49948.000
98	11	6	76	55498.000
98	12	6	80	36412.000
98	13	6	91	11427.000
98	14	6	90	12696.000
98	15	6	82	29494.000
98	16	6	91	11427.000
98	17	6	88	15674.000
98	18	6	95	7497.000
98	19	6	92	10284.000
98	20	6	96	6747.000
98	21	6	93	9256.000
98	22	6	93	9256.000
98	23	6	95	7497.000
98	24	6	98	5465.000
98	25	6	98	5465.000
98	26	6	100	4427.000
98	27	6	96	6747.000
98	28	6	95	7497.000
98	29	6	99	4919.000
98	30	6	100	4427.000
98	31	6	98	5465.000
98	32	6	99	4919.000
98	33	6	100	4427.000
98	34	6	97	6073.000
98	35	6	97	6073.000
98	36	6	100	4427.000
98	37	6	100	4427.000
98	38	6	97	6073.000
98	39	6	99	4919.000
98	40	6	98	5465.000
99	0	6	0	166666667.000
99	1	6	16	30883670.000
99	2	6	31	6358674.000
99	3	6	32	5722806.000
99	4	6	50	858963.000
99	5	6	50	858963.000
99	6	6	60	299502.000
99	7	6	71	93987.000
99	8	6	79	40458.000
99	9	6	79	40458.000
99	10	6	78	44954.000
99	11	6	79	40458.000
99	12	6	85	21501.000
99	13	6	85	21501.000
99	14	6	86	19351.000
99	15	6	86	19351.000
99	16	6	87	17416.000
99	17	6	93	9256.000
99	18	6	94	8330.000
99	19	6	87	17416.000
99	20	6	93	9256.000
99	21	6	95	7497.000
99	22	6	95	7497.000
99	23	6	97	6073.000
99	24	6	96	6747.000
99	25	6	96	6747.000
99	26	6	99	4919.000
99	27	6	100	4427.000
99	28	6	98	5465.000
99	29	6	96	6747.000
99	30	6	99	4919.000
99	31	6	100	4427.000
99	32	6	99	4919.000
99	33	6	99	4919.000
99	34	6	99	4919.000
99	35	6	100	4427.000
99	36	6	100	4427.000
99	37	6	98	5465.000
99	38	6	99	4919.000
99	39	6	98	5465.000
99	40	6	98	5465.000
100	0	6	0	166666667.000
100	1	6	10	58113073.000
100	2	6	22	16412848.000
100	3	6	35	4171926.000
100	4	6	49	954403.000
100	5	6	50	858963.000
100	6	6	59	332780.000
100	7	6	57	410839.000
100	8	6	72	84588.000
100	9	6	66	159167.000
100	10	6	81	32771.000
100	11	6	77	49948.000
100	12	6	78	44954.000
100	13	6	81	32771.000
100	14	6	90	12696.000
100	15	6	90	12696.000
100	16	6	90	12696.000
100	17	6	93	9256.000
100	18	6	97	6073.000
100	19	6	95	7497.000
100	20	6	92	10284.000
100	21	6	95	7497.000
100	22	6	99	4919.000
100	23	6	97	6073.000
100	24	6	95	7497.000
100	25	6	94	8330.000
100	26	6	99	4919.000
100	27	6	97	6073.000
100	28	6	99	4919.000
100	29	6	93	9256.000
100	30	6	99	4919.000
100	31	6	100	4427.000
100	32	6	99	4919.000
100	33	6	98	5465.000
100	34	6	99	4919.000
100	35	6	98	5465.000
100	36	6	99	4919.000
100	37	6	100	4427.000
100	38	6	99	4919.000
100	39	6	99	4919.000
100	40	6	99	4919.000